seq: 2
gt_pose: 0.400109        0        0
odom_pose:    0.387665 -0.00482631   -0.017942
point 0 3 300.054  199.74 -0.169639  0.803352 -0.456943 -0.255996  0.605967  0.807992 -0.864285  0.864455 0.0683688 -0.825268
point 1 6 558.887 178.503  -0.640921 -0.0993296   0.716912   0.634165  -0.374696  -0.565525   0.805381  -0.342466   0.358349   0.951642
point 2 14 492.715  103.51 -0.775743 0.0882738  0.487115 -0.405499  0.959814  0.189551  0.765352   0.46076  0.286626 -0.952708
point 3 15 44.5929 169.689  0.699753  0.670785   1.00561  0.467261   0.80453  0.954453  0.333338 0.0385188 -0.669002  0.625979
point 4 17  304.12 99.8758  -0.443294  0.0724067   0.474954  -0.770055 -0.0510776   0.136126   0.918559  -0.123573  -0.369438     0.6603
point 5 35 527.905 214.023 0.0679305  0.872018  0.413562  0.605395  0.364444 -0.409152  0.263212 -0.959119 0.0480076  0.638059
point 6 36 29.5853 232.464  -0.24326 -0.290393  0.446684  0.555859  0.370562 -0.737501 -0.944888 -0.908365  0.322192 -0.582378
point 7 38 592.659 127.587  -0.647001   -0.68835 -0.0204962     0.6248   0.302063   0.836877  -0.649845   -0.18028   0.365263    0.71364
point 8 42 300.883 169.938  0.0757072  -0.808277 -0.0617523  0.0578962  -0.900749   0.606078  -0.276538   0.298998  -0.139509  -0.725803
point 9 44 161.908 149.839 -0.536499  0.222055  0.868557  0.458752 -0.110661 -0.136408  0.690795  0.908285  0.898804  0.788543
point 10 45 446.399 234.419  -0.566378  -0.013446   0.937383 -0.0497312   0.816973   0.973051     -0.636  -0.117653   0.579623   0.532493
point 11 53 47.1208  192.91  0.770747  0.308208  -0.30101 -0.898976  0.535384  0.574937  0.425489  0.369971  0.850336  -0.33981
point 12 54 483.489 189.938 -0.579513  0.198108 -0.847242   -0.7832 -0.636688  -0.55219 -0.777299  0.166621 -0.871422  0.780449
point 13 56 568.042 197.422  0.295924 0.0341743 -0.983905  0.879533 -0.279153 -0.607441 0.0502512 -0.225805 -0.388263  0.333976
point 14 57 408.588 167.775  0.428195 -0.294755 -0.531999  0.506265 -0.493628  0.358083  -0.96152  0.658458  0.751884  0.199612
point 15 59 455.857 215.612  -0.959647  -0.912852   -1.02587  0.0229095  -0.410915   0.379261   0.598207  0.0184925 -0.0639387  -0.823096
point 16 61  100.22 161.907  0.112241  0.452798  0.515666  0.832953 -0.760821  0.579252  0.911811 -0.795675 -0.424015 -0.555018
point 17 64 282.411 191.159  0.911978  0.534425 -0.800027 -0.908984  0.065734 -0.205451 -0.621448 -0.102713 -0.665514 -0.431023
point 18 69 597.028 210.768  -0.333947  -0.772163   0.818771  -0.841486 -0.0253603   -0.46414  -0.633769  -0.401528   0.364178   0.911905
point 19 84 460.285 170.178 -0.436314 0.0593831  0.398287  0.887018  0.239836   0.31976 -0.108687  -1.02221  0.987595 -0.270787
point 20 89 42.5638 231.179   0.55346 -0.675641 -0.299873  -0.34917  0.311344  -0.60036 -0.484196 -0.909896 -0.746151 -0.171763
point 21 106 20.8482 234.029  -0.165932   0.946661  0.0260995 -0.0862437     0.4073    0.18421  -0.202605  -0.983173   0.495563  -0.130078
point 22 110 199.316 65.1426  0.809017  0.990064 -0.625563 -0.365742 0.0379857 -0.686429 -0.525401  0.623365  0.759253  0.219958
point 23 113 121.336 182.785 -0.0390888  -0.604353   0.602669  -0.901809   0.520889  -0.347362  -0.929119   0.617964  -0.296279 -0.0365939
point 24 115 270.698   175.8  -0.696361  -0.775998   0.473003   0.520055 -0.0884766  -0.534334   0.927649  -0.470159   -0.48738   0.500685
point 25 119 552.307 190.909 -0.365361  -0.44631  0.859268 -0.400602  0.776255  0.410682  0.951851 -0.501161 -0.740216  0.419846
point 26 120  234.33 187.514 -0.942669  0.141197  0.724885 -0.547625  0.651451   0.55981 -0.615506  0.328638 -0.899396  0.302791
point 27 130 26.9693 171.857  0.784724  0.234948 0.0405375  0.964101  0.447986 -0.243381  0.926413 -0.907669 -0.476428 -0.537535
point 28 132 100.348  137.69   0.233363  -0.953444  -0.893287 -0.0841668  -0.744807   0.833775  -0.820442   0.258932   0.867854   0.667769
point 29 134 128.399 170.081 -0.367466 0.0988869  0.449284  0.895414  0.738258 -0.347982  0.898071  0.813319   0.57241 -0.779904
point 30 140 172.125 191.727  -0.499297 -0.0687619   0.585618   0.061241   0.774646   -0.80364   0.333008  -0.642172  -0.351415   0.889499
point 31 141 621.347 172.397 -0.287279 0.0667275 -0.310405 -0.040229 -0.163869  0.427798 -0.950488 -0.920144 -0.594121  0.649387
point 32 148 92.4092 48.7917  -0.129337  -0.262511  -0.178579    0.58849 -0.0824973   -0.18726   -0.99611   0.256932    0.93889  -0.622697
point 33 152  549.79 158.504  0.0506619   0.509095  -0.620433  -0.590847   0.887236  -0.518293 -0.0980167   0.590917   0.811153   0.249697
point 34 157 16.1968 236.979 0.0234344  0.111348    0.6069  0.477849 -0.719752 -0.944464  0.263248  0.589188 -0.710288  0.459228
point 35 158 68.8097 122.855   0.495461   0.475065   0.331063  -0.343855 -0.0752654  -0.352725  -0.726364   0.164904   0.980416  -0.600835
point 36 159 95.9423 106.749  0.258769  -1.03108 -0.900074 -0.157185 0.0474008  0.115309  0.929434 -0.361273 -0.387759 -0.739332
point 37 161 91.5647 169.022   0.417422   0.915518 -0.0572009  -0.452734  -0.376824  -0.772509   -0.37293  -0.315912 0.00656572   0.633116
point 38 169 204.105 165.252   -0.58831   0.486145   0.729975  -0.306912 -0.0467674   0.483375    0.29098   0.503427   -0.67615  -0.512362
point 39 170  180.99 237.163  0.119562 -0.333364  0.251051  0.173848  0.746297 -0.221163  -0.87776  0.698044  0.418209  0.675919
point 40 179 287.028 194.358 0.0396119  -0.84437  0.076508  0.837312  0.729989  0.331548 -0.331061 -0.772319 -0.213165  0.799908
point 41 198 460.931 235.316  0.888895  0.621458 -0.365845 -0.527199   1.02744 -0.832506  0.882533 -0.896011 -0.657256  0.276898
point 42 202 293.408 132.684 -0.543528 -0.207158  0.267839  0.321103  0.110894  0.826289  0.613442  -0.18689  0.175739 -0.123685
point 43 206 386.525 168.022  0.740316 0.0703011  0.623117  0.896114 -0.751217 -0.712156   0.70799 -0.271734 -0.908551  0.752053
point 44 259 402.277   205.9  0.222024   0.63502   0.12106  0.427821 -0.463166 0.0629463 -0.759751   0.43132 -0.869103 -0.623786
point 45 261 557.215 203.323   0.868772   0.405447   0.987592  -0.342287  -0.191123   0.206956  -0.696577   0.855856  -0.346803 -0.0294821
point 46 280 300.485 229.428 -0.202809  0.124769  0.569136 -0.169948 -0.314425 -0.403172   0.79677  0.884141 -0.106178  0.734778
point 47 286 436.856  168.01 -0.726548 -0.515727 -0.461797 -0.212226 0.0239434  0.331362  0.863742 -0.898056 -0.922773  0.765878
point 48 290 349.218 188.066 -0.669188  0.812589 -0.802727 -0.537322 -0.669443  0.531627 -0.862257 -0.774984  0.601305 -0.990238
point 49 296 416.048 77.4906  -0.00852995    -0.574351    -0.350745     0.267201    -0.164666     0.572761    -0.677821     0.922428 -0.000602738    -0.319165
point 50 301 497.639  115.31 0.0799552 -0.453145 -0.943831  0.417915  -0.94414 -0.697668 -0.582225  0.536959 -0.721072  0.068002
point 51 313 353.774 101.998   0.154539   0.297933   0.191791  0.0602016   0.440459   0.683439  -0.403108  -0.651818 -0.0425206   0.399345
point 52 315 132.871 207.223 -0.857692 -0.366173 -0.992103  0.156776 -0.357764  0.203458 -0.591762  0.836822 -0.687008  0.892949
point 53 316  381.78 181.038  -0.579697  -0.693822  -0.958863   -0.47299  -0.487831 0.00111211   -0.33642  -0.117994  -0.255287   -0.67783
point 54 319 367.522 151.511 -0.963642  0.266602    0.6237 -0.249909 -0.687371  0.205169  0.722711 -0.324757 -0.929165  0.387671
point 55 325 228.012 213.513 -0.163666  -0.30833 -0.654112  0.162516  0.194231 -0.319018 -0.238232 -0.474574  -0.56671 -0.972646
point 56 327 511.653 207.146  -0.30013 -0.983622 -0.248723   0.83451  0.281262  0.576238 -0.466018  0.657233 -0.304942   0.83002
point 57 343 129.994 226.199 0.00264165  -0.974335  -0.342337  -0.839532   -0.19158 -0.0866418   0.274344  -0.908883   0.623747  -0.441385
point 58 353  244.09 181.247 -0.570869 -0.202904  0.994891 -0.316113 -0.276928  0.281429 -0.103162 -0.552048 -0.411963  0.145483
point 59 367  187.95 25.4897  -0.720506  -0.899057   0.865433   -0.42041  -0.462314   0.672938  -0.336014 -0.0165283  -0.557603   -0.80101
point 60 396 214.875 167.159  0.272148 -0.762617  0.877038  0.708044  -0.37796 -0.346613 -0.743333 -0.445204  0.395155  0.665491
point 61 398 429.279 213.191 -0.826872  0.835891 -0.627947  0.399342 -0.989983  0.599908  0.677092  0.875343   0.26748 -0.755385
point 62 411 2.02613 229.048   0.433516   0.910964   0.870042   0.958941   0.356344  -0.589381   0.883836  -0.293843  -0.872848 -0.0668855
point 63 444 601.719 170.031   0.624935  -0.897371   0.459927  -0.627326 -0.0133778  -0.764218    1.01768   0.287901  -0.130972   0.573043
point 64 446 552.792 160.057  0.490494 -0.719476  0.619683  0.961266  -1.02952  0.139077  0.995219  0.478833  0.544499 0.0226929
point 65 448 325.236 205.696  0.867165 -0.404864 -0.850282 -0.677662 -0.330128  0.677978 -0.401608  -0.66942  0.648838 -0.389075
point 66 449 38.6468 156.114 -0.0419977  -0.376398   0.805641  -0.494124  -0.104156  -0.531759   0.562799 -0.0492829  -0.293289  -0.259912
point 67 452 598.559 173.553  -0.866127   0.186266  -0.178649   0.728829   0.613579  -0.727701  -0.125858   0.234722  -0.340198 -0.0965553
point 68 463 473.394 106.426   0.535879 -0.0904346  -0.329129   0.536221  -0.807743   0.285115   0.952785    -0.7622  -0.748775   0.038258
point 69 468 598.836 162.915  0.497135 -0.259999 -0.467214  0.566417   0.15339   0.54672 -0.366894 -0.298836 -0.864347 -0.339706
point 70 469 395.926 115.124  -0.117072  -0.877555   0.936972   0.918624 -0.0869935  -0.478101  -0.833741   0.820797   0.236439  -0.878244
point 71 481 587.336  224.63 -0.878486 -0.871626  0.417242 -0.513597 -0.287636 0.0748594 -0.176211 -0.872822 -0.438199  0.181492
point 72 482 550.764 216.154  0.490117  0.441341   0.29632  0.138146 -0.329507 -0.535338  0.187622 -0.257336  0.277913 -0.385931
point 73 487 20.2758 172.623 -0.802987   1.02731 -0.749376 -0.943875 0.0742749  0.594133 -0.334491 -0.940163  0.285382 -0.195979
point 74 516 14.0028 213.325   0.193336  -0.583869  -0.771059  -0.803398  -0.144869   0.607753  -0.657049 -0.0584107  -0.832482   -0.54818
point 75 519  332.13 36.4226  0.371228  0.475363  0.555809  0.139639  0.752127 -0.854202 -0.863358  0.928631 -0.322144  0.450109
point 76 532   488.9 173.775 -0.895002  0.364102   0.76891  0.815906  0.728726   0.71192  0.192789 -0.508651  0.911402 -0.481795
point 77 533 349.552 185.922  -0.668889  -0.241509   0.636777   -0.26991  -0.701719  -0.742397   0.630294  -0.216824   0.682566 -0.0405395
point 78 540 616.961 182.025  0.948819  0.605785  0.678119 -0.472234 -0.343572  0.929461  0.335459  0.946117 -0.966255  0.368506
point 79 571 452.607 167.882  0.780205  0.751029  0.250627  0.632731  0.265969 -0.675379  0.937952 -0.358517  0.575219  -0.24893
point 80 573 338.229 123.444   0.94251 -0.230281  0.293738 -0.423778 -0.324353 0.0734487 -0.695105 -0.949977 -0.297857  0.642242
point 81 581 140.721 239.521 -0.705426  -0.53774 -0.266853  0.967894 -0.920846 -0.176505 -0.123659 -0.723175  0.835441 -0.116178
point 82 588 333.685 232.157 -0.231701 0.0624736 -0.377408 -0.590033   0.59994  0.577233 -0.574582  0.300257 -0.136835  0.104155
point 83 603 69.0211 155.465  0.968441  0.625825  0.758361  0.233745 -0.787309  0.352955  -0.83225  0.841544 -0.516362  0.659785
point 84 629 434.174 173.263  -0.39697   0.74584  0.651713 -0.901815  0.976051 -0.292317   1.01157 -0.688859  0.164812 -0.780842
point 85 646 342.964 226.217 -0.385532  0.581794  0.833252  0.817003  0.401267 -0.696792 -0.379517  0.789581  0.240792  0.535418
point 86 655 129.178 206.156 -0.100395  0.680375  0.483971 -0.588422 -0.577567 -0.453574 -0.944642 -0.701838 -0.858856  0.846858
point 87 658 68.2047 203.202   0.40374 0.0497472 -0.068999 -0.332329  0.215347  0.985241  0.636859  0.606793 -0.772239  0.487351
point 88 664 541.741 198.049 -0.499897 -0.874371  0.253119  0.856005 -0.250882 -0.328934 -0.357673  0.401475 -0.224036  0.396605
point 89 667 270.747  132.73 -0.936437 -0.585846  -0.25732 -0.599513  0.721406 -0.699151 -0.467124  0.758352  0.521432  0.380708
point 90 673 621.907 237.752   -0.481583    0.726148  -0.0407775   -0.300319    0.543981 -0.00359133    0.400648   -0.457132    -0.38631   0.0782393
point 91 681 362.453 206.262 -0.225252  0.611518  0.137736  0.395819 -0.711748   0.18206 -0.770095  0.457246  -0.15471    -0.822
point 92 697 413.861 202.276  0.196832  -0.74287 -0.491585  0.902841  0.455396 -0.737623 -0.234485 -0.108894 -0.186045 -0.860577
point 93 709 420.946 211.274  0.897692 -0.833848  -1.02629 -0.968859  0.453369  0.797088  0.816844     0.517  0.160815 -0.464541
point 94 717 114.222 180.805   1.01643  0.639784 -0.900004 -0.213305 -0.373433 -0.697865 -0.644946   0.68972 -0.395693  0.684731
point 95 731 558.503 226.134 -0.267833  0.333775  0.341154 -0.857319 -0.673033  0.948969  0.721141  0.754106  0.556767 -0.797186
point 96 743 618.381  214.91  0.117948 -0.563187   0.89132  0.257661  0.660561 -0.241507 -0.454132 -0.124907 -0.253713 -0.400679
point 97 771 350.311 226.318  0.241891 -0.428342  0.752879  0.948028 -0.656229  0.870021  0.718186 -0.204105  -0.40537 -0.653783
point 98 777 377.579 148.792   -0.607987    0.664127   -0.301416     -0.5027    0.560771   -0.246883   -0.285379    0.542098 -0.00925109   0.0472754
point 99 791 601.534  182.26  0.655073 -0.582762 -0.779709 -0.566436  0.929749 -0.437238  0.427049   0.60068  0.546749 -0.400131
point 100 804  201.45 208.866 -0.798316 -0.700853 -0.704412 -0.558124  0.495938  0.717326 -0.139545  0.418044 -0.569786  0.177461
point 101 815 419.504 105.884 0.0861839 -0.262459  0.978684 -0.278271  0.678232  0.632328  -0.38863 -0.577371  0.746114  0.845228
point 102 821 584.862 186.969  0.348963  0.268344 -0.588695 -0.914599  0.957463 -0.219666   0.48895 -0.832853 -0.401495  0.419687
point 103 837 259.815 150.833 -0.115303 -0.268257 -0.548766  -0.32861 -0.762336  0.143598 -0.479223 -0.424638 -0.860539 -0.427955
point 104 846 193.678 232.788   0.504952   0.298362    0.43555  -0.865051  -0.939342 -0.0999693  -0.733817  -0.244922  -0.330955   0.195817
point 105 867 302.099 202.494    1.03791   0.147889  0.0662049   0.633454  -0.438743 -0.0776321  -0.711428  -0.426315   0.646563 -0.0487777
point 106 878 20.3525 223.677  -0.962535  0.0437218  -0.940468  0.0576097 -0.0332256   0.469906   0.415343  -0.107459  -0.746482  -0.623718
point 107 882 420.628 190.575 -0.466817  0.951843 -0.600927  0.560631  0.512645  -0.17554 -0.954311 -0.838248 -0.546391   0.59024
point 108 885 457.104 149.518   0.844606  -0.651194  -0.151498 -0.0229608   0.549939   0.680457   0.735674   0.821261   0.655278 -0.0524035
point 109 886  222.93 175.873 -0.312808 -0.853471 -0.517932 0.0728459  0.286868  0.977705  0.870153  0.901332 -0.764925 -0.825304
point 110 898 277.209  234.96  0.849078 -0.606893  0.223854 0.0307781  0.102341 -0.253112  0.519889 -0.560186 -0.156941  0.406203
point 111 903 575.613 184.678   0.787032   0.541995   0.995516   0.783789 -0.0529512  -0.745375   0.189641   0.101454  -0.892412 -0.0349697
point 112 905 126.792 127.611  -1.00974  0.129569  0.473592 -0.424297  0.648778  0.278446 -0.834482  0.643603 0.0474777  0.164525
point 113 910 123.16 169.87  -0.974084   0.600629   0.419891 -0.0458314    0.65376   0.517605  0.0281889   0.641861   0.729505   0.335707
point 114 920 206.776 212.362 -0.946372  0.688065 -0.326572 -0.325072 -0.386999 -0.153438   0.85965 -0.884896   1.00833 -0.543049
point 115 927 198.906 68.9408 -0.0648417   0.885904   0.527223   0.397964  -0.862729   0.350849 -0.0526669   -0.40591   0.756915   0.918575
point 116 928 250.215 194.642 -0.127575  0.912796 -0.811751 -0.852253 -0.229765 -0.602051   -0.6484   -0.4081 -0.483972  0.359894
point 117 935 491.704 229.878  -0.745095   -0.93667   0.237018    1.00278  -0.678986    0.49168   0.320493   0.869747  -0.770219 -0.0761401
point 118 939 260.683 209.923 -0.435632 -0.731643  0.604972  0.881068  0.181068 -0.912364 -0.709341  0.672575  0.171206  0.773798
point 119 949 604.939 235.884 -0.839192 -0.368427 -0.774511  0.823196 -0.654487 -0.119488  0.907747 -0.839285  0.313232 -0.600974
point 120 963 299.621 188.042 -0.0212583  -0.826944  -0.409391   0.457876   -0.91759   0.245702   0.911763  -0.879977  -0.213774   0.499735
point 121 971 343.468 192.097   0.641929 0.00893157   0.249897  -0.646705   0.950936 -0.0835112   0.355843   0.999857   0.825327  -0.173153
point 122 989 185.819 236.284 -0.714554  0.330102  0.433937 -0.607143 -0.101761 -0.543199 -0.157396   0.55893   0.50577 -0.494707

