seq: 31
gt_pose: 3.61745 3.37489 1.72987
odom_pose:  4.0144 3.18052 1.62909
point 0 15  436.95 132.034   0.735831   0.695717   0.969856    0.50564   0.781423   0.976185   0.337471 -0.0320837  -0.705901   0.671138
point 1 22   612.7 190.609  0.442108 -0.720544    0.3441 -0.206892  0.585973  0.903898  0.809865  0.721934  -0.56041   0.62386
point 2 39 50.0928 46.5531 -0.526782  0.848497  0.152676  0.865612 0.0130372  0.146675  0.917081  0.594429   0.66904  0.232158
point 3 61 515.591 31.9199  0.114392  0.452974   0.51426  0.863299 -0.759123   0.52678  0.870019 -0.795261 -0.475312 -0.528047
point 4 76 134.891 162.344   0.386705  -0.220613  -0.632533   0.661393  -0.646282   0.315204   -0.39908  -0.333991  0.0810353 -0.0498104
point 5 77 188.183 207.447 0.0404416  -1.01533 -0.481576 -0.658787  0.408501 -0.156526 -0.477789  0.316756 -0.561274 -0.261099
point 6 83 560.518 169.177   0.645597   0.944373 -0.0120982      -1.01  -0.647765  -0.457249   0.237082   -0.47334   0.517508  -0.920067
point 7 89 332.947 211.778  0.622662 -0.613643 -0.323853 -0.355287  0.244278 -0.615905 -0.518356 -0.979166 -0.682067 -0.204078
point 8 103 190.751 211.763  0.389793  0.144588  0.464484 -0.117799  -0.29223 0.0717384  0.675337 -0.907764  0.423067 -0.514498
point 9 106 374.956  228.91 -0.161803  0.948637 0.0682343 -0.153716  0.435779  0.186999 -0.196924 -0.939431   0.47824 -0.153138
point 10 130 423.191  146.76  0.774652  0.237404 0.0545473  0.959108  0.500338 -0.331081  0.999052 -0.862192  -0.49318 -0.504173
point 11 135 483.557 193.959 0.444226 0.442533 0.488522 0.297181 0.253044  1.01482 0.590924 0.375991 0.397219 0.654326
point 12 136 486.823 167.742  -0.45432  0.185519   0.67421 -0.979722  0.331821 -0.596104   0.10035 -0.199444 -0.758589  -0.17607
point 13 157  402.23 235.637 0.00977984  0.0860064   0.688989   0.474909  -0.770022  -0.959374    0.24941   0.561609   -0.72219   0.527469
point 14 161 493.287 52.2211   0.484688   0.944033 -0.0456316  -0.426125   -0.44855  -0.755429  -0.429394  -0.301337  0.0104856   0.606074
point 15 173 216.554 177.508 -0.544029  0.477608 -0.801401  0.901672    0.2484  0.119937  0.595676 -0.844398  0.205601 -0.315007
point 16 180 332.177 169.501 -0.197221 -0.552817 -0.695538 -0.750132  0.132408  -0.98183 -0.120546   -0.1915 -0.139519 -0.287472
point 17 189 79.4746 222.627   0.98213 -0.040638 -0.941961 -0.900835 -0.128563  0.868881   0.74313 -0.426756 -0.426239   0.21813
point 18 190 327.659 230.884  0.419162  0.714813 -0.108177  0.754996  0.507043  0.474434 0.0540625 -0.873611  0.355271 -0.523569
point 19 191 369.074 217.827  -0.846933  -0.862279  -0.894104   0.730742 -0.0305073  -0.985978  -0.346175  0.0681592  -0.827384   0.635518
point 20 193 65.6603 208.271    1.04072  -0.818051   0.970733   0.819715   0.457383  -0.903685   0.933119   0.661026   0.894552 -0.0749268
point 21 229 174.412 186.722   1.01525  0.110616  0.236154 -0.750392   1.02361  0.188232  0.450976 -0.378801  0.136029 0.0823025
point 22 239 318.232 199.715 -0.422411 -0.930257 -0.846238  0.134628  0.609374   0.14983  0.184938  0.273281  0.168068 -0.592961
point 23 241 620.686 177.706  0.243428  0.154134  0.592886  0.082216   0.70404 -0.833553  0.126129  0.834295  0.344794 -0.272831
point 24 243 581.626 170.113  0.971606  0.558983  0.879663   0.82887  0.904053  0.135772 -0.018449  0.538174 -0.855491 -0.331992
point 25 275 205.785 158.022   0.890714 -0.0126989   0.420731  -0.793096  0.0287707   0.144004  -0.273159    0.38075   -0.60268  -0.178053
point 26 310 400.918 136.698  0.574045  0.183079 -0.653162 -0.796437  0.623607 -0.218493  -0.89675 -0.364835  0.814046 -0.622262
point 27 320  216.53 222.481  -0.136162   0.637953    1.01822 -0.0495391   0.541842   0.145284  -0.055078  0.0130771    0.15137   0.285519
point 28 324 321.717 191.731  0.0840415   0.359945   -0.72777  -0.425316   0.654387 0.00445454    0.38566   0.114127    0.26968   0.345556
point 29 332  21.882 205.207  -0.267552  -0.140872 -0.0571982   0.312892   0.712657   0.819576   0.772544 -0.0421023  -0.796308  -0.538502
point 30 344 112.838 232.202 -0.424123 -0.230985  0.132012  -0.65946  0.901786  0.813347 -0.389657 -0.318943  0.667882 -0.108195
point 31 349 528.868 167.189  0.626443 -0.221251  0.688622 -0.872754 -0.800318 0.0795363   0.44313 -0.492123 -0.370539  -0.63318
point 32 366 586.279  159.49  0.468684  0.734041  0.159656 -0.713718 0.0593884 -0.699044 -0.923949 -0.298921 -0.273695  0.924378
point 33 377 223.118 229.422  0.589993 -0.961872  0.205014 -0.534419 -0.781249  0.815773  -0.42105 -0.964567 0.0560371  0.724423
point 34 379 539.397 134.753  0.285964 -0.583677  0.134073 0.0639113  0.636155 -0.350974 0.0298393 -0.190815  0.179776  0.270407
point 35 392  460.55 233.335   0.918752 -0.0644788  -0.365097    0.25974  -0.998124   0.906513  -0.679524   0.240362  -0.629615   0.647651
point 36 393 228.167 216.657  0.541128 0.0695444 -0.271353   0.26105  0.978113 -0.165366 -0.626553  0.185978  0.803624 0.0320903
point 37 402 125.418 214.607  0.311396 -0.230494 0.0187649    0.9494  0.473094 0.0654159  -0.13079  0.492921  0.997808 -0.295124
point 38 404  107.99 165.709 -0.0421942  -0.891349   0.175842  -0.432886  -0.188641  -0.494012   0.332341   0.782835  -0.498283  -0.239267
point 39 411 415.154  227.78   0.492006   0.890992   0.864591   0.956772   0.384832  -0.588093   0.865759  -0.326713  -0.853189 -0.0422423
point 40 438 260.552 193.033  -0.64094  0.847845 -0.663791  0.995809 -0.324819  0.734954  0.830405   0.89361    0.3944   1.03395
point 41 440 353.007 162.761 -0.920308 -0.959882   0.12399  0.910147 -0.539811  0.369507  0.687298 -0.225841  0.354483 -0.511885
point 42 449  422.08 103.461 -0.0202381  -0.351498   0.772154  -0.465515  -0.102697  -0.561715   0.504203  0.0102918  -0.323401  -0.219952
point 43 450 203.597 156.165    0.412549    0.219321    0.645819   -0.559824    0.925913    0.501897 -0.00598191   -0.851498    0.875348    0.668844
point 44 453 57.1102  235.46  -0.412028   0.362544 -0.0796433  0.0252341   0.286533  -0.618727  -0.909225  -0.267079   0.524964   0.237272
point 45 458 243.596 183.163  -0.82693  0.209675  -0.73502  0.315923  0.557047  0.382866  0.764379  0.118098  0.954014 -0.629559
point 46 464 225.482 233.695 -0.0562129  -0.974529  0.0229387  0.0971461  -0.456157   0.155193   0.455262   0.428177  -0.574774   0.202649
point 47 477 183.934 167.828  0.905155 -0.690365 0.0498457 -0.350034  0.173507 0.0763297  0.746459 -0.772874 -0.324578 -0.647049
point 48 478 38.3019 193.863  0.173315 -0.690503  0.533605  0.804818  -0.37291 -0.416983  0.246911  0.130868 -0.443779  0.843466
point 49 480 17.1385 220.353   0.224584  -0.963062  -0.863072  -0.160382   0.451215   0.277189  0.0824544 -0.0542116    0.10378   0.667174
point 50 487 420.373 152.821   -0.85258   0.957571  -0.685112  -0.911086 -0.0124382   0.604829  -0.301947   -0.94081   0.348977  -0.194858
point 51 505 236.649 188.671  -0.666461  -0.262794   0.197633    0.20684  -0.776137  -0.511952  -0.852148   0.898981  -0.468862 -0.0100948
point 52 515  577.72 190.176 -0.00059818   -0.603651   -0.105033   -0.422119    0.548597    0.479139  -0.0717721    0.214387   -0.636984    0.403632
point 53 516 426.494 209.717   0.125628  -0.568804  -0.754739  -0.781141  -0.175655   0.573072  -0.655543 -0.0600163  -0.871154   -0.52077
point 54 517  398.37 172.895  -0.374456 -0.0483277  -0.775519  -0.459514   0.356265   0.152564  -0.101834   -0.73879   0.655683  -0.448153
point 55 520 136.061  156.32 -0.294245 -0.913371  0.393473  0.352988  0.885044   0.44685  0.462132  0.164855  0.267382  -0.20008
point 56 521 601.281 101.382   -0.815686   -0.324621    0.589423    0.165049   -0.231329 -0.00257273   -0.391103   -0.653793   -0.831395   -0.668389
point 57 534 68.9365 206.303   0.275429   0.354544  -0.301594  -0.971471  -0.167563 -0.0993699   0.375533  -0.351175   -0.26107   0.106344
point 58 549 571.996  232.47  0.806746 -0.459606  0.870009  0.941699 -0.163349  0.240715 0.0518574  0.460312  0.426005  0.705544
point 59 561 72.0473 222.834 -0.880992 -0.333286  0.772634 -0.108415 -0.899978 -0.773877 -0.176881 -0.952814 -0.360297  0.702235
point 60 569 338.129 202.901 0.0602861 -0.741319   0.37454  0.183763 -0.202577  0.470905   0.43804  -0.52453  0.914929 -0.427716
point 61 579 612.612 159.037   -0.885866   -0.139577   -0.847967 -0.00230878     1.04328    0.516719   0.0311054    0.537452    0.246811    0.240903
point 62 586 618.351 156.657 0.0299153    -0.959  0.750549  0.190497 -0.333669 -0.135052 -0.735365 0.0776854 -0.046733  0.697574
point 63 592 472.593  187.66  0.785519  0.997704  0.639445  0.337731 -0.816193 -0.795377  0.390994  0.819711  0.651403 -0.624262
point 64 616 57.2713 224.709   0.823977   0.555981   0.481944   0.404732  -0.938598 -0.0694656 -0.0169422  -0.642023   0.263958  0.0151092
point 65 627 311.215 60.4894 0.0758108  0.882676 -0.649298 -0.571692 -0.800105  0.345262 -0.804555  0.061499  0.334763  0.607918
point 66 628 381.421 203.903 -0.651184 -0.199612  0.130922 -0.407787 -0.168476  0.914586  0.651029 -0.373258  0.466918  0.841371
point 67 669 73.8441 231.944   0.493955   0.678726  -0.744815   -0.44574    0.16754  -0.689198 -0.0401962   0.935305  -0.235007  -0.329375
point 68 677 33.1399 225.972   0.365402 -0.0788476  -0.303017   0.301836   0.189262    0.54515  0.0846746 -0.0171898  -0.180646   0.935559
point 69 678 260.811 149.516  -0.819636  -0.883375  -0.421087  -0.414943  0.0613935  -0.920577  -0.934459 -0.0988333   0.271592  -0.329458
point 70 704 393.217 180.543 -0.385497 0.0893479  0.357952 -0.159141 -0.472132  0.837495  0.590532 -0.925859 -0.553113   0.65726
point 71 712 567.073 236.535 -0.0896334  -0.737047   0.490321   0.795981  -0.574682  -0.522702  -0.694282  -0.168048    0.81362  -0.137286
point 72 714 483.335 164.705  0.741184  0.470209  0.769451  0.519972 -0.555605 -0.290886  0.800382  0.966137 -0.531682  -0.84196
point 73 723 451.537 237.104  0.0948582  -0.911482 -0.0322902   0.135286  -0.389108  -0.435537  -0.417594    0.68887   0.177983   -0.70538
point 74 756 27.8876 192.254 -0.695872   0.18393 -0.835503 0.0739432 -0.132017   0.27694 -0.404712  0.544454  0.273541  0.770986
point 75 759 578.417 151.352 0.0608958  0.588157 -0.893238 -0.817882  0.035233  0.481328   0.86071  0.249647  0.421511 -0.345802
point 76 780 201.041  239.39  -1.00234 -0.216323 -0.361778  0.162948   1.00999  0.542771  0.454373 -0.779521  0.291745  0.917759
point 77 785 546.147 169.988 -0.0314722  -0.131864  -0.548957   0.514912  -0.890269  -0.490803  -0.903985   0.619884  -0.655173    1.01982
point 78 831 496.668 234.722 -0.0959613   0.486002   0.703719   0.155617   0.376538  -0.841715 -0.0357342   0.618316  -0.662579  -0.133238
point 79 847 84.8474 188.211 0.0965201   0.45653  0.366683  0.939418 -0.808083 -0.741702 -0.318425 -0.897555  -0.83268  0.183572
point 80 868  393.03 181.753   0.631848  -0.403755  -0.851564 -0.0396133  -0.653236  -0.359882   0.847294  -0.867282 -0.0584101   0.563182
point 81 872 479.337 134.872  0.443181  0.857351  0.083898  0.462862 -0.427438  0.768969 -0.438084 -0.313624 -0.873132     -0.89
point 82 877  164.19 159.542  -0.724605    0.88297   0.712455  -0.930027 -0.0894236   -1.02039   0.826834  -0.595697    0.38716   0.440506
point 83 897 283.864 182.138  0.196174  0.855999   1.01184  0.597939  0.166832 -0.845269 -0.106426 -0.162231 -0.927935  0.276301
point 84 909 62.1755 202.765 -0.285886 -0.670158 -0.247856 -0.439271  0.107056 0.0659798 -0.333439  0.208853 -0.451751 -0.212999
point 85 932 547.717 185.679  -0.0887565   0.0129306    0.796843 -0.00145117   -0.194161     0.70472  -0.0879039   -0.967115   -0.281169    0.518812
point 86 947 270.263  168.83 -0.314189 -0.961666  0.858343 -0.564982 -0.482266  0.919792  0.667968 -0.736234 -0.850729  0.771936
point 87 953 150.335 151.764  0.0140989    0.53775    0.78611  -0.604315  -0.102884 -0.0570812  -0.460476   0.749506  -0.687908   0.763124
point 88 964 493.016 191.489  0.928109 -0.331267  0.228416 -0.281464 -0.808019 -0.974104  0.501465  -1.02013 -0.734739  0.709876
point 89 972 199.674 131.526  -0.714766  -0.523559    1.01059 -0.0365929   -1.03034  -0.511259  -0.714143  -0.351964  -0.690713   0.700018
point 90 982 574.226 215.669  0.571311 -0.367145   1.01113 -0.104565   0.28438  0.486435  0.644062 -0.120751   1.01027  0.199514
point 91 984 251.184 168.213 -0.472068 -0.816748 -0.928944 -0.521085  0.479961  0.591024  0.041818  0.512774 -0.527258 -0.677342
point 92 992 616.519 164.479   0.41935  -0.74043  -0.18196  0.368925   0.91811 -0.545294  0.048759  0.762673 -0.816211  0.881101
point 93 993 206.105 164.468  -0.196164   0.987356  -0.448704   0.717892 -0.0906971   0.338908   -0.24148   0.165203   0.423252  -0.280925
point 94 995 581.817 198.613   -0.9747  0.757686  0.520755  0.791918   1.01285 -0.649424  0.706742 -0.536337 -0.933868 -0.420203

