seq: 184
gt_pose:  -0.942858    2.98059 -0.0428477
odom_pose: -0.905078   2.13511 0.0293721
point 0 6 592.197 204.335  -0.709888 -0.0803036   0.739278   0.679694  -0.379811  -0.500018   0.801164  -0.314476    0.39433   0.961068
point 1 7  299.77 136.974  -0.148937   0.838507  -0.184256   0.640827   0.322742   0.835848 -0.0268188  -0.568412   0.889054   0.798963
point 2 14 595.104 185.989 -0.816452 0.0960806   0.48988 -0.436324  0.938912  0.134974   0.76169  0.447918  0.214653 -0.925561
point 3 17 440.349 152.538  -0.468114  0.0572113   0.431622  -0.772509 -0.0207441    0.18768   0.881612 -0.0974569  -0.289894   0.659335
point 4 21 287.298 181.283  0.550374 -0.463894 -0.336183 -0.652788  0.989367 -0.984004  0.686397 -0.358201 -0.664822 -0.156843
point 5 31 451.546 168.268  -0.403882    0.77049 -0.0922027   -0.64752   0.217587  0.0105773   0.281722   0.146984  -0.571305   0.610321
point 6 36 319.119  235.72 -0.190393 -0.292506  0.403437  0.555067   0.38974 -0.742257 -0.930341 -0.895788  0.374143 -0.633489
point 7 37 251.702 224.121  -1.00669  -1.03704 -0.388897 -0.431269  0.279985  0.686376 -0.633249 -0.366427  0.334788  0.771223
point 8 38  607.53 172.285  -0.656443  -0.648068 -0.0368297    0.63357   0.351801   0.812717  -0.633039  -0.216593   0.421103   0.733969
point 9 39 110.313 46.8766  -0.538694    0.82031   0.132192   0.877611 -0.0427538   0.118558    0.89102   0.621598   0.668789   0.154456
point 10 42 408.829 190.822 -0.0063178  -0.793136   -0.05338  0.0349071  -0.925842   0.614952  -0.195208     0.3069  -0.108642  -0.726454
point 11 44 363.664 184.518  -0.565633   0.268626   0.820261   0.476917 -0.0405005 -0.0991482    0.65659   0.873857   0.865914   0.812559
point 12 53 265.369 208.436  0.793341  0.306585  -0.28549 -0.905705  0.507334  0.656638  0.354806  0.400537  0.830658 -0.326229
point 13 57  505.99 196.454  0.358528 -0.298348 -0.591492  0.487572   -0.4837  0.373767 -0.962241  0.675797  0.693028  0.244043
point 14 64 414.787 207.901  0.907578  0.569408  -0.75517 -0.879102 0.0139087 -0.216948 -0.558772 -0.105246 -0.676691 -0.347317
point 15 68  391.77 238.407  0.111465  0.311321 -0.941697  0.547276  0.211012 -0.698716 -0.676754 -0.589226  0.564796  0.696209
point 16 77 241.538  231.76  0.0991498  -0.976183  -0.469118  -0.570409   0.418027 -0.0682148  -0.524331   0.292864  -0.582548  -0.260197
point 17 89 247.323 233.869  0.555671 -0.696412 -0.325493 -0.302103  0.320457 -0.677805 -0.548627 -0.938108 -0.726129  -0.14737
point 18 103 6.29714 195.983   0.431329  0.0962033   0.515843 -0.0579672  -0.263182   0.112936   0.703171  -0.892844   0.372661  -0.577104
point 19 106 215.404 235.681  -0.17949   1.01136  0.110175 -0.148194  0.464278  0.184486 -0.216184 -0.990029   0.45953 -0.113407
point 20 110 447.272 155.451  0.825413  0.939852 -0.612524  -0.27297 0.0460393 -0.720464 -0.618588   0.57017  0.677303  0.228902
point 21 113 362.341 207.046 -0.0767391   -0.56437   0.542051  -0.854289   0.526354  -0.356644  -0.920693   0.616243  -0.274282 -0.0402699
point 22 119 593.485 213.075 -0.391453 -0.440452  0.800791 -0.366385  0.801299   0.41826  0.885945  -0.45749 -0.789201  0.379851
point 23 132 389.496 187.991    0.21164  -0.915021  -0.898912 -0.0497012  -0.722956    0.90725  -0.847809   0.297322   0.836393   0.653078
point 24 148 360.533 134.356 -0.139936 -0.279768 -0.175991  0.515394 -0.102639  -0.22871 -0.965697  0.247817  0.925766 -0.662807
point 25 156 418.773 150.595   0.229237   0.502698  -0.672752   0.355103   -0.83573   0.949321   0.141486  -0.707053  -0.963296 -0.0621913
point 26 157 190.175  237.71 -0.0338612   0.133467   0.642612   0.517054  -0.761396  -0.997059   0.279596   0.602356  -0.690604   0.459049
point 27 158 293.944 164.493  0.504783   0.38415  0.313628 -0.331944 -0.139276 -0.390301 -0.755903  0.231307  0.933724 -0.643498
point 28 159 455.445 188.185  0.185061  -1.01725 -0.936588 -0.110928 0.0496766  0.122458  0.959125 -0.364788 -0.420081 -0.758209
point 29 165 531.329 157.011  0.515275 -0.788869  0.383915  0.592444 -0.750418  0.617058 -0.618046  0.870132  0.408227 -0.021252
point 30 169 401.849 196.299  -0.622552   0.470234   0.717639   -0.25859 -0.0507677   0.507029   0.301725   0.469887  -0.686094  -0.548309
point 31 176 481.423 172.799   -0.72302   0.865504  -0.134558 -0.0117115   0.399184  -0.492091  -0.921202   0.209774   0.661973   0.140318
point 32 179 430.259 211.473  0.013032 -0.791947 0.0490017  0.813975  0.693902   0.35363   -0.2928  -0.74951 -0.225148  0.812935
point 33 180 84.2248 161.924 -0.160783 -0.532934 -0.722439 -0.671025  0.162666  -1.04249 -0.125839 -0.196468 -0.154113 -0.283459
point 34 190 69.7545 229.179  0.364825  0.661135 -0.040251  0.826017  0.535426  0.528045 0.0992149 -0.883654  0.383075 -0.445792
point 35 191 109.066 218.544 -0.926299 -0.879797 -0.843518  0.718173  0.012688   -0.9588 -0.289379 0.0531406  -0.81277  0.656547
point 36 198 527.779 237.035  0.906187  0.601686 -0.347696 -0.543513  0.986884 -0.810254  0.928326 -0.988973 -0.713367  0.310471
point 37 202 424.377 170.293  -0.59254 -0.167762  0.258178  0.389437  0.144953  0.803861  0.617775 -0.208476  0.178434 -0.185444
point 38 214 45.4372 181.286  -0.719689  -0.580998   -0.69704  -0.157497   0.167236 -0.0986704   0.787795  -0.745756 -0.0981529  -0.492035
point 39 239 36.1291 184.719 -0.397063 -0.886834 -0.770177  0.158845  0.590967  0.137056  0.238282  0.232388  0.161167 -0.615458
point 40 240 368.198 132.349 -0.522851 -0.625984  0.643905  0.778587  0.782173  0.713195  -0.49678 -0.678912 -0.950019  0.668932
point 41 280 421.738 232.944   -0.27635   0.131303   0.574711  -0.128875  -0.293249  -0.329305   0.859417   0.839209 -0.0604712   0.822709
point 42 286 500.831 190.793   -0.75363  -0.462741   -0.43129  -0.241231 0.00235658    0.38813   0.892262  -0.871964  -0.993951   0.758961
point 43 296 523.803 150.077 0.0150213 -0.566582 -0.388903  0.307792 -0.157942  0.612352 -0.619054  0.979051 0.0358443 -0.309606
point 44 301  605.79 196.161 0.0980644 -0.484596  -1.01663  0.481955 -0.977589 -0.716122 -0.554865  0.458886 -0.728165  0.101146
point 45 303 620.441 117.701   0.107572  -0.848655  -0.573521  -0.917461  -0.098209   0.548137  -0.427618   -0.13115 -0.0531773  -0.372211
point 46 304  270.81 137.623  0.553375  -0.51723 -0.423691 -0.414113  0.990647  -0.23952  0.727184  0.531842 -0.508423 -0.444934
point 47 313 464.879 152.286  0.101896  0.290123  0.203637  0.117968  0.426438  0.667243  -0.40762 -0.651335  -0.10047  0.378985
point 48 315 310.484 217.574 -0.804353   -0.3632 -0.961038  0.104852 -0.403717  0.200015 -0.603707  0.809256 -0.689167  0.890781
point 49 319 471.374 183.344 -0.980721  0.268934  0.576709 -0.217596 -0.671027  0.187283  0.734831 -0.301882   -1.0043  0.383549
point 50 320 172.018 228.841  -0.167435   0.668569    1.01241  0.0259586   0.558683   0.194092 -0.0440181  0.0382726   0.227136   0.304308
point 51 324 62.3412 180.705   0.0443181    0.385537   -0.753442   -0.436118    0.587435 -0.00542562    0.393374   0.0736941    0.320991    0.317475
point 52 327 551.169 218.167 -0.324955   -1.0066 -0.222802  0.905155   0.35249  0.566918 -0.410373  0.719782  -0.34193  0.824632
point 53 353 371.866 198.691 -0.544317 -0.244209  0.968287 -0.329741 -0.313624  0.342977  -0.10727 -0.541402 -0.414018  0.160219
point 54 367 422.889 127.714 -0.708869  -0.87661  0.913668 -0.455283 -0.514479  0.727645 -0.335544 -0.058646 -0.586719 -0.797221
point 55 398 528.883 225.001 -0.840514  0.915853 -0.649322  0.387495 -0.955112  0.584929  0.727445  0.869369  0.272407 -0.723137
point 56 439 18.2518 193.204   0.18828 -0.423377 -0.733413  0.278357  0.405605  0.684724 -0.352977  0.296755  0.150161 -0.206866
point 57 440 90.6839 157.386 -0.846086 -0.957387  0.134387  0.916735 -0.534204   0.37249  0.718754 -0.230465  0.389866 -0.540693
point 58 448 443.625 217.751  0.853775 -0.404919 -0.817392 -0.689997 -0.348248   0.67836 -0.392757 -0.667632  0.630921 -0.362192
point 59 450 15.6665 113.868   0.424848   0.253496    0.66307  -0.595151    0.97447   0.501375 0.00193685  -0.881951   0.840057   0.701653
point 60 454  312.81 134.297 -0.921014   0.92652  0.683437 -0.482732  0.631278  0.728912  0.755592 -0.643059  0.438523  0.362666
point 61 458 102.695  182.18 -0.778765  0.158125 -0.793219    0.3031  0.524164  0.407215  0.729571   0.12378  0.898896 -0.571779
point 62 463 535.252 155.609   0.569183 -0.0422563  -0.331513    0.50984  -0.759107   0.320031   0.951524  -0.806498  -0.798234  0.0978674
point 63 469 504.603 167.079 -0.132899 -0.851696  0.982341   0.99954  -0.13092  -0.46984 -0.808878   0.79131  0.190494 -0.853629
point 64 491 603.812 101.726 -0.850571  0.786671 -0.364107  0.573313 -0.516194 -0.172314  0.589025 -0.318474  -0.30775  0.699147
point 65 495 377.214  5.2699   0.271578   0.689975 -0.0636678   0.431594  -0.444913  -0.611212   0.969196  -0.616658  -0.078533   0.102206
point 66 506 370.404 156.069   0.0178034    0.307447 -0.00964044   -0.538447   -0.948721   -0.666521   -0.699859    -0.55621    0.770627    0.563903
point 67 519 493.189 134.181  0.418983  0.390915  0.513811  0.194046  0.714489 -0.867047 -0.922195  0.882858 -0.344958  0.438101
point 68 532 545.617 198.604 -0.823746  0.354672  0.840702  0.867653  0.732051  0.767818  0.230811 -0.432933  0.889201 -0.495551
point 69 569 57.4873 193.532 -0.00164348   -0.745325    0.371342    0.189353   -0.250125    0.408834    0.405734   -0.541321    0.917607   -0.430676
point 70 573  468.75 170.246  0.893823 -0.285574  0.212157 -0.458809 -0.237968 0.0686572 -0.659132  -1.03504 -0.345357  0.559787
point 71 578 310.792 147.892 -0.0380877  -0.187946  -0.304079   0.191174  -0.729893   0.547906   0.111936  -0.963026 -0.0500825   0.198752
point 72 581 293.959 239.653  -0.68088 -0.517306 -0.244332  0.948192  -0.97687 -0.168748 -0.127525 -0.760595  0.902192 -0.108118
point 73 591 356.531 174.194   1.00743 -0.674429  0.655034   0.12559 -0.420812 -0.243008  0.938542  0.200658 0.0456168 -0.528597
point 74 599 177.022 75.7775  -0.432605   0.212087   0.693797    0.16389  0.0198482    0.94232  -0.136342 -0.0422895  -0.121851   0.532117
point 75 603 262.646 181.038   1.02988   0.63676  0.733456  0.303429 -0.833479  0.353249 -0.820536  0.827562 -0.547461  0.679936
point 76 627 210.141 164.383  0.080383   0.88953 -0.590839 -0.543634  -0.83648  0.346844 -0.844389  0.036346  0.326695  0.572079
point 77 628 159.945 215.087 -0.726756 -0.179948  0.126448 -0.362146 -0.169976  0.850949  0.622185 -0.393507  0.466543  0.797082
point 78 639  638.24 221.889  -0.736952   0.771524  -0.395638  -0.344372    0.82697   0.634005 -0.0022954  -0.781184  0.0536701  -0.690051
point 79 640 30.3794 215.502 0.0272057  0.779874  0.910799  0.410096  0.138426 -0.349081  0.593091 -0.255786 -0.198402  -0.18853
point 80 655 363.01 220.29  -0.10988  0.678554  0.414957 -0.586471 -0.535788 -0.407669 -0.920739 -0.674809 -0.865165   0.80137
point 81 658 351.008 219.836  0.399909 0.0560938 -0.125946  -0.27376  0.229012  0.953349  0.595089  0.626635 -0.744627  0.531952
point 82 664 577.826 214.299 -0.414805 -0.891528  0.279083  0.904722 -0.210542 -0.353239 -0.413785  0.435645   -0.2243  0.351088
point 83 667 451.61 180.99 -0.907112 -0.595594 -0.204657 -0.539202  0.713608 -0.704709 -0.460908  0.674458  0.542904  0.380614
point 84 678 68.5074 131.111   -0.83785   -0.94182  -0.368025  -0.428341 -0.0199049  -0.958019  -0.926055  -0.152681   0.234262  -0.345413
point 85 704 159.901 199.007 -0.353033 0.0870982  0.425435 -0.220658  -0.48999  0.869238  0.565869 -0.895354 -0.465172  0.683192
point 86 777 514.557 192.522  -0.62035  0.669065 -0.326058  -0.48189  0.610922 -0.275512 -0.346147  0.559775 -0.045639 0.0810315
point 87 779 68.4281 230.084   0.275433   -0.81603  -0.901271  -0.820375   0.621314   -0.51307   0.879691  -0.736123 -0.0440592    0.49514
point 88 806 301.002 236.189  0.837268 0.0192238 -0.579695 0.0792748 -0.648267 -0.304854  0.350907 -0.374427  0.116913 -0.122778
point 89 815   509.5 157.907 0.0633199 -0.242362   1.01395 -0.325777  0.719139   0.61775 -0.364765 -0.597233  0.749213  0.832705
point 90 821  606.75 209.583  0.362858  0.339211 -0.642358 -0.905146  0.882682 -0.206529  0.485326 -0.778862  -0.43809  0.427775
point 91 843 532.558  108.98  -0.38738 -0.155669 -0.121887  0.408604 0.0965463 -0.979855  0.402876  0.221418  0.987286    1.0056
point 92 853 12.7379 156.616 -0.395158  0.890875 -0.574091 0.0288221 0.0791345 -0.706725 -0.362137 -0.382311 -0.816707 -0.753807
point 93 867 438.736 216.545    1.02232  0.0929816  0.0397195   0.564202  -0.484197 -0.0788985  -0.767543  -0.375393   0.699288 -0.0414877
point 94 868 179.473 206.019   0.626075  -0.347289   -0.87348 -0.0272896  -0.616255  -0.394013   0.885461  -0.864302 -0.0540069   0.511927
point 95 878 333.888 231.231   -0.97579  0.0434603   -1.00947  0.0278905 -0.0331409   0.429668   0.421427    -0.1143  -0.714491  -0.616698
point 96 881 443.647 119.868  0.356755  0.620804  0.411575  0.652841  0.405507 -0.790826  0.157002 -0.820367 -0.447979 -0.617011
point 97 882 497.664 207.483 -0.433682  0.946793 -0.571588  0.550352  0.499402 -0.191684 -0.910671 -0.813567 -0.565001  0.649295
point 98 897 20.7884 155.401  0.246327  0.898664   0.98651  0.585984  0.113504 -0.781465 -0.101577 -0.248607 -0.873517  0.260196
point 99 901 50.5264 206.384  -0.718182   0.429322  -0.967545   0.829225   0.777635  -0.359562  -0.722054   0.353307 -0.0771084  -0.571673
point 100 903 593.252 204.602  0.792699  0.565784   1.01906  0.763762 0.0238407 -0.692293  0.172472 0.0763377 -0.944595 0.0131162
point 101 905 310.618 163.922 -0.976933  0.137864  0.473678 -0.333821  0.648551  0.300812 -0.786256  0.694615 0.0982081   0.16366
point 102 907 24.7056 216.806 -0.750537 -0.978178 -0.938812  0.554654 -0.785846 -0.867492 -0.343254  0.620931 -0.210391 -0.678381
point 103 910 321.526 194.224  -0.925659   0.607487   0.489064 -0.0136337   0.643866   0.490282  0.0309152   0.599071   0.749325   0.333643
point 104 927 481.193 169.571 -0.0714386   0.887633   0.608487   0.391453  -0.870525   0.331885 -0.0368115   -0.36548   0.688962   0.885161
point 105 928 376.423 208.174  -0.18801  0.879085 -0.859051 -0.919596 -0.232063  -0.53974 -0.665935 -0.398121 -0.419931  0.319206
point 106 929 465.588 121.966 -0.877711 -0.297392 -0.226591  0.173049  0.270014  0.690734  0.111426 -0.241047  0.129034  0.152672
point 107 947 32.2308 140.255 -0.361804 -0.986764  0.846301 -0.611834 -0.519674  0.896007  0.594195 -0.706219  -0.90886  0.692616
point 108 963 423.626 205.648 -0.0700345  -0.836044  -0.375418   0.384057  -0.887244   0.263271   0.894892   -0.93902  -0.177905   0.529648
point 109 968 244.895 108.121    0.10653  -0.348323   0.073128  -0.051651   0.980476  -0.233641  -0.772792 -0.0173539  -0.668577  -0.928659
point 110 971 455.051 209.016    0.715448 -0.00328348    0.320683   -0.687833     1.00275  -0.0762043    0.392272    0.996731    0.785011   -0.118737
point 111 972 85.2602 118.582    -0.65945   -0.524575    0.933377 -0.00611257   -0.965418   -0.535145   -0.797872   -0.270548   -0.649946    0.716625
point 112 979 382.918 124.069 0.0656628  0.505019  -0.15042  0.419864  0.209135  0.355089 -0.563905 -0.150649  0.598527 -0.273003
point 113 989 378.976 237.728  -0.688798   0.260191    0.44714  -0.603519 -0.0657983  -0.532492  -0.103826   0.515115   0.538698  -0.500809
point 114 997 273.068 230.341   0.956063  -0.945748 -0.0898577   0.850135  -0.480584  0.0351973   0.627387  -0.913141  -0.231101   0.616658

