seq: 82
gt_pose: 0.256255 0.554895 -1.35857
odom_pose:  1.07193 0.487283 -1.27599
point 0 0  42.444 186.179    0.613967    0.805708   -0.639309   -0.284587    0.562462   -0.488887    0.121019 -0.00284501    0.231253   -0.289481
point 1 5 327.194 175.305 0.0120536  0.311594 0.0318082 -0.962468 -0.128038  0.867697  0.898723  0.400607  -0.39051  0.434756
point 2 6 235.37 203.76 -0.711035 -0.106373  0.765871  0.620986 -0.389295 -0.551758  0.772494 -0.331726  0.351467   0.92805
point 3 10 533.391 226.937 -0.509146 -0.650006  0.511824 -0.731434  0.627123 -0.648267  0.513323 -0.847679  0.916098  -0.84825
point 4 14 205.545 152.988 -0.766509 0.0144887  0.487426 -0.438604  0.946301  0.173467  0.762061  0.544566  0.286046 -0.931422
point 5 23 331.399 174.555   0.775921   0.783201 -0.0425586   0.164754   -0.62666  -0.490993   0.681819 -0.0316268 -0.0939373   0.678672
point 6 24 374.795 187.195   0.417046   0.485867  -0.745881   0.252433 -0.0167733   0.642452   0.468249  -0.672022  -0.536623 -0.0173143
point 7 38 247.657 179.562   -0.659216   -0.682065 -0.00457048    0.649007     0.35777    0.808692    -0.65716   -0.247662    0.411433    0.776691
point 8 43 435.824 226.213  -0.954056   0.441128   0.171528   0.648079   0.133654 -0.0846027 -0.0119078    0.96128  -0.927066  -0.889371
point 9 45 159.874 234.333   -0.55999 -0.0907208   0.942515 -0.0399222   0.719028   0.925812  -0.588544 -0.0637848   0.573269   0.546266
point 10 57 119.938 157.181  0.362145 -0.303141 -0.603925  0.512696 -0.511609  0.390637 -0.923014   0.67303  0.741607  0.195456
point 11 59 170.411  216.75  -0.940542  -0.954458  -0.939983  0.0202215  -0.444229   0.384679   0.657918 -0.0318114 -0.0759539  -0.820371
point 12 72 468.165 196.115 -0.833151 -0.307734  0.766169  0.173553 -0.773068   0.63926  0.499048 -0.189941 -0.268588 -0.249092
point 13 78 359.953 176.988  -0.923188  -0.807769   0.662216   0.750931    1.02116 0.00819535  -0.465045  -0.597225  -0.283049   -0.16884
point 14 84 174.996   175.4 -0.443269   0.12556  0.351505  0.901716  0.263918  0.296607 -0.129802 -0.999439   1.01645 -0.228989
point 15 92  634.82 79.7989     0.12961    0.791705    0.064096    0.977463    0.355713    0.292006    0.981469    0.595215   -0.255177 -0.00960744
point 16 109 377.692 125.834  -0.465999   0.877532  -0.813887  -0.411845   0.532735 -0.0410834   0.740588   0.559951  0.0200324   0.238364
point 17 116  294.16 232.058  0.847472  0.627233  0.418961 -0.442916  0.562013 -0.102955 -0.368551  0.601168  0.390436  0.763218
point 18 119 232.583 210.945  -0.37152 -0.390007  0.859102 -0.355723  0.812179  0.496044  0.874633 -0.502083 -0.795284  0.372383
point 19 123 320.215 41.0163  0.157369 -0.771096 -0.218206  0.318005  0.852745  0.691509  0.266521 -0.256548   0.37088 -0.631757
point 20 129 591.939 140.144  -0.543815   0.800301   0.915874  -0.716895   0.153834  -0.677099   0.982611   -0.10137   -1.00058 -0.0895598
point 21 138 274.043 234.351  -0.402193  -0.678193  -0.419359  -0.622129  -0.485774    0.14056   0.512264  -0.783098   0.184858 -0.0771066
point 22 146 428.577 156.313    1.03867  -0.547365  -0.684818   0.142572  -0.674313 -0.0996451   0.905294  -0.546346  0.0543265  -0.718786
point 23 155 527.999 229.883  -0.61793  0.771897  0.320017 -0.761857 -0.720968  0.678671 0.0977051  -0.27253 -0.788721 -0.941403
point 24 174 137.881 195.952  0.662229 0.0889132  0.836759  0.187777 0.0160604 -0.466825 0.0638469   -0.5685 -0.519162 -0.886349
point 25 177 7.84398 190.252      -0.76  -0.171381  -0.526935   0.427751   0.156297   0.129219 -0.0128694  -0.556694    0.54912  -0.275498
point 26 184 282.244  199.84 -0.235862  0.448559  -0.41184 0.0652676 -0.596848 -0.323987  0.066124 -0.380512 -0.386169  0.392882
point 27 195 521.457 161.236  0.348477 0.0616258 -0.273528 0.0743106  0.630062 -0.242626  0.262107  0.543794  -0.37999 -0.210696
point 28 197 597.151 176.691 -0.856956  0.592435  0.106315 -0.267332  0.799373 -0.568349  0.811112 -0.471917  0.488842  0.380594
point 29 198 177.609 235.857  0.939768  0.630229 -0.330247 -0.602743   1.01771 -0.835343  0.870951 -0.988726 -0.703056  0.363724
point 30 200 333.25 71.808  -0.409526  -0.777683   0.694018   0.382622   0.247456    0.57539 -0.0949174   0.929255    1.00939  -0.112525
point 31 206 61.0313 130.359  0.692091 0.0677849  0.630667  0.873062 -0.712362 -0.620444  0.717254 -0.202911  -0.97713  0.752932
point 32 216 575.287 33.5679 -0.678325 -0.977354  0.891102 -0.850409 -0.590727 -0.842274 -0.373757 -0.257401 0.0112295  0.868037
point 33 217 69.3119 158.329 -0.395934  0.319897 -0.961714  0.190193  0.217865  -1.00756  0.699527  0.140878 0.0240812 -0.748642
point 34 242 362.539 161.738 -0.820833 0.0153117  0.140923  0.450187 -0.373011   0.60843  0.835232 -0.812727  0.405082  0.646254
point 35 259  98.853 195.285  0.237753  0.669617  0.116573   0.50778 -0.418435 0.0834907 -0.723282  0.452338 -0.900224 -0.614726
point 36 263 633.098 203.712   0.146029   0.623484  0.0576889   0.509047  -0.824718  -0.119098 -0.0219011  -0.851587     0.5593   0.807921
point 37 277 361.899 159.809  -0.53911 -0.836267  0.249854 -0.810494  -0.98971  0.209047  0.160237  0.536512  0.432824 -0.845734
point 38 286 151.615 165.669 -0.755514 -0.464838 -0.440726  -0.24568 0.0547914  0.297163  0.850833 -0.930739 -0.935953  0.721848
point 39 296 134.643 69.6669 -0.0262607    -0.6345  -0.396341   0.269816  -0.242102   0.557849  -0.657548   0.956442   0.062631  -0.305759
point 40 301 209.002 165.984   0.16505  -0.54374 -0.991237  0.391154 -0.939834 -0.646417 -0.573577   0.49113 -0.727596 0.0718867
point 41 306  623.04 165.438   0.490292   0.142959   0.497166 -0.0941639   0.277158  0.0612784    0.34299   0.888288   0.685645   0.301652
point 42 309 509.732 196.003 -0.605282  0.945881 -0.962856  0.760225 -0.206153  0.171143  0.688578  0.617021 -0.173751  0.377103
point 43 316 52.4556 148.424   -0.570147   -0.699674   -0.973184   -0.510845   -0.420444 -0.00890234   -0.423024   -0.141959   -0.311131    -0.67096
point 44 317 17.2613 236.953   0.541076 -0.0480672  -0.582285  -0.130926   0.673469  -0.486751    0.48924    0.71555   0.679132  -0.888471
point 45 319 30.4945 98.2966 -0.918428  0.274422  0.591666  -0.23484 -0.757284  0.185287   0.65389 -0.334387 -0.961743  0.316302
point 46 327 212.898  216.22 -0.336667 -0.975679 -0.212956  0.883652   0.35135  0.579392 -0.426891  0.740717 -0.325753  0.813304
point 47 334 478.243 190.993  -0.33247 -0.323117  0.945095 -0.708174   0.24617 -0.401904  0.146129 -0.809332  0.969778 -0.156542
point 48 350 584.549  129.48 -0.770355 -0.907099  0.938112  0.195457  0.507391  0.803351 -0.743151  0.762897 0.0731818  0.667702
point 49 359  354.73 140.361 -0.129832  -0.29484  0.656545 -0.502654  0.715198 0.0112558  0.251039  0.149718    -0.561 -0.235055
point 50 364 338.295 188.529  0.0548526   0.829988   0.646662  -0.620374   0.899101  -0.476122  -0.564613  -0.846947   0.118417 -0.0618206
point 51 369 522.803 232.053    0.345203    -0.42891   -0.873376   -0.533197   -0.401765   -0.566404   -0.416729   -0.473555 -0.00635877    0.157718
point 52 372 25.1326 221.876 -0.181699  0.873327 0.0253801  -0.56161  0.934438  0.630605 -0.641286  -1.04054 -0.365628  0.275569
point 53 382 320.392  207.64 -0.718122  0.896388  0.998747 -0.912099  0.117036  0.526781  0.553894 -0.173922  0.210513 -0.192883
point 54 398 149.872 213.703 -0.785108   0.86158 -0.700258  0.406311 -0.976825  0.585519  0.707945  0.917423  0.268921 -0.753238
point 55 403 40.2373 217.453  0.216096   0.70766 -0.512823 -0.531873  -0.63705   0.51505  0.977132  0.702786 -0.969361 -0.613407
point 56 409 481.523 202.264 -0.412583  0.854898  0.259137  0.741758  0.139228  0.590408  0.719297  0.182349  0.246909  0.931295
point 57 425 298.885 239.897 -0.420155 -0.380096   0.34247 -0.447633 -0.532269 -0.635067 -0.149187 -0.931905  0.895249  0.848187
point 58 442 42.8267 234.303 -0.175218  0.583787 -0.706864 -0.414339  0.619788 -0.572286 -0.275563 -0.346728 -0.683622  0.154731
point 59 463 187.844 128.535   0.564099 -0.0277434  -0.295784   0.566989  -0.815274   0.288419    0.92295  -0.841531  -0.795246   0.087567
point 60 469 101.949 87.5969 -0.133243 -0.804246   0.90446  0.934732 -0.118051 -0.425597 -0.750226  0.814378  0.191514 -0.900086
point 61 470 352.807 238.042  0.413487 -0.100461 -0.582896  0.904797 -0.332487  0.908766  -0.43237  0.160903  0.369566  0.750688
point 62 472 471.839 159.815    -0.85936  -0.0510541    0.618481   -0.220644    0.899285   0.0906954    0.680022   -0.687053 -0.00376305   -0.620729
point 63 475 348.067 224.556   -1.01109    0.13747 0.00902638   0.561986   -0.34145  -0.330833  -0.121242 -0.0548104  -0.704838  -0.255194
point 64 492 347.479 169.774  0.508509   0.55195 -0.684926 -0.422891 -0.480181   0.67383 -0.553853  0.834456 -0.836607 -0.607528
point 65 497 463.135 207.502  0.498902 -0.499064  0.673415 -0.226179 -0.602054 -0.159287 -0.591385  0.306609 -0.651928 0.0140261
point 66 508 325.096 179.791   0.60062  0.564246 -0.176004 -0.139474 -0.765977  0.803583 -0.868661  0.228232 -0.764744 -0.762451
point 67 529  374.85 178.125  0.454929 -0.347423 0.0744316 -0.322694   0.63648 -0.163551 -0.848473  0.786066 -0.135753 -0.331936
point 68 532 199.145 188.516 -0.836849  0.423791  0.763635  0.845294   0.70576  0.775506  0.240238 -0.488716  0.952409 -0.449358
point 69 568 375.331 191.287 -0.992711 -0.599264   1.00373 -0.695809  0.365046   0.51182  -1.01389    -0.844 -0.690229  0.112823
point 70 571 166.406 169.128  0.843797  0.785707  0.247343  0.634248  0.318785 -0.712739  0.936137 -0.375572  0.559106 -0.290259
point 71 597 358.962 177.714  -0.718089   0.691059   0.849414 -0.0891201  -0.282818   0.586576   0.837441   0.931498   0.418797  -0.361971
point 72 604 2.54892 231.969   0.29878 -0.918232  -0.86173  0.465537 -0.656798 -0.850338  0.213702 0.0700239 0.0011724 -0.614681
point 73 629 147.746 169.395 -0.407045  0.758725  0.677022 -0.882166  0.987843 -0.265671  0.959692  -0.68109  0.145228 -0.762689
point 74 635 599.607  239.12 -0.225675  0.360869 0.0406623 -0.457314 0.0617902 -0.315035  -0.35116  0.541535  0.606221  0.706382
point 75 639 261.937 225.362  -0.769862    0.76766  -0.337929  -0.358463   0.744772   0.612526 -0.0076299  -0.830869  0.0975275  -0.717498
point 76 642  495.37 163.897  0.799361 -0.179147  0.247115  0.644517  0.548921 -0.752075  0.356581  0.458836  0.703533 -0.468271
point 77 661 265.261 14.3046  0.247118 -0.545289  0.449108  0.377788    0.1179 0.0840987 -0.931277 -0.728898  0.233085  0.370338
point 78 664 228.255 213.431 -0.416537 -0.930441  0.261883  0.911503 -0.240762 -0.386745 -0.362074   0.36998 -0.166735  0.343133
point 79 695 323.805 203.894   0.714839  -0.241574   0.382494  -0.412965   0.476062 0.00465686   0.956576  0.0643837    0.48323   0.801069
point 80 697 118.175 194.092  0.214733 -0.804909 -0.466094  0.969643  0.486372 -0.774217 -0.249318  -0.12554 -0.239469 -0.835686
point 81 698 46.3417 222.808  0.372151 -0.412021  0.421492  0.449194  0.478997  0.509025 -0.932491 -0.407122  -0.12364 -0.950588
point 82 709 130.892 207.286  0.968514 -0.848216 -0.936183 -0.971645  0.495287  0.826463  0.768513  0.488364  0.166565 -0.482234
point 83 720 625.362 108.307  0.381573 -0.590481  0.462454  0.345179 -0.816582   -1.0351 -0.573222 -0.858195  0.545637 -0.737874
point 84 755 496.616 236.975  0.0780261   0.168935 -0.0321891   0.812091   0.441215  -0.487656   0.320713  -0.335277  -0.396477    0.52733
point 85 760 552.009 177.391  0.771808  0.201845 -0.449176 -0.776794 -0.565207  0.398018 -0.701258  -0.68625   0.91963  -0.35365
point 86 767 599.165 237.462 -0.0811894   0.078405  -0.149748  -0.669222   0.329599  -0.121097    0.16055 -0.0236883   0.301703   0.737414
point 87 774 493.618 221.286   0.343274 -0.0896057  -0.136572   0.675621  -0.113741  -0.350426   0.106783   0.211685   0.203369  -0.256422
point 88 776 364.831 52.5271  0.954816 -0.160516 -0.153959 -0.585242  0.632959 -0.824195  0.390121 -0.400457  0.799321 -0.782095
point 89 777 78.6054 123.044  -0.584128    0.66296  -0.334782  -0.489493   0.599783  -0.285263  -0.283215   0.554542 -0.0576908   0.132863
point 90 783  539.65 214.851  0.938337 -0.458712  0.515611  0.847671  0.874669 -0.611496 -0.917118 -0.399265  0.203256  0.124019
point 91 789 51.5662 196.663   -0.63982 -0.0265861   0.638906 -0.0328953  0.0882195  -0.580808  -0.764454  0.0548589 0.00693949   0.359366
point 92 794 300.977 170.205 -0.455908  0.428457 -0.343062 -0.674332 0.0480638  0.690865  0.463994 -0.509052  0.125287  0.510003
point 93 797 272.189 158.713 -0.738501 -0.681446  0.744757  0.084828 -0.195384 -0.556975 -0.108903   0.52916 -0.115033 -0.340449
point 94 810 599.868 217.528  0.930816 -0.672207  0.498239  -0.70173 -0.858805  0.978234  0.801563 0.0508605  0.821891 -0.698884
point 95 815  134.39 94.7937   0.10176 -0.263866  0.976957 -0.273941  0.684472  0.581269 -0.362747 -0.596561  0.798701  0.927892
point 96 819 351.428 201.647  -0.550983   0.459053  -0.759611   0.718335   0.949304  0.0290937   0.292855   0.776801  -0.438921 -0.0409092
point 97 821 244.804 211.206   0.43311  0.305619 -0.666908 -0.970981   0.90113 -0.140807  0.485782 -0.781488 -0.398972  0.425004
point 98 825 492.819 186.046    0.324689    0.636187    0.994529   -0.274893    0.409467   0.0709316 -0.00445357    -0.45679   -0.226743   -0.481413
point 99 839 32.4148 215.454  0.0153317  -0.186274  -0.857478   -0.81708  -0.168669   0.105039 -0.0502258   0.282858   0.729268  0.0942475
point 100 841 324.003 80.7346  0.158216   0.89217 -0.884087  0.943502 -0.384678   0.14339 -0.292511 -0.165328  0.265449   0.46258
point 101 852 604.526 158.714   -0.41828  -0.237024   0.980566   0.294577 -0.0158941  -0.594949   0.126185   0.842618   0.713409   0.557233
point 102 861 460.827 168.552   0.105866   0.679955   0.766524 -0.0995188  -0.480666   0.311343   0.068515   0.200196 -0.0509963  -0.506926
point 103 862 418.279 168.701  -0.774888  -0.385413  -0.738294  -0.200058   0.640611  -0.473984 -0.0821512     0.3459  -0.937826  0.0565352
point 104 882 132.671 184.932 -0.453547  0.918809 -0.618939  0.631783  0.520673 -0.181193 -0.944568  -0.78114 -0.602967  0.618046
point 105 885  172.26 155.327     0.896595    -0.638891    -0.143183 -0.000182363     0.552791     0.697864     0.740369     0.789759     0.624573    -0.046956
point 106 887 392.763 225.384  0.561906 -0.756195 -0.789905  -0.68096 -0.868027 -0.954698 -0.361933 0.0831395 0.0406779 -0.839504
point 107 890 620.795 177.974  0.385818 -0.349327 -0.158415  -0.80963 -0.312456  0.167416  0.916733 -0.906458 -0.238851  0.323166
point 108 894 622.219 168.861   -0.215069   -0.553081 -0.00919602    0.690206   -0.629648   -0.644056     0.88757    -0.36475    -1.02133   -0.877762
point 109 915 619.861 213.326   0.212079   0.605237    0.20484 -0.0511825  -0.715158   0.292741    1.02446  -0.570979 -0.0905036  -0.405015
point 110 921 612.369 189.716   0.174899   0.117228  -0.308092   0.688406  0.0881169 -0.0536894   0.194193   0.862904   0.478986  -0.429426
point 111 936 375.839 114.558 0.0394445 -0.430184 -0.399703 -0.295351 -0.481309  0.892186  0.127008 -0.740114  0.103265  0.170818
point 112 942 279.029 192.972 -0.738662 -0.349391  0.600128 -0.457602  0.183837 -0.162757 -0.650806  -0.90617  0.933562  0.474102
point 113 962 631.811 136.101  -0.227666   -0.30196   0.854318  -0.779079  -0.826761 -0.0785849  -0.473473   -0.49155 -0.0232897  -0.174181
point 114 965 397.859 134.097     0.92016     0.59193    0.527105  -0.0772179 -0.00757075   -0.463486    0.134713    0.596795    0.880702    0.198491
point 115 994 98.7633 174.905  -0.377038 -0.0208121  -0.991216  -0.548726  -0.285788   0.430252  -0.242527   0.502679  -0.201164  -0.294976
point 116 998 584.032  169.51 -0.406105 0.0905245  -0.98632  0.434825 -0.195917  0.294452 -0.122793 -0.669146  0.199518 -0.468039

