seq: 240
gt_pose:  3.85439  3.93996 -1.19085
odom_pose:  4.16971  3.20466 -1.38397
point 0 3  309.96 185.209 -0.160925  0.773189 -0.467071 -0.303602  0.605059  0.857579 -0.866227  0.853597 0.0211638 -0.832062
point 1 5 522.703 199.652 0.0395051  0.352667 0.0772937 -0.882435 -0.105604  0.894723  0.849729  0.418707 -0.455183  0.486198
point 2 14  521.48 201.461  -0.77481 0.0419513  0.554299 -0.369838  0.981254  0.114052  0.801113  0.480787  0.213533 -0.883364
point 3 17 451.361 125.054  -0.409739   0.136545   0.424462  -0.726962 -0.0712204   0.210615   0.904639 -0.0680897   -0.29682   0.730545
point 4 42 386.422 164.783 0.00599955  -0.779792 -0.0179849  0.0606802  -0.919084   0.600219  -0.209648   0.297339 -0.0974376   -0.66477
point 5 44 562.201 82.4005  -0.579269   0.234713   0.824626   0.446744 -0.0284962 -0.0984781    0.68215    0.94701   0.857388   0.784863
point 6 49 157.985 35.3171   -0.651848   -0.374478     0.74543    -0.29454    0.835083     0.51211 0.000550245   -0.451803     0.89019   -0.725931
point 7 50 124.501 175.861  0.836478 -0.609057 -0.461103 -0.625875 -0.581253  0.260497 -0.686213 -0.762834 -0.564623  0.903477
point 8 57 439.697 200.023  0.387466 -0.322788 -0.537098  0.527111 -0.451481  0.396802 -0.984553  0.653518  0.726161  0.194184
point 9 64 431.617 190.736   0.886407    0.54523  -0.773425  -0.892486  0.0620946  -0.232777  -0.579051 -0.0635387   -0.65883  -0.338779
point 10 75 106.43 151.41 -0.638595 -0.952296  0.936971  0.585024 -0.726033  0.702861 -0.592331   0.94774 0.0863882  0.359245
point 11 78 593.379 207.847  -0.880092  -0.766108   0.603566   0.760855   0.977234 0.00967332  -0.448956  -0.602688  -0.301083  -0.168196
point 12 87 226.623 232.766  0.693349   0.84941  -0.21402  0.924322 -0.640358  -0.62975 -0.474941 -0.320482  0.810815  0.257329
point 13 110 593.244 117.788  0.806504  0.985602  -0.59911 -0.298494 0.0968326 -0.703655 -0.621969  0.549801  0.740718  0.242037
point 14 115 312.848  136.76 -0.675455 -0.774655  0.463486  0.466224 -0.019645 -0.611647  0.916289 -0.499404  -0.51618   0.47207
point 15 120 264.341 114.769   -1.0012  0.141978  0.688703 -0.508422  0.674569  0.539467 -0.681884  0.307081  -0.93483  0.321042
point 16 123 574.584 143.096  0.135261  -0.84198 -0.241026   0.39279  0.899575  0.655926  0.238368 -0.177345  0.349296 -0.646004
point 17 146 588.074 180.393   1.01086 -0.552526 -0.686051  0.107694 -0.667823 -0.161887  0.933015 -0.471845 0.0941451 -0.742096
point 18 162 221.714 187.371 -0.591112  0.301817 0.0510318 -0.792613  0.135089 -0.956432   0.56793 -0.786622 -0.648053  0.156232
point 19 169 536.046  157.44 -0.567788  0.494484  0.738939 -0.300073 -0.080629  0.499007  0.314902  0.519057 -0.687014 -0.520231
point 20 170 106.517 222.859 0.0914914 -0.373645  0.256235  0.143035  0.785734  -0.22703  -0.82778  0.777085  0.389645  0.716856
point 21 179 456.568 199.741 -0.0104637  -0.833893  0.0701924   0.760015   0.713098    0.32369  -0.311516  -0.771853  -0.250793    0.75868
point 22 184 502.148 216.556 -0.281216  0.519319 -0.349034 0.0598171 -0.566674 -0.285708 0.0855155   -0.4151 -0.407494  0.398002
point 23 200  599.37 164.637  -0.437748  -0.724804   0.627383   0.328452   0.198677   0.578386 -0.0714331   0.853892   0.999798 -0.0839139
point 24 202 434.934 139.864 -0.537647 -0.151738  0.214846   0.39135 0.0852962  0.823042  0.565408 -0.180071  0.137436  -0.19158
point 25 244 10.4372 117.744 0.0919754 -0.879032  0.553973  0.663627 -0.864803  0.739701 -0.379944  0.336756    0.1845  0.286407
point 26 255 146.549 212.172 -0.945162 -0.820984 -0.950738 -0.871653 0.0148629  0.899055  0.198084 -0.323641 -0.120556  0.356303
point 27 270 54.5044 219.248  -0.541031   0.429356  0.0417724  -0.740224 -0.0187605   0.138538   0.513567   -0.21858  -0.866204  -0.838664
point 28 276 203.959 239.351   0.536552   -0.63741   0.039151 -0.0820982   0.290276 -0.0403564    0.25948  -0.663538  -0.460557   0.782542
point 29 280 418.034 229.857  -0.286486   0.109638   0.541747  -0.142001  -0.356674  -0.407458   0.776276   0.869291 -0.0857129   0.801375
point 30 290 366.713 192.867 -0.715863  0.843938 -0.813952 -0.516694  -0.64028  0.501859 -0.899925 -0.751253  0.604961 -0.979382
point 31 296 464.755 161.504 -0.0285362  -0.605166  -0.375319   0.295869  -0.169233   0.577593  -0.616179    1.01005  0.0306696  -0.360255
point 32 301 539.425 209.224  0.156914 -0.499906 -0.988949   0.40784 -0.906026 -0.651862 -0.607133  0.447308 -0.733824 0.0236367
point 33 313 430.569 142.336  0.142453  0.338506  0.178775  0.136891  0.501659  0.699586 -0.456187 -0.628286 -0.102643  0.449922
point 34 315 549.308 60.1132 -0.823304 -0.346302  -0.97234 0.0665902 -0.409225  0.218654 -0.577115  0.747003 -0.684193  0.938868
point 35 319 424.862 179.449 -0.971196  0.267466  0.580397 -0.187827 -0.666087  0.139556  0.713288 -0.329422 -0.995643  0.331356
point 36 325 325.714 183.109 -0.203398 -0.334417 -0.598103 0.0923861  0.250517 -0.338087 -0.233286  -0.51861 -0.553407  -1.01622
point 37 340 183.935 104.028  0.378562    -0.386 -0.657669 -0.128397  0.808933 -0.099962 -0.718516 -0.406551  0.574947 -0.409335
point 38 341 157.336 211.938 -0.699532  0.102018  0.338168 -0.384219  0.266267 -0.352767 -0.832793 -0.625738  0.794136 0.0115943
point 39 353 391.575 150.354   -0.57419  -0.215336    0.99404  -0.263424   -0.25949   0.336865 -0.0695425  -0.529664  -0.400563   0.092406
point 40 364 565.864 212.203   0.147424   0.809647   0.690291  -0.597622   0.962887  -0.522188  -0.560716  -0.917387  0.0776162 -0.0129429
point 41 367 585.831 50.9133  -0.711063  -0.946896   0.930315  -0.483698  -0.523895   0.652908  -0.302333 -0.0545782  -0.592765  -0.825569
point 42 390 4.82792 218.655   0.280297 -0.0060682    0.29158  -0.527036   0.300196   0.898262   0.301683   0.165693   -0.56538   0.409213
point 43 396 274.794 36.9245  0.275815 -0.726025  0.812983  0.716594  -0.41467 -0.381244 -0.747428 -0.365502   0.33324  0.593114
point 44 398 458.825 227.255 -0.839703    0.8812 -0.686791  0.392804 -0.972696  0.565749  0.674752  0.871256   0.31833 -0.707495
point 45 401 124.608 197.348 0.00169683   0.571275   0.315662  -0.500336  -0.563282   0.239031   0.619762   0.792474   -0.90608  -0.544359
point 46 407 157.746 218.561  -0.711037   0.938257   -0.91695   0.664009  -0.760649 -0.0183725   0.710522  -0.908044  -0.344639  -0.437207
point 47 418 231.035 229.566  -0.969847 -0.0544572   0.274778  -0.668656   0.882285   0.791758   0.971524  -0.731368  -0.663922   0.586509
point 48 425 559.886  239.95 -0.455563 -0.356667  0.422127 -0.506675 -0.611663 -0.639383 -0.156501 -0.964017  0.924012  0.876958
point 49 427 209.172 179.236  0.684143  0.879274    0.2185 -0.399163 -0.067959  0.768838   0.20564 -0.737707  -0.62593  0.610137
point 50 448 427.564 212.062   0.81549  -0.40344 -0.847768 -0.662703  -0.34442  0.713835 -0.435503 -0.707486  0.607564 -0.412197
point 51 456 235.704 165.563  0.225606  -0.57582  0.588323 -0.479677  -0.32121  0.594164 -0.550331 -0.652039 -0.826613 -0.948095
point 52 469 452.792 171.708 -0.0712261   -0.84871   0.939856   0.988016 -0.0840082  -0.492114  -0.763647   0.756005   0.204181  -0.883926
point 53 512 224.092 147.513  -0.655126  0.0861548   0.742326  -0.356447   0.545216   -0.90951  -0.216554   0.189623 0.00532623  -0.483784
point 54 519 506.071 129.755  0.398478  0.474462   0.58747  0.168303  0.717845  -0.82583 -0.872554  0.930461 -0.332901  0.506895
point 55 529 560.86 200.72  0.418742 -0.409074  0.044284 -0.304657  0.616262 -0.157689 -0.826194  0.834039 -0.177611 -0.385259
point 56 533 325.671 184.537  -0.687934  -0.174099   0.569497  -0.218223  -0.766055  -0.749286   0.595046  -0.305153   0.690448 -0.0206922
point 57 556 76.9789 200.397  0.955437   0.97539  -0.30905  0.585235  0.980957 -0.167276  0.460694 -0.649606  0.960372  0.280677
point 58 564 180.743 193.711 -0.641374 -0.189759    0.2123  -0.45441 -0.102565  0.474882 -0.434246 -0.955775 -0.805439  0.954919
point 59 568 590.359  213.16 -0.920774 -0.622408   1.02754 -0.682737  0.405615  0.502338 -0.967642 -0.861281 -0.771593  0.105092
point 60 573 458.519 161.677  0.910882 -0.256883  0.245435 -0.501929 -0.305921 0.0374884 -0.715135 -0.971465 -0.271806  0.560001
point 61 581 306.218 234.921 -0.668225 -0.512972  -0.33405    1.0023 -0.915821 -0.103071 -0.179401 -0.745351   0.86163 -0.168182
point 62 588 345.621 231.855 -0.298477 0.0552191 -0.378454  -0.56781  0.562545  0.602148 -0.609068  0.351973 -0.168314 0.0969028
point 63 605 126.791 200.602   0.874954   0.451574  -0.376202   0.332874   0.157001  -0.356269 -0.0426084  -0.125415   0.881529   0.136736
point 64 632 254.465 237.853  -0.101431   0.171907  -0.253344  -0.725923  -0.608531   0.699224   0.236274  0.0521271  -0.668859 -0.0779697
point 65 646 334.921 225.833 -0.358581  0.644773  0.814895  0.742908   0.38647 -0.752544 -0.328697  0.840297  0.236756  0.454759
point 66 661 591.762 154.808  0.247081 -0.568572  0.402198   0.42139  0.115568   0.14692 -0.907449 -0.756817  0.274922    0.3765
point 67 667 514.733 162.808 -0.982269 -0.615182  -0.25665 -0.626055  0.780759 -0.746376 -0.452782  0.681264  0.547836  0.413065
point 68 668  90.102 62.6665 -0.554977  0.833341 -0.810286 -0.438832 -0.467414 -0.141394  0.168842 -0.510049 -0.871553 -0.529431
point 69 681 364.213 210.799  -0.276678   0.585315   0.217029   0.476254  -0.778193   0.162312  -0.805445   0.463117 -0.0971374  -0.862142
point 70 695 528.856 218.268   0.778542  -0.181775   0.385389  -0.453058   0.498894 -0.0210806   0.935591  0.0755333   0.543449   0.770378
point 71 737  232.41 210.886 -0.362733  0.100284 0.0593226  0.591915 -0.755542  0.124483 -0.864044 0.0727387  0.558467 -0.208859
point 72 739 121.668 219.316  0.946552  0.157006 -0.418642 0.0323552  0.738382  0.256502 -0.908484 -0.186755 -0.177922 -0.606214
point 73 749 148.996 202.153 -0.666753  0.263505  0.687598 -0.656116  0.496779 0.0389223  0.738917  0.163758 -0.256361 -0.196494
point 74 752 630.601 130.895  0.841487  0.763829 -0.514073 -0.187108 -0.136802  0.064265  0.300301 -0.677961 -0.651483 -0.497862
point 75 771 353.196 227.105  0.178326  -0.40525   0.79846  0.989063 -0.646944  0.909857  0.697376 -0.228376 -0.406628 -0.630567
point 76 776 600.256  146.08   0.91756 -0.079004  -0.17935 -0.539151  0.705581 -0.862968  0.360841  -0.43951  0.766925 -0.737257
point 77 777 491.329 195.732    -0.60485    0.691534   -0.248347   -0.493903    0.601548   -0.243979   -0.306501    0.585696 -0.00118041   0.0414729
point 78 778 230.709 220.461 -0.0869313  -0.594435  -0.774885   0.737963  -0.509654  -0.926814  -0.380919   0.302314  -0.401977  -0.737655
point 79 794 571.029 207.507 -0.460144  0.415958 -0.369424  -0.65595 0.0578629  0.692282  0.498726 -0.444952  0.120211  0.535319
point 80 797 517.776 196.497  -0.683023  -0.632835   0.756218  0.0994872  -0.252171  -0.567888 -0.0648085   0.543776  -0.139319  -0.327957
point 81 804  327.95 152.657 -0.784554 -0.761515 -0.710724 -0.598119  0.556481  0.654743 -0.127209  0.437711 -0.567997 0.0882802
point 82 809 203.355 147.799  -0.25621 -0.905741 -0.978221 -0.275493 -0.497886 -0.241213  0.821653  0.807858 -0.290632 -0.207072
point 83 815 432.698 166.346  0.112361 -0.180635  0.967564 -0.309946  0.734702  0.614219 -0.343592  -0.63805  0.750708   0.83336
point 84 817  103.01 136.631  -0.265547   0.541279   0.779827   0.627686   0.672417 -0.0502527   -0.59212   0.577799   0.565717    -0.9331
point 85 837 339.213 96.8181 -0.115024 -0.233853 -0.469097 -0.331976 -0.744572  0.206359 -0.443634 -0.391951 -0.831748 -0.439256
point 86 841 585.703 165.671  0.198983  0.872053 -0.903852  0.909892 -0.370052 0.0737945 -0.256812 -0.211668   0.23706  0.538067
point 87 843 590.857 115.316   -0.42971  -0.214896 -0.0843225   0.463176  0.0809869  -0.934266     0.3525   0.258785    1.01452   0.975635
point 88 846 210.518  210.25  0.435873  0.265567  0.433186  -0.90184 -0.890492 -0.024869 -0.660427 -0.275062 -0.410196  0.217391
point 89 861 622.098 189.598  0.0577522   0.613199   0.821141  -0.114243  -0.503903   0.230884   0.104125   0.176661 -0.0404417   -0.45994
point 90 862  620.72 199.942  -0.827922  -0.382043    -0.7064   -0.25961   0.625716  -0.484375 -0.0787464   0.407674  -0.952293  0.0661669
point 91 866 89.5038 37.1269  -0.557296 -0.0750018    0.80258  -0.648367   0.703843  -0.224765  -0.104702   0.427598  -0.476548   0.868282
point 92 867 451.121 208.865   0.978798  0.0812081  0.0434368   0.630484  -0.409324  -0.035823  -0.705671  -0.353134    0.69338 -0.0492849
point 93 882 406.568  210.08 -0.473835  0.943967 -0.598509  0.538101  0.462337 -0.247782 -0.910579 -0.839282  -0.60065  0.599098
point 94 886 354.037  107.25 -0.339464 -0.846633 -0.508689 0.0623994  0.341959  0.937893  0.880458   0.86452 -0.686876  -0.84909
point 95 889 184.308 231.551  -0.817259   0.189362    0.84494  -0.285662   -1.02027   0.431704 -0.0863692  -0.790031   0.733903  0.0740675
point 96 892 311.157 161.795   0.324879  -0.865581   -0.73081   0.684681  -0.686678   0.711784  -0.686949   0.169028   0.888044 -0.0260287
point 97 898 294.266  231.83  0.852327 -0.601831  0.221294 0.0850079 0.0378312 -0.289977  0.482631 -0.528422  -0.15939  0.487327
point 98 920 190.973 138.549  -0.86748  0.701398  -0.38468 -0.345987 -0.466808 -0.215253  0.780754 -0.878676  0.965829 -0.536844
point 99 926 175.801 208.755 -0.782587 -0.764807  0.891482 -0.876991 0.0495947 -0.577521 -0.416298 -0.738273  0.072646  0.529654
point 100 927 617.209 153.684   -0.0830544     0.883251     0.599611     0.337368     -0.87452     0.415506 -0.000556613    -0.366649     0.724146      0.94658
point 101 928 392.531 174.194 -0.159214  0.858814 -0.846069 -0.890068 -0.244534 -0.588557 -0.669386 -0.324192 -0.452364  0.347308
point 102 936 560.662 159.973 0.0349975   -0.3866 -0.406892 -0.315603 -0.487847  0.932401  0.123819 -0.712865 0.0534043  0.132833
point 103 939 329.087 190.561 -0.402027 -0.786169  0.541089  0.887061  0.165945 -0.888037 -0.738691  0.709562  0.134794  0.811678
point 104 942 570.237 219.436 -0.769635 -0.265542  0.577896  -0.45977  0.236905 -0.185213 -0.730145 -0.975621  0.990377  0.453287
point 105 963 423.603 190.987 -0.0606969  -0.858825  -0.389934   0.441278  -0.868263   0.288791   0.927842  -0.907606  -0.206753     0.4795
point 106 965 580.789 172.526  0.872128  0.558616  0.531807 -0.072116 0.0176161 -0.482627  0.103107  0.674197  0.908191  0.260154
point 107 971 425.002  203.76  0.709268 0.0319201  0.299842 -0.666307   1.00975 -0.102388  0.351402    1.0042  0.793938 -0.199183
point 108 989 533.402 234.709  -0.678988   0.327013   0.442678  -0.642694 -0.0759667  -0.525267  -0.126326   0.551647   0.527791  -0.541403

