seq: 248
gt_pose:   4.59623   2.52932 -0.886336
odom_pose:  4.50291  1.66037 -1.22325
point 0 0 365.992  197.48    0.559058    0.836966   -0.617315   -0.377653    0.535263   -0.437703   0.0686956 -0.00467597    0.302332   -0.273823
point 1 3 379.391  136.15 -0.245444  0.744193 -0.470847 -0.293745  0.588799   0.81579 -0.873352  0.919435 0.0985736 -0.834269
point 2 6  621.74 193.139 -0.650692 -0.141087  0.771706  0.657944 -0.368439 -0.515937  0.803616 -0.336327  0.405559  0.917333
point 3 26 615.965 176.712 -0.813046 -0.739906  0.262483 -0.293357 -0.377163 -0.320356  -0.78151 -0.188291  0.876391  0.197924
point 4 38 571.295 164.828 -0.623809 -0.674221 0.0488396    0.6741  0.314147  0.773608 -0.573855 -0.210981  0.448182  0.778353
point 5 42 613.938 24.9132  0.0736938  -0.771295 -0.0511713  0.0258492  -0.950051   0.618799  -0.249405   0.295134 -0.0927064  -0.748539
point 6 45 437.053 234.501   -0.58751 -0.0499847   0.857534 -0.0753768   0.792995   0.888746  -0.673311 -0.0733698   0.521694   0.549455
point 7 50 83.1945 139.683  0.840414  -0.61696 -0.457372 -0.682416 -0.612953   0.24315 -0.649002 -0.771647 -0.504021  0.878419
point 8 59 466.221 216.366  -0.946649  -0.917803  -0.951869  -0.040763  -0.424607   0.457453   0.665117  0.0357192 -0.0543086  -0.865611
point 9 84 483.618 172.641  -0.395305   0.140443   0.373296   0.957709   0.225373   0.272757 -0.0877711  -0.996451    0.94978  -0.314817
point 10 87 252.878 229.695  0.666623  0.818056 -0.204026  0.893254 -0.619443 -0.670885 -0.483733 -0.298865  0.813533  0.268567
point 11 138 604.533 232.504 -0.374767 -0.729573 -0.431992  -0.59677 -0.460855  0.190006  0.540313 -0.794765  0.166152  -0.12435
point 12 162 257.075 173.144 -0.562736  0.260885 0.0660465 -0.742367 0.0984924  -1.00814  0.553036 -0.759555 -0.638059   0.12756
point 13 174 423.606 198.895  0.675158  0.134466  0.887933   0.11343 0.0646503 -0.487439 0.0557737 -0.564212 -0.474453 -0.942186
point 14 185 321.607 151.922 0.0531847 -0.596832 -0.488869  0.351329 -0.226264   0.88969 -0.652972  0.875669  -0.24554 -0.179614
point 15 198 597.194 235.089  0.891271  0.533483 -0.332956  -0.58924  0.992578 -0.755022  0.893148 -0.930486 -0.733144  0.271452
point 16 206 417.882 145.637  0.725531 0.0572821  0.650595  0.897665 -0.738423 -0.673426  0.735534 -0.201524 -0.985794  0.702725
point 17 213 210.736 173.238   0.483819  -0.220674  -0.724227 -0.0749986 -0.0313886  -0.887329  -0.381585    0.74981   0.448375   0.100225
point 18 255 182.043 208.547  -0.955511  -0.823939  -0.982409  -0.945359 0.00129314   0.908073   0.146292  -0.349771  -0.163982    0.36726
point 19 259 479.574 196.979  0.158958  0.709557  0.140593  0.498098 -0.453824 0.0626528 -0.758357  0.471504 -0.875397 -0.616015
point 20 270 90.3779  217.64  -0.519094   0.484997  0.0718403  -0.759639 -0.0434857   0.164247   0.483446  -0.163395  -0.865458  -0.821079
point 21 276 163.071 238.664   0.581839  -0.668103  0.0298964  -0.117579   0.293924 -0.0243783    0.31864  -0.681317  -0.410249   0.688215
point 22 286 523.918 160.725 -0.768553 -0.531218 -0.392248 -0.234699 0.0787297  0.310252  0.840976 -0.841876   -1.0037  0.736818
point 23 290 492.345  147.39 -0.705237  0.804408 -0.764936    -0.476 -0.699226   0.52615 -0.933522  -0.74032  0.584437  -1.01223
point 24 316 457.097 157.886 -0.597488 -0.734399 -0.916208 -0.485701  -0.45373 -0.027479 -0.398436 -0.177754 -0.272072 -0.713101
point 25 327 522.285 213.018 -0.344804  -1.01615 -0.274097  0.851883  0.314317  0.499281 -0.427745  0.702951 -0.385698  0.783036
point 26 341 164.034 202.102 -0.747065 0.0878222  0.332207 -0.309139  0.320745 -0.432514 -0.826917 -0.626082  0.861112 0.0383088
point 27 348 308.195 209.473   0.814571  0.0833807  -0.752504   0.262995   0.302709  -0.327748   0.166665  -0.691753 -0.0681207   -1.03328
point 28 401 56.4029 166.531 0.0192792  0.586502  0.257214 -0.441159   -0.5988  0.215521  0.599515  0.852764 -0.926703 -0.626659
point 29 403 387.075  221.71  0.168204  0.677079 -0.534789 -0.599374  -0.60994  0.453583  0.944583  0.711468  -1.03555 -0.541213
point 30 407 174.161 212.546  -0.682939   0.918954   -0.91821   0.635727   -0.75243 -0.0424442   0.690697  -0.943683  -0.316371  -0.426729
point 31 418 260.687 225.386    -0.909572 -0.000533167     0.331978    -0.603931     0.906071     0.725338     0.984237    -0.747355    -0.590805     0.665277
point 32 427 245.169 165.713  0.739015  0.868992  0.267973 -0.364898 -0.127219  0.867844  0.173685 -0.749335 -0.627652  0.618472
point 33 456 250.214 114.132  0.169222 -0.581162  0.516527 -0.490503 -0.321713  0.618687 -0.570735 -0.734783 -0.781401 -0.952299
point 34 463 590.199 107.412   0.509605 -0.0819462  -0.295773   0.582746  -0.835997   0.258543   0.998397  -0.777202  -0.707833   0.106081
point 35 484 563.815 199.197  0.879386  0.686878  0.946153 -0.767937 -0.635612  0.474096  0.630745  0.615738  -0.32156 -0.751625
point 36 512 240.683 96.9756 -0.615876 0.0790758  0.771011 -0.302724  0.562745 -0.907485 -0.285675  0.207395 0.0661417 -0.408217
point 37 532 591.418 177.948 -0.837114  0.396569  0.774046  0.832976  0.727099  0.737719  0.238255 -0.472188  0.909333 -0.437867
point 38 533 400.226 150.762 -0.698278 -0.241794   0.59069 -0.271321 -0.733265 -0.686418  0.614358 -0.220397  0.680059 -0.060895
point 39 550 223.477 212.162    0.208989   -0.123802   -0.652158    0.562345   -0.398059   -0.550675   -0.879642    0.179338 0.000778776   -0.817061
point 40 556 106.282 195.804  0.965362  0.974018 -0.273405  0.542397  0.957403 -0.232032  0.505295 -0.658782  0.954913  0.197938
point 41 564 189.605 174.991  -0.662437  -0.167563   0.211843  -0.458753 -0.0946379   0.515802     -0.459  -0.963301  -0.765042   0.940671
point 42 565 632.324  238.73 -0.909149  0.935051  0.410253  0.256598 -0.540407 -0.592926  0.824934  0.840284 0.0620015  0.516737
point 43 571 435.786  170.88  0.832748  0.754635  0.293224  0.644979  0.295089 -0.725365  0.969704 -0.371826   0.55034 -0.253206
point 44 582 311.833 188.014 -0.0103133  -0.772952  -0.562852     1.0085    0.15982    0.13747  -0.453653   0.165099 0.00436055    0.68852
point 45 588 446.085 224.737 -0.285981  0.122196 -0.399047 -0.619806  0.558386   0.56235 -0.522077  0.358863 -0.140752  0.157237
point 46 605 68.1525 174.007  0.892847  0.493877 -0.432598    0.3604  0.149692 -0.372234 -0.029004 -0.147095  0.850596  0.127244
point 47 619 299.346 181.704 0.0696061  0.969483  0.360452 -0.997672 -0.919734 -0.555733 -0.730551  0.291521  0.591075 -0.337733
point 48 621 261.639 187.259  0.801227 -0.140543 -0.976926 -0.191701  0.231556 0.0832905 -0.258764 -0.400875  0.123886 -0.221096
point 49 629 501.596 166.876 -0.440078  0.799437  0.644144 -0.915604  0.956051 -0.265022  0.964964 -0.676434   0.20983 -0.805122
point 50 632 295.056  237.07 -0.136896  0.225325 -0.317242 -0.728655 -0.529564  0.618581  0.242388  0.120698 -0.698717 -0.113564
point 51 638 634.979 206.745 -0.313322 -0.863284  0.552783 -0.826518  0.229163   0.37041 -0.061875 -0.392221  0.426087  0.850208
point 52 639 589.591 221.138  -0.809446   0.814087  -0.400185  -0.346814   0.829053   0.652583 -0.0437977  -0.860157   0.131665   -0.71547
point 53 646 419.551  215.68 -0.334752  0.680728  0.814458  0.816396  0.367302 -0.711645 -0.291753  0.839164  0.265947  0.469338
point 54 664 580.465 207.338 -0.417599 -0.904091  0.337068  0.859503 -0.239619 -0.373096 -0.362978  0.389873 -0.149588  0.392482
point 55 681 479.714 185.829 -0.240237  0.621366  0.179043  0.486698 -0.747461  0.160511 -0.802785  0.465186 -0.128182 -0.860542
point 56 697 468.454 195.592  0.214142 -0.718883 -0.495989   0.96747  0.532236 -0.721931 -0.291465 -0.118964 -0.180586 -0.796967
point 57 709 517.127 206.085  0.888871 -0.874638  -1.01812  -0.94186  0.510543  0.844294  0.745691  0.496072  0.160602 -0.435823
point 58 737 270.224  202.79 -0.369543 0.0874564 0.0783896  0.608035 -0.816992  0.122733 -0.892489 0.0985773  0.507298 -0.146761
point 59 739 156.461 216.935    0.948781     0.15057   -0.419345 -0.00200263    0.722008    0.209235   -0.894915   -0.215862    -0.23487   -0.610203
point 60 749 161.086 191.057  -0.669565   0.210534   0.650686  -0.724846   0.501194 -0.0240162   0.690802   0.125591  -0.261081  -0.180576
point 61 763  565.41 183.977  0.123826  0.154064 -0.785834 -0.285445 -0.580879  0.897363 -0.081715  0.549027  0.337385 0.0932037
point 62 768  370.42 195.442 0.0685789 -0.199847  0.242377   0.34319 -0.698037  0.299646 -0.194273   0.38984  0.716161  0.694505
point 63 771 457.442 216.464  0.167617 -0.415417  0.745926  0.963819 -0.610961  0.841351  0.693367 -0.203518 -0.413985 -0.655192
point 64 778 249.911 209.467 -0.153586 -0.595003 -0.815789  0.765056   -0.5575  -0.83423 -0.378653  0.271889 -0.380186  -0.67613
point 65 809 192.979 81.7016 -0.243202 -0.916965 -0.994468 -0.289372 -0.528832 -0.155427  0.813041  0.763436 -0.194354 -0.203403
point 66 821 616.243 202.585  0.360852  0.263454 -0.674652 -0.956806  0.932419 -0.134743  0.490274  -0.84047 -0.390954  0.391015
point 67 882  580.31 178.713 -0.453153  0.912737 -0.652868  0.616259  0.510766 -0.235279 -0.902237 -0.804199  -0.56383  0.640317
point 68 885 495.486 150.727   0.839446  -0.700509  -0.150761 -0.0453878   0.548855   0.680625    0.68969   0.855205   0.668655 -0.0474258
point 69 889 220.516 230.118  -0.825154   0.182909   0.807726  -0.287478  -0.986236   0.461305 -0.0523397  -0.702935   0.706053  0.0893919
point 70 892 377.588 110.546  0.267262  -0.87275 -0.746715  0.672705 -0.715689  0.644307 -0.686422   0.14836  0.855649 0.0113172
point 71 898 349.564 222.582  0.772878 -0.577689  0.223302 0.0103496 0.0458359 -0.297531  0.580626 -0.517127 -0.137471  0.496452
point 72 903 531.736 202.384   0.836198   0.566602   0.938588   0.749308  -0.039898  -0.711962   0.167745  0.0806084  -0.909841 -0.0285508
point 73 918 560.911 229.524 -0.804557  0.162125  0.616327   0.22716  -0.35682 -0.782737 -0.628675  0.927346 -0.134955  -0.26406
point 74 931 633.479  179.23    0.76152   0.810237   0.393011 -0.0854194   0.314513   0.562982   0.578092  -0.945766   -0.26913  -0.161651
point 75 939 460.281 83.3571 -0.467344 -0.782778  0.568346  0.856601  0.177064 -0.900972 -0.712746  0.654342  0.123256  0.740932
point 76 961 604.832 166.445 -0.362617 -0.509209  0.974523  0.519578  0.513569  0.575099 0.0593702 -0.102608 -0.820545 -0.153572

