seq: 233
gt_pose:   3.92695   4.36238 -0.197414
odom_pose:   4.39109   3.47927 -0.362545
point 0 0 587.611 187.628   0.577939    0.80728  -0.569707  -0.336195   0.543392  -0.475824  0.0851585 -0.0830098   0.271634  -0.234611
point 1 3  627.94 143.906  -0.207443   0.806764  -0.401411  -0.313187    0.63663   0.839606  -0.836376   0.849771 0.00844676  -0.851946
point 2 20  310.59 214.574 -0.512076 0.0534157 -0.838394 -0.441732  0.735106  0.335135  -0.78761 -0.810794 -0.314899   0.15924
point 3 22 104.883 194.128  0.384252 -0.764756  0.411416 -0.261044  0.584865  0.882879  0.822464   0.68737 -0.583931  0.541124
point 4 49 422.185 76.4602  -0.639971  -0.463149   0.791925  -0.236628   0.781832   0.493972 -0.0655197  -0.496944   0.893094  -0.766023
point 5 50 381.698 194.943  0.832103 -0.608661 -0.407574 -0.646327 -0.583565  0.210447 -0.615295 -0.761271 -0.570045  0.937976
point 6 71 171.886 58.6147  0.222063  0.246117  0.514612  0.579958 -0.399177 -0.873091  0.737887 -0.682393 -0.655088 -0.243586
point 7 75 390.337 180.461   -0.6732 -0.924246  0.957348  0.503605 -0.806461  0.693415   -0.5833  0.988872 0.0501957  0.287817
point 8 79  324.12 171.902 -0.187598 -0.708333 -0.121684 -0.775556  0.181144  0.921076 -0.755673   0.70074 -0.660273  0.555919
point 9 82 361.141 91.2831    0.88179 -0.0373451  -0.219317  -0.289757   0.855129   0.827611  -0.776339   0.823083   0.767281  -0.662344
point 10 83 53.6938 152.815   0.649984   0.978835 0.00800508  -0.994499  -0.577969  -0.417603   0.271968  -0.478507   0.455855  -0.882109
point 11 87 453.006 232.463  0.713373  0.867327 -0.220771   0.88715 -0.635762  -0.58839 -0.495048 -0.287845  0.883574  0.237454
point 12 96 222.381 202.884  0.446231 -0.432553  0.335309 -0.737513 -0.820497  0.556419  0.716996 -0.388192 -0.278064  0.698828
point 13 99 591.621 164.565 -0.536518 -0.593241 -0.788285 -0.786815  0.132908 -0.927317  -0.86589 -0.685576  0.537635  0.956537
point 14 120 550.636 76.0312 -0.951765  0.209304  0.663544 -0.565742  0.604723  0.618904 -0.697845  0.317128 -0.922755  0.277839
point 15 133 139.522 183.498  -0.515081  -0.685511  -0.849668   0.335557   -0.87223  -0.739157  -0.567493  -0.478659 -0.0281654   0.362775
point 16 140 361.893 53.0144 -0.491533 -0.144653  0.605314 0.0998079  0.839697 -0.771916  0.377737 -0.570618 -0.392195  0.837376
point 17 162  441.36 186.657 -0.629771  0.309694 0.0753263 -0.756431 0.0856456  -1.00198   0.58355 -0.752026 -0.683557  0.183927
point 18 170 446.934  228.02  0.134521 -0.372473  0.221491  0.159861  0.771596 -0.224162 -0.876921  0.769934  0.438133  0.696676
point 19 177 525.622 199.624  -0.727962 -0.0974364  -0.511769   0.434742   0.118407  0.0764392  0.0319716  -0.557198   0.575258  -0.332393
point 20 185 517.052   154.2  0.123315 -0.623852 -0.570127   0.37346 -0.266226  0.851081 -0.694327  0.923559 -0.199466 -0.170604
point 21 207 606.175 236.862 -0.957632 -0.766948  0.997312   1.00588 -0.231414 -0.791349 -0.308745  0.525688 -0.577535 -0.760603
point 22 217 602.449 154.152 -0.355725  0.263272 -0.975898  0.183522    0.2301 -0.944997  0.634637  0.116846 0.0926454  -0.78727
point 23 222 246.549 233.696  -0.629373   0.981078   -0.93624  -0.417408   0.514442  -0.683279 -0.0382058   0.559775   0.402506  -0.441407
point 24 232  188.42 236.916  -0.151943   -0.39331   0.362357   -0.30456  -0.852184 -0.0985598   0.821944   0.690486   -0.95756 -0.0814722
point 25 237 611.775 200.527 -0.0226042  -0.986256   0.625102  -0.999156   0.188638   0.897492  -0.975196   0.187393   0.345063   0.117378
point 26 241 110.283 184.328  0.281001  0.157429  0.655405 0.0165821   0.63593 -0.803853  0.195654   0.85884  0.366184 -0.240341
point 27 243 75.8813 164.976   0.943114   0.596376   0.834116    0.79427   0.884704  0.0891029 -0.0314382    0.53772  -0.835394  -0.327668
point 28 244 347.781 176.775 0.0799934 -0.922832  0.474729  0.576434 -0.859107  0.713023 -0.329552  0.328998  0.107218  0.242782
point 29 276 446.017 239.383   0.569249  -0.658829   0.101815 -0.0434688   0.279494 -0.0933181    0.29651  -0.633383  -0.447345   0.700512
point 30 297 208.902 182.987    0.58203 -0.0605079   0.854589  -0.295981   0.110805   0.472147   0.785362    0.84137 -0.0916356  -0.143385
point 31 340  424.55 121.466   0.440881  -0.355203  -0.688887 -0.0770354     0.8337 -0.0878168  -0.718301  -0.427782   0.555355  -0.395355
point 32 341 394.391 218.051  -0.760585   0.126592   0.352368  -0.300239   0.276732  -0.362839  -0.774609  -0.627678   0.792181 -0.0116197
point 33 343 401.012 100.677 -0.0597153  -0.996056  -0.382323   -0.79083    -0.2153 -0.0776131   0.246118  -0.933029   0.555936  -0.473468
point 34 348 493.663  210.64  0.854358  0.127931 -0.707912  0.276265  0.360248 -0.261603   0.21327  -0.64949 -0.069627 -0.984326
point 35 349 1.80488 129.163  0.592062 -0.250458  0.638903 -0.944826 -0.795476 0.0819474  0.512731   -0.5079 -0.341811 -0.575784
point 36 357 200.971 231.149  0.406372 -0.211176  0.441494  0.400013  0.569227 -0.105476  0.351056  0.761869  0.463389 -0.282031
point 37 366 83.4542 154.134   0.47023  0.737477  0.251141 -0.704849  0.025987 -0.678721 -0.942646 -0.315576 -0.314144  0.922204
point 38 372 527.321 224.786  -0.177675   0.895534 0.00899292    -0.4845   0.968577     0.5941  -0.635623   -1.01073  -0.379662   0.209229
point 39 379 27.6438 82.5535  0.219244 -0.536444  0.176246 0.0311884  0.628358 -0.287261 0.0866423 -0.224834  0.166285  0.267854
point 40 383 233.187 191.743   -0.67033  -0.337462  -0.965431  -0.665857  -0.762342 -0.0836782   0.486121   0.567704   0.407632  -0.164645
point 41 390 345.754 229.109  0.280133 0.0509834  0.241528 -0.525944   0.36958  0.909148  0.264627  0.158467 -0.600457  0.469598
point 42 391  161.54 229.241  -0.829937  0.0454536   0.186024 -0.0788753  -0.273059  -0.439857  -0.306022   0.349317   0.128025  -0.927014
point 43 401 384.708 209.965 -0.00697751    0.544929    0.260263   -0.513178   -0.613709    0.196409    0.620622    0.816023   -0.911996   -0.597666
point 44 403 637.322 216.167  0.160543  0.675361 -0.540298 -0.545366 -0.603786  0.446008  0.994721  0.693623  -0.99205  -0.55359
point 45 407 392.362 223.234  -0.706019   0.930621  -0.921907   0.614672  -0.849189 -0.0637006   0.688463  -0.947381  -0.401984  -0.492816
point 46 418 456.937 228.904  -0.940929 -0.0124037   0.324317  -0.632239   0.922182   0.802768   0.936817  -0.710137  -0.650116   0.632564
point 47 426 197.728 183.665  0.930194   0.13396  0.843398  0.313432  0.794389 -0.218563  0.484964  0.367262 -0.886574 0.0136177
point 48 436 200.182 233.382  0.339704  0.903005  0.182548  0.709616 -0.816175  0.377784 -0.521058  -0.48707  0.928642 -0.344827
point 49 442 572.101  234.61 -0.197357  0.564287 -0.663987 -0.408432  0.588869 -0.566401   -0.3536 -0.297812 -0.650268  0.131625
point 50 445 191.81 143.79 -0.910727 -0.238232 -0.665493 -0.812406 -0.336693  0.829442 -0.319885  0.169685 -0.473429  0.601463
point 51 447 242.834 160.178   -0.414117 -0.00575658   -0.929245   -0.798514    0.288113     -0.8518  -0.0375298    0.501353   -0.666621    0.615048
point 52 456 472.439 158.452  0.180641   -0.6148  0.547966 -0.543273 -0.359431  0.619081 -0.521123 -0.700849 -0.842593 -0.944817
point 53 512 454.574 144.521 -0.597197 0.0701656  0.704555 -0.322351  0.564878 -0.913676 -0.234669  0.238491 0.0385264 -0.470428
point 54 515 72.7976 185.005  -0.0360431   -0.569221   -0.158857   -0.462389    0.621095    0.428519 -0.00286229    0.203475    -0.65844    0.380333
point 55 518 626.907 175.757 -0.902705 -0.956054  0.295123  0.867154  0.409135 -0.601004  -0.69676  0.579462 -0.378042  0.163275
point 56 521 126.372 80.3117 -0.819492 -0.330128   0.62812  0.177885 -0.256742 0.0469641 -0.434688  -0.62282 -0.816614 -0.685007
point 57 526 265.825 175.681 -0.276938  0.930775 -0.281819 -0.818944 -0.237469  0.436861  0.944727 -0.950145 -0.587712  0.915192
point 58 549  78.031 230.736  0.784136 -0.449678  0.878024  0.912609 -0.128812  0.240856 0.0529914  0.477506  0.376937  0.726752
point 59 564 411.586  200.44 -0.644359 -0.113617  0.270011 -0.432083 -0.126475  0.451981  -0.44575 -0.957497 -0.720934  0.962625
point 60 579 116.055  160.18  -0.79078 -0.135942 -0.804703 0.0470394   1.02135   0.47484 0.0402727  0.522705  0.198209  0.279237
point 61 582 499.333 189.627 -0.0454049  -0.854176  -0.504113    0.99684    0.16754  0.0869038  -0.425777   0.178946  0.0573897   0.698007
point 62 586 122.447 159.193 0.00950239  -0.982227   0.786821   0.185785  -0.351144   -0.13882  -0.749788     0.1155 -0.0341266   0.704411
point 63 605 384.999 212.076  0.884697  0.515223 -0.404253  0.355834  0.197259 -0.436463 -0.050657 -0.143231   0.87414  0.167989
point 64 619 483.248 185.898 0.0527132  0.957935  0.319974 -0.955826 -0.942939 -0.588492 -0.739271  0.296193  0.572162 -0.293424
point 65 630 329.907 208.082 -0.0488972 -0.0562463  -0.300707  -0.354736   0.632868 -0.0787763   0.534304  -0.180785    0.63033  -0.681376
point 66 632 484.939 237.426 -0.078609  0.248926 -0.295864 -0.678242 -0.544081   0.63411  0.213472 0.0830929  -0.69021 -0.081089
point 67 668  379.14 126.777 -0.576952  0.782237 -0.798916 -0.437645 -0.479483  -0.13997  0.204717 -0.490258 -0.915974 -0.533389
point 68 712 64.8298 235.816 -0.0683107  -0.705641   0.516544   0.747293   -0.55595  -0.597366  -0.749023  -0.176267   0.794679  -0.196594
point 69 730 252.282 202.134  0.754005  0.351746  0.801175  0.867514   0.58642 -0.196698 -0.374447 -0.539565 -0.153592  0.994094
point 70 737 452.996 208.944 -0.352433  0.126552 0.0569056  0.613585 -0.728087  0.109996 -0.840949  0.136069  0.463772 -0.130185
point 71 749 387.714 211.291  -0.623922    0.21855   0.635567    -0.7181   0.546583 -0.0136817   0.716026   0.178179  -0.225373  -0.143062
point 72 754 511.731 195.329 -0.010315  0.428871 -0.272927   -1.0206  0.185519 -0.462397  0.863482  0.679862  0.342408 -0.375352
point 73 759 76.0839 140.902  0.121058  0.572368 -0.870185 -0.828182 0.0216456   0.47031  0.862223  0.331698  0.443053  -0.36189
point 74 765 317.557  187.44 -0.957643 -0.210452  0.568803 -0.603001 -0.399268 -0.333672  0.531785 -0.160516  0.385377  0.922692
point 75 768 600.579 187.486 0.0770299 -0.228143  0.222522  0.372449 -0.762374  0.291705 -0.228392  0.479403  0.703121  0.622509
point 76 778 462.498 219.171  -0.17716 -0.671286 -0.786935   0.74338 -0.493753 -0.856926 -0.409526  0.262931 -0.402893 -0.678708
point 77 785 33.8638 144.741 -0.0947829   -0.11708  -0.465275   0.582614  -0.877559   -0.53809  -0.920205   0.681458  -0.682979   0.929052
point 78 792 157.267 196.336 0.0310823  0.152123  0.426198  0.499592 -0.991956  0.692795  0.630846 -0.017018  -0.54684 0.0986666
point 79 803 270.707 158.271 -0.727236  0.955488  0.783138 -0.573718 -0.535928  0.240893 0.0575119  0.750885 -0.243611  0.708961
point 80 809 438.637 153.035 -0.210744 -0.944094 -0.990899 -0.240695  -0.58467 -0.185943  0.814186  0.745446 -0.261602 -0.211297
point 81 813 213.467 233.904    0.60061    0.90623  -0.329851  -0.852957   0.300845  -0.732515   0.788446  -0.758163 -0.0203513   0.140179
point 82 817 383.957 171.476  -0.228873   0.500849   0.832736   0.620917   0.640805 -0.0822185  -0.626429   0.624892    0.62027  -0.934333
point 83 823 334.128 151.618  0.0570279  -0.753483   0.066599   0.755796    0.55002  -0.531199  0.0246448    0.94167  -0.457569 -0.0193859
point 84 839 532.982 218.883 -0.0309957  -0.197948  -0.787994  -0.852476  -0.175812   0.104202  -0.102521   0.245068   0.692736   0.151454
point 85 846 517.941 209.628   0.473351   0.247124   0.365594  -0.891567  -0.890962 -0.0257611  -0.684782  -0.286637  -0.368269   0.198563
point 86 865  204.79 197.884   0.893657  -0.389485  -0.917155  -0.340813  -0.269261  -0.232098  -0.970056   0.560425  -0.748802 -0.0544285
point 87 866 389.269 109.746 -0.513988 -0.073135  0.724696 -0.596076  0.654417 -0.200273  -0.15169  0.425509 -0.482388  0.918941
point 88 892 620.539 102.453  0.334878 -0.874821 -0.709077  0.747226 -0.677663  0.675864 -0.668425  0.173427  0.876154 -0.069297
point 89 898 590.432 227.214  0.851562 -0.616922  0.242529 0.0457315 0.0846327 -0.343082  0.544201 -0.533927 -0.146021  0.424613
point 90 911 354.201 129.393  -0.958167  -0.342083  -0.820978   0.744585    -0.9187  -0.086372   -0.95398 -0.0988864   0.471764   0.127201
point 91 920 472.554 146.385 -0.901695  0.651868 -0.338181 -0.390786  -0.38624 -0.180325  0.818368 -0.844441  0.959735 -0.566849
point 92 926 432.172 213.365  -0.734396  -0.743684   0.926499  -0.838231 0.00798487   -0.56263  -0.445307  -0.761016  0.0676453   0.534801
point 93 932  36.298 166.887  -0.115133  0.0288277   0.754936  -0.036061  -0.171122   0.728358 -0.0914494  -0.985615  -0.227098   0.518923
point 94 951 336.269 196.171   0.206319  -0.862635  -0.129291   0.375305   0.202512 -0.0148498   -0.96235   0.509645  -0.138908  -0.619851
point 95 975 139.719 216.577   -0.842769    0.464104    0.771166 -0.00243563    0.701791   -0.125798   -0.893441     0.27907  0.00402667   -0.284767
point 96 982 69.0682   212.6   0.539929  -0.437389   0.946619 -0.0894064   0.314555   0.478205   0.677916  -0.120449   0.959659   0.169099
point 97 992 108.834 170.666   0.37567 -0.718614 -0.208048  0.371578  0.954677 -0.548958 0.0877635  0.798928 -0.839391  0.945405
point 98 994 602.613 167.437  -0.351635 -0.0458361   -1.00373  -0.552712  -0.322018   0.457247  -0.194384   0.471261   -0.22707  -0.282215
point 99 995 77.323 195.26 -0.991753  0.824737  0.588156  0.723691  0.990578 -0.647856  0.716684 -0.541022 -0.945066 -0.333999

