seq: 129
gt_pose: -6.89508 -1.14521  2.00011
odom_pose: -5.89508 -2.44044  2.17629
point 0 4 448.906 159.776  -0.338696  -0.881059  -0.952556 -0.0539754  -0.913815  -0.517643   0.942482   0.833355   0.700773  -0.428729
point 1 27 563.528 172.948 -0.0463544  -0.673852   0.762939   0.217805  0.0694251  -0.561637   0.099222  -0.167107   0.624022  -0.199924
point 2 86 434.157 160.715   0.839778   0.326213   0.752827  -0.461555  0.0487254  -0.722916   0.702075  -0.531407   -0.76768 -0.0626238
point 3 100 487.704 187.685  0.167499  0.621565 -0.204286  0.194975 -0.102719  0.763446 -0.422828 -0.977111 -0.723346  0.495585
point 4 101 632.282 171.007  0.675284 -0.221808  0.347703 -0.722598  -0.23344   0.92465 -0.360027 0.0561457 -0.942608  0.824113
point 5 105 544.846 162.515   0.476013  -0.979343   0.528149  0.0389937   -0.26089 -0.0361718  -0.849606  -0.685158   0.830218 -0.0431596
point 6 125  412.18 211.038 -0.114835  0.931617 -0.631681  0.678208  0.913746  0.477943  0.893442 -0.320539 -0.163503  0.757715
point 7 144 280.118  130.75  -0.501922  -0.239419  -0.807267   -0.78981  -0.690235   0.536165 0.00956349   0.355968  -0.704841  -0.783195
point 8 150 454.382  188.19 -0.881187 -0.475069  0.663652  0.281967 -0.657602 -0.443275 -0.929543  0.174308 -0.904335 0.0214307
point 9 172 416.793 174.744 -0.386207  0.984866  0.356384   1.01176 0.0219204  -0.45363 -0.326565 -0.813383  0.642772 -0.529434
point 10 208 564.501 205.972  -0.901115  -0.296665  -0.843576 -0.0958226  -0.253262   0.801036    0.89439  -0.587333   0.768763  -0.831526
point 11 210 402.352 170.967 -0.302447  0.635977 -0.454552 -0.690024 -0.790071 -0.384066 0.0405518 -0.713257  0.536467  0.786629
point 12 219  326.23 236.846  0.153585 0.0929896 -0.260461  0.915956  0.141541  0.358084  0.190315  0.148585 -0.488842  -0.56983
point 13 235 265.432 212.421 -0.791026 -0.924545   1.00536  0.483968  0.118587 -0.183806   1.04045 -0.716342   -0.9075  0.350175
point 14 249  262.93 143.252   0.691016  -0.633739  -0.368768    1.00267  -0.187496  -0.614611   0.569195  -0.783683 -0.0095461  -0.446654
point 15 254 385.658 222.144  0.194934 -0.216259 -0.196871  0.603199 -0.661651  0.346254 -0.441078 -0.963801  -0.75087 -0.449958
point 16 260 410.947 206.784    0.296661    0.596196   -0.272185    0.422692    -0.42033     0.64201 -0.00393392  -0.0951503   -0.149897    0.209773
point 17 281 503.107 224.702  -0.86374   0.34573 -0.162002 0.0694443  0.614626  0.301821  0.710421 -0.158712 -0.478148 -0.474997
point 18 285 634.396 154.649  -0.53773  -0.19637 -0.495202    1.0316   1.00359  0.838086  0.347564  0.617952 -0.421265  0.430184
point 19 295 288.903 155.289  0.681548 0.0648464 -0.278151  0.338462 0.0841806 -0.264676 0.0893025  0.601278 -0.100733  0.231206
point 20 322 631.239 165.039 -0.295646 -0.122098  0.477161 -0.779271  0.937219 -0.641798  0.902651  0.890503  0.323361  0.515607
point 21 328 424.907 182.005 -0.266254  0.442819  0.295402  0.285675  0.715533 -0.261542  0.769133  0.294275  0.926341  0.749025
point 22 338 433.525 226.138 -0.479416  0.454499 -0.219533 -0.375122 -0.708301  0.277706   0.66824  -0.83966  -0.46685   0.88748
point 23 362  447.25 138.624 -0.124485 -0.990301 -0.770636 -0.397891 -0.472869  0.684713  0.190014  0.437219  0.953221   0.83074
point 24 363 79.1497 147.356   -0.4451  0.154835  0.185538 -0.405938 -0.212963 0.0782224 -0.719494   0.44921  0.540006  0.916428
point 25 388 294.149  141.79 -0.398543 -0.153545  0.787009 -0.469376 -0.877643 -0.240838   0.27996  0.393891 -0.811166  0.259431
point 26 399 510.187 230.346   0.870729   0.112698   0.366484 -0.0603337  -0.204226   0.112807   0.504593  -0.635781  -0.613479   0.108439
point 27 424 366.834 216.392 -0.0653892  -0.874974   0.477139   0.413197   0.531026  -0.490744 -0.0931767   0.148378   0.818168  -0.109355
point 28 441 574.013 140.868   0.82569  0.235892  0.632007   0.72058  0.792487 -0.117588 -0.686918 -0.963671 -0.859223  0.711579
point 29 453 580.657  236.46 -0.354976  0.360184 -0.118878 0.0195389  0.331925 -0.538461 -0.880509 -0.215521  0.553757  0.251276
point 30 467 296.929 178.254  -0.434151  -0.760065  -0.110395  -0.353851   0.883954   0.250623   0.514055 -0.0824289  -0.639436   -0.68104
point 31 486 524.645 197.104 -0.888599  0.509247  0.975816 -0.422155  0.985913  0.789862  -0.80401   1.02876 -0.887622 -0.389636
point 32 490 243.519 239.981  0.450059  0.922643  0.285502 -0.496852  0.967103  0.282835 -0.946422 -0.602303 -0.566355 -0.717797
point 33 496 499.132 231.033  -0.92043 -0.690165  0.582762  0.286332  0.879981 0.0145171  -0.88064 -0.434036 0.0125575  0.214906
point 34 504 417.832 217.419  0.374814  0.881285 -0.636946  0.393528  0.173609  0.702649 -0.325895 -0.833683  0.142014 -0.500063
point 35 524 548.913 221.041  -0.217437   0.757882   0.302812 0.00594626   0.940289  -0.549255  -0.241766    0.11967   0.236077  -0.729111
point 36 561 618.054 226.341 -0.937667 -0.291794  0.810516 -0.122476 -0.928845 -0.750933 -0.136255 -0.917609 -0.370305  0.672753
point 37 563 542.805 155.576 -0.0689146  -0.404124   0.369079  -0.372509   0.739084   0.474485   0.305159   0.477334  -0.744337   0.361077
point 38 572 91.7593 202.249  -1.04604  0.615683  0.321375 -0.613648 -0.238858 -0.435664  0.707751 0.0155866 -0.408555  0.667057
point 39 580  159.42 234.558  -0.379825  -0.411538  -0.917683   0.916961   0.172069  0.0256385  -0.276874   0.942189  -0.776278 -0.0554626
point 40 587 569.891 107.083  0.772668  -0.45226 -0.310207  0.738024  0.235942 -0.194221  0.346846 -0.926091 -0.484606 -0.383088
point 41 589 302.628 118.143  0.136035 -0.160639 -0.321018 -0.680618 -0.443165 -0.500049 -0.142945  0.226943  -0.86109 -0.874497
point 42 601 277.156 208.604  0.698273 -0.103524  0.605753 0.0342508  0.507218 -0.777283 -0.669742  0.181271  0.360373  0.390935
point 43 613 594.809 117.252  0.727219  0.929337   1.03546 -0.683506 -0.722306  0.201849 -0.180307 -0.386951  0.122947  0.872016
point 44 614 570.959 197.278  0.450748  0.657255 -0.627872 -0.756712  0.966652 -0.327805  0.725184  0.188919  0.954677  0.152069
point 45 616 584.417 228.068    0.858564    0.561761    0.496165    0.379117    -1.02339  -0.0230235 -0.00202725   -0.582835    0.258569   0.0284161
point 46 625 357.384  188.33 0.00222082   0.678075  -0.129774    0.98222   0.475127  -0.583215  -0.586907  0.0779335  -0.102437   0.152162
point 47 643 308.207 211.327 -0.00627553   -0.931895    0.383083   -0.307075    0.373435  0.00505372   -0.753679   -0.952558    0.168321   -0.337222
point 48 645 446.575 229.851 -0.913727  0.853626 0.0695008  0.357285  0.197627  0.927334   0.32959 -0.473082 -0.297204 -0.304471
point 49 647 229.635 170.599  0.880459 -0.430552  0.909969  0.149192  0.466213 -0.928072 0.0726674 -0.549643   0.36335 -0.826971
point 50 649 406.045 229.772   0.606792   -0.11399 -0.0915568  -0.252592  -0.569451  -0.162317   0.272935  -0.601028   -0.94928  -0.293797
point 51 654  421.96 237.227  0.095287  0.684298  0.157448 0.0875884 -0.352076  0.380059   0.78771 -0.903466 -0.319536  0.661458
point 52 656 306.667 171.317   0.111599 -0.0588585  -0.592716  -0.756805   0.933334   0.551536   0.932074   0.108076  -0.447268  -0.431284
point 53 662 602.889 195.289  0.389665 -0.261161 -0.388348 -0.829925 -0.236879  0.837797  0.582687  0.998584 -0.689983  0.746684
point 54 670 354.692 181.325  0.728398 -0.326966 -0.992696 0.0544386 -0.158727 -0.527763 -0.111077   0.11549 0.0173347  0.432689
point 55 680 268.958 191.468 -0.0504916  0.0393622  -0.969238  -0.368188  -0.181598   -0.80072  -0.284791   0.420657  -0.149852   0.748102
point 56 683 503.635 145.422  0.344078  0.149274  0.527121 -0.835988  0.715613  -0.67646  0.779922 -0.102558    0.7185  -0.99253
point 57 687 538.524 193.013 -0.328047  0.256436 0.0337425 -0.188811  0.693629  0.462437  0.567352   -0.4704  0.203544 -0.497041
point 58 694  344.68 215.139   -0.73953  -0.746083 -0.0349085  -0.375554    1.03373   -0.42502  -0.243919    0.84098   0.735737   0.490562
point 59 705 542.312 239.053 -0.0393567  -0.690216  -0.118098    0.56922  -0.920023  -0.264581   0.897544  -0.610542  -0.440025  -0.371529
point 60 716   69.94 180.648  0.983905 0.0268574 -0.511449  0.872173 0.0242433  -0.81984  0.296291 -0.259297   0.70334  0.712584
point 61 729 487.701 238.831 -0.446665  0.646533  0.482623  0.632082 -0.543509 -0.451752  0.745704 -0.929483 -0.145737 -0.531779
point 62 732 402.033 152.702   0.229463    0.73373  -0.929605  -0.290857   0.152276   0.831335  -0.900338 -0.0463307     0.6066    0.64477
point 63 757 203.583 177.035  0.302876  0.787387 -0.744704  0.981229 -0.202891  0.366167  0.171664   0.70901  0.207371 -0.416434
point 64 796 216.624 157.276    0.65704  -0.844618  -0.605926  -0.463377  -0.190302 -0.0390703   0.967893   0.477788   0.413936  0.0197826
point 65 896 425.486 198.611   0.412984  -0.465805   0.425022  -0.773866   0.920876  -0.867731  -0.386439  -0.126433   0.883174 -0.0136539
point 66 899 567.091 182.671 -0.434948 -0.514828  0.568593  -0.73506 -0.922326 -0.219906 -0.919808 -0.869467 -0.591486  0.315853
point 67 900 385.636 141.307  -0.654447  -0.465137    0.64726   0.480725   0.446238   0.419779   0.871171  -0.315499   -0.59111 -0.0607264
point 68 902 235.125 126.618 -0.392113 -0.732426 -0.234278  0.844108 -0.682577    0.2086 -0.604069  0.964869 -0.274209  0.795093
point 69 946 563.245 145.276    0.1867  0.911609 -0.396161 -0.771203  0.486909 -0.852559 -0.249602 -0.788745 -0.431459 -0.588739
point 70 950 125.377 156.368 -0.837808 -0.286286 -0.440114   0.82115 -0.681965 -0.303898 0.0516487 -0.665937 -0.915499  0.909172
point 71 960 470.927 200.381 0.0515804 -0.708329  -0.73557  0.991949 -0.684169 -0.165557 -0.925858 -0.502139  0.596365  0.114575
point 72 986 300.957 219.108 -0.331755 -0.301026 -0.973153   -0.5111 -0.173329 -0.392556  -0.33769 -0.127194 0.0771414 -0.891959

