seq: 285
gt_pose:   6.3123  -3.7814 -2.14635
odom_pose:  4.37885 -4.88285 -2.37154
point 0 16 87.7066 203.188 -0.495215  0.268495 -0.492221  0.432238 -0.317111 -0.380234 -0.514443 -0.839127  0.219007 -0.552339
point 1 23 585.606 140.938   0.869185    0.71328  0.0447635   0.172322  -0.628301  -0.481683   0.717025  0.0113975 -0.0420552   0.684192
point 2 24 576.388 176.346     0.4097   0.419762  -0.720287    0.22808 -0.0354182    0.70291    0.49255  -0.617422  -0.523558 -0.0517938
point 3 26 498.694 154.142 -0.808881 -0.793095  0.305106  -0.22727 -0.451255 -0.327383 -0.859957 -0.100437  0.841386  0.127749
point 4 35 411.601 168.125  0.099888  0.811477  0.347904  0.613302  0.437914 -0.403983  0.306003  -1.00791  0.114636  0.682665
point 5 48 490.004 146.155  -0.295925  -0.941794   0.856892   0.170842   0.553294    0.81364   0.911177  -0.647903 -0.0886287 0.00258416
point 6 56 362.484  162.02  0.274293 0.0877876 -0.998348   0.83085 -0.297937 -0.598015 0.0729166 -0.183313 -0.400199  0.309863
point 7 62 203.743 189.066 -0.420247 -0.622679  0.847778  0.472981 -0.832186  0.926786  0.663919 -0.278245   0.37958 -0.114882
point 8 69 317.807 197.205  -0.390499  -0.827802   0.739014  -0.752505 -0.0614117  -0.435288  -0.568278  -0.450862   0.295325   0.891684
point 9 91 10.6911 161.207    0.429742 -0.00913783   -0.855893   -0.103957    0.837462    0.777541    0.289913   -0.434525   -0.589711    -0.39881
point 10 116 630.466  224.46  0.926314  0.543639  0.406904 -0.492719  0.543378  -0.15636  -0.37478  0.551455  0.392284  0.827278
point 11 118 397.703  174.23   0.892245   0.854223   0.677097  -0.468486 -0.0575227   0.499754  -0.906908  -0.594245   -0.92434    0.70912
point 12 137 272.401 206.505  0.0554734  -0.679545  -0.793175  -0.161935   0.810228   0.697607  -0.740292   0.231799 -0.0145818    0.51813
point 13 138 566.825 227.237  -0.437271  -0.747261  -0.421587  -0.571351  -0.508231   0.168179   0.575155  -0.797355   0.204186 -0.0612303
point 14 141 244.391 156.159 -0.330873  0.106881 -0.298428  0.010636 -0.200419  0.415274 -0.917749 -0.962202   -0.6375  0.647691
point 15 152 339.871 65.1182 0.0292792  0.463539 -0.620533 -0.559765  0.886081 -0.473611 -0.110378  0.604649   0.74788  0.324179
point 16 164 60.7326 237.713 -0.110575  0.721972 -0.248176  0.877349 -0.894429  0.189014   0.21111  0.110742  0.493398 -0.679051
point 17 182 350.667 232.277 -0.906156 -0.976351 -0.779697  0.855492 -0.697399 0.0847113 -0.665482  -0.39551  0.335867  0.457316
point 18 204 199.613 218.655 -0.344426  0.779436 -0.440846  0.747258  0.956092 0.0121462 -0.447075  0.243753 -0.720819  0.695094
point 19 225 118.202 175.839  0.129527 -0.316407 -0.176771  0.306534 -0.320186  0.825447 -0.523191 -0.379984  0.269294 -0.399342
point 20 234 504.832  163.31 0.0735434 -0.139996  0.705083 -0.304106  0.763204 -0.410611  0.302652  0.201605  0.268208  0.413495
point 21 242 574.297 140.025 -0.765951 0.0551314  0.180085  0.455277 -0.365692    0.6598  0.834268 -0.784928  0.420435  0.649013
point 22 246  285.7 217.13    0.568067   -0.187607 -0.00225288  -0.0126233    0.248135    -0.93149   0.0687487   -0.153855    0.619484    0.155338
point 23 252 260.167 117.269  -0.411569 -0.0337005   0.640427  -0.154972   0.934149    0.84464  -0.123904  -0.192233  -0.918796  0.0229515
point 24 256 322.434 216.833  -0.680313  -0.731988 -0.0309182   0.697371   0.572706  -0.814402  -0.565031  -0.658315   0.693121  -0.164825
point 25 257 106.416 225.161   0.933868  -0.235149 -0.0942052   0.027595  -0.897927  -0.064989   0.310822   -0.76525  0.0021128  -0.783238
point 26 261 295.757 167.278   0.824829    0.43371    1.00461  -0.354705  -0.143379   0.209296  -0.678478   0.882177  -0.380286 -0.0496636
point 27 273 234.458 108.562  0.660221  -0.48592 -0.605215  0.292452 -0.869618 -0.848544  -0.24745 -0.879729  0.919845 0.0797974
point 28 287 211.755 189.332  -0.428388  -0.617453  -0.598116  -0.878856  -0.554338  -0.113303 -0.0452242 -0.0781717  -0.127617  -0.104823
point 29 299 370.389 193.712  -0.707251 -0.0333183   0.401582   0.975243  -0.319955  -0.057664   -0.14096  -0.482135    0.69347    1.00819
point 30 314  119.34 163.867 -0.0989937  -0.863248  -0.681929   0.756097    0.66766   0.149233  -0.972139   -0.28051   0.586998  -0.827301
point 31 326 505.295 185.558  0.460054 -0.468463  0.547092  0.181261 -0.927319 -0.370976 -0.404621 -0.671057  0.196498 -0.846686
point 32 336 230.187 232.456  -0.488337 -0.0421521   0.799489   0.287978  -0.747118  -0.584249   0.922416  -0.733427  -0.200578  0.0996236
point 33 374 344.192 184.769  0.599113 -0.358826  0.324154 -0.661727  0.385421 -0.957439 -0.785951   -0.5761 -0.449653 -0.807127
point 34 382 593.533 187.551 -0.676225  0.821942  0.944634 -0.887925 0.0988143  0.595604  0.507966 -0.185383  0.216149 -0.199895
point 35 414 284.902 169.198   0.644679   0.146527  -0.678984   0.465063   0.273644   0.879126   0.236278   0.543549  -0.639516 -0.0616169
point 36 429 358.506 189.701    0.4975  0.355601 -0.707155 -0.484942  0.564937 -0.978325 -0.576368 -0.151587 -0.319933  0.273809
point 37 437 166.533 224.176  0.446972  0.415809  0.862018  0.407995 -0.797858 -0.891752 -0.283871  0.164668 -0.268087  -0.72685
point 38 444 337.157  140.26  0.629783 -0.960345  0.481695 -0.645037 0.0243704 -0.733668  0.924816  0.296929 -0.153499  0.544869
point 39 446 402.916 71.0801   0.572801  -0.725578    0.60738   0.879613   -1.01199   0.145509   0.974334    0.51465   0.486889 -0.0290858
point 40 452 385.929 142.305  -0.960958   0.212889  -0.170088   0.674523   0.603901  -0.764143 -0.0536303   0.219825  -0.356858  -0.157183
point 41 468 389.657 126.783  0.453756 -0.300851 -0.522361  0.554106  0.189959   0.53935 -0.398123 -0.235892 -0.856454 -0.353644
point 42 481 275.961  216.16 -0.895165 -0.880899  0.326508 -0.602638 -0.322764 0.0672446 -0.203314 -0.822512 -0.450541  0.200589
point 43 482 286.262 189.886  0.546399  0.379047  0.266532  0.213667 -0.354081 -0.519701  0.233103 -0.262846  0.312037 -0.309238
point 44 484 443.075 177.349  0.831284  0.625236  0.965781 -0.754884 -0.609997  0.451348  0.630318  0.563021 -0.284875 -0.714532
point 45 492 604.623 142.273  0.475034  0.485499 -0.704672 -0.429729 -0.504793  0.752216 -0.501777  0.827608 -0.809488   -0.5381
point 46 498 209.862 187.412 -0.507608  0.415412  0.810858   0.88972 -0.681189  0.955846  -0.89635  0.945143  0.148009  -1.00878
point 47 500 183.421 196.786  0.986373  0.123799 -0.849703 -0.690217 -0.442063 -0.332635  0.723692  -0.66256 -0.461753 -0.958889
point 48 508 610.229 144.739  0.676414  0.596728 -0.253633 -0.105955  -0.73542  0.836177 -0.808966  0.197947 -0.782603 -0.797397
point 49 509 401.568 6.18826  0.292168  -0.94887 -0.284561    0.7002  0.842603  0.810762 -0.449376 -0.370748  -0.36751  0.929434
point 50 540 280.735 165.664  0.938457  0.582325  0.749514 -0.500338 -0.307871   1.00697    0.3891  0.903583 -0.943728  0.372151
point 51 548 140.174 128.533    -0.846665    -0.417545    -0.473795    -0.512957    -0.860565     0.105402    0.0641258    -0.548936 -0.000648248    -0.774638
point 52 560 481.966  197.44   1.00184  0.497727  0.588731  0.813795   0.27414  0.444926 -0.691335  0.074299 -0.440888   0.41257
point 53 562 42.7574 107.331  -0.772578     -1.045   0.175667  -0.305304   0.453019   0.099149   -0.84317  -0.023455 -0.0542446   0.476713
point 54 565 452.551 238.604  -0.874192   0.889984   0.439123   0.225749  -0.533155  -0.586747   0.774366    0.78012 -0.0076285   0.541953
point 55 566 381.418 237.514   0.59766   0.64259 -0.237815 -0.261951    0.1423  0.165677  0.549613 -0.622528  0.669446  -0.50012
point 56 597 560.271 159.327 -0.697633  0.711567  0.903508 -0.117065 -0.301223  0.561774  0.856538  0.939479  0.475757 -0.328101
point 57 620 353.954 135.835    0.527567    -0.24506     0.88419    0.787288   -0.283108   -0.418465   -0.813836    0.425536 -0.00835419    0.484927
point 58 638  437.66 205.554 -0.274259 -0.915555  0.598923 -0.779659  0.252618  0.353787 -0.107798 -0.337821  0.438065  0.888012
point 59 639  598.79 202.684  -0.736543   0.856895  -0.379468  -0.318084   0.758524   0.695131 -0.0233656  -0.790351   0.106443  -0.696677
point 60 651 498.767 148.601  0.840048  0.603604 -0.487112  0.267525 -0.542742 -0.914266  -0.86129  0.408006 -0.216479 -0.389299
point 61 665 402.469 209.831    0.50205   -0.94673   0.926823   0.244448 -0.0556739   0.940976   0.757398  -0.214586   -0.18618  -0.456251
point 62 673 291.709 237.192  -0.421626   0.692292 -0.0121206   -0.28675   0.570186  -0.033619   0.369659  -0.551867  -0.381297    0.14735
point 63 685 72.6348 168.926  -0.598353  -0.237699 -0.0891287   0.755241 -0.0626397  -0.835282  -0.144692  -0.526379  -0.642216   -0.32395
point 64 692 75.2153 98.4712  0.622352 -0.768866  0.926079 0.0981882 -0.313401  0.252173  0.035952  0.812996 -0.384692 -0.959684
point 65 722   453.7 162.127   0.478842  -0.619318  -0.251302  -0.775249  -0.856456  -0.938471  -0.345508   0.614014   0.411293 -0.0355389
point 66 731 402.798 212.202 -0.302082   0.35771  0.380907 -0.859461 -0.633419  0.952891   0.78555  0.807619  0.518533 -0.859896
point 67 733 16.6381 52.7842 -0.366946 -0.705798  0.613262  0.121888  0.185553 -0.720038  -0.51895 -0.461662 -0.632486 -0.146427
point 68 743 321.537 207.816  0.182276 -0.583666  0.873478  0.266035  0.683971 -0.227043 -0.475507 -0.087636 -0.237931 -0.446538
point 69 745 384.282 177.411  0.955271 -0.483196  0.141808 -0.703723   0.28788 -0.745767 -0.209751  0.142237   0.60437 -0.508207
point 70 746 15.0564 194.375 -0.363051 -0.353206  0.487548   -0.4421   0.83106  0.824403  0.404382 -0.197914 -0.485321 -0.974766
point 71 751 504.939 222.921   -0.347869    0.108632    -0.41218    0.884591   -0.608683 -0.00732949    0.112637   -0.924845    0.236062    -0.38967
point 72 755 621.227 237.641   0.161291   0.192705 -0.0567429    0.82507   0.505139  -0.505613   0.254466  -0.290418  -0.404228     0.5128
point 73 762 15.5894 170.768   0.274122  -0.117266   -0.94535   0.795957   0.300121   0.839578 0.00287498   0.910099  -0.896467   0.480066
point 74 763 423.098  160.33  0.103977  0.104886 -0.802709  -0.24858 -0.623973  0.891038 -0.110917  0.467171  0.327128  0.055193
point 75 764 45.3356 87.9927 -0.968622 -0.495061  0.280508 -0.778028  0.985802 -0.476384  0.144741 -0.945676 -0.660702 -0.611214
point 76 783 608.455 222.675  0.930473 -0.425453  0.516648   0.86964  0.856905 -0.628436 -0.928113 -0.392553  0.205212  0.133254
point 77 791 320.701 157.882  0.694774 -0.641297 -0.822149 -0.553299   1.02114 -0.463852  0.425144  0.600354  0.520056 -0.428622
point 78 801 314.233 197.759  0.477514 -0.388066  0.390353  0.490742 -0.454837  0.659133 -0.515907  0.635233 -0.225466 0.0513149
point 79 855 384.064 165.655   0.034747   0.949956  0.0721934 -0.0508249  -0.908993   0.714659   -0.16699  -0.461672  -0.275595   0.867526
point 80 887 536.446 223.922   0.59671  -0.79495 -0.778302  -0.65742 -0.785892  -0.92123  -0.36233 0.0497915  0.100935 -0.747076
point 81 903  556.41 140.731   0.769106   0.555133    0.93016   0.831254  0.0309022  -0.748821   0.226138  0.0181076  -0.899046 -0.0272796
point 82 904 114.881 80.1799   -0.41849   -0.13575   -0.42877   0.603137    0.37244   0.140164   0.851376  -0.826614 -0.0574946  -0.847344
point 83 918 519.417  219.58 -0.799678  0.121172  0.555395  0.153435 -0.332786 -0.801412 -0.573365  0.838353 -0.142979 -0.266056
point 84 925 463.643 181.775   0.751059     0.6377  -0.525457  -0.681167 -0.0282051  -0.269735    0.35702  -0.350603   0.408112  -0.225568
point 85 931 466.313 170.685  0.724821  0.803209  0.406196 -0.153872   0.36547   0.52346  0.536685  -0.94186 -0.291498 -0.180315
point 86 935 408.468 189.417  -0.738242  -0.878149   0.262076   0.969347  -0.668583   0.504822   0.335733   0.853941  -0.760322 -0.0483551
point 87 949 241.318 234.369 -0.886998 -0.382206 -0.754655  0.829949 -0.660645   -0.1079  0.899878 -0.821144  0.363162 -0.621615
point 88 961  446.89 149.489  -0.359965  -0.510119   0.980582   0.594403   0.543989   0.591392  0.0237477 -0.0685552  -0.786302   -0.16491
point 89 977 472.411 186.626  -0.520488 0.00595475   0.608935  -0.695363   -0.76683   0.827303   0.710788   0.939783  -0.217464   0.469585

