seq: 253
gt_pose:   5.29025   1.80914 -0.788258
odom_pose:  4.87732 0.810025  -1.1763
point 0 0 403.471 184.147   0.618159   0.852123  -0.614728  -0.327109   0.539491  -0.455226   0.150866 -0.0338769   0.219657  -0.266784
point 1 35  541.28 213.717  0.102177  0.876387  0.326357  0.624391  0.388913 -0.412766  0.334384 -0.994605 0.0779594  0.712279
point 2 45 505.609 232.398  -0.577706 -0.0753429   0.922409  -0.105068   0.785898    0.90546  -0.630425  -0.116242   0.562768   0.561779
point 3 54 524.607 181.081 -0.602724   0.15582  -0.88541 -0.837773 -0.659406 -0.550959 -0.729116  0.197207 -0.861823  0.789564
point 4 56 546.702 202.153  0.239787  0.045968 -0.969036  0.840037  -0.28047 -0.547692 0.0355914 -0.180986 -0.401399  0.312181
point 5 59 559.823 205.294   -0.920666   -0.933988    -1.01792    -0.06122   -0.383348    0.455715     0.62547 -0.00225611   -0.108188   -0.805987
point 6 84 596.045 137.064 -0.467893  0.131495  0.311606  0.934938  0.283457  0.312753  -0.10399 -0.998982  0.998193 -0.270209
point 7 87 246.098  224.43   0.75799  0.847751 -0.204708  0.904223    -0.696 -0.628222 -0.522784 -0.283609  0.798225  0.272905
point 8 94 321.544 193.145    -0.723874     0.415539    -0.549439     0.214592    -0.965029     0.604515   -0.0443536 -0.000154019     0.581076    -0.729964
point 9 99 403.136 169.243 -0.465163  -0.59906 -0.752069 -0.844771   0.15056 -0.901299 -0.794724 -0.754593  0.549813  0.975315
point 10 112 258.521 235.843  0.0161238  -0.775824  -0.777102  -0.922152  -0.384162  -0.918785  -0.926763 -0.0602054  -0.192672   0.161992
point 11 118 619.111 191.347  0.937423  0.856861  0.651673 -0.500026  0.022452  0.514506 -0.896207 -0.636989 -0.928866  0.739018
point 12 152 526.298 165.652  0.0289441   0.429245  -0.612444  -0.573927   0.900115  -0.482933 -0.0580043   0.588061   0.741695   0.294333
point 13 162 261.191 152.253  -0.589721   0.283298 -0.0145235  -0.717178   0.163733   -1.01796   0.561768  -0.709288  -0.653406   0.205345
point 14 174 486.133 183.509  0.712641  0.114177  0.841873  0.128162 0.0467892 -0.520232 0.0858713 -0.604232 -0.482945 -0.917349
point 15 177 359.844  194.48  -0.748999  -0.106015  -0.467455   0.450255   0.124987  0.0708586 0.00168658   -0.60944   0.490949  -0.277493
point 16 182 619.549 232.823 -0.849055 -0.918992 -0.788271  0.831322 -0.751173 0.0621781 -0.688495 -0.434071  0.341812  0.468492
point 17 185 346.755 118.621  0.073434 -0.541187  -0.49176   0.33659 -0.297907  0.877615 -0.646769  0.904904 -0.191852 -0.168263
point 18 206 490.777 100.146  0.689881 0.0896954  0.603778  0.887676 -0.738702 -0.659449   0.68727 -0.247607 -0.891193  0.693853
point 19 213 211.553 160.404   0.464636   -0.15483  -0.704378 -0.0469359   -0.03215  -0.912448   -0.38554   0.702976   0.444357   0.191673
point 20 217  412.03 152.921 -0.375097  0.296059 -0.940439  0.209631  0.254705  -1.03289   0.70779  0.104695 0.0759707 -0.734695
point 21 224 432.666 196.631   0.96741 -0.604492 -0.739463  0.483353  0.348824 -0.431218  0.390831  0.454355  0.151441 -0.119919
point 22 255 172.906 201.279  -0.952908  -0.775801  -0.949596  -0.904268 -0.0329802   0.879483   0.136586  -0.348666  -0.145084   0.331339
point 23 259 620.095 166.919  0.158057  0.715458 0.0824176  0.431015 -0.434094 0.0258352 -0.760763  0.419414 -0.843131 -0.549657
point 24 270 56.2458 212.005 -0.539881   0.46828  0.116885 -0.692788 0.0129662  0.134633   0.41956 -0.242152 -0.907618 -0.809101
point 25 279 273.107 182.975  -0.451454   -0.38062   0.254042   0.173394 -0.0825576   0.769775   0.365415  -0.790437   0.869235   0.447963
point 26 289 342.755 183.245  0.926014   -0.5073  0.381901   0.93714 -0.857117  0.872587 -0.692241 -0.430981   1.01052 -0.305068
point 27 316 580.387 101.426  -0.613241  -0.723267  -0.960627  -0.512382  -0.485126 0.00209676  -0.383118  -0.183575  -0.332667  -0.730892
point 28 341  112.97 182.853 -0.761058  0.140305  0.288647 -0.312515  0.313212 -0.410596 -0.792103 -0.700781  0.788318   0.03493
point 29 348 327.867 200.261  0.818725 0.0516688 -0.779011  0.279626  0.347026 -0.280976  0.145605 -0.711841 -0.108831 -0.962083
point 30 372 361.565 223.277  -0.170014   0.889764 -0.0170857  -0.569726   0.995168   0.649491  -0.692606   -1.00669  -0.434043   0.198562
point 31 373 464.479 237.386   -0.443764     0.80873   0.0241342   -0.315188    0.385709    0.559231 -0.00221946    0.758705   -0.279777   -0.875552
point 32 374 571.532 202.407  0.603154 -0.408143  0.270686  -0.60342  0.380062 -0.878857 -0.756484 -0.613525 -0.488637 -0.786258
point 33 403 437.616 214.556  0.154096  0.708437 -0.541174 -0.536338 -0.644389  0.447429  0.991553  0.644127  -1.00313 -0.567402
point 34 407 141.465 201.484  -0.72901  0.986139 -0.862673  0.629147 -0.793852 -0.090183   0.73871 -0.935549 -0.326543 -0.440735
point 35 418  259.56 218.538  -0.901888 -0.0053494   0.326524  -0.690798   0.900446   0.792097    1.00645  -0.800992  -0.675358    0.66112
point 36 427 247.915 145.504  0.746722  0.870331  0.295173 -0.363577 -0.062845  0.860595  0.268853 -0.737991 -0.702241  0.646061
point 37 429 608.966 198.046  0.432007  0.372361 -0.702829 -0.536344  0.562444 -0.923253 -0.629221 -0.194353 -0.375563  0.359594
point 38 442 392.84 234.25 -0.232012  0.556974 -0.688381  -0.34088  0.522997 -0.612531 -0.296719  -0.29405 -0.687252  0.163264
point 39 444 547.844  183.79  0.616767 -0.886724  0.501895 -0.618286 0.0431648 -0.706137  0.979847  0.346458 -0.148739  0.556178
point 40 446 557.389 163.933    0.494629   -0.786311    0.635449    0.905767    -1.02413    0.171084    0.955561    0.449661    0.569698 -0.00348978
point 41 452 576.971 183.511  -0.940161   0.282753   -0.21445   0.726175   0.602104  -0.775043 -0.0382501   0.230606  -0.357481  -0.153113
point 42 468 579.547 174.252  0.463066  -0.31449  -0.44467  0.483616   0.20307  0.535835 -0.341082 -0.267749  -0.81044 -0.291842
point 43 509  485.08 209.387  0.273413 -0.875508 -0.363873  0.659593  0.781809   0.81395 -0.418295 -0.341322 -0.318639  0.936613
point 44 518 423.133 181.506 -0.911099 -0.933771  0.274639  0.851512  0.400102 -0.577262 -0.685521  0.592984 -0.353193  0.105156
point 45 533 477.482 96.1583 -0.689952   -0.2398  0.604124 -0.267929 -0.764963 -0.738087  0.576388 -0.212189  0.722402 0.0162353
point 46 550 226.991 206.927    0.28611  -0.132047  -0.661282   0.567627  -0.383602   -0.47012  -0.906258   0.142623 -0.0278301  -0.762322
point 47 556 70.9963 183.516  0.994064  0.972552 -0.316647  0.502541   0.95633 -0.179502  0.462685 -0.644227  0.895279   0.21965
point 48 564 145.807  138.75 -0.591325  -0.11887  0.235549 -0.474207 -0.142553   0.50781 -0.426122 -0.949187 -0.764826   1.01589
point 49 571 501.712 145.563  0.802215  0.775576   0.24211  0.613575  0.255344 -0.711667  0.900787 -0.391549  0.520515 -0.275226
point 50 582 332.704 171.683 0.0159819 -0.766563 -0.489818  0.949392  0.214503  0.101114 -0.491092  0.209002 -0.017247  0.728346
point 51 588 621.519 207.913 -0.219741 0.0312587 -0.439829 -0.646685  0.568091  0.606712 -0.544463  0.298225 -0.216469 0.0979507
point 52 608 321.443 210.357   0.682855   0.994853 -0.0370591   0.692629 -0.0662126   0.717397    0.39807   0.751069   0.118382   0.994278
point 53 612  319.55 189.909 -0.671088  0.461799  0.219835  0.329408  0.384855   1.02352 -0.936809  0.129986  0.641442  0.511439
point 54 619 316.399 163.926 0.0728247  0.883052  0.333248 -0.985366 -0.969794 -0.581197 -0.757073  0.269842  0.600228 -0.288968
point 55 620 589.063  162.58    0.550532   -0.297411    0.866884    0.714842   -0.324416   -0.401091    -0.75148    0.332871 -0.00145662    0.454702
point 56 621 271.029 175.929   0.868724 -0.0465081  -0.953756  -0.203541   0.230494   0.115561  -0.294013  -0.397771   0.116879  -0.213075
point 57 624 297.721 217.686 0.00877648   0.654247   -0.69332  -0.630443   0.742665  -0.205074  -0.639852   0.159653   0.713107  -0.620074
point 58 632 310.308 235.941   -0.12804   0.204663  -0.291822  -0.727247  -0.556053   0.611636   0.277035  0.0937436  -0.729013 -0.0390959
point 59 646 528.149 196.722 -0.312523  0.678872  0.822954  0.749295  0.398519 -0.738153 -0.378805  0.798304   0.31252  0.494271
point 60 697 584.125 169.159  0.139786 -0.769044 -0.445848  0.904772  0.478764 -0.751203 -0.298336 -0.122722 -0.150755 -0.822308
point 61 731 561.494  226.97 -0.354459  0.323268  0.387585   -0.8344 -0.645073  0.943453  0.773762  0.758711  0.515569  -0.79783
point 62 737 278.458 191.281 -0.399131  0.146394 0.0507545  0.623041  -0.73322  0.108526 -0.881367  0.140281  0.538588  -0.19945
point 63 739 140.806 211.483    0.995934    0.207505   -0.422195 -0.00470842    0.716244    0.252914   -0.926892   -0.228497   -0.194949    -0.61235
point 64 740 281.026 202.632  0.439366   0.79719 -0.915946  0.644236 -0.118072  0.283823  0.654849 -0.492958  0.706645 -0.939665
point 65 749 119.082 169.887 -0.595301  0.246456  0.605983 -0.693006  0.543173 0.0588495  0.685644  0.172702 -0.223194 -0.140153
point 66 754 348.573 187.675 0.0824141  0.443322 -0.277723 -0.977431  0.252478  -0.46044  0.820432  0.733572  0.274185 -0.372114
point 67 768 416.445 176.793  0.100819 -0.135773  0.245821  0.406661 -0.707137  0.235012 -0.236011  0.472574  0.722047  0.684368
point 68 771 621.873 194.072  0.183474 -0.435267   0.77171  0.934972 -0.598971  0.909114  0.647386 -0.196686 -0.399111 -0.663286
point 69 778 229.525  186.67  -0.10633 -0.621524  -0.77212  0.732252 -0.562935 -0.873383 -0.395079  0.319254 -0.416289 -0.702006
point 70 839 365.733 217.047  0.0259607  -0.230521  -0.827485  -0.857341  -0.242036  0.0427521 -0.0603074   0.271756   0.692702  0.0897439
point 71 860 429.251 236.516 -0.808419 -0.901632  0.752082  0.554922 -0.841434   0.24611 -0.222874  0.023759 -0.878347 -0.520418
point 72 885   625.4 98.3395   0.812515  -0.701215 -0.0688405 -0.0156154   0.565334   0.623917   0.691482   0.783429   0.653265 0.00972409
point 73 889 219.383 227.756  -0.803261   0.228705   0.801427  -0.327965   -1.00991   0.417811 -0.0649404  -0.695218   0.777909   0.111472
point 74 892 449.823 16.5425   0.287497  -0.937731  -0.696703   0.740527  -0.704015   0.660897  -0.709641   0.130866   0.806629 -0.0294684
point 75 898 501.368  173.57  0.812202  -0.65364  0.281811 0.0315943 0.0996577 -0.322543  0.545163 -0.561513 -0.134259  0.445599
point 76 935 506.556 228.865 -0.673282 -0.873075  0.201774  0.932762 -0.677329  0.482435  0.320084  0.811402 -0.792035 -0.048712
point 77 994  410.39 170.478  -0.320872 -0.0700358  -0.963195  -0.546174  -0.338714   0.421067  -0.213481   0.474081    -0.1874  -0.266168
point 78 996 325.364 182.474   0.293876   0.556247   0.491939   0.954924   0.646258  -0.874735 -0.0786127   0.739996  -0.403996   0.545043

