seq: 328
gt_pose:  0.777118 -0.832482   1.95864
odom_pose: -0.903582 -0.922743   1.87786
point 0 7 460.586 156.927  -0.147028   0.811616  -0.218892   0.628223   0.387526   0.827767 -0.0718801  -0.566436   0.879463    0.80542
point 1 21 463.241 193.141  0.592889 -0.451093 -0.386849 -0.638971  0.932281 -0.965649  0.614162 -0.314261  -0.58749 -0.146275
point 2 31 385.141 198.572  -0.434528   0.748622 -0.0914824  -0.673567   0.171039  0.0866787   0.205606   0.222993   -0.54224   0.622306
point 3 36 517.724 234.897 -0.161772 -0.261392  0.414099  0.574838  0.318614 -0.648795 -0.907348 -0.896751  0.368811 -0.668941
point 4 37 482.338 226.713  -1.00646 -0.999859 -0.411549 -0.481702  0.330986  0.706638 -0.665326 -0.287662   0.29899  0.716478
point 5 39 403.254 176.884  -0.573402   0.824361  0.0825203   0.832548 -0.0031839  0.0863525   0.829151   0.625049   0.590093   0.180335
point 6 53 541.078 202.862  0.817134   0.34205 -0.361395 -0.934852  0.503073   0.57529  0.357692  0.410381  0.803131 -0.366487
point 7 61 606.555  152.55  0.109589  0.508972   0.53381  0.825481 -0.825986   0.59189  0.914736 -0.793482 -0.453972 -0.485184
point 8 63 300.597 209.936  0.213001 -0.733454 -0.880086 -0.202355 -0.703785  0.335141 -0.798215  0.784562  0.156043 -0.593591
point 9 68 369.394 239.434  0.122162  0.323272 -0.957739  0.482068  0.193816 -0.719019 -0.723311 -0.603536  0.554338  0.722125
point 10 70 0.190917  175.285     0.835 -0.713882 -0.391187 0.0806719  0.321258  0.697644 -0.509041  0.352076  0.263092  0.636606
point 11 73 162.902 169.914  0.793355 -0.169212  0.790555   0.34734 -0.120656 -0.056328 -0.452109 -0.570262 -0.534267  0.157613
point 12 77  500.66 232.483 0.0978685  -1.00019  -0.42887 -0.567841  0.395044 -0.133641 -0.525403  0.353282 -0.528858 -0.349957
point 13 88 230.573 236.878  -0.21173 0.0488044  0.391458 -0.963722  0.253922  0.224434  0.388482 0.0692899  0.830285 -0.561699
point 14 89 541.521 233.048  0.527013 -0.666852 -0.377785 -0.303327  0.303288 -0.656093 -0.533909 -0.910346 -0.712964 -0.162047
point 15 93  219.01 203.524  0.723062 0.0438207  0.209329 -0.822306  0.877066 -0.353434  0.159558 -0.886069  0.570559 0.0248762
point 16 106 532.283 235.604   -0.1808  0.955803 0.0510706 -0.139742  0.462676  0.147887 -0.165829 -0.993482  0.465294 -0.102616
point 17 109 275.121 179.545  -0.492544   0.854123  -0.790058  -0.410035   0.545062 -0.0376498   0.756625   0.584919  0.0214667   0.266751
point 18 111 253.909 227.061 0.0927004   1.03646 -0.859017 -0.920853  -0.15726 -0.309955  0.914366 0.0725319  0.251633  0.458991
point 19 113 580.475 181.884 -0.0552119  -0.563394   0.628832  -0.883139   0.560893  -0.329612  -0.857727   0.646557  -0.241264 -0.0754139
point 20 132 544.897 154.382   0.191658  -0.949871  -0.941977 -0.0293335  -0.699234   0.840067   -0.80426   0.301327    0.85981   0.647569
point 21 148 550.129 76.3432 -0.142482 -0.280428 -0.234813  0.581211 -0.121565 -0.210693 -0.943091  0.213139  0.905661  -0.62847
point 22 156 422.511 166.972  0.309454  0.552363 -0.727995  0.394661 -0.875399  0.912951  0.138784 -0.772656 -0.930439 -0.110607
point 23 158 551.461 140.724  0.458753  0.447162  0.341702 -0.319529 -0.103928 -0.397182 -0.739438  0.162054  0.943517 -0.619904
point 24 159 510.206 150.001  0.202541 -0.993872   -0.8817 -0.150585 0.0275696  0.129891    1.0235 -0.344886 -0.364754 -0.789001
point 25 161 594.124 165.042  0.488112   0.95899 0.0141759 -0.482583 -0.400534 -0.761585 -0.468018 -0.257411  0.091426  0.630843
point 26 165 494.081 55.2215  0.457067 -0.819875  0.402707   0.55097 -0.710261  0.669093 -0.619063   0.81427  0.337053 0.0221927
point 27 166 160.239 170.812 -0.591678  0.337008 -0.617905 -0.483356 -0.628551   0.27881 -0.751774  0.158812  0.193735 -0.695614
point 28 175 297.696 126.364 -0.413638  0.578989  0.305593 -0.548399  0.739298  0.698959   0.94059  0.968109   0.54834  0.141595
point 29 176  406.79 181.489  -0.752748   0.840152   -0.11168 -0.0307434   0.383131  -0.462848  -0.917156    0.21975   0.732994   0.117862
point 30 186 278.462 162.801  -0.317073  -0.397026   0.365315   0.402551   0.842313  -0.881468 -0.0402225   -0.52946   0.144786   0.344684
point 31 233 273.333 233.338 -0.174639 -0.524138  0.141516  0.250246  0.372706 -0.230531 -0.934696  0.197493 -0.859638  0.387384
point 32 235  14.362 227.644 -0.815288  -1.00905  0.948518  0.432442  0.124589 -0.151469  0.986967  -0.77774 -0.851319    0.2921
point 33 240 436.971 153.924 -0.514328 -0.574261  0.635246  0.824296  0.760802  0.749805 -0.512436 -0.673098   -1.0392  0.649542
point 34 245 116.473 50.9571 -0.599596 -0.410659  0.440052 -0.739685 -0.495336  0.395168  0.841341 -0.611435  0.166987  0.823951
point 35 251 264.98 225.71  0.0278341  -0.546941   0.128473  -0.794303  -0.416652 -0.0803941  -0.474341   0.275619 -0.0663811   0.350291
point 36 302 94.9602 187.571 -0.844742 0.0920022  0.533886  0.701229 -0.150665 -0.600374 -0.966682  0.242638  0.175761 -0.177266
point 37 303 335.846 197.042  0.129355  -0.84261 -0.533861 -0.896944 -0.120479  0.534411 -0.449025 -0.102413 -0.040105 -0.385086
point 38 304 493.662 144.408  0.486258 -0.516118 -0.454662 -0.399477   1.01925 -0.203027  0.661213  0.523297 -0.541363 -0.469145
point 39 315 626.878 199.267 -0.804358 -0.356426 -0.929417 0.0860275 -0.380705  0.210436 -0.530215  0.835977 -0.701495  0.889461
point 40 320 455.545 233.349  -0.111522   0.609481   0.983874 -0.0172411   0.622195   0.180659 -0.0653277 -0.0300295   0.143036   0.282703
point 41 346 317.765 183.902  -0.515328   0.918969 -0.0427845  -0.753234  -0.156123   0.468111 -0.0444343   0.964127   0.820845  -0.134302
point 42 352  87.892 130.966  0.586779  0.350407  0.394895 -0.741135  0.593999  0.695633 -0.651968  0.554633 -0.120914  0.783177
point 43 379 632.295 175.224   0.27125 -0.577722 0.0814331 0.0236903   0.62263  -0.26399  0.096128 -0.206751  0.127525  0.206992
point 44 387 313.421 145.524  0.661156   -0.6777  0.526341  0.955585 -0.747462 -0.141451 0.0607953 -0.910798   0.64727   0.64994
point 45 405 314.462 182.943 -0.109642 -0.960635  0.871645  0.640687 -0.128492 0.0315619  0.376377   0.29465  0.528386  0.739818
point 46 428 191.924 179.803 -0.505569 0.0785819  0.603044 -0.875144 -0.246492  0.525283   0.24797 -0.380806  -0.18783 0.0944187
point 47 449 547.611 171.828  0.0231874  -0.409698   0.780763  -0.544361 -0.0474874   -0.52413   0.491277 -0.0263972  -0.314797  -0.190036
point 48 454 471.243 145.303 -0.889351  0.955443   0.62292 -0.478699  0.618725  0.699339  0.786081 -0.619035  0.419259   0.33224
point 49 460  91.473 196.347  0.824012  -0.52075 -0.298762   0.38913  0.084885 -0.102685 -0.376899  0.224301  -0.76978 -0.813856
point 50 467 5.58516  215.59  -0.419472  -0.764541 -0.0488865  -0.335761   0.900362   0.281693   0.443692  -0.112699  -0.651752  -0.686863
point 51 488  11.606 152.434   0.92341  0.582458 -0.526828  0.184092 -0.689032 -0.379615 -0.267093 -0.757413  0.105105 -0.334841
point 52 491 348.587 161.501 -0.815363  0.843221 -0.294418  0.555984  -0.43798 -0.130173  0.503732 -0.295499 -0.233251  0.732872
point 53 494 181.205 179.255  0.367024 -0.132259 -0.261772   -1.0265  0.101889 -0.817298  0.554982  0.301845 -0.271311 -0.924719
point 54 495 382.391 138.393   0.272942    0.66584   -0.10535   0.420663  -0.524364   -0.66746    1.03604   -0.57454 -0.0605796   0.160896
point 55 499 314.374 208.125   0.906518  -0.455439    0.38441  -0.615837    0.16327 -0.0902906  -0.111095  -0.194857   0.645932   0.249776
point 56 506 400.759 193.638  0.0336322   0.271608 -0.0558485  -0.611837  -0.962908  -0.682689  -0.670051  -0.623274   0.694289   0.556622
point 57 514 114.105 108.622  0.381417 -0.744958 -0.895591 -0.432139 -0.958451 -0.526548  0.567356  0.786165  0.101031  0.214513
point 58 527 180.179   236.7  0.771927    0.4964 -0.817367   0.98333 -0.519927 -0.470586 -0.152234  0.748058  0.594565  0.661447
point 59 539 273.151 178.375  0.875143 0.0701154 -0.942527 -0.709541  0.504015 -0.286758  0.912035 -0.691521  0.201147  0.187986
point 60 541  139.69 219.755  0.345565 -0.823165  0.809978 -0.286869 -0.683222  0.677015  0.819774 -0.624149 -0.969582  0.210423
point 61 552 40.6961 148.875   0.903793  -0.180201   0.874749 -0.0731924   0.424167  0.0759067   0.784871   0.770982  -0.419882  -0.560529
point 62 563 130.955 204.678 -0.0511594  -0.398393   0.312634  -0.353256   0.681987   0.482999    0.32375   0.453657   -0.70956   0.411375
point 63 578  396.75 198.725 -0.0316618  -0.209926  -0.299515   0.223544   -0.76426   0.498549   0.108229  -0.971011 -0.0738307   0.144965
point 64 587 130.112 186.717   0.77995 -0.398653 -0.344833  0.668204   0.22467 -0.240354  0.342904 -0.946154  -0.48526 -0.367615
point 65 589 45.5342 182.144   0.137777  -0.145296  -0.297856   -0.67085  -0.494833  -0.492103 -0.0935223   0.185147  -0.885265  -0.940956
point 66 591 466.916 175.867   0.951383  -0.651166   0.660041  0.0954147  -0.403831  -0.300664   0.988218   0.234033 0.00825584  -0.527304
point 67 596 316.702 207.374   0.101865  -0.466228   0.425182   0.183681 0.00405515  -0.394462   0.680022   0.099228   0.621603   0.945555
point 68 599 360.958 210.899  -0.399824    0.27377   0.693977   0.158143  0.0656482    1.01448  -0.138623 -0.0938265 -0.0696121    0.55345
point 69 603 560.178 165.042   1.01355  0.550218  0.674127  0.275977 -0.799935  0.449511 -0.841631  0.796323 -0.544583  0.633044
point 70 610 129.038 27.4633 -0.234097 -0.205665  0.776586  0.656263  0.450009  0.486841  0.622984 -0.652103  0.177781 -0.489435
point 71 622 364.068 156.724   -0.481316   -0.989389    0.466122  -0.0811783   -0.937041 -0.00456963    0.636291    0.901162   -0.194366   -0.683879
point 72 627  505.25 173.605 0.0348483  0.905646 -0.631711  -0.56022 -0.841861  0.294193 -0.837622 0.0626448  0.293694  0.662481
point 73 631 206.045 231.788  -0.758012  0.0460769  -0.658664 0.00506627   0.406579  -0.123789  -0.226021 -0.0278393  -0.017838   -0.30228
point 74 644 295.267 112.691 -0.543002 -0.126657 -0.527315 0.0333059 -0.128457 -0.754816  0.801505 -0.929396  0.844655  0.467789
point 75 650 42.5114 221.728  0.792277  0.221678  0.628921 -0.582862  0.987474 -0.249388  0.845329 -0.721054 -0.211621 -0.853182
point 76 654 76.9238 238.829  0.116395  0.664613  0.171646 0.0755799 -0.370236  0.394268   0.79349 -0.879824 -0.313306  0.706322
point 77 655  590.67 203.804 -0.112915  0.708522  0.440267 -0.615987 -0.580911 -0.474502  -1.00349 -0.675737 -0.845276  0.813131
point 78 658 533.847 211.736   0.376359  0.0498332 -0.0879451  -0.269683   0.170013   0.962126   0.605806    0.61514  -0.833173   0.545541
point 79 687 78.2451 223.587  -0.38986    0.3077 0.0231994 -0.226347  0.653354   0.46077  0.621809 -0.406334  0.241537 -0.512639
point 80 689 193.263 153.395   0.911585  -0.469329  -0.533457 -0.0473262   0.749566   0.148915  -0.759642  -0.255764   0.871816   0.863396
point 81 717 621.178 169.013   1.01894  0.681428 -0.922405 -0.256561 -0.339215 -0.679276 -0.628127  0.681005 -0.403455  0.691351
point 82 725 270.867 213.184 -0.751809 -0.758865 -0.705621 -0.925363  0.238895  0.362248 -0.860096 -0.787336 -0.495547 -0.241902
point 83 726 241.94 180.27  0.974483  0.469807  0.563304 -0.668395  0.250971    0.6199 -0.796334 -0.853904 -0.914544 -0.851879
point 84 727  9.3651 219.151  0.0184286  -0.951637   0.576887  -0.631102  -0.242776   0.878221  -0.418387 -0.0068956   0.862167   0.883553
point 85 736 139.495 181.973 -0.0800763  -0.959414   -0.17568  0.0612592  -0.351358  -0.262674   0.420176   0.652621  -0.986245   0.981255
point 86 750 23.9615 232.861 -0.355494 -0.435985  0.509593  0.265325   0.21532  0.578372 -0.693143  0.798665  0.697781 -0.211215
point 87 805  313.98 131.335   0.35692  0.793617  0.533899  -0.16298 -0.892933  0.744126 -0.179481  0.870544 -0.776133  0.252871
point 88 806 420.884 237.798   0.853053  0.0193687  -0.551199  0.0967787  -0.653657   -0.33324   0.387643  -0.421905  0.0452034 -0.0490363
point 89 854  326.73 225.097   0.616655    0.18686   0.429712  -0.735378   -0.10434   0.985835 -0.0301035  -0.105468   0.234535   0.926613
point 90 858 278.514 165.105   0.456901   0.266414  -0.207329  -0.115402   0.741356    0.81837  -0.447544   0.123635  -0.772299 -0.0317016
point 91 873 120.565 169.388  0.276968 -0.495077 -0.984505  0.987336  0.902651  0.378183 -0.850331 -0.820525 -0.495037  0.295966
point 92 878 509.555 229.596   -0.996223 -0.00543266   -0.996741 -0.00370586   -0.064887    0.493718    0.380354   -0.104445   -0.754754   -0.540541
point 93 880 267.689 101.711  -0.65645 -0.525902 -0.247825  0.607479  0.596686 -0.248964 -0.366173  0.607633  0.832147  0.641302
point 94 881 389.837  167.63  0.363419  0.650659  0.407106  0.566629  0.368156 -0.756298  0.252425 -0.787706 -0.451979 -0.528428
point 95 883 287.182 200.864   -0.217743   -0.263719   -0.754572    0.987111    0.256373    0.574949    0.574657     -0.2827    0.258901 -0.00362211
point 96 905 615.887 106.744 -0.943643 0.0745537  0.455524 -0.385037  0.630064  0.252024 -0.799308  0.623414  0.101977  0.163708
point 97 910 604.299 160.868  -0.912981    0.66307    0.45011 -0.0492609   0.675902   0.503651  0.0233932    0.62243   0.748085   0.341787
point 98 916 54.1056 159.512  -0.335364   0.272804   0.257622  -0.353676  -0.678656  -0.544314   0.630425   0.228877   0.930344 -0.0450626
point 99 927  592.83 45.1776 0.00913093   0.889587    0.53723   0.353869  -0.919787   0.342142 -0.0231845  -0.427794   0.728019   0.902556
point 100 929 420.968 127.607 -0.845123 -0.331736 -0.299737  0.166683  0.200043  0.749623  0.118429  -0.21854  0.111283  0.158435
point 101 937 319.266 235.314  -0.48664 -0.627243 -0.474631 0.0320023  0.491137 -0.232867   0.12369 -0.249105 -0.263217  0.486363
point 102 944 130.122 50.3419    0.54379  -0.488279  -0.232426  -0.540223   0.720609 -0.0868541    0.16507   0.291888   0.424907  -0.664711
point 103 967 335.531 174.651   0.214505 -0.0582441   0.399712   0.965085   0.134854   0.321393   0.560828  -0.347002   -0.71757  -0.454305
point 104 968  433.94 163.952  0.0935293  -0.403937   0.106068 -0.0486087   0.935829  -0.162505  -0.744319 -0.0105702  -0.660791  -0.924608
point 105 978 42.9745  153.64   0.80577    0.7089  0.273814  0.889426 -0.815232  0.367081 0.0863849  0.412471  -0.57885  0.351355
point 106 979 508.792 83.1097  0.052906  0.435411 -0.101544  0.503174  0.235203  0.382194 -0.554498 -0.170017  0.610863 -0.314993
point 107 986   35.89 230.471 -0.291236 -0.334213 -0.987685  -0.57243 -0.106493 -0.463368 -0.375614  -0.11994 0.0781221 -0.842568
point 108 997 431.176 234.225   0.914285  -0.995189 -0.0349498   0.844549   -0.48096 -0.0304953   0.685819  -0.901242  -0.239961    0.63666

