seq: 208
gt_pose:  3.69345   4.1889 0.289141
odom_pose:  3.90795  3.27761 0.209178
point 0 15  108.86 61.5798    0.775568    0.634497    0.995121    0.524901    0.761845    0.994548    0.307205 -0.00122674   -0.676529    0.702593
point 1 20 398.244  213.68 -0.496384 0.0645185 -0.860209 -0.467297  0.728832  0.361721 -0.852206 -0.741682  -0.26134   0.15404
point 2 49 554.903 19.1397  -0.724584  -0.366021   0.784081  -0.240106   0.795327    0.52699 -0.0468231  -0.432999   0.937126  -0.781652
point 3 50 494.01 183.34  0.840929 -0.608997 -0.439314 -0.687567 -0.583897  0.253481 -0.692063 -0.713068 -0.589409  0.894844
point 4 61  218.54 15.3932  0.183387  0.467496  0.438086   0.88581  -0.85091  0.549981  0.873007 -0.830444 -0.489744 -0.475763
point 5 71  286.23 110.648  0.198069   0.21037  0.571323  0.535792 -0.478377 -0.856234  0.728659 -0.649946 -0.680741 -0.317941
point 6 75 499.717  166.63 -0.620867 -0.907405   0.95479   0.52454 -0.742833  0.718036 -0.559831   1.02509 0.0513288  0.366959
point 7 79  411.47 168.757  -0.23971 -0.764062 -0.171176 -0.804895  0.246739  0.917385 -0.768513  0.714244 -0.682759   0.62869
point 8 82 453.682 74.3084   0.896762 -0.0838255  -0.182294  -0.318074   0.864482   0.785434  -0.787798   0.823209   0.757551  -0.599456
point 9 112  578.53 235.549  0.0368624  -0.797178  -0.781925  -0.888009  -0.423093  -0.948099  -0.993506 -0.0563615   -0.18135   0.110914
point 10 130 76.1784 68.6179  0.751313  0.236614 0.0142381   0.98569  0.511191 -0.293928  0.987541 -0.932909 -0.451646 -0.558797
point 11 135 175.796 188.876 0.436397 0.498333 0.449876 0.354456 0.185851  1.02112 0.544589 0.420784 0.367631 0.698408
point 12 136  178.73 161.733 -0.436672  0.142268  0.733269 -0.993666  0.339961 -0.628195  0.110312 -0.212778  -0.73822 -0.208392
point 13 140 442.247 49.9223 -0.460116 -0.150285  0.648111 0.0741225  0.814712 -0.777942  0.395342 -0.640976 -0.350957  0.876616
point 14 161 201.322 1.38298   0.442165   0.943228 -0.0273147  -0.407294  -0.392079  -0.804305  -0.404255  -0.291201 0.00640216   0.601625
point 15 162 627.395 154.236 -0.628687   0.25392 0.0522034 -0.789101  0.150325 -0.933868  0.610232 -0.751742 -0.670053  0.162863
point 16 170 565.896 224.915  0.159697 -0.301408  0.226014  0.130224  0.755329 -0.156672 -0.846526   0.77395   0.39406  0.697794
point 17 213 522.265 173.452   0.479192  -0.201974   -0.70785 -0.0356023  -0.105337  -0.903751   -0.36892   0.787107   0.355885  0.0962932
point 18 222 336.541 234.491 -0.693224  0.921889 -0.924925 -0.411914  0.471177 -0.735852 0.0303667  0.560096  0.406375 -0.518115
point 19 232 295.249 237.655  -0.130399  -0.358149   0.360233   -0.28473  -0.861204 -0.0782213   0.848242    0.74561  -0.992182 -0.0148494
point 20 244 440.586 169.622 0.0909702 -0.907716  0.485626  0.663416 -0.812492  0.712173 -0.378021  0.350162  0.140463  0.248876
point 21 255 498.404 212.922  -0.925243  -0.808277  -0.923097  -0.933428 -0.0160477   0.941178   0.191718  -0.325837  -0.099888   0.353993
point 22 276 617.146 239.061    0.53102  -0.709991  0.0916811 -0.0725528   0.208647 -0.0431195   0.321283  -0.611497  -0.480243   0.776814
point 23 279  603.63 173.203 -0.464712 -0.389674  0.216591  0.239744 -0.167254  0.693676  0.338186 -0.842078  0.871107  0.411286
point 24 340 571.513 70.7806   0.468267  -0.422494  -0.730672 -0.0918619   0.799872  -0.127406  -0.678703  -0.488002   0.581786  -0.367869
point 25 341  519.27 210.772  -0.73664  0.114794  0.328692 -0.386428   0.23585 -0.357361 -0.810599 -0.643786  0.819545 0.0194919
point 26 343 435.197 134.996 0.000478868    -1.00716   -0.320087   -0.789218   -0.187312  -0.0361121    0.251933   -0.863255    0.569981   -0.445757
point 27 357 303.447 233.195  0.360444  -0.24892  0.488171    0.4303  0.594974 -0.153093  0.282033  0.731728  0.406609 -0.282975
point 28 376 106.197 169.016 -0.738365 -0.855639   0.63547 -0.311014  0.646555  0.217466  0.304897 -0.107697  0.549171 -0.215816
point 29 379  221.04 150.866  0.279435 -0.594248  0.176772 0.0769135  0.548835 -0.280561  0.078477 -0.260382  0.181526  0.229428
point 30 383 326.108 198.784 -0.673676 -0.372616 -0.990936 -0.714117 -0.734634 -0.132807  0.477696   0.53778  0.400166 -0.207286
point 31 390 438.087 227.929   0.339503 -0.0315113   0.293748  -0.592894   0.360264   0.856357   0.321962   0.132396  -0.573787   0.387648
point 32 392 146.857 231.711   0.910756 -0.0739806  -0.435839   0.243391    -1.0047   0.886438  -0.668357   0.229469  -0.655288    0.63045
point 33 401 497.558 202.179 -0.0209822   0.586757   0.292881  -0.452687  -0.620141   0.156735   0.631984   0.801166  -0.881594  -0.593771
point 34 407 516.873 217.678  -0.695136   0.951384  -0.921664   0.663759  -0.782141 -0.0800834   0.750223  -0.946461   -0.37483  -0.463622
point 35 411  56.062 217.082   0.464528   0.936576   0.907314   0.981653    0.43276   -0.59581   0.882453   -0.27746  -0.854562 -0.0841463
point 36 427 593.457 151.118  0.699952  0.902297  0.209291  -0.36642 -0.112956  0.776767  0.178739 -0.704297 -0.672514  0.695189
point 37 445 297.313  166.07 -0.953935  -0.22788 -0.718041 -0.840162 -0.325986  0.738246 -0.303199  0.121607 -0.483554  0.522914
point 38 447 333.385 171.483  -0.317195  0.0893644  -0.934159   -0.74064   0.259528  -0.866144 -0.0962754   0.529508  -0.732186   0.601654
point 39 487 69.0452 77.9505   -0.84192   0.979022  -0.680755  -0.924308 0.00248804   0.607035  -0.345566  -0.917506   0.375882   -0.16542
point 40 502 89.2411 207.996   0.269156   0.320928 0.00895688   0.454592   0.831584 -0.0748594  -0.412055   -1.03016   0.238071  0.0435999
point 41 516 86.4773 189.741   0.121308   -0.56643  -0.841813  -0.808156  -0.133121   0.632613  -0.663181 0.00395203  -0.789917  -0.582367
point 42 521 264.227 138.593 -0.855045 -0.346164  0.632634  0.120937 -0.208003 0.0440799 -0.417206  -0.69669 -0.865979 -0.717349
point 43 549 240.292 234.331   0.712497   -0.42548   0.848333   0.947743  -0.104262   0.292959 0.00358746    0.48145    0.40687   0.789375
point 44 550 538.344 210.234   0.260022 -0.0743804  -0.674834   0.543206  -0.375371  -0.539522   -0.88901   0.189008 -0.0582481  -0.799776
point 45 556 450.036 211.833   1.00171  0.967659 -0.294321   0.51121  0.913151  -0.23749  0.514125 -0.656422   0.91575   0.19731
point 46 564 551.999 184.317 -0.621427  -0.14402  0.240366 -0.446633  -0.13156  0.488221 -0.486995 -0.954715 -0.728869   1.02216
point 47 579 256.372 187.409  -0.845656  -0.108238  -0.795468 -0.0340985   0.959631   0.477787  0.0221434   0.517906   0.224535   0.254641
point 48 586 259.672 186.401  0.0263733  -0.988441   0.747627   0.181416  -0.327064 -0.0987458   -0.72666  0.0669885 -0.0973026   0.781168
point 49 592 161.952  179.75  0.822935    1.0113  0.659528  0.341468 -0.832516 -0.796443  0.340016  0.872528  0.628367 -0.704179
point 50 605 498.457 204.726    0.95313   0.508033  -0.375926   0.333501    0.20893  -0.369859 -0.0700418  -0.149689   0.835944  0.0749299
point 51 621 615.116 168.633   0.821825 -0.0722348  -0.973913  -0.276165   0.265078  0.0838141  -0.267799  -0.425977   0.159359  -0.286343
point 52 630 417.202 206.459 -0.0756843 -0.0353531  -0.296427  -0.331535   0.626077 -0.0243511   0.502409  -0.179019   0.593655  -0.665586
point 53 668 483.757 103.656 -0.554516  0.791102 -0.767449 -0.454279 -0.472914 -0.179477  0.208116 -0.517441 -0.873631 -0.587881
point 54 712 233.215 237.439 -0.0612404  -0.756858   0.521031   0.782403  -0.639921  -0.538269  -0.761795  -0.152917   0.831515  -0.205758
point 55 714 173.449 158.959  0.667161   0.47433  0.756491  0.442404 -0.531575  -0.27173  0.791552  0.906716 -0.552656 -0.858595
point 56 718 147.334 178.625 -0.398969 0.0589665  0.873508  0.510206  0.870415  0.793973 -0.463731  -0.63374  0.664724   0.47143
point 57 723 134.183 236.118   0.176355  -0.896897 -0.0234749   0.169337  -0.382625  -0.407341  -0.383819    0.72619   0.131973  -0.689907
point 58 730  341.48 206.165   0.778948   0.403315   0.804912   0.872786   0.547415   -0.20301  -0.339046  -0.517693 -0.0969823   0.988167
point 59 739 477.043 222.223  0.980262  0.170531 -0.469804 0.0247042  0.719209  0.162796 -0.839876 -0.257561 -0.170287 -0.671162
point 60 740 634.623 195.627  0.414505  0.807964 -0.994221  0.573491 -0.100539  0.300166  0.690824 -0.410301  0.668265 -0.954802
point 61 749 508.119 202.433   -0.668312    0.264208    0.670701   -0.722603      0.5641 -0.00952484    0.681874    0.117031   -0.267049   -0.148684
point 62 765 406.747 184.239 -0.951313 -0.137395  0.546875 -0.518177 -0.386758 -0.304188  0.591334 -0.193499  0.430318  0.974784
point 63 803 356.437 165.893 -0.725048   1.03404  0.764573  -0.60951 -0.520204  0.193231  0.103444  0.802463 -0.303708  0.705196
point 64 809 605.535 108.369 -0.226717 -0.921605 -0.952413 -0.282392  -0.52158 -0.213621  0.858994  0.806164 -0.236123 -0.239059
point 65 817 491.704 156.108  -0.282891   0.506212   0.785878    0.61822    0.59953 -0.0518407  -0.659157   0.561128   0.590967  -0.904402
point 66 823 424.122  144.44 0.0924434 -0.788962 0.0776846  0.739217  0.529412 -0.525028 0.0760565  0.950582 -0.497254 -0.075347
point 67 831 187.774 234.607  -0.107605    0.49213   0.698229  0.0601608   0.343868  -0.915686 -0.0724728   0.542427  -0.676704 -0.0476877
point 68 865 305.614 206.279   0.866738   -0.38053  -0.969391  -0.302208  -0.257236  -0.193726   -1.00933   0.561143  -0.758724 -0.0286954
point 69 866 494.919 82.6887 -0.509196 -0.108603  0.789321 -0.620119  0.613071 -0.210593 -0.193738  0.424386 -0.438584  0.889071
point 70 872 172.112 118.697  0.465801  0.896634 0.0374167  0.479992 -0.383612  0.789818 -0.494925 -0.306537 -0.828172 -0.960966
point 71 889  545.28 229.708  -0.847895   0.185274    0.81473  -0.304414  -0.951711   0.405831 -0.0175597  -0.785345    0.73661   0.103395
point 72 911 442.117 121.289  -0.962436  -0.413011  -0.751567   0.704942  -0.913672 -0.0583071   -1.00394  -0.135905   0.498706   0.121042
point 73 926 577.182 202.524  -0.716873  -0.792632   0.936783  -0.928401  0.0302088  -0.516711  -0.385641  -0.760327 0.00533683   0.546007
point 74 951 424.824 193.175   0.159936  -0.863035  -0.124033   0.412006   0.229438 -0.0261509   -1.04114   0.465232  -0.193362  -0.663502
point 75 964 183.344 190.176  0.951778 -0.240813  0.239658  -0.23831 -0.862826  -1.00262  0.473791 -0.956148 -0.719356  0.725163

