seq: 313
gt_pose:  1.92077 -3.61091  1.99923
odom_pose: -0.0315987   -3.80897    1.85977
point 0 5  241.29 93.9343 0.0259062  0.300068  0.106345 -0.877466  -0.16996  0.885442  0.904813  0.440223 -0.452914  0.512353
point 1 14  381.32 182.866 -0.840851 0.0699036  0.503845 -0.349736   0.99195   0.12566  0.735416  0.466893  0.276245 -0.916303
point 2 17 485.318  119.76  -0.422207   0.122853   0.474428  -0.789369 -0.0725981   0.180912   0.929842 -0.0867688  -0.317078   0.742475
point 3 34 63.4862 211.006 -0.0854336  -0.576953  -0.266776   0.105373  -0.735524  0.0772878  -0.959388  -0.191349  -0.220856  -0.349232
point 4 42  571.85 145.909  0.0636051  -0.750025 -0.0221404 -0.0065372  -0.886648   0.584435  -0.236201   0.321855  -0.118748  -0.749129
point 5 44 445.364 195.475  -0.551027   0.305202   0.890571   0.471165 -0.0955099  -0.144895   0.742293   0.875316   0.937199   0.799512
point 6 49 605.512 155.354  -0.722229  -0.378295   0.776803  -0.289119    0.82447   0.512699 -0.0530714  -0.466965   0.908927  -0.795221
point 7 57 530.243 139.028  0.383385 -0.335063 -0.536145  0.543669 -0.461859  0.368308  -0.93666  0.656646  0.702524  0.159517
point 8 64 502.731 195.134  0.865751   0.49351 -0.803121 -0.950617 0.0322583 -0.219908 -0.576035 -0.101194 -0.678192 -0.393295
point 9 72 128.137 190.615 -0.753783 -0.329995  0.715017  0.222442 -0.744244  0.563323  0.474103 -0.209724 -0.277601 -0.171212
point 10 75 613.677 206.734 -0.646322 -0.894722  0.908896  0.537774 -0.783001  0.683911 -0.546668  0.960447 0.0500101  0.322337
point 11 78 275.652 193.564 -0.919021 -0.804272  0.612328  0.740779   1.00323 0.0885269 -0.417194 -0.658952 -0.291995 -0.156289
point 12 80 90.3699 230.986 0.0856703  0.474374  0.974397  0.964631 -0.781345 -0.927263 -0.844984   0.76203  0.773486  -0.93289
point 13 82 587.979 171.494   0.881676 -0.0223757  -0.277488  -0.287492   0.826664   0.828267  -0.786094   0.755567   0.767829  -0.581256
point 14 90 43.3274 192.248 -0.750379  -0.92701  -0.71782  0.524221 0.0405253 0.0197196 -0.476103 -0.507046 0.0864902   0.76354
point 15 92  242.36 200.009  0.132471  0.725855 0.0334848  0.987347  0.278634   0.28441   0.99539  0.567396 -0.209018 0.0809385
point 16 109 318.579 228.237   -0.468573    0.904386   -0.799636   -0.404431    0.462721 -0.00974828    0.676893    0.630961   0.0626392    0.292832
point 17 110 407.359  179.91  0.859467  0.935192 -0.589917 -0.270781 0.0454265  -0.66308 -0.602359  0.535157  0.765612  0.250492
point 18 113 428.795 217.377  -0.0596254   -0.615594    0.636148    -0.86833     0.57056     -0.3783   -0.935889    0.664317   -0.298186 -0.00933682
point 19 115 622.613 141.084  -0.693044  -0.713681   0.450788    0.49095 -0.0503475  -0.564031    0.91599  -0.456871  -0.483923   0.437248
point 20 119 626.542 82.2904 -0.409187 -0.392403  0.840958 -0.408783  0.825123  0.499813  0.867019 -0.529251 -0.739293  0.441374
point 21 120 581.125 175.096 -0.940225  0.121584  0.735171 -0.511701  0.665316  0.619768 -0.710521  0.235732 -0.893085  0.305869
point 22 123 305.838 101.623   0.19262 -0.833643 -0.245653  0.338835  0.884136  0.738091  0.289321 -0.254765  0.380816 -0.627811
point 23 132 410.873 208.216    0.23879  -0.880459  -0.953482 -0.0970498  -0.780002   0.822448  -0.844194   0.238905   0.828437    0.64494
point 24 148 420.923 173.487  -0.155272  -0.303779  -0.225357   0.493148 -0.0292573  -0.244345  -0.936518   0.291556   0.890928  -0.633802
point 25 159 386.787 211.884  0.206613 -0.941692 -0.858644 -0.120582 0.0218646  0.132675   1.00991 -0.343667 -0.360508 -0.766613
point 26 165 368.047 196.803  0.477645 -0.778604  0.422918  0.622431 -0.692783   0.63267 -0.591882  0.771201  0.387031 -0.054123
point 27 169 439.659 202.588  -0.616998   0.487125   0.692111  -0.270385 -0.0721208   0.449319   0.336704   0.478167  -0.737168  -0.517628
point 28 170 530.032 237.452 0.0972219 -0.346537  0.235175 0.0929377  0.769728 -0.162576 -0.841305  0.701947  0.394403  0.739626
point 29 176 361.022 217.295  -0.726062   0.844597  -0.157402 -0.0838476   0.359037  -0.491093  -0.906683   0.222837   0.661681  0.0783126
point 30 179 479.043 203.674 -0.0200062  -0.868752   0.108817   0.792041   0.711895    0.35577  -0.337917   -0.84261  -0.163534   0.797317
point 31 184 338.856 166.037   -0.23057   0.460673  -0.429794 0.00253801  -0.625185   -0.28929  0.0516604   -0.41754  -0.396049   0.312026
point 32 200 304.183 150.743 -0.421638 -0.764533   0.67713  0.294416  0.204908  0.511154 -0.118447  0.919093  0.958885 -0.126012
point 33 202 501.991 139.798 -0.513277 -0.202194  0.237889  0.354345  0.166867  0.844882  0.560484 -0.224901 0.0885187 -0.109246
point 34 216 259.946 190.604  -0.628075  -0.910407   0.817146  -0.849405  -0.519629  -0.875283  -0.340249  -0.207058 -0.0178497    0.80767
point 35 245 279.976 196.063 -0.664639 -0.424288  0.408265 -0.672139 -0.516366  0.390179  0.903791 -0.664347  0.169491  0.823769
point 36 262 265.289 173.919 0.0704412  0.299603 -0.331066 -0.510809  0.970074  0.937926 -0.889711 -0.332956  0.405139 -0.334624
point 37 280  524.98 228.618 -0.219893  0.135652  0.571203 -0.102623 -0.325659 -0.372355  0.795209  0.879405 -0.100474  0.793109
point 38 296 466.673  83.867 0.0388614 -0.585059 -0.328213   0.27169 -0.222076  0.566116 -0.652931   1.01427 0.0364379 -0.314494
point 39 301 369.593 200.365  0.157874 -0.540973 -0.950348  0.405335 -0.995494 -0.655713 -0.613158  0.449842  -0.74571  0.105531
point 40 313  529.55 70.4183  0.071571  0.291654  0.138249  0.128174  0.515165   0.71977 -0.446402 -0.636735 -0.071462  0.432172
point 41 319 552.084 114.983 -0.930897  0.255668  0.573178 -0.216298  -0.68504  0.155095  0.729119 -0.330842 -0.987603  0.350025
point 42 325 542.761 212.644 -0.227969 -0.314395  -0.62499 0.0890684  0.211765 -0.337953 -0.228106 -0.436259 -0.575137   -1.0097
point 43 331 204.605 222.989  -0.343656  -0.216997  -0.293698    0.10323 -0.0954611   0.895727   0.892618  -0.539027   0.768083   0.864663
point 44 334 144.978 192.187  -0.35477 -0.385835  0.912751 -0.682174  0.295428 -0.308883  0.103291   -0.8158  0.964283 -0.130469
point 45 350 16.4401 122.242 -0.767591 -0.881954   1.01192  0.200965  0.501559  0.820547 -0.758827  0.734623 0.0415035  0.645206
point 46 352 269.561 212.891  0.600838  0.310726  0.402755 -0.760101     0.537  0.706748 -0.631404  0.604911 -0.138629  0.880024
point 47 353 519.702 184.537  -0.533921  -0.205673     0.9466  -0.278384  -0.308338   0.298626 -0.0417117   -0.54739  -0.465319  0.0784831
point 48 358 17.7763 168.417   0.671492  -0.279075 -0.0840988     1.0315   0.222707  -0.799878   0.361946   0.407432  -0.965707   0.746972
point 49 364 280.395 190.562   0.135644   0.761427   0.665878   -0.64676   0.917298  -0.494303  -0.615438  -0.929031   0.111978 -0.0131039
point 50 367 418.013 156.982 -0.729782 -0.931001  0.881669 -0.453851 -0.440793  0.722594 -0.323779 -0.037068 -0.560645 -0.761014
point 51 389 18.7831 187.762    0.41159   0.815729  -0.412925  -0.494688    0.33307  -0.626936  -0.242127 -0.0952826  -0.666137  0.0350664
point 52 396 546.647 165.029  0.223309 -0.705989  0.877973  0.739675 -0.443773 -0.361842 -0.796462 -0.449327  0.340998  0.578442
point 53 398 479.519 210.773  -0.82369  0.870239 -0.685568  0.460172  -0.95381  0.550074  0.711806  0.868697  0.320165 -0.738321
point 54 425 320.099 239.925 -0.478284 -0.383341  0.408331 -0.511778 -0.530468 -0.665138 -0.170293 -0.897632  0.858595    0.8035
point 55 448 522.339 201.755  0.834514 -0.443704 -0.780259 -0.698353 -0.329619  0.748378 -0.424927 -0.702025  0.671685 -0.387779
point 56 469 491.428 104.284 -0.0765727  -0.838107   0.987418   0.995919   -0.13682  -0.452947  -0.843386   0.748645   0.243369  -0.873925
point 57 472 206.558  186.33    -0.89097   -0.106307     0.60671   -0.245051    0.887687    0.122298    0.725651   -0.715218 0.000204858   -0.571487
point 58 475 113.637 183.827   -1.00568   0.064459  0.0191496   0.537116  -0.339773  -0.359999 -0.0551176 -0.0217494  -0.757639  -0.247452
point 59 491 338.437 209.488 -0.860415  0.850917 -0.337276  0.519383 -0.465066 -0.126485  0.560868 -0.280156 -0.223195  0.736633
point 60 503 177.913 201.538   0.28874 -0.107508  0.735508 -0.996405 -0.151952  0.123096 -0.278024   0.62878  0.958928 -0.964033
point 61 514 258.715 196.262  0.379544 -0.779281 -0.871074 -0.467439 -0.903729   -0.4811  0.637064  0.836018  0.122944  0.223028
point 62 519 426.786   127.1  0.386334  0.429338  0.571672  0.188228  0.698981 -0.858059 -0.882185  0.839194 -0.297653  0.462666
point 63 529 168.603 124.568  0.474601 -0.407282 0.0991605 -0.317498  0.687232 -0.130616 -0.861784  0.769919 -0.145499 -0.349025
point 64 541 271.591 233.748  0.372155 -0.770182  0.840909 -0.335763 -0.665539  0.662668  0.816328 -0.636758 -0.934076  0.228891
point 65 543   144.9 218.172  -0.302932  -0.769053    0.62075   0.665236   0.289686 -0.0755817   0.875895   0.188424   0.630323  -0.780556
point 66 553 4.77717 194.169     0.173961 -0.000420849      0.89621     0.284547     0.614576     0.132376     0.466759     0.999257    -0.921413    -0.266098
point 67 555 183.587 232.872   0.286363   0.342381   0.268798   -0.92439  -0.033233  -0.498289 -0.0304301  -0.178844   0.747005  -0.398823
point 68 559 58.433 199.39  -0.47611  0.983591  0.992621 -0.668769 -0.131912  0.770809  0.532456  -0.65005 -0.568201  0.829505
point 69 568 248.265 194.891 -0.997387 -0.626076  0.943674 -0.694834   0.40115  0.526026 -0.953071 -0.773321 -0.780957  0.139165
point 70 573 478.083 138.034  0.860251 -0.232914   0.29359 -0.485108  -0.27785  0.050939 -0.662552  -0.97218 -0.263188  0.559898
point 71 577 137.736 230.456   0.35507 -0.954039  0.519279  0.666914 -0.724336  -0.47596  0.813757  0.686857 -0.420901  0.548672
point 72 600 15.7373 196.165  0.936155  0.372075  0.708549   0.61226  0.942057 -0.493055   0.17775  0.492558 -0.368775 -0.842058
point 73 607 240.548 237.794  0.826862  0.374659 -0.276063 0.0709158 -0.348009 -0.401897 -0.402261  0.221448  0.902269  0.771271
point 74 610 263.974 169.559 -0.201619 -0.185237   0.70473  0.703498  0.487702   0.41448   0.61455 -0.583275  0.165733 -0.401276
point 75 617  330.51 159.203 0.000895326   -0.845221    0.306154    0.194191   -0.575508   -0.986275   -0.208252    0.298524   -0.790436    -0.58276
point 76 630 620.909 220.667 -0.0186009  0.0253022   -0.35003  -0.331081   0.607991 -0.0539506   0.460098  -0.165643   0.617821  -0.735074
point 77 655 431.234 226.115 -0.147692  0.659502  0.503777 -0.611239 -0.532824 -0.404675 -0.949882 -0.736985 -0.822631  0.801757
point 78 661 336.417 153.366  0.332382 -0.488337  0.404157  0.437764  0.147277  0.133058  -0.87752 -0.763253  0.264325   0.42198
point 79 667 433.764 183.166 -0.971043 -0.591379 -0.240355 -0.565576  0.718689  -0.73102 -0.451938  0.697918  0.514041  0.422399
point 80 668  629.88 168.896 -0.578354  0.785957 -0.749208 -0.444401 -0.489973 -0.147616  0.140891 -0.531977  -0.85302  -0.58468
point 81 679 11.4637 202.265  0.961458 -0.228454   0.14143  0.711122   0.94514 -0.375036 -0.378436  -0.38751  0.859996  0.921604
point 82 691  257.29 195.938  0.621033  0.983904  0.230655  -0.24969 -0.947465  0.120038  0.339306 -0.448253 -0.979377 -0.023741
point 83 695 265.656 175.878    0.755381   -0.229511    0.331703   -0.427521    0.481668  0.00202208    0.902464 -0.00316643    0.474542    0.769811
point 84 710 83.3206 168.996 -0.0698611  -0.525854  -0.574452   0.323528  -0.396345   0.267404  -0.710407 -0.0967052  -0.186013 -0.0656445
point 85 715 39.916 238.77  -0.75235  0.612753 0.0335185 -0.678612  0.353415  0.948969  0.348315 -0.822473 -0.172145 0.0348637
point 86 720 93.6011 147.255  0.395117 -0.525315  0.463047  0.310068     -0.77 -0.997509 -0.558761 -0.854451  0.520717 -0.726111
point 87 752 342.121 157.917  0.852824  0.826835 -0.547318 -0.181305 -0.109856 0.0449303  0.369231 -0.673144  -0.70757 -0.467155
point 88 769 48.9031 151.089 -0.897107  0.759256  -0.64813 -0.269274 -0.313655  0.396438  0.808267  0.572846  0.677704 0.0966542
point 89 770 36.7336 157.317  0.807097 -0.493159  0.652792 -0.350415 0.0490494 -0.229188  0.412993 -0.739458  -0.86884  0.738861
point 90 776 275.855 111.167  0.942766 -0.128074 -0.183535 -0.577289  0.626401 -0.879089  0.352489 -0.386099  0.796613 -0.806877
point 91 777 432.462 180.764  -0.627581   0.610651  -0.329402  -0.469757   0.631352  -0.249462    -0.3115   0.579655 -0.0488945  0.0629041
point 92 794 319.852 196.069 -0.387289  0.419933  -0.37277 -0.610339 0.0821935  0.697142  0.462126 -0.536596  0.174536   0.52841
point 93 797 346.222 145.664  -0.705674  -0.656695   0.690339   0.108835  -0.187461  -0.586932 -0.0965162   0.577721    -0.1426  -0.295903
point 94 804 518.129 212.872  -0.837461  -0.718326  -0.660373  -0.601814   0.583676   0.714081 -0.0772224   0.453298  -0.589065   0.102779
point 95 815 564.614 13.5014  0.118331 -0.264968  0.968338 -0.287078  0.747364  0.606781 -0.369607 -0.635538  0.796668  0.870281
point 96 817 635.081 195.613  -0.309421   0.492401     0.7707   0.577636   0.590966 -0.0570002  -0.622329   0.581883   0.623976  -0.902069
point 97 819 0.571602  38.1698  -0.489477   0.438643  -0.774469   0.781951   0.981779 -0.0530258   0.266011   0.786114  -0.421898 -0.0776279
point 98 820 191.963 202.527   -0.661695 -0.00212619    0.736252   -0.480085    0.533035   -0.271455   -0.318513   -0.418495    0.364914   -0.106534
point 99 837 574.087 128.004 -0.0578778  -0.277909  -0.503207  -0.302963   -0.80464   0.194842    -0.4455  -0.333333   -0.87883    -0.4831
point 100 841 306.408  143.62  0.164396  0.960936 -0.870393  0.947477 -0.354554  0.122783  -0.25753 -0.249102   0.23432  0.483571
point 101 843 379.386 151.843  -0.405667  -0.184334 -0.0866379   0.445944   0.165987  -0.942201   0.413939   0.242565   0.927252    1.02291
point 102 846 534.346 233.245   0.420914   0.335448   0.436403  -0.850909  -0.891597 -0.0817202  -0.721014  -0.278033   -0.40843   0.209721
point 103 848  164.33 211.778 -0.434971 -0.196201  -0.89247  0.854832  0.868224  0.543915   0.12606  0.262686  0.686366  0.256747
point 104 862 215.483 177.564 -0.778372 -0.298723 -0.742947 -0.212375  0.591805 -0.535922 -0.139447  0.335202  -0.92006 0.0182008
point 105 863 106.372  149.69  -0.291852    0.36259   -0.14324   0.461429 -0.0353588     1.0366  0.0400082   -0.18611  -0.148985   0.553267
point 106 866 591.686 178.845 -0.556738 -0.057749  0.814517 -0.592628   0.65936 -0.245096 -0.117064  0.419343 -0.399203  0.961325
point 107 867 485.424  207.92    1.01129   0.137593   0.117976   0.639319   -0.46297 -0.0816738   -0.79241  -0.392192   0.629548  -0.105552
point 108 876 298.572 155.815  0.441042 -0.676178   0.94605 -0.200559 0.0131631 -0.970106 -0.955072  0.325719   0.88787   0.34048
point 109 880 311.303   197.7 -0.600943 -0.485858 -0.235498  0.658402  0.552498  -0.25293 -0.377052  0.569905  0.769692  0.690909
point 110 883 314.409  224.62  -0.258297  -0.228486  -0.693567   0.915405   0.284585   0.562766   0.538835  -0.288375   0.220955 -0.0506734
point 111 886 525.584 179.757 -0.329422 -0.871909 -0.444485  0.084502  0.372361    1.0335  0.891509  0.862156 -0.743356 -0.801464
point 112 888 82.6051 122.655 -0.689951  0.778654  0.487383  0.494267  0.388901 -0.925616  0.685922  0.924594  0.154912 0.0329272
point 113 894 74.9591 185.401  -0.250546  -0.550127 -0.0172678   0.711049  -0.611622  -0.733839   0.831416   -0.31761   -0.93945  -0.928677
point 114 908 265.123 134.305  -1.01492 -0.900584  0.920948 -0.657297  -0.69869  0.950051  0.630815 -0.760329 -0.565791  0.224111
point 115 911 569.362   197.4  -0.951532  -0.351017  -0.815793   0.715457  -0.971851 -0.0782103  -0.955695   -0.14133   0.445711  0.0630796
point 116 920 556.515 210.622 -0.931212  0.701563 -0.304755 -0.337544 -0.396092 -0.170509  0.840687  -0.87617  0.986182 -0.528344
point 117 926 616.117 225.153   -0.781283   -0.786377    0.894435   -0.890056 -0.00113373   -0.505054   -0.397327   -0.741793   0.0782188    0.513747
point 118 927 390.334 195.039 -0.0232046   0.880947   0.609476   0.405241  -0.922804   0.412491 -0.0356106  -0.342146   0.734499    0.91246
point 119 928 522.574 196.049 -0.203317  0.905436 -0.780024 -0.854246  -0.28947 -0.551797  -0.68882 -0.409195 -0.413098  0.348227
point 120 929 366.293 196.649 -0.842565 -0.325712 -0.266228  0.260035  0.236508  0.747719   0.11868 -0.240433 0.0681915  0.212307
point 121 939 584.643 200.495 -0.471458 -0.701219  0.543275  0.927494  0.218767 -0.934136 -0.701272  0.727331  0.113199   0.75945
point 122 942 332.707 214.313 -0.785986  -0.33124  0.672289 -0.510077  0.207029 -0.235756 -0.743692 -0.924931  0.954831  0.479007
point 123 944   273.8 186.589   0.557692   -0.45809  -0.315495  -0.596707   0.726163 -0.0307496   0.180165    0.33907   0.484325  -0.660593
point 124 951  621.88 213.357  0.158856 -0.810212 -0.152763  0.399552  0.236548 0.0354312  -1.04615  0.474854 -0.145181 -0.687735
point 125 958 229.978 151.714 -0.438533 -0.925319 -0.793162   -0.1981 0.0480707 -0.305206 -0.150188 -0.244016  0.461435 -0.945149
point 126 962  166.49 190.562  -0.212881  -0.284362   0.839571  -0.775802  -0.819517 -0.0119394  -0.518541  -0.513201 -0.0522477 -0.0958523
point 127 963 517.386 186.385 -0.00692594   -0.856358   -0.366785    0.450363   -0.873631    0.250389    0.956916   -0.897582   -0.157116    0.481455
point 128 965 147.389 63.1545    0.94914   0.606126   0.540303 -0.0584307 -0.0174596  -0.443897   0.118987   0.589502   0.913975    0.19449
point 129 971 536.148 180.461  0.665155 0.0284126  0.267569 -0.702951   0.98039 -0.051284  0.333191  0.978735   0.75692 -0.213117
point 130 973 49.4992 173.393  0.147086   0.21768  0.530242 -0.919598 -0.434266  0.280512  0.109565  0.810656  0.556693 0.0829655
point 131 974 191.529 234.307 -0.440901  0.738926 -0.736724 -0.909462  0.536495 -0.520595 -0.440078  0.445365   0.48125 -0.387722
point 132 978 251.864 216.497  0.843188  0.672593   0.29254  0.973356 -0.777109  0.342914  0.140869  0.400331 -0.569019   0.41499
point 133 979 403.083 177.088 0.0166545  0.441846   -0.1206  0.438025  0.197802  0.363227 -0.600898 -0.108775  0.575435 -0.300168
point 134 989 447.453  238.06  -0.702873   0.346072   0.502867  -0.623281 -0.0863204  -0.544804  -0.171516    0.54815   0.485904  -0.496545

