seq: 235
gt_pose:   3.62081   4.48818 -0.597735
odom_pose:   4.10186   3.65538 -0.738748
point 0 3 435.187 184.776 -0.235395  0.746484 -0.409061 -0.292831  0.665272  0.822544  -0.88312  0.863459 0.0455225 -0.862015
point 1 20 232.636 213.832 -0.458143  0.111087 -0.834859 -0.467027  0.763659  0.384691 -0.850523 -0.769138 -0.294296  0.138686
point 2 42 554.086 142.287   0.0148676   -0.816302 -0.00936124  0.00929008   -0.906586    0.595932   -0.203512    0.248787   -0.117321   -0.751145
point 3 49 328.601 113.472  -0.689975   -0.42164   0.738724  -0.294282   0.843697   0.469413 -0.0402363  -0.481822   0.882224  -0.803664
point 4 50 301.743 200.571  0.837156 -0.665599 -0.387543 -0.637739 -0.565798   0.25903 -0.657151 -0.706417 -0.579805  0.916723
point 5 71 31.5673  2.8665  0.156364  0.235025  0.558804  0.585434 -0.392969 -0.868802  0.713815 -0.638933 -0.640862 -0.298196
point 6 75 305.955 190.759  -0.62266 -0.960024  0.944247  0.500944 -0.799892  0.742179  -0.61052   1.02072  0.114082  0.349727
point 7 79  247.25 173.996 -0.193387 -0.739394 -0.116712 -0.761315  0.158672  0.943815 -0.792849  0.736412  -0.68268  0.608983
point 8 82 281.203 111.632   0.896209 -0.0254514  -0.277346  -0.331146   0.872498    0.87579  -0.813439    0.81638    0.75892  -0.585218
point 9 84 539.966 182.816 -0.382882    0.0897  0.382266  0.937052  0.233173  0.231547 -0.142972 -0.972842   1.03035  -0.28941
point 10 87 355.004 234.168  0.687583  0.841306 -0.213596  0.866332 -0.647542 -0.603688 -0.493128 -0.236801  0.803948  0.216967
point 11 96 107.304 192.495  0.450338 -0.397759  0.326716 -0.691435 -0.827092  0.565196  0.711252 -0.331888  -0.27599  0.684723
point 12 115 440.415 138.786   -0.70959  -0.803208   0.436594   0.478988 -0.0293946  -0.557432   0.917836  -0.500356  -0.488983    0.43146
point 13 120 396.303 139.395 -0.972835  0.163408  0.639987 -0.579638  0.638008  0.583567 -0.627038  0.252334 -0.907049  0.269021
point 14 140 277.808 92.6206  -0.502959 -0.0560565   0.628901  0.0675799   0.817637  -0.718593   0.389961  -0.569264  -0.345994   0.910919
point 15 170 334.408 231.968  0.169014 -0.380661  0.260956  0.107545  0.788658 -0.185732 -0.830235   0.78074  0.468697  0.685966
point 16 198 633.83 236.11  0.875498  0.565626 -0.314548 -0.592813  0.986985 -0.813681  0.928709 -0.950034 -0.702816  0.302605
point 17 206 471.943 168.029  0.703489 0.0800765  0.621014  0.964363 -0.810371  -0.64449  0.751336 -0.225724 -0.927904  0.709546
point 18 222 148.786 232.563 -0.676999  0.949625  -0.90152 -0.490607  0.514113 -0.746627  0.020639  0.536514  0.350608 -0.468479
point 19 232 50.8923 235.866 -0.0769214  -0.369524   0.448902  -0.302557  -0.892287 -0.0569156   0.873272   0.720814  -0.918765 -0.0438471
point 20 244 270.652  181.88 0.0642203 -0.914675  0.494749  0.672523  -0.88483  0.698971 -0.344244  0.261856  0.199914  0.237494
point 21 259 524.833  207.24  0.194555  0.647031  0.127964  0.438308 -0.424892 0.0517201 -0.749062  0.411755 -0.907396 -0.603443
point 22 276 346.863 239.532   0.567912  -0.720805  0.0910763 -0.0469913   0.280006 -0.0748072    0.26815  -0.615109  -0.436726   0.697098
point 23 280 625.903 225.051  -0.273797   0.126803   0.544545  -0.139439  -0.338658  -0.363489   0.852485   0.792641 -0.0771031   0.803062
point 24 286 568.978 176.938 -0.771434  -0.51412 -0.481502 -0.250209 0.0360371   0.34993  0.914533 -0.875273 -0.923769  0.678376
point 25 290 518.614 180.592 -0.626063  0.845499 -0.798569 -0.479673 -0.678167  0.561056 -0.859237 -0.759211  0.596965 -0.973476
point 26 297 82.0634 163.956   0.575022 -0.0613442   0.850639  -0.306694   0.117941   0.467227    0.79719    0.78383  -0.169197  -0.111869
point 27 300  181.89 181.246 -0.107918 -0.640195 -0.635851  -0.17803   -0.1828  0.755954  0.980258 -0.519255 -0.825138 0.0102956
point 28 316 502.571 179.824   -0.58242  -0.714356  -0.896465  -0.454767  -0.480467 -0.0506211  -0.344944  -0.194754  -0.327566   -0.68194
point 29 325 458.663 186.593 -0.183533 -0.247915  -0.63094  0.122398  0.178928 -0.319085 -0.245416 -0.520923 -0.547244 -0.946262
point 30 327 583.712 216.066 -0.322323 -0.949203  -0.26004  0.859697  0.336235  0.516218  -0.41883  0.663616 -0.300809  0.768845
point 31 340 333.423 145.621  0.425914 -0.379461  -0.72752  -0.10823  0.798982 -0.138795  -0.65338 -0.461323  0.553632 -0.318408
point 32 341 313.094 221.018 -0.679026  0.108549  0.350267 -0.355649  0.328138 -0.421317 -0.860809 -0.663017  0.787084 0.0385506
point 33 343 286.174 166.724 -0.0230335  -0.926946  -0.340474   -0.79745   -0.23657 -0.0910546   0.243954  -0.871282   0.590062  -0.384477
point 34 353 558.348 130.815  -0.569754  -0.279514   0.975057  -0.321544  -0.303886   0.278179 -0.0355798  -0.569189  -0.428803   0.113775
point 35 357 79.8618 228.877   0.354292  -0.242445   0.519669   0.410702   0.575152 -0.0792934   0.316132   0.759718   0.429431  -0.228895
point 36 383 126.389 180.326 -0.658517 -0.292193  -1.00772 -0.680487  -0.71445 -0.118426   0.55011  0.562984  0.445201 -0.188271
point 37 390 268.782 229.932  0.359133 0.0317191  0.271731 -0.567182  0.379864  0.834017   0.30285  0.179323  -0.56915  0.382141
point 38 395 169.878 233.834  -0.735726   0.163648  -0.943405    1.00886   0.877389   0.588404  0.0772276  -0.361137 -0.0379855  -0.029242
point 39 396 409.579 80.8944  0.223942 -0.713072  0.813187  0.729821  -0.42794 -0.304351 -0.805138 -0.446571  0.380359  0.653926
point 40 401 303.758 214.053  0.017641  0.550133  0.277796 -0.504241 -0.624572  0.180833  0.651611  0.832352 -0.950648  -0.61628
point 41 418 357.775 231.454  -0.911111 -0.0385838   0.261695  -0.689253    0.87219   0.752975    0.93877  -0.804503  -0.673017   0.580757
point 42 426  61.175 162.901   0.92132  0.118335  0.904109  0.291079  0.789632 -0.285137  0.440416  0.341441 -0.905412 0.0860881
point 43 436 63.2859 230.857  0.311298  0.897741   0.18427  0.688017 -0.891677  0.380755 -0.532875 -0.442476  0.947622 -0.356398
point 44 445 56.3189 111.291 -0.878665 -0.268528 -0.711642 -0.793395 -0.316295  0.801577 -0.333212  0.153567 -0.458111  0.561607
point 45 447 144.544 146.449  -0.322753  0.0884218  -0.919972  -0.756158   0.226515  -0.828166 -0.0272384   0.533317  -0.729859   0.661774
point 46 456 364.891 179.997  0.164325 -0.606901  0.566732 -0.502865 -0.307949  0.683209 -0.496716 -0.652635 -0.795084 -0.877798
point 47 463 632.238 132.532   0.519039 -0.0747805  -0.328216   0.551914  -0.822467   0.225738   0.924258   -0.79494  -0.724969   0.115246
point 48 512 354.977 166.942  -0.67946 0.0846734  0.787817 -0.318796  0.582026 -0.943749 -0.250053  0.191706 0.0505699 -0.430572
point 49 526 175.191 165.678 -0.270242  0.975867 -0.273334 -0.865164 -0.264666  0.461034  0.971301 -0.963181 -0.514564  0.877935
point 50 532 637.653 188.658 -0.801096  0.423498  0.843714  0.836551  0.723197  0.720916  0.209027  -0.45023  0.974792 -0.484231
point 51 533 453.694 178.895  -0.667154  -0.153672   0.552751  -0.251951  -0.707977  -0.729222   0.627078  -0.280574   0.712594 -0.0434169
point 52 564 326.184 206.997  -0.58706 -0.181574  0.195279 -0.427842 -0.146943  0.471706 -0.436456 -0.988069 -0.786281  0.994147
point 53 581 462.394  237.79   -0.66074  -0.510966   -0.27982   0.982269  -0.934877  -0.162179 -0.0998853  -0.798664   0.928506   -0.11195
point 54 588  483.12 230.551 -0.248717 0.0990177 -0.392604 -0.614672  0.555215  0.598489 -0.615512  0.276405 -0.155199  0.161282
point 55 590 181.691 178.297  -0.497647  -0.925484   0.637089   0.470929 -0.0286417  -0.588001  -0.427865   0.539422  -0.186073  -0.923945
point 56 605 304.129 215.845   0.970582   0.453923  -0.408159   0.349564   0.214474  -0.439467 -0.0413587 -0.0880846   0.850357   0.146686
point 57 629  550.09 181.293 -0.429352  0.800944  0.649362 -0.942714  0.935781 -0.249281   1.00735 -0.684784  0.225214 -0.819549
point 58 630 252.993 209.819 -0.0619608 -0.0249188  -0.305712  -0.353316    0.69582 -0.0387123   0.529741  -0.166484   0.624757  -0.722496
point 59 646 466.949 224.009 -0.326293   0.65925  0.787247  0.823319  0.365025 -0.733262 -0.288676  0.788134  0.239838  0.464471
point 60 668 297.631 143.426 -0.614914  0.821729 -0.734304 -0.430734 -0.472867 -0.200318  0.137647 -0.513002 -0.871826 -0.575489
point 61 681 514.367 203.196 -0.264016  0.608072   0.19978  0.445546 -0.784465  0.175696 -0.754642  0.474582 -0.164565 -0.831582
point 62 697 518.314 205.027  0.145152 -0.746807 -0.488508  0.971269  0.511235 -0.716727 -0.309282 -0.136888 -0.226412 -0.840893
point 63 709 559.314  213.73  0.966079 -0.911663 -0.945765 -0.954459  0.510798  0.824012  0.821693  0.547364  0.223868 -0.480464
point 64 730 156.262 195.319  0.734652  0.404009  0.831198  0.857591   0.49507 -0.209569 -0.355397 -0.537439 -0.109053  0.983195
point 65 765 240.513 186.376 -0.950082 -0.139367  0.530234 -0.578556 -0.386249 -0.267364  0.522554 -0.167561  0.422963  0.933659
point 66 771 495.266 224.473  0.164283 -0.447375  0.787575  0.996131 -0.595199  0.836857  0.671651  -0.19892 -0.457568 -0.640551
point 67 778 359.828 224.295 -0.135815 -0.654882 -0.839449   0.76349 -0.568557  -0.92345 -0.385394  0.303104 -0.455296 -0.748048
point 68 803  184.92 151.763 -0.713363   1.02903  0.797603 -0.596915 -0.598377  0.226073  0.137768  0.784603 -0.292593  0.661241
point 69 804 463.411 164.199 -0.764843 -0.734536  -0.68773 -0.589954  0.510358  0.695037  -0.10454   0.48593  -0.58689  0.160269
point 70 809 343.525  172.19  -0.28505 -0.883496 -0.998814 -0.308487 -0.527204 -0.219581  0.812794  0.750248 -0.217994 -0.225112
point 71 813 91.6209 232.027  0.613567  0.946206 -0.340414 -0.847027  0.295221 -0.757027  0.837398 -0.712601 0.0325261  0.108768
point 72 817 301.655 182.001   -0.31612    0.55257   0.818597   0.600106   0.591873 -0.0576061  -0.579406   0.619923   0.606583  -0.939279
point 73 823 257.632 155.607 0.0462578 -0.741476 0.0222513  0.737111  0.594235 -0.518081 0.0723218  0.884494 -0.439648 -0.028101
point 74 837 474.473 90.3736 -0.100171 -0.277328 -0.537501 -0.312026 -0.818609    0.1298 -0.471037 -0.424053 -0.801193  -0.46988
point 75 846 372.325 221.604     0.4277   0.331076   0.364126  -0.851357  -0.927822 -0.0761621   -0.71996  -0.276474  -0.323639   0.249698
point 76 865 76.5913 184.036   0.898874  -0.355625  -0.954013  -0.279944  -0.254086   -0.22474  -0.996069   0.623277  -0.798622 -0.0625208
point 77 866 304.138 133.562  -0.559851 -0.0939461   0.747481  -0.610678   0.652051  -0.240679  -0.140655   0.417076  -0.437033   0.901176
point 78 882 607.109 194.394 -0.501404  0.980013 -0.636724   0.55462  0.454509 -0.199817 -0.936515 -0.782527 -0.602219  0.615353
point 79 885 549.771 165.158    0.854207   -0.621966  -0.0746821 -0.00886558    0.571109    0.694179    0.748125    0.797575    0.632895   -0.072515
point 80 886 495.091 105.484 -0.366311 -0.801177 -0.455474 0.0804539  0.325103  0.939316  0.882599  0.911711 -0.695975 -0.807435
point 81 892 435.407 158.967    0.29148  -0.856166  -0.712878   0.713066  -0.760745   0.721888  -0.710598   0.169025   0.854902 -0.0512472
point 82 898 418.938 232.336  0.768579 -0.563675  0.239281 0.0821292 0.0963724 -0.259298   0.56596 -0.508155 -0.156867  0.446025
point 83 903  602.74 204.713    0.82008   0.553527   0.966818   0.765999 -0.0296542   -0.68245   0.200788  0.0776172  -0.877825 -0.0306734
point 84 911 274.411 144.928 -0.988337 -0.336761  -0.82741  0.759989 -0.926453 -0.125701 -0.946023  -0.12934  0.506527  0.079191
point 85 920 354.625  176.59 -0.950346  0.720866 -0.358681  -0.37385 -0.406122 -0.218226  0.787238 -0.842221   1.02332  -0.56278
point 86 926 335.821 219.659 -0.800271 -0.801298  0.942123 -0.891248 0.0209018  -0.57929 -0.427982  -0.77699 0.0731491  0.603186
point 87 928 561.073  158.58 -0.194404  0.855365 -0.785493 -0.932041 -0.304055 -0.587529 -0.712794 -0.311347 -0.499391   0.35704
point 88 939 461.012 189.878 -0.440861 -0.780593  0.587872   0.90641  0.191446 -0.932969 -0.702618  0.685667  0.181476  0.784743
point 89 948 67.7878 185.094 -0.868006  0.220489 -0.871168  0.395274 -0.165359  0.308307  0.305948  0.435224  0.519373 -0.192014
point 90 951 259.297 199.133   0.16489 -0.805615 -0.101305  0.368752  0.267751  0.039342 -0.977452  0.453941 -0.137278  -0.63693

