seq: 44
gt_pose: 2.56974 5.66173 2.51363
odom_pose: 3.14502 5.49058 2.46376
point 0 1 388.313  157.92  0.233428   0.47881 -0.745751  0.241663 -0.982013 -0.552869  -0.68043  0.575388  -0.69805 -0.236086
point 1 27  51.872 195.287  -0.0635598   -0.649862    0.756197    0.202202 -0.00845927   -0.574485   0.0913819   -0.125999    0.686563   -0.197857
point 2 30 26.7547 178.328  -0.724737  -0.905038  -0.881638 -0.0637357   0.534073   0.372776  -0.107398  -0.739298   0.165225   0.175625
point 3 58 31.7489 234.346  0.739709 -0.501622 -0.474972 -0.888776  0.004447  0.827583  0.198931 0.0328551  0.607654  0.932615
point 4 76 248.684 144.803  0.406627 -0.212887 -0.612719  0.698911 -0.713129  0.353703  -0.36953 -0.301897 0.0430377 -0.126069
point 5 101 119.216 176.235   0.602571  -0.172276   0.386373  -0.680659   -0.22955    0.90166  -0.352141 -0.0165828  -0.923613   0.853807
point 6 103 233.268 170.532  0.468937 0.0846415  0.432028 -0.107138 -0.245377 0.0932046  0.678676 -0.834292   0.40474 -0.546583
point 7 105 43.5342 191.246   0.469287  -0.965167   0.568488   0.119841  -0.210452 -0.0716628  -0.829032  -0.696784     0.8758 -0.0510735
point 8 173 340.281 143.834 -0.509978  0.542818 -0.755192  0.854176  0.227172  0.119614  0.538747 -0.790909  0.179984 -0.291158
point 9 181 137.374 175.977   0.780941   0.546677   -0.23489  -0.173695 -0.0980271    0.82608  0.0139258   0.933534   0.608654  -0.334903
point 10 189 221.865 222.829    0.988114 -0.00649431   -0.913645   -0.819988   -0.056844     0.84965    0.750862   -0.445543   -0.407598    0.187298
point 11 192 339.84 179.21   0.455411  0.0532642   0.491456   0.309578  -0.791023  -0.162938 -0.0690067   0.150752  -0.388138  -0.531644
point 12 205 399.597 186.587 -0.812294 -0.247538 -0.237297 -0.750889  0.523809  0.189016  0.169999 -0.681343  0.349313   0.13733
point 13 208 198.368  205.18 -0.929912 -0.326962 -0.883059 -0.119669 -0.226843  0.808055  0.972036 -0.584832   0.76514 -0.857178
point 14 209 113.305 233.479 -0.224809  0.213975  -0.33713  0.323982 -0.841673 -0.318964  0.606543 -0.825591 -0.358358 -0.667928
point 15 226 51.4634 16.9678 -0.0126027   0.498419   0.575458   0.633872   0.920435   0.487047  -0.940206  -0.802094 -0.0318451   0.454358
point 16 229 259.088 150.145  0.964935  0.070922  0.301928 -0.761588   1.01417  0.178947  0.475763  -0.34392  0.172506 0.0496232
point 17 275 312.148 97.8975   0.948615 -0.0791711    0.44039   -0.78905 -0.0262142  0.0899578  -0.289324   0.451142  -0.618053  -0.114202
point 18 285  173.74 148.241 -0.563267 -0.149145 -0.518517   1.04146  0.936075  0.844907  0.300847   0.63646 -0.363029  0.410363
point 19 307 32.3323 221.473   0.13294  0.893543 -0.195372  0.597259  0.686061   0.90207  -0.13494 -0.476667 -0.854435  0.501911
point 20 311 488.604 138.454   -0.50888   0.472575 -0.0320906   0.196483  -0.122785    0.34427   0.180013  -0.126781    0.10456   -1.00628
point 21 321 114.291 158.197   0.109404  -0.721494 -0.0569264  -0.906383   0.928175  0.0102693   0.335672   0.576001   0.757026   0.593746
point 22 322 134.395 167.773 -0.300269 -0.130067  0.514717 -0.788531  0.989425 -0.677687  0.948415  0.878309  0.376323   0.49067
point 23 333  386.42 198.058  -0.776909   0.514154   0.187543   0.188232  -0.788679    0.81044   0.989439 -0.0303204 -0.0875193  -0.183459
point 24 337 334.979 218.298 -0.109824 -0.207483   0.28737 -0.386415 -0.386203  0.543324 -0.263797  0.397333  0.741469  0.395001
point 25 377 349.554 223.334   0.549611   -1.01263   0.136529  -0.563368  -0.805376   0.756381  -0.417681   -1.01825 -0.0021428   0.672626
point 26 393 327.401 180.599  0.563116  0.122795 -0.325984  0.287276  0.948519 -0.161323 -0.689184  0.128631   0.78987 0.0404355
point 27 402 231.299  207.93    0.294724   -0.247347 -0.00512497     1.00791    0.483693   0.0275634   -0.122448    0.502984     1.03464   -0.326778
point 28 404 237.918 160.182 -0.0482436  -0.952763   0.225925  -0.404565  -0.170949  -0.537275   0.342764   0.845292  -0.537913  -0.173071
point 29 406 122.629 187.251 -0.150632  0.948611 -0.676607  -0.49341  -0.86999  0.227022 -0.497263  0.349092  0.853058  0.419483
point 30 408 453.783 150.345 -0.396947  0.688225 -0.324446 -0.852331  0.195559  0.459789  -1.02039  0.425499  0.927443 -0.885061
point 31 435 419.942 217.346  -0.766022   0.323797 -0.0516483  -0.365391   0.506963    1.03018   0.059003  -0.820928   0.193497   -1.02594
point 32 438 413.099 138.127 -0.646609  0.793577 -0.695496  0.983791 -0.313423   0.68876  0.868753  0.892759  0.331385  0.971602
point 33 441 7.83973 183.595  0.833016  0.244089  0.656315  0.771511  0.773817 -0.154258 -0.647959 -0.972705 -0.897354  0.636365
point 34 450 256.897 19.7044   0.480325   0.253255   0.677209   -0.58251     0.9388   0.546741 -0.0323542  -0.803797   0.886829   0.720783
point 35 453  224.15 236.061  -0.34649  0.347201 -0.118819 0.0175017  0.281334 -0.596176   -0.8738 -0.210894  0.554237  0.279493
point 36 464 329.805 225.718 -0.0700008  -0.927449  -0.019487  0.0814076  -0.501474   0.152591   0.411916   0.421914  -0.644996    0.21438
point 37 477 307.379 147.339  0.879462  -0.69882 0.0676867 -0.359693  0.194792  0.101395  0.716621 -0.736186 -0.334436 -0.622856
point 38 478   179.6 194.505  0.173529 -0.717064  0.552235  0.818729 -0.415594 -0.444062  0.272104  0.181226  -0.36686  0.828987
point 39 486 17.1646 216.365  -0.90347  0.578631  0.937214 -0.436026  0.976051  0.813492 -0.809157   1.01654 -0.928124 -0.422899
point 40 496 76.1809 234.059  -0.918515  -0.718634   0.586807    0.29734   0.901943 -0.0587982  -0.843888  -0.439559    0.03062    0.18323
point 41 505 350.759 110.877   -0.626438   -0.229795    0.219897    0.265493   -0.829227   -0.432372   -0.820575    0.871083   -0.438925 -0.00160314
point 42 520 215.106 114.543 -0.289761 -0.884923  0.368715  0.376191  0.902647  0.449231  0.449152  0.183146  0.289289 -0.206174
point 43 524 116.012 224.742 -0.274059  0.706283  0.265869 0.0681972  0.995888 -0.507731 -0.261866   0.16326  0.287992 -0.824786
point 44 542 428.389 185.294 -0.701968  0.210487 0.0724109 -0.373462 -0.117763 0.0497998  -0.81378 -0.436043  0.554931 -0.145395
point 45 544 66.9638 181.333  -0.105128  -0.303718   0.656686  -0.170636  -0.681297   0.945531  -0.982176   0.369309   -0.47834 -0.0109116
point 46 561 223.955 223.894 -0.936053 -0.331585  0.789325 -0.168662 -0.953225 -0.711893  -0.10813 -0.949109 -0.416941  0.711273
point 47 585 386.515 202.197 -0.956458  0.644964 -0.139913   0.81829  0.283258  0.403026 -0.535482  -0.67334  0.266744 -0.873098
point 48 613 47.1884 155.627  0.723714  0.852744  0.940857 -0.704254 -0.777973  0.133767 -0.192059 -0.416162   0.10807  0.927996
point 49 614 184.142 197.349  0.411657   0.68115 -0.674085 -0.688264   0.92536 -0.331233  0.776438 0.0958096   1.03291  0.185169
point 50 616 223.423  226.67   0.850751   0.520111   0.513364   0.349106   -1.01168 -0.0680202  0.0390041  -0.579224   0.268939 -0.0469231
point 51 662 64.7971  206.85  0.352328 -0.326801 -0.362961 -0.802851 -0.232069   0.87046  0.555397  0.997141 -0.760891  0.725328
point 52 669 81.6329 226.452   0.460936   0.628884  -0.717688  -0.472437   0.140907  -0.639493 -0.0242734   0.959713  -0.217955  -0.290136
point 53 674 318.165 232.148  0.845802 -0.779499  0.377406  0.766002 -0.416851 -0.505069 -0.670055  0.116423 -0.146873  0.256906
point 54 683 89.4584 174.164  0.279018  0.158857  0.585108  -0.77566   0.75227 -0.713663  0.772913 -0.093192  0.779854 -0.970447
point 55 705 186.675 239.088 -0.0261747  -0.747989  -0.107131   0.517201  -0.943806  -0.265493   0.927621  -0.594464  -0.390697  -0.407481
point 56 711  464.08 198.563  0.107002  0.270456  -1.00105  0.917996  0.977017  0.986512  -0.93164  0.988147 -0.979707  0.490052
point 57 780 306.691 238.976  -1.00117 -0.264847 -0.270755 0.0932784   0.99157  0.554113  0.501896 -0.852136  0.306099  0.964565
point 58 798  30.719 151.778 -0.422342 -0.857796  0.989195  0.567256  0.509737  0.582149  0.666916   0.92403 -0.945152 -0.574811
point 59 800 22.9562  152.23   0.540961   -0.96352  -0.579001  -0.109014   0.788801 -0.0516366  0.0866642   0.832174  -0.427894  -0.460516
point 60 822 467.143 210.553  0.690475 -0.260368   0.87624 -0.264752   0.25504 -0.854354  0.716698 0.0282589  -0.30294  0.187505
point 61 826   345.2 184.355    0.500221   -0.226844    0.252712      0.4966    0.894785   -0.431653 -0.00806978   -0.726004    0.741029    0.641271
point 62 830 383.731 182.997   0.882227  -0.357241  -0.945943   0.662646   0.848806   0.160743  -0.937849   0.999933  -0.931206 0.00361713
point 63 832 108.82 141.31  0.638402  0.943264 -0.309471  0.689986  0.698937 -0.540457 -0.735893  0.828881 -0.754028 -0.865824
point 64 847  168.32 172.008 0.0727409  0.454389  0.401872  0.989423 -0.780722 -0.695437 -0.354955 -0.823895  -0.81519   0.20534
point 65 869 319.019 234.497    0.42877   0.749816  -0.807484  -0.521709 0.00630446   -0.73098    0.51962  -0.902306   0.828166  -0.902479
point 66 877 219.379 86.7257 -0.720078  0.897716  0.765133 -0.979339 -0.135747 -0.945595  0.853371 -0.616465  0.427207  0.426204
point 67 897 502.808 36.4431   0.187537   0.883888    0.99032   0.612795   0.151008  -0.788159 -0.0943368  -0.257497   -0.85653   0.239256
point 68 899 150.414 187.807 -0.452242 -0.533003  0.590243 -0.705691 -0.916167  -0.23275 -0.860156 -0.924675 -0.611098  0.231429
point 69 924 397.133 216.133  -0.441264  -0.485071   0.303119  -0.428207 -0.0851433   -0.12913   -1.00711 -0.0435504    0.83338  -0.153144
point 70 946  30.643 181.731  0.245866  0.925823  -0.39749 -0.793817  0.543354 -0.894327 -0.298072 -0.758991 -0.447273 -0.630158
point 71 953 258.595  124.05  0.0553868   0.604091    0.76722  -0.622278 -0.0994618 -0.0531081    -0.4529   0.740493  -0.645372   0.818744
point 72 966 329.322 214.379   0.701287   0.335939   0.045602   0.542666   0.774718 -0.0145452   -0.71727   0.013223   0.701739  -0.592853
point 73 980 33.3045 205.874  0.545074 -0.243144  0.530622 -0.510025  0.529505  0.443642 -0.808666 -0.260082  0.320398 -0.694163
point 74 984 391.206 79.1158 -0.457444 -0.755752 -0.970951 -0.520186  0.474536  0.625498 0.0349076  0.497864 -0.561324 -0.689613
point 75 990 406.869 180.577  0.637337  0.710013  0.857373  0.711258 -0.168768  0.223333  0.513483 -0.727497  0.705501  -0.76244
point 76 993 312.568 108.846  -0.247003    0.90691  -0.487961   0.707425 -0.0782458   0.322269  -0.314533   0.148226   0.337881  -0.318302

