seq: 215
gt_pose:  5.03817  4.58854 0.289141
odom_pose:  5.28135  3.53991 0.212191
point 0 20 437.632 200.422 -0.467604 0.0775322 -0.847417 -0.484188  0.735867   0.39409 -0.781726 -0.810544 -0.311776  0.180685
point 1 22  228.81 200.636   0.40073 -0.709181  0.357813 -0.251951  0.565354  0.907533    0.8809   0.76983 -0.589071  0.611261
point 2 79 497.615 101.627 -0.274552 -0.715426 -0.180808 -0.812158  0.178918   0.91846  -0.79124  0.739151 -0.676326  0.644932
point 3 83 197.304 169.427  0.672684   0.90968 0.0199731  -1.03242 -0.605795 -0.392147  0.285004 -0.477725  0.447736 -0.882018
point 4 96 317.238 197.298  0.429499 -0.385067  0.334811 -0.679669 -0.786397  0.579308  0.702361 -0.322913  -0.23047  0.771954
point 5 135  69.865 151.333 0.491451 0.464728 0.453064 0.326904 0.267852 0.999645 0.548376 0.387363 0.325708 0.700879
point 6 136 85.2048 109.935 -0.447368 0.0972757  0.723982 -0.972124  0.333837 -0.628846  0.113955 -0.153701 -0.725097 -0.192443
point 7 213 609.563 144.722   0.537087  -0.222653  -0.790006 -0.0162768 -0.0410047  -0.859935  -0.429594   0.717086   0.423014   0.187665
point 8 222 345.065 231.644  -0.705976   0.928925  -0.909609  -0.459613   0.442201  -0.716618 -0.0395463   0.477103   0.417355   -0.48941
point 9 232 280.044 236.217 -0.0981874  -0.306232   0.394382  -0.316098  -0.882274 -0.0536346   0.877743   0.704636  -0.965379 0.00718193
point 10 244 582.619 86.6946 0.0729726 -0.923018  0.486978  0.663262 -0.808469  0.677858 -0.334359  0.293511  0.136127  0.259667
point 11 248 157.333 171.876 0.0287943  0.768163  0.601918   0.25406   0.10917  0.211116 -0.998994 -0.993884 -0.842875  0.271372
point 12 255 578.966 200.692  -0.979714  -0.801619  -0.893282  -0.886639 -0.0566714   0.907376   0.162698  -0.354848  -0.100019   0.399598
point 13 270 482.832 221.339  -0.534965   0.466024   0.114718  -0.727447 0.00778281    0.21064   0.460313  -0.216158  -0.934075  -0.813727
point 14 297 304.334 177.562    0.58957 -0.0843994   0.779267  -0.246169   0.131572   0.550403   0.781997   0.846765  -0.185528  -0.102442
point 15 300 370.307 176.558 -0.115466 -0.651996  -0.68687 -0.192144 -0.235743  0.780492   0.97834 -0.523531 -0.852409 0.0171566
point 16 349 171.857 156.854  0.614252 -0.253838  0.619569 -0.926464 -0.754854   0.07856  0.452185 -0.517766 -0.401132 -0.629646
point 17 357  289.08 227.306  0.324398  -0.18347  0.437421    0.3981  0.584678 -0.107471  0.288892  0.734537  0.417875 -0.271758
point 18 361 135.957 181.325   0.804983   0.666308  -0.314501   -0.49286   0.732175   0.633247    0.29821   0.334307  -0.950111 -0.0574193
point 19 366 213.392 166.918  0.448686  0.794119  0.251934 -0.715701  0.107242 -0.653146 -0.969791  -0.31603 -0.340663  0.946974
point 20 379 157.487 93.6513   0.243021  -0.566504   0.118023  0.0508923   0.596386  -0.330032 0.00435109   -0.21897   0.196183   0.240048
point 21 383 328.636 181.596 -0.654193 -0.378482   -1.0044 -0.686823 -0.739015 -0.149363  0.489329   0.51627  0.467702 -0.163804
point 22 390 571.211 214.316   0.353238 0.00716917   0.262192  -0.531682   0.302547   0.867997   0.320668   0.164828  -0.563968   0.477553
point 23 391 266.078  229.67  -0.809503 0.00571976    0.16392  -0.116664  -0.293089  -0.393933  -0.286582   0.346996  0.0798131  -0.977676
point 24 392 47.6907 226.965   0.900715 -0.0979598  -0.409296    0.27819  -0.968057   0.962995  -0.672238   0.317343  -0.658843   0.633297
point 25 395 360.728 233.442  -0.678868  0.0786959  -0.985528   0.937881   0.944254   0.590058  0.0828472  -0.363327  -0.061177 0.00208982
point 26 426 293.776 178.959  0.961074  0.152764  0.885883  0.354167  0.792142 -0.250494  0.499813  0.370304 -0.904038 0.0166033
point 27 436 297.146  233.12  0.296942  0.844369  0.177506  0.664446 -0.823078  0.431813 -0.509225 -0.439644  0.932517 -0.313885
point 28 445 284.291 123.722 -0.931927 -0.272032  -0.68289 -0.858077 -0.293188  0.798154 -0.318754  0.142995 -0.500183  0.542152
point 29 447 341.852 127.982  -0.397399  0.0861035  -0.904999   -0.74903   0.287285  -0.810683 -0.0854674   0.553484  -0.683513   0.604918
point 30 515 210.943 195.455 -0.0294309  -0.549717  -0.122002   -0.39076   0.545201   0.459686 0.00627459   0.184518  -0.661068   0.395925
point 31 526 365.411 158.952  -0.21201  0.954607 -0.348284  -0.81284 -0.208189   0.37609  0.898447 -0.950629 -0.529769  0.878793
point 32 549 182.987 230.258    0.7513 -0.372375  0.883498  0.895413 -0.122524  0.269385 0.0157683  0.526502  0.431709  0.785067
point 33 550 635.787 196.947   0.23738 -0.091853 -0.691034  0.482484 -0.365225 -0.520888 -0.864916  0.178625 0.0109047 -0.752814
point 34 556  504.12 200.114  0.942817   1.00965 -0.334718  0.519796  0.911906 -0.175692  0.445704 -0.658107  0.878897  0.285277
point 35 579 216.548 154.518  -0.789029 -0.0992513  -0.773607 0.00801769    1.03732   0.531906  0.0701021   0.495402   0.228188   0.285604
point 36 586 217.471 148.937 0.0673892 -0.912023  0.712373  0.212725  -0.26529 -0.106559 -0.678174 0.0812975 -0.114996   0.75445
point 37 590 370.348 172.962  -0.531578  -0.975353   0.654488   0.450092 -0.0438724  -0.572112  -0.479132   0.573886  -0.144546  -0.893089
point 38 592 79.5179 148.334  0.848241   1.01679  0.701581  0.307846 -0.854518 -0.804769  0.329205  0.799461  0.681844 -0.647127
point 39 630   536.4 165.309 -0.00750681   0.0241606   -0.330212   -0.387794    0.640214  -0.0224274    0.533508   -0.201825    0.552477   -0.663042
point 40 712 196.283 236.349 -0.0091757  -0.740366    0.54217   0.739716  -0.600381  -0.558936  -0.710778  -0.180228   0.756857  -0.147344
point 41 714 105.535 121.416  0.759743  0.453548  0.777359  0.524153 -0.557357 -0.232962   0.79137  0.950963 -0.544901 -0.814906
point 42 718 73.6463 152.439  -0.46566 0.0870056  0.878093  0.546508  0.877473  0.855967 -0.510697 -0.649064   0.62038   0.47515
point 43 730 350.558 191.835   0.774832   0.436753   0.862544    0.83417   0.493817  -0.255158  -0.292568  -0.466929 -0.0865444    0.94172
point 44 739 543.494 214.698  0.983067  0.191802 -0.403192 0.0433876  0.777258  0.172744 -0.844143 -0.229856 -0.200456 -0.612925
point 45 759 207.477 155.392  0.109478  0.611704 -0.848719 -0.872685 0.0624842  0.487817  0.848775  0.251265  0.437618 -0.377804
point 46 765 445.973 159.011  -0.96632 -0.217324  0.609557 -0.574646 -0.381951 -0.343827   0.55274 -0.180579  0.462559  0.932287
point 47 785 183.648 163.213 -0.0604543  -0.139049  -0.543037   0.540661  -0.912611   -0.49685  -0.865205   0.699825  -0.694227   0.941111
point 48 803 387.741 102.145 -0.725417   1.03653   0.79348   -0.5434 -0.592227  0.223665  0.088931  0.774526 -0.261334  0.723674
point 49 813 308.345 233.095    0.63033   0.903474  -0.372351  -0.830727   0.272579  -0.744472   0.798849  -0.776582 -0.0353984   0.114101
point 50 823  516.87 59.2801  0.0494001  -0.702266   0.049318   0.749697   0.562163  -0.546221  0.0458552   0.881761  -0.488312 -0.0134003
point 51 831  109.46 231.414  -0.136804   0.410499   0.721329  0.0693874   0.384917  -0.832614 -0.0371444   0.553673  -0.728143  -0.102836
point 52 865 299.561 192.138   0.844028  -0.333484  -0.930024  -0.338804  -0.349024  -0.216312  -0.955004   0.590883  -0.781857 -0.0705284
point 53 872 37.7088 8.49092  0.439586  0.877174 0.0363876  0.544112 -0.437334  0.792596 -0.501304 -0.239534 -0.838446 -0.914281
point 54 874 431.647 210.552 -0.862842  0.284312 -0.668744  0.843763  0.300891  0.740326  0.684703 -0.663671  0.265322 -0.722216
point 55 914 125.709 232.896   0.292607  0.0125053 -0.0731768   0.381336   0.303376   0.411348  -0.633676  -0.124468   0.213547   0.869653
point 56 932 185.083 180.932  -0.123852 0.00759129   0.812799 -0.0351067  -0.179491   0.674666  -0.079896  -0.934831  -0.283332   0.558125
point 57 951 561.312 132.179    0.137649   -0.806735   -0.116636    0.431748    0.179631 -0.00356977   -0.992812    0.461311   -0.124859   -0.674364
point 58 964 116.457 165.798  0.965851 -0.256631  0.211438 -0.185886 -0.876631  -0.96582  0.465737 -0.932342 -0.728277  0.716611
point 59 975 249.814 218.218   -0.762657    0.441301    0.774579  -0.0160445    0.739851   -0.162755   -0.818857    0.330608 -0.00121319   -0.263215
point 60 982 208.678 217.888   0.54621 -0.372136   1.00457 -0.143652  0.322262  0.520457  0.694131 -0.160157  0.933962  0.210378
point 61 992 229.646 179.055  0.440023 -0.647617 -0.207597  0.340432   0.98328 -0.553641 0.0988076  0.755689 -0.834765  0.964061
point 62 995 213.041 203.371 -0.920019  0.806739  0.526523  0.778699  0.948337 -0.596243  0.746597 -0.461197 -0.868654 -0.378397

