seq: 95
gt_pose: -0.47553 -1.80149 -2.55602
odom_pose:  0.60648  -1.9153 -2.47467
point 0 9 145.549 155.164 -0.745064 -0.777457 0.0275699  0.569094   1.01487  0.877205  0.337332 -0.230007  0.517953  -0.23675
point 1 10 284.408 227.325 -0.504031 -0.680585  0.418173 -0.713893  0.620791 -0.698238  0.495179 -0.806713  0.919098 -0.852001
point 2 18 92.1398 217.634    0.198764     0.61804   -0.504628    0.324604 -0.00371132   -0.058359   -0.363614    0.453834   -0.634367    0.291114
point 3 28 365.645 204.051  0.241852  0.968804 -0.355654  0.746346 -0.730593   -0.2152 -0.980761  0.582264  0.565613 -0.435811
point 4 34 436.284 210.477  -0.14036 -0.564025 -0.187035  0.061191 -0.731412  0.136114 -0.951784 -0.225394  -0.21612 -0.401238
point 5 43  183.15 214.703   -0.95797    0.40654   0.136943   0.610599   0.160363  -0.136627 -0.0328029   0.961803  -0.833005  -0.888484
point 6 60 530.915 158.498  -0.944269  -0.867086  -0.498174   0.409512   0.187799  -0.854916   0.923157   0.758677  -0.642744 -0.0812386
point 7 65 93.2304 218.344 -0.796984 -0.109411  -0.84078  0.602542  0.584054  0.369344  0.837812  0.715641 -0.910485  -0.91873
point 8 70 588.639 172.431  0.891892 -0.694479 -0.402546 0.0807081  0.245028  0.700078 -0.555722  0.366455  0.233442  0.643239
point 9 72 280.418 87.8851  -0.76717 -0.354912  0.731101  0.208769 -0.761185  0.619116  0.502373 -0.221956  -0.28513 -0.233519
point 10 80 425.296 228.076 0.0620438  0.471866  0.934778  0.955717 -0.849054   -1.0021 -0.905652  0.837015  0.787172 -0.918198
point 11 81 146.248 177.966   0.534935   0.202906  -0.879073 -0.0406165  -0.216027  -0.100487    0.24331   0.665664   0.174756  -0.631156
point 12 90 420.904 195.278 -0.717945 -0.944116 -0.702064  0.455259 0.0342335 0.0360017 -0.483532 -0.524649   0.10249  0.747876
point 13 121 130.805 183.612  -0.120492   0.854089 -0.0930929   0.677464   0.103002   0.535246  -0.749376 -0.0397399  -0.837657   -0.92661
point 14 128 136.631 175.795  0.741049  0.998762 -0.456019  0.785012 -0.479618 -0.715709 -0.672182  0.345017  0.665827 -0.800572
point 15 129 329.983 150.458  -0.51177  0.777681  0.926859 -0.714763   0.19132 -0.669009  0.969498 -0.117234 -0.996898 -0.120848
point 16 131 464.31 169.68  -0.963085  0.0388684   -0.55327  -0.294165  -0.050341 -0.0798133  -0.541424  -0.143935   0.270808   0.701254
point 17 144  582.39 177.159 -0.487298 -0.146059   -0.8437 -0.786814 -0.714736  0.508233 0.0329527   0.37057 -0.668716 -0.825308
point 18 154 106.777 210.049  0.612941  0.765983 -0.902126 -0.912633  0.771643  0.204679  0.600471 -0.884951  0.538656  0.457528
point 19 155  281.99 229.846 -0.583346  0.755443  0.334048 -0.791116  -0.80142  0.658916 0.0831548 -0.311232 -0.812455 -0.878945
point 20 163 82.0525 157.987  -0.75274  -0.19851  0.560912  0.738499 -0.429678 0.0266192  0.689374  0.606676  0.553281 -0.739371
point 21 195 285.476 150.635  0.354391 0.0165597 -0.206678 0.0149693  0.632944 -0.247409  0.332832  0.606397 -0.406738 -0.253506
point 22 197 325.176 187.176 -0.785847  0.626355 0.0832334 -0.283244  0.796682 -0.571095   0.75011 -0.453941     0.514  0.399988
point 23 218  501.02 231.157 -0.208125  0.678169 -0.987168  0.788047 -0.862188 -0.652271  0.840056 -0.950456 -0.502988 -0.676296
point 24 227 185.973 231.482  0.921559  0.212637 -0.350928 -0.991039  0.614143  0.778059 -0.313989 -0.607863  0.157062  0.358336
point 25 292 211.918 208.503 -0.212453  0.165959 -0.312184  0.668607 -0.262754 0.0727891  0.541864 -0.105262  0.613657  0.832243
point 26 294 167.592 184.647 -0.00253809  -0.0185191    0.190065    0.414128   -0.656763    0.961115    -0.37809   0.0337175    0.627674    0.241347
point 27 295 605.137 182.329  0.662448  0.014585 -0.294087  0.382746  0.152747 -0.288947 0.0136779  0.579681  -0.13246  0.324586
point 28 306 330.212 184.685   0.49158   0.20086  0.531962 -0.136201   0.31761 0.0197319  0.260601  0.864786  0.641598  0.344848
point 29 309 297.475 172.971 -0.559844  0.952058 -0.918687  0.765748 -0.182409  0.189847  0.667425  0.574675 -0.261344  0.414188
point 30 318 78.6163 161.652  0.175148   -1.0096  0.434978  -1.00032 -0.732408  0.813498 -0.698976 -0.672294 -0.706695  -0.16493
point 31 326 5.17594 86.1485  0.397706 -0.487282    0.5636  0.239241 -0.970264 -0.373107 -0.462647 -0.677117  0.231563 -0.805037
point 32 334 319.189 64.1037  -0.37806 -0.317609  0.966814  -0.73094  0.226524 -0.378145  0.183559 -0.856777   1.00099 -0.085291
point 33 345 128.745 198.759   0.960995  -0.541373 -0.0707165   0.340744   0.331459   0.917556   0.336816   0.929481  -0.909829  -0.843452
point 34 350 347.446 121.781 -0.711828 -0.897017  0.946657  0.141719   0.43192  0.818863 -0.763267  0.684716 0.0684538  0.624288
point 35 356 195.748 197.096  0.316394   0.41472 -0.727374  0.853166 -0.605368  0.620371 -0.357812 -0.739246  0.857726 -0.926281
point 36 369 288.289 230.851   0.401358  -0.499155  -0.843348  -0.552971  -0.368877  -0.580342  -0.412746  -0.459436 -0.0102933     0.1553
point 37 388 579.633 188.149 -0.412236 -0.185376  0.814955 -0.446098 -0.912203 -0.215939  0.341459  0.402127 -0.762111   0.28008
point 38 397 600.119 145.893  0.750105 -0.361419  0.619406  0.196884   0.60479  0.901674 -0.701397  0.637346  0.833795 -0.775072
point 39 409 247.761 189.782 -0.474683  0.857889  0.299375   0.76343 0.0704908  0.563737  0.738329   0.19899  0.211343  0.868904
point 40 422 186.747 188.141 -0.0196523   0.523181   0.522103   0.409447    1.00378   0.958305  0.0023617  -0.856165    0.48047   0.733938
point 41 459  208.84 214.547 -0.0254372  -0.558495    -0.2246  -0.044137 -0.0389156  -0.768781  -0.723599  -0.904597  -0.989966  -0.842678
point 42 467 549.756 217.671  -0.450156  -0.778055  -0.116907  -0.326147   0.948146   0.260354   0.506082 -0.0750431   -0.65079  -0.678994
point 43 488 566.096 154.213  0.914765   0.57646 -0.517091  0.185502  -0.72113 -0.430405 -0.241087 -0.687376   0.19321  -0.28997
point 44 497 226.673 191.185  0.511368 -0.434493  0.668477 -0.262132 -0.608908 -0.142546 -0.527347  0.237398 -0.721597   0.01622
point 45 503 579.602 120.076  0.276487 -0.116191  0.669938 -0.994385 -0.126843  0.131566 -0.324357  0.675441  0.934231 -0.988578
point 46 543 511.155 199.595  -0.319204  -0.775056   0.627967   0.629722   0.361131 -0.0588126   0.844859   0.204981   0.640265  -0.809463
point 47 546 148.877 190.197 -0.503244 -0.464477 -0.697044  0.929565  0.153396    0.2464 -0.322392   -0.1939 -0.872009 -0.033987
point 48 547 123.047 180.717  0.446052 0.0905366  -0.40868 -0.936454 -0.271603 -0.541959  0.600708  -0.10784  0.305301  0.852836
point 49 552 637.734 123.256  0.884717 -0.188146  0.838093 -0.121022  0.452166 0.0833029  0.800096  0.707483 -0.394969 -0.549683
point 50 555 615.327 218.022   0.286343   0.390557   0.284178  -0.961524 -0.0681324  -0.466538 -0.0194754   -0.13251   0.780436  -0.389323
point 51 559 407.413 195.875 -0.463308    1.0199  0.975723 -0.601285 -0.140165  0.799152  0.505343 -0.613301 -0.546207  0.881691
point 52 577 481.841 222.069  0.305277 -0.978161  0.536757  0.732323 -0.733608  -0.46726  0.765811  0.709204 -0.452014  0.603929
point 53 589 579.496 177.861 0.0957405 -0.198235 -0.317388 -0.707187 -0.468804 -0.495585 -0.152529  0.260186  -0.80883 -0.960137
point 54 600 401.902 202.818   0.86604  0.441071  0.695267  0.554613   1.00777 -0.484322  0.178417  0.501028  -0.36166  -0.78418
point 55 623  593.07 133.514  0.575574 -0.515545  0.601359  -0.51236 -0.252946  0.415787  0.430354 -0.163556 -0.759915 -0.381719
point 56 642 260.765 146.663  0.806345  -0.19835  0.228266  0.649845  0.611745 -0.688233  0.392885  0.537216  0.718218 -0.456293
point 57 648 379.704 219.768  0.0695345   0.444847  -0.782999  -0.915992  -0.803356 -0.0464686   0.669085  -0.991816  -0.284978  0.0935403
point 58 650 628.425  217.16  0.741914  0.214108  0.641437 -0.545506  0.976522 -0.285153    0.9022 -0.801592 -0.134787 -0.873385
point 59 676  158.47 232.377  0.387697  0.514967  0.856354  0.218678 -0.449125  0.684814  0.423891 -0.986494  0.416037 -0.925445
point 60 679 386.179 207.106   1.02932 -0.253804    0.1948  0.747651   0.91098 -0.411637 -0.314192 -0.378297  0.916416  0.853846
point 61 680 527.836 226.693 -0.0336598 -0.0527586  -0.969972  -0.327244  -0.204734  -0.814889   -0.22795   0.394018  -0.208951   0.795264
point 62 702 35.3741 199.194 -0.528612 -0.272313  0.574088 -0.339706  -0.84873 -0.396452  0.106464  0.276483 -0.696393  -0.32448
point 63 710 445.853 158.265 0.00643278  -0.519505  -0.586978   0.353191  -0.453468   0.320718  -0.717345  -0.189584  -0.223485  -0.116162
point 64 715 420.785 238.872 -0.812987  0.606342 0.0364925 -0.639225  0.281786  0.989854   0.41995 -0.901752 -0.115113    0.0263
point 65 719 546.683 132.718 -0.723657 -0.325657  0.715939   0.70868 -0.600017   0.67631  0.342269  -0.52888 -0.573572 -0.976876
point 66 720 391.725 98.4113  0.404888 -0.566046  0.489636  0.355691 -0.810348  -1.01769 -0.620227 -0.910863  0.495306 -0.764873
point 67 727 599.383 217.185   0.0467905   -0.913809    0.555809   -0.636609   -0.267707    0.812405   -0.343527 -0.00420493    0.898516    0.909887
point 68 735 516.879 229.413 -0.904817  -0.45871 -0.157827 -0.626413 -0.275238  0.483376 -0.273432 -0.772249 -0.301792  0.840112
point 69 748 364.804 215.387  -0.95242  0.141634 -0.403416 -0.860869 -0.533364  0.135594 -0.179347   1.00429  0.726134 -0.446808
point 70 751  57.929 196.573 -0.327173 0.0821706 -0.406346  0.860547 -0.530345 -0.095428  0.126314 -0.891441  0.245304 -0.396742
point 71 755 275.576 235.513   0.121243   0.128707 -0.0570361   0.831327    0.44225  -0.495634   0.245226  -0.361768  -0.441972   0.604216
point 72 760 305.485 177.396   0.81722  0.139445 -0.355682 -0.730085 -0.526431  0.397602 -0.709779 -0.711243  0.876812 -0.263993
point 73 766 217.409 206.162  -0.958585   0.366348   0.167741  -0.570531  -0.123231   0.203965  -0.022019  -0.876488   0.460041 -0.0228393
point 74 767 331.332 237.808 -0.0193816  0.0170701  -0.120578   -0.71596   0.398299  -0.161965   0.144512 -0.0388053   0.295754   0.684049
point 75 769 393.842 145.434 -0.884521  0.740171 -0.637482 -0.260319 -0.330668  0.372003  0.756434  0.589615  0.607392  0.169335
point 76 770 416.164 164.482  0.793322 -0.505746  0.728946 -0.368176 0.0297142 -0.244622  0.415132 -0.744985  -0.81639  0.740605
point 77 774 262.946 215.395   0.299243 -0.0516615 -0.0875784   0.617746  -0.195705  -0.353844   0.111283   0.229486   0.141031  -0.313005
point 78 783 304.467 211.861  0.933749 -0.453313  0.492284  0.841525  0.891191 -0.606008 -0.900044  -0.46142  0.222244 0.0633733
point 79 799 61.8266 163.978 -0.758772 -0.014959 0.0824118  0.160427 -0.478978  0.329445  0.434684 -0.747262 -0.625652 -0.777841
point 80 825 255.867 175.846  0.358835   0.68043  0.946306 -0.332074  0.481222   0.01414 -0.033731 -0.436289 -0.260094 -0.434395
point 81 836 371.659 212.655  -0.753699  -0.700517  -0.143706 0.00190526   0.563308   0.309781   -0.29901   0.664806   0.183168   -1.02117
point 82 848 552.199 175.374 -0.457889 -0.250315 -0.900794  0.814813  0.824622  0.626817  0.146449  0.258616  0.738142  0.242868
point 83 852     329 173.343  -0.387946  -0.319642   0.971424   0.276688 -0.0556929  -0.632335   0.151504   0.873542   0.796525     0.5492
point 84 861 234.251 84.3093   0.0838074    0.625574    0.794656   -0.148992    -0.49182    0.284789    0.025621    0.177802 0.000489582   -0.483677
point 85 863 444.554 109.411  -0.242914   0.305657  -0.103183   0.454006 -0.0449765    1.00189   0.104238  -0.278523 -0.0871164   0.572911
point 86 879 89.0605 153.458  -0.195045   0.606209  -0.163462  -0.664566   0.212128   0.145102  -0.783582 -0.0458789   0.146839  0.0775535
point 87 884 120.702  215.99   0.44449 -0.151117  -0.49695  -0.69204 -0.715107  0.101023 -0.764226 -0.308724 -0.374867  0.706352
point 88 887 37.4221 193.962  0.570721 -0.731318 -0.744152 -0.661162 -0.828214  -0.93306 -0.366841 0.0312017 0.0311836 -0.820324
point 89 888 394.144 79.0851 -0.649733  0.788065  0.499467  0.498116  0.347705 -0.927034  0.712914  0.888484  0.158032 0.0614468
point 90 894  380.51 166.689  -0.281711  -0.527278 -0.0137877   0.721255  -0.621895  -0.720187   0.805157  -0.301599   -1.01189   -0.89603
point 91 915 332.589 219.488   0.182113   0.623489   0.111449  -0.135396  -0.777109   0.339163   0.961885  -0.537838 -0.0960201  -0.377086
point 92 917 192.102 174.901  0.930044 -0.921824 -0.530847 -0.490398 -0.144206  0.675382 -0.839879  0.991094 -0.401374 -0.630666
point 93 941 142.162  201.57 -0.0851972  -0.165027  -0.873182   -1.00553   0.423928  -0.240292  -0.724225   0.005086  -0.357548   0.499426
point 94 952 397.663 203.144  0.780104  0.104991 -0.408322 -0.231794  0.714419  -0.29138  0.436157 -0.761361 -0.385434  0.710555
point 95 954 187.206 217.655  0.620916  -0.38621   0.70429 -0.709046  0.149369  0.448544  0.318602  0.668111 -0.845249 0.0643188
point 96 957 520.487 178.254 -0.517731  0.957899 -0.206699  -0.91357  0.261938  0.908222  0.478887  0.547323 -0.398217 -0.133368
point 97 962 495.088 74.3529   -0.16793   -0.30747   0.872577  -0.755525  -0.771753 -0.0708938  -0.464679  -0.524138 -0.0580213  -0.172717
point 98 973 421.144 175.091  0.155891  0.171749  0.543868 -0.883904 -0.426783   0.27438 0.0932079  0.851359   0.59298  0.136189
point 99 985 17.7064 218.044 -0.0474371   0.278228   0.429084  0.0430615   0.289055  0.0573811   0.491484   0.432825   0.179028   0.735603
point 100 986 571.313 230.181  -0.279521  -0.299082  -0.973534  -0.589291  -0.168598  -0.414345  -0.353763 -0.0375624  0.0728391  -0.897197
point 101 991 502.574 236.361   -0.191945 -0.00842757   -0.757956    -1.01042    0.924458    -0.45933    0.358276    0.440418  -0.0679659   -0.742585

