seq: 156
gt_pose: -6.44202   3.4013 0.310511
odom_pose: -6.34808  2.12882 0.438373
point 0 5 608.131 201.682 0.0404327  0.306895 0.0843674 -0.889578 -0.111552  0.822897   0.82689  0.394227 -0.420509  0.499278
point 1 27 416.622 105.236  0.013472 -0.709235  0.768126  0.209804 0.0764706 -0.557543 0.0946018 -0.173803   0.68301 -0.224161
point 2 30 406.848 133.009  -0.774373  -0.896784  -0.928272  -0.118045   0.542848    0.34865 -0.0680065  -0.795158   0.221782   0.166851
point 3 52 21.7401 221.255 -0.573666 -0.922697 -0.105284  0.643877  0.496496 -0.293032   1.02124 -0.923665 0.0436205 -0.611905
point 4 58 385.498  232.34  0.673211 -0.514437 -0.475123 -0.824265   0.02238  0.783088  0.228855 0.0851617  0.669922   0.89708
point 5 63 393.497 212.374  0.161143 -0.700565 -0.808104 -0.268964 -0.770081  0.280232 -0.781543  0.714247  0.141996 -0.596227
point 6 67 55.6322 173.555 -0.223764 -0.833006  0.655836 -0.231865  0.532637   0.84801  0.736235  0.676303  0.463513  0.254623
point 7 78 575.448 216.126  -0.849487    -0.8495   0.638067   0.770027    1.01441 0.00549492  -0.465975  -0.642569  -0.245437 -0.0792937
point 8 88 448.734 235.922 -0.216078  0.049899  0.420391 -0.958315  0.271402  0.277155  0.403551 0.0510458  0.831803 -0.473907
point 9 92 599.855 201.143    0.215929    0.755421 -0.00502654     0.97641    0.354566    0.242383    0.932381    0.632151   -0.203929   0.0781352
point 10 93 436.459 166.384  0.697343 0.0837412  0.127508 -0.762429  0.880091 -0.402434  0.104244 -0.919457  0.571608 0.0727994
point 11 100 186.926 105.434   0.115014   0.575087  -0.143314     0.1673 -0.0741279   0.735694  -0.418084  -0.933567  -0.669228   0.542491
point 12 101 314.493 171.431  0.624152 -0.203625  0.386563 -0.705321 -0.248959  0.876561 -0.312067 0.0189482 -0.936453  0.824666
point 13 105 475.447 32.1135   0.474587  -0.993254   0.570196   0.083778  -0.223166 -0.0690849  -0.821446  -0.740979   0.868452  -0.124282
point 14 111 471.146 232.125 0.0437166   1.03602 -0.901147 -0.977007 -0.167416 -0.398152   0.91401 0.0127105  0.231657  0.478133
point 15 160 181.541 177.005 -0.0287996   0.392063   0.137368  -0.642094   0.564566  -0.333041   0.738723  -0.156211    0.29853  -0.343348
point 16 166 540.181 196.156 -0.642138  0.378894  -0.63678 -0.511903 -0.679605  0.266674 -0.731767 0.0721449  0.201654 -0.703019
point 17 175 457.653 186.146 -0.415866  0.531225  0.323297 -0.593684  0.702649  0.685427  0.922011  0.945108  0.567248 0.0888603
point 18 181 314.537 203.061   0.779452   0.575617  -0.238323  -0.134412  -0.143966   0.815712 0.00958983   0.963394   0.622533  -0.249933
point 19 186 418.596 169.547  -0.396234  -0.369522   0.352278   0.404515    0.84127   -0.94556 -0.0503945  -0.510496   0.094028   0.342431
point 20 193 176.773 197.124  0.985062 -0.770638   1.02768  0.800049  0.547977 -0.925309  0.966227   0.61535  0.869384  -0.11268
point 21 208 251.102 197.209  -0.919676  -0.332449  -0.876832 -0.0978371  -0.238426    0.76938    0.89985  -0.635409   0.752241  -0.804473
point 22 209 318.849 233.223 -0.247276  0.202895 -0.326045   0.33044 -0.912434 -0.277064  0.623861 -0.837591 -0.368273 -0.615257
point 23 216 574.393 196.704 -0.668099 -0.930191  0.847965 -0.812393  -0.51682 -0.870073 -0.326135 -0.248142 0.0349728  0.834876
point 24 233  411.26 233.121 -0.153915 -0.474113  0.141514  0.255288  0.297717  -0.21847 -0.955593  0.165587 -0.880121  0.409899
point 25 245 539.968  199.03 -0.657782  -0.34708  0.459505 -0.677448 -0.523353  0.429221  0.858719 -0.630288  0.218149  0.765191
point 26 251 467.766  231.99  0.0339175  -0.574335   0.203561  -0.865187  -0.407613 -0.0862276  -0.481012   0.206982  -0.136496   0.346429
point 27 262  568.39 184.765 0.0653725  0.366145  -0.36279 -0.518399  0.992751  0.944669 -0.976157 -0.388248  0.415672 -0.363762
point 28 267 151.032 182.825  -0.215804  -0.912361    0.61847  0.0707921  -0.126374 -0.0802393   0.883714    1.01009  -0.458621  -0.815638
point 29 281 228.868 204.739 -0.807782  0.327726 -0.198839 0.0806035  0.553248  0.297837  0.696778 -0.154914 -0.462933 -0.403301
point 30 282   37.64 209.687  -0.58438  0.371246 -0.912346  0.449944 -0.723767 -0.159977 -0.383396   0.83987  0.718959  0.256199
point 31 283 18.4912  194.27  0.334799  0.326715   0.69349 -0.197719 -0.882321  0.773074 -0.859036 -0.123574 -0.111945  0.768408
point 32 285 288.483 162.407 -0.527112 -0.121687 -0.559468  0.956333  0.979473  0.797619  0.280482  0.582693 -0.393853  0.437035
point 33 293 27.0713 53.1987  -1.00885  0.733245  -0.55191  -0.79677 -0.811777  0.695231  0.939433 -0.400562  0.743203  0.535476
point 34 298 50.7602 179.031  0.415084  0.167292  0.672862 -0.691017 0.0468335 -0.280816 -0.245503  0.706279  0.940729  0.556151
point 35 307 376.638 218.635  0.138807  0.938031 -0.262815  0.637404  0.733551  0.920659 -0.115905 -0.550261 -0.884601   0.49859
point 36 321  322.27 187.486   0.144095  -0.716739 -0.0160942  -0.960945   0.996796  0.0400486    0.33317   0.601038    0.78888   0.564586
point 37 322  305.68 166.998 -0.248587   -0.1401  0.478385 -0.784137  0.951924 -0.592939  0.869219  0.970496  0.355809  0.468042
point 38 332 211.528 199.338  -0.331282  -0.187962 -0.0651783   0.322913   0.767285   0.865091   0.735269 -0.0745436   -0.77653  -0.517389
point 39 344 203.579 231.313  -0.439283  -0.271132   0.154721  -0.712074   0.877127   0.820063  -0.311614  -0.365298   0.705933 -0.0925075
point 40 346  367.38 185.941  -0.500003   0.933869  0.0171999  -0.792805  -0.167294     0.5098 -0.0448467   0.943113   0.817416  -0.115831
point 41 352 551.615  212.35  0.574582  0.378858  0.381811 -0.740045  0.537154  0.640551 -0.587231  0.557588 -0.155945   0.83161
point 42 364 577.166 218.408 0.0709653  0.740222  0.692559 -0.657864  0.894062 -0.516122 -0.521418 -0.916786  0.143583 0.0153452
point 43 380 114.446 208.406    0.5995  0.518099  0.626798  0.698124  0.254583 0.0935306 -0.743223 -0.281929 -0.555519  0.135407
point 44 399 232.586 219.741   0.911703   0.179344   0.381495 -0.0765696  -0.237835   0.120484   0.577782  -0.664546  -0.608693  0.0723223
point 45 405   368.6 184.075 -0.0944023  -0.995434   0.835213   0.699063  -0.194093  0.0553846    0.30771   0.295304   0.521185   0.703129
point 46 406 318.984 206.443 -0.227504  0.881272 -0.661188 -0.551242 -0.828382  0.218794 -0.504624  0.371502  0.859011  0.361742
point 47 428 500.444 109.409 -0.482441 0.0363764  0.566738 -0.826329 -0.241341  0.554815  0.249794  -0.38432 -0.195693 0.0814912
point 48 430 138.398 188.167  0.0276711   0.564238  -0.808007  -0.831342    0.25023  -0.264369   0.292022  -0.148705 -0.0952976   0.981488
point 49 453 249.744 236.082 -0.372365  0.372637 -0.053926 0.0755502  0.279584 -0.566576 -0.850007 -0.282304  0.549659  0.255115
point 50 461 127.836 220.938  -0.418372  -0.550552   0.991837 -0.0171685   0.142245 -0.0820083   0.408804    0.91294   0.820725  -0.636424
point 51 480 156.674   209.2  0.187557 -0.979602 -0.912545 -0.218946  0.401048  0.311539  0.119753 -0.122014 0.0807801  0.684176
point 52 494 527.126 135.602  0.398291 -0.139685 -0.308866  -1.01655 0.0985945 -0.809276  0.550698  0.340007 -0.215199  -0.99168
point 53 496 417.211 201.943  -0.89199 -0.786932  0.549506  0.228344  0.908444 0.0194274 -0.838429 -0.375734 0.0221779   0.25462
point 54 499  378.93 210.833  0.840782 -0.376551  0.408548 -0.634704  0.143167 -0.122155 -0.118969 -0.230379  0.670951  0.306239
point 55 513 80.6025 206.633  -0.449375  -0.563607   0.636877 -0.0892537  -0.637104  -0.668147   0.400624    1.01118   0.665027  -0.375411
point 56 514 559.012 182.386  0.376409 -0.783093 -0.847149 -0.474182 -0.900998 -0.517305  0.580303   0.80107  0.125264  0.149221
point 57 524 304.748 207.533 -0.300926  0.748253  0.271447 0.0713518  0.989566 -0.522132 -0.253058  0.123164  0.277395 -0.784875
point 58 527 535.833 228.716   0.821683     0.4825   -0.89206   0.946189  -0.539507  -0.497744 -0.0928016   0.713933   0.587216   0.707801
point 59 534  205.09 201.085   0.24862  0.361492 -0.264781 -0.918779 -0.125683 -0.136276  0.398306 -0.299086 -0.259334  0.149726
point 60 539 382.292 159.634   0.88614 0.0846578  -0.98075 -0.714762  0.487908 -0.374458  0.951691 -0.667539  0.196017  0.200275
point 61 541 540.96  232.9  0.327476 -0.776779  0.802397 -0.312596 -0.666067  0.679042  0.788369  -0.62537 -0.946399  0.283639
point 62 544  338.28 211.763  -0.165909  -0.252867   0.637627  -0.143699  -0.690375   0.991711  -0.920659    0.31207  -0.451673 -0.0597873
point 63 557 127.232 224.035   0.799717   0.172158   0.539898  -0.349061  -0.736187  -0.218386  -0.989239   0.624122   -0.21711 -0.0123301
point 64 561 266.558 227.365 -0.851872 -0.350299  0.737562 -0.183531 -0.926646 -0.732896 -0.149312 -0.964664 -0.364865  0.657649
point 65 568  600.02 217.573 -0.917756 -0.614326  0.939582 -0.598343  0.359845  0.586912 -0.962502 -0.791244 -0.765853  0.177478
point 66 607 600.692 237.242  0.907633  0.331296 -0.357047  0.140893 -0.400277 -0.412685 -0.443625   0.23607  0.895476  0.740999
point 67 610 549.816 151.185 -0.146098 -0.264715  0.728364  0.647392  0.397017  0.396111  0.685691 -0.615878  0.136008 -0.444122
point 68 613 400.94 50.364  0.750011  0.855725  0.954956 -0.686476  -0.79241  0.168071 -0.184627 -0.379478 0.0418106   0.85191
point 69 614 261.474 187.073  0.466995  0.599337 -0.673575 -0.701226   1.00329 -0.330149  0.722252  0.106983  0.953832  0.115811
point 70 616 251.973  227.04   0.813357    0.49988   0.480583   0.425871   -1.00487  -0.055983  0.0613341  -0.670985   0.272822 -0.0582993
point 71 631 483.303 228.111  -0.803644   0.022056  -0.683752 -0.0143514   0.331516 -0.0891871  -0.302892  -0.036134 -0.0225467  -0.328357
point 72 644 465.326 185.641  -0.550689 -0.0746243  -0.568578 -0.0243293  -0.158608  -0.789384   0.862696   -0.89402   0.876932   0.457285
point 73 662 367.116 179.507  0.364721 -0.250495 -0.314276 -0.785271 -0.237481  0.812633  0.491498   1.00375 -0.752168  0.750335
point 74 663 158.329 222.414   0.955712  -0.509636   0.873074 -0.0797901  -0.239693   0.189458   0.342493  -0.812782  -0.402642  -0.521683
point 75 677 97.2174  212.52   0.425336 -0.0354341  -0.299388   0.274541   0.240801   0.566804   0.139921 -0.0516974  -0.170211   0.945104
point 76 689  504.71 108.952   0.855707  -0.437949  -0.446317 -0.0486993   0.734742    0.15982   -0.77027  -0.268803   0.876934   0.918058
point 77 691 574.485 196.677   0.56517   1.02455  0.217312 -0.236128 -0.876974  0.135927  0.344918 -0.424356 -0.929719 0.0185434
point 78 695 595.141 220.669   0.690179  -0.235829   0.403422  -0.404826   0.462926 -0.0067121    0.88139 0.00592908   0.504815   0.771665
point 79 705 242.572 238.592 -0.0739271  -0.705563  -0.110383   0.519772  -0.922365  -0.318453   0.932618  -0.625044  -0.446673  -0.446771
point 80 725 394.398 207.212 -0.816128 -0.773252  -0.77415 -0.927126  0.317689  0.439388 -0.862985  -0.70993 -0.484852  -0.18647
point 81 726 466.242 192.038  0.947636  0.497234  0.510427 -0.710047   0.23034   0.65082 -0.820979 -0.917534 -0.842289 -0.866513
point 82 729 224.468 236.475 -0.414534   0.57817  0.393882   0.58843 -0.577264 -0.446624  0.708672 -0.982627 -0.131347 -0.551762
point 83 756 146.242 162.501 -0.691066  0.210914  -0.76316  0.141313 -0.133815  0.270908 -0.417525  0.496597  0.281705  0.821553
point 84 761  5.0044 157.333  0.627414 -0.886493 0.0979206  0.458981  -0.77066 -0.811687 0.0212713 -0.644006 -0.637075 -0.834844
point 85 776 573.998 171.376  0.956567 -0.154502 -0.192029 -0.581091  0.651284 -0.836525  0.337662 -0.394297  0.763647 -0.792987
point 86 798  378.53 136.772 -0.465554 -0.835456  0.979028   0.53588  0.483134  0.579103  0.634576  0.876221 -0.897964 -0.581145
point 87 800 383.773 138.199    0.52983   -0.95781  -0.565123 -0.0911598   0.868777  0.0303954  0.0981216   0.835263   -0.46161  -0.443056
point 88 816 223.433  141.77  0.650501 -0.258796 -0.817078  0.391982  0.271444 -0.410932 -0.421496  0.985586  0.458023 -0.205601
point 89 835 39.2059 170.719  -0.281801    0.86509  -0.568057 -0.0063768  -0.979794   0.449187  -0.682885   0.838205  -0.666396  -0.387603
point 90 856 363.647 197.084  -0.0224047    0.646239    0.379157   -0.619436   -0.496766 8.74026e-05    0.505018    0.897974    0.228462   -0.564181
point 91 858 388.357 151.822   0.522021    0.27675  -0.194966  -0.119613   0.689731   0.869785   -0.46472   0.181322  -0.792869 -0.0193473
point 92 862 631.177 203.412  -0.781444  -0.290944  -0.703313  -0.214301   0.611741  -0.515125 -0.0811518   0.354849  -0.973006 0.00449237
point 93 876 515.138 165.402  0.478276 -0.664615  0.896684 -0.251244 0.0783345 -0.983357 -0.985872  0.307357  0.875042  0.281095
point 94 880 495.025 202.284 -0.572285 -0.562855  -0.29317  0.604007  0.555522 -0.245934 -0.318229  0.549293  0.792865  0.668675
point 95 883 472.582  224.27  -0.231171  -0.281968  -0.702474   0.932139   0.289109   0.563486   0.586292  -0.328731   0.217572 0.00263092
point 96 899 279.659 162.255 -0.475006 -0.509341  0.563653  -0.68976  -0.85389  -0.21098 -0.887171 -0.849797 -0.619085  0.291285
point 97 908 570.03 154.61  -1.00758 -0.943522  0.978537 -0.695585 -0.720455  0.972628  0.635671 -0.756982 -0.581457  0.232126
point 98 909 203.039 196.172 -0.289076   -0.6585 -0.220975 -0.437337  0.024171  0.011121 -0.352911  0.185846 -0.388241 -0.202493
point 99 934 196.686 119.953  0.343116 -0.617751  0.760607  0.220368 -0.916649 -0.379733 -0.816518  0.807336  0.577528 0.0806842
point 100 944 541.632 183.431   0.497696  -0.488966  -0.234322  -0.521055   0.652595 -0.0732719  0.0955583   0.275295   0.432221  -0.638529
point 101 946 491.245 17.4027   0.19793   0.93519 -0.433619 -0.752192  0.504713 -0.889604 -0.323834 -0.718327 -0.385282 -0.567116
point 102 955 83.9323 173.784  0.131584  0.327512 -0.700017 -0.237951  0.418939  0.334852 -0.646472    0.2054  0.660937  0.163708
point 103 958 622.682 135.912 -0.488989  -0.90876 -0.768983 -0.250502 0.0197541 -0.295259 -0.203282  -0.26106  0.401177 -0.905333
point 104 960 214.678 60.6297 0.0899343 -0.716033 -0.695594  0.949568   -0.6648 -0.128926 -0.901149 -0.452689  0.637513  0.152024
point 105 978 577.668 211.739  0.829285  0.669038  0.311623  0.909159 -0.861607  0.364025  0.084514  0.376304 -0.547643  0.359651
point 106 980 372.007 203.927  0.485018 -0.242141  0.575588 -0.555742  0.496664  0.435229 -0.888669 -0.194903  0.298288 -0.702646

