seq: 274
gt_pose:   7.1589 -1.76669 -1.68687
odom_pose:  5.64621  -3.2175 -1.96305
point 0 26 562.379 166.426 -0.808943 -0.811202  0.314788 -0.278855  -0.44025 -0.290367 -0.800129 -0.172407  0.880358  0.150603
point 1 35  439.34 205.068  0.110824  0.791339  0.386215  0.621343  0.370255  -0.39367  0.263891 -0.960883 0.0858556  0.656733
point 2 38 629.795  115.72 -0.671332 -0.730872 0.0170545  0.637955  0.343465  0.807168 -0.588803 -0.216205  0.420139  0.750061
point 3 45 507.303 223.072  -0.526829 -0.0409246   0.934955 -0.0623898   0.816557    0.90308  -0.630335 -0.0684265   0.551911   0.496398
point 4 46 235.815 171.596   0.975967  -0.288653  -0.229583   0.134769   0.108324   0.234552  -0.572315 -0.0225375  -0.312464   0.323325
point 5 47 239.807 219.032  0.771321 -0.806981 -0.232473 -0.601408  0.296544  0.147956  0.402523  0.175159 -0.874955  0.129164
point 6 48  575.73 149.832  -0.267627  -0.989629   0.808778   0.232859   0.588868   0.733709   0.915076   -0.65424 -0.0792261 -0.0345639
point 7 54 463.119 143.352 -0.608739  0.205989 -0.905471 -0.768299 -0.698482 -0.474625 -0.758648  0.160835 -0.875277  0.765443
point 8 56 420.472 195.352  0.315333 0.0754229 -0.956898  0.881615 -0.255249 -0.625267 0.0764076 -0.148956 -0.389881  0.348282
point 9 59 604.151 169.306   -0.905675   -0.961801   -0.959149 -0.00760415   -0.443751     0.44472    0.667495  -0.0161717  -0.0872322   -0.841471
point 10 69 394.594 213.954  -0.365017  -0.747888   0.752647   -0.74888 -0.0206935  -0.446609  -0.566821  -0.385764   0.360634   0.886351
point 11 91 312.795 222.116   0.454034 -0.0027889  -0.773591 -0.0382145   0.894575   0.802531   0.328403   -0.47392  -0.530364  -0.450002
point 12 118 455.505 193.757   0.921108   0.878322    0.68625  -0.471074 -0.0585644   0.500351  -0.905371  -0.600358  -0.928401   0.708444
point 13 138   607.1 229.795 -0.396391 -0.690884 -0.419877  -0.58059 -0.460242  0.132251  0.528315 -0.785245   0.12626  -0.10175
point 14 152 405.055 146.971  0.0130961   0.456887  -0.651354  -0.540799   0.909676  -0.490318 -0.0615797   0.605707   0.766721   0.319247
point 15 174 524.959 81.2605  0.706565 0.0860156  0.854572  0.156663 0.0475804 -0.488549  0.100217 -0.612605 -0.514631 -0.902538
point 16 188 251.596  163.94 -0.374448  0.292991 -0.341881  0.840671  0.442352  0.273725  -0.53494 -0.207141 -0.334756 -0.630401
point 17 194 328.985 106.822  0.830117 -0.878486 -0.183053  0.758624 -0.703652 -0.665677 -0.181734  0.770861  0.634006 0.0298894
point 18 196 311.016 161.879  0.572113  0.468369 -0.931188 -0.955435  0.382439  0.915063 -0.759428 -0.720206  0.709288 -0.393956
point 19 207 282.955 232.733 -0.954901 -0.783099  0.998764  0.933241 -0.283787 -0.780427 -0.257437   0.49588 -0.572767 -0.750418
point 20 212 102.655 192.039  -0.336764 -0.0632922  0.0633654   -1.00142  -0.261191   0.783946   0.688887    0.31107   -1.01069   0.861101
point 21 215 54.7452 54.3911   0.98408 -0.528141  0.857912 0.0837337 -0.384708   0.36859  0.800441 -0.190976 -0.608113 -0.252045
point 22 221 205.243 239.736 -0.534007 -0.263841  0.163564  0.616405  0.781529 -0.623429 -0.335137 -0.552182  -0.68705  0.759128
point 23 224 356.814 119.536   0.984884  -0.522624  -0.712739    0.47816   0.341694  -0.375376   0.426647   0.512874  0.0759803 -0.0829915
point 24 234  620.56 155.824  0.117816 -0.176209  0.685278 -0.283011    0.7883  -0.44705  0.294681  0.195827  0.263176  0.391006
point 25 237 296.716 143.729 -0.0296418  -0.933189   0.667555  -0.928696   0.177085   0.834856  -0.925144   0.197287   0.340968   0.166711
point 26 252 363.602 184.222   -0.39463  -0.031196   0.689866  -0.133634   0.957585   0.899918 -0.0962291  -0.205748  -0.906856  0.0725985
point 27 261 380.541 200.728   0.825109    0.41488   0.942254  -0.290137   -0.22367   0.169129  -0.676052   0.884774  -0.319241 -0.0261536
point 28 273 346.752 170.669  0.663244 -0.529673 -0.540604  0.246935 -0.851439 -0.760674 -0.242535 -0.899256   0.91551  0.128125
point 29 305 162.345 142.764   0.134187   0.282003  -0.240965  -0.757527  -0.471023   0.942964  -0.502689 0.00797827  -0.966878   0.368759
point 30 326 629.166  178.24  0.422145  -0.47196  0.619075  0.208322  -0.92456 -0.379077 -0.392761  -0.61385  0.224696 -0.802143
point 31 327 632.711 182.156  -0.30862  -0.94471 -0.211316  0.861659  0.349302  0.522307 -0.441259  0.653382 -0.345882  0.825827
point 32 329 128.646 121.287  0.226403 -0.319273  0.508597  0.807672  -1.00141 -0.820104  0.887652 -0.262669 -0.986131  0.180566
point 33 347 292.947 189.454   0.441721   0.369806  -0.729176   0.607049 -0.0944197  -0.744925  -0.908238   0.827676   0.568836   0.361671
point 34 354 206.053 234.219  0.358726 -0.242924   0.92517 -0.670391  0.495984  0.467384  0.617739 -0.157762  0.741421  0.234038
point 35 368 185.682  239.98  0.516448 0.0656299 -0.124321  0.367955  0.219566 -0.752992  0.171203 -0.617282 -0.458842 -0.765247
point 36 373 402.444  234.28   -0.404854    0.821663  -0.0402927   -0.381861    0.399626    0.582927 -0.00469435    0.678003   -0.338193   -0.827777
point 37 374 414.922 202.545  0.548923 -0.386627  0.248449 -0.680319  0.385317  -0.96295 -0.808224 -0.621745 -0.468801 -0.755647
point 38 394 296.965 168.939 -0.169967 -0.501123   1.01304 -0.308034  0.460124  0.933913  0.640682 -0.950018  0.249266  0.613619
point 39 417  152.07 117.314 -0.775529  0.587571 0.0961703 -0.503841  0.283511  0.552971 -0.734587   0.40781 -0.674412  0.220362
point 40 421 213.588 178.652 -0.821582  -0.76768   -0.1854 -0.736343  0.736798 -0.571206  0.292197  0.161424 -0.306899 -0.165018
point 41 442 349.483 152.788 -0.230837   0.60117 -0.713937 -0.343159  0.611727 -0.593274 -0.322408  -0.32971 -0.690628  0.129165
point 42 444 407.368 178.223   0.599705  -0.887333   0.426528  -0.665745  0.0512007  -0.681915    1.01641   0.349375 -0.0818916   0.564266
point 43 446 442.017 147.254  0.483278 -0.783185  0.604391  0.920318  -0.97452  0.201543  0.945165   0.44169  0.579672 0.0262258
point 44 451 208.714 130.519   0.457554  0.0241021   0.411643   0.106739    0.18578  -0.608869   0.751373 -0.0558859 -0.0658715  -0.306065
point 45 452 439.637 178.761  -0.895993   0.217202  -0.200406   0.727717   0.570617  -0.770573 -0.0489435   0.231447   -0.35683  -0.105941
point 46 468 442.207 168.883  0.468163 -0.288814 -0.472225    0.5693  0.114238  0.492432 -0.346736  -0.30976 -0.814308 -0.309176
point 47 482  375.32 213.663   0.54707  0.410001  0.279934  0.143888 -0.320366 -0.499226  0.215066 -0.243387  0.226475 -0.300918
point 48 484 502.532 190.391  0.821801  0.698066  0.970382 -0.720298 -0.633941   0.53152  0.635804  0.594056 -0.337538   -0.6857
point 49 509 406.061 185.731  0.345697 -0.900554 -0.332866  0.702888  0.810254  0.828746 -0.387199 -0.356154 -0.322247   0.94002
point 50 510 237.189  204.99  -0.610426   -0.92229   0.596705 -0.0145354   0.806639   0.218155  -0.437629  -0.368995  -0.854389  -0.193595
point 51 518 344.084 54.8619 -0.927321 -0.922132  0.257167  0.812117  0.420899 -0.521907 -0.696076  0.570303 -0.411712 0.0868413
point 52 531 230.322 193.471 -0.376783 -0.168417 -0.507299   0.39879  0.406913  0.897796 -0.947646 -0.523312 -0.390756  0.658884
point 53 537 195.967 167.625 -0.395187  0.610166 -0.162816 -0.428418  0.239312  0.142744 0.0665651 -0.498282 -0.504949  0.262046
point 54 560 565.408   199.6  0.939765  0.478979  0.525752  0.804908  0.298202  0.474366 -0.725141 0.0428498 -0.501279   0.40744
point 55 565 529.361 238.734 -0.914255  0.891417  0.381751  0.237798 -0.526027 -0.559137  0.810564  0.795576 0.0380058  0.582803
point 56 571 478.972  43.321  0.806698  0.741678  0.273837  0.600835  0.290894 -0.693037  0.898501 -0.397309  0.508959 -0.328802
point 57 620 423.494 166.544  0.573965 -0.264373  0.895911  0.784731 -0.351153 -0.397233 -0.785484  0.405442 0.0361349  0.503314
point 58 637 239.105 144.596 0.0159858 -0.691465 -0.566172  0.454011  0.345039   0.13317 -0.210068 -0.537916  0.733411   0.84773
point 59 638 516.974 208.342  -0.236848  -0.888601   0.557446  -0.836619    0.22806   0.388409 -0.0753743  -0.366978   0.424916   0.907569
point 60 639 618.622 211.951  -0.755702   0.832789  -0.364161  -0.370669   0.775738   0.657398 -0.0080758  -0.867473  0.0681827   -0.69301
point 61 651 576.669 155.562  0.897404  0.615597 -0.535131  0.260792 -0.537869 -0.901922 -0.924984   0.33337 -0.207573   -0.3945
point 62 665 474.177 214.699   0.493539  -0.900413   0.948576    0.29446 -0.0663174   0.938171   0.742031  -0.192805  -0.218142  -0.484766
point 63 692 291.77 185.52  0.625181  -0.82834  0.855755  0.143274 -0.343321  0.231967 0.0673082  0.786845  -0.32906 -0.965647
point 64 703 149.544 95.8015  0.827092 -0.661376 -0.622087   0.95008   -0.3456  0.816176 -0.949962  0.031631  0.765646 0.0508697
point 65 722 542.262 163.778   0.459853  -0.545661  -0.269388  -0.749639   -0.85086  -0.931921  -0.351689   0.638039   0.463463 -0.0852875
point 66 731 443.335 224.394  -0.31946  0.322859   0.34423 -0.831676 -0.607249  0.897644  0.742506  0.774809  0.534308 -0.861407
point 67 733 279.713 175.328 -0.398831 -0.684921  0.584033  0.167161  0.157726 -0.722525 -0.525538 -0.519576 -0.557748 -0.116034
point 68 742 264.499 181.322  -0.456695  -0.274795   0.642143   0.507396  -0.909308 0.00244811   0.291589  -0.869388  -0.286302  -0.859643
point 69 743 397.707  219.54   0.164015  -0.578873   0.829125   0.252836   0.656644  -0.227477  -0.487351 -0.0824903  -0.275536  -0.445442
point 70 745 452.691 191.249  0.980361  -0.47732 0.0710939 -0.713862  0.229882 -0.721059 -0.217025  0.117881  0.604078  -0.53822
point 71 751 633.739 220.236  -0.287853  0.0167281  -0.413883   0.848657  -0.594994 -0.0276726  0.0863483  -0.899013   0.290896  -0.382287
point 72 763 488.471 175.443   0.174776     0.1124    -0.7631  -0.225599  -0.586269   0.921153 -0.0888852   0.548838   0.354181  0.0601747
point 73 764 306.172 196.861 -0.980361  -0.50277  0.240444 -0.741506  0.921073 -0.506958  0.117052 -0.939478 -0.653319 -0.515518
point 74 790 191.103 228.081   -0.731414   -0.841045 -0.00597694   -0.271991    0.404956    0.303735    0.282741   -0.185951   -0.944322   -0.703882
point 75 791 396.609 189.478   0.65373 -0.570701 -0.810622 -0.554734   1.01472  -0.51462  0.453824  0.615962  0.550954 -0.472889
point 76 811 276.146 192.761   0.593215   0.602449 -0.0239484  -0.287975   0.353027   0.744705  -0.154374   0.396481  -0.531804   0.275001
point 77 855 453.471 181.324 0.0584354  0.901121  0.149387 -0.066251 -0.888373  0.742919 -0.168363  -0.51684 -0.281726   0.86595
point 78 860 328.812 231.549  -0.730183  -0.869461    0.70723   0.530557   -0.84856   0.303359  -0.235915 -0.0280391  -0.838265  -0.514131
point 79 884 614.074 226.738  0.456049 -0.144877 -0.455278 -0.682071 -0.723233 0.0499398 -0.774655 -0.374112 -0.300542  0.743665
point 80 903  551.83 177.577   0.810666   0.557038    1.01076   0.781874 -0.0372777  -0.751794   0.211116  0.0396318  -0.924358 -0.0411865
point 81 904 314.59  184.3  -0.455231  -0.203782  -0.439254     0.5649   0.359551  0.0723207   0.843479  -0.799062 -0.0682856   -0.84474
point 82 906 214.721 182.848 -0.973266  0.333281  0.925037 -0.513283  0.683255 -0.542856  0.236301 -0.744426 -0.941363 -0.419813
point 83 918 551.692 225.052 -0.815133  0.152985  0.606415  0.179859 -0.330311 -0.823672  -0.57527  0.853632 -0.190934 -0.239578
point 84 925 558.476 181.008  0.773905  0.607953 -0.532129 -0.595985 -0.109372 -0.209073  0.342984  -0.34675  0.467626 -0.248941
point 85 931 541.419 177.486  0.731441  0.726645  0.383591 -0.147374  0.303249  0.500264  0.608534 -0.932008 -0.289498  -0.18408
point 86 935 421.236 222.482  -0.726992  -0.891604   0.290124   0.931617  -0.655614   0.535344   0.275744   0.865005  -0.714521 -0.0562999
point 87 941 622.754 217.397  -0.070283  -0.234947  -0.778683  -0.923061   0.407983   -0.20416  -0.694317 -0.0225279  -0.372317   0.480967
point 88 961  517.75 161.437  -0.343545  -0.518506   0.955063   0.588218     0.5421   0.603652  0.0943668 -0.0985947  -0.764191  -0.192291
point 89 969 63.9113 239.625   0.678885  0.0904239    1.00713 -0.0997684   0.454512     0.1447   0.792956  -0.109654   0.185184  -0.102086
point 90 977 577.212 183.196 -0.464411 0.0128228  0.660442 -0.705973 -0.729792  0.874573  0.757227  0.954404  -0.13579  0.409654

