seq: 216
gt_pose:  5.23027  4.64563 0.289141
odom_pose:  5.46682  3.57706 0.189371
point 0 20 446.749 197.353 -0.488121 0.0510753 -0.866846 -0.435583  0.759915  0.409361 -0.832789 -0.796718 -0.300106  0.108013
point 1 22 224.872 198.937   0.39099 -0.763956  0.324349 -0.271461  0.547829  0.884599  0.821617  0.730562 -0.562799  0.542855
point 2 79 525.236 80.1035 -0.231875 -0.730394 -0.114933 -0.781097  0.154988    0.9187 -0.812906  0.744348 -0.708717  0.621237
point 3 83 191.131 165.878   0.626396   0.956771 -0.0301789  -0.998136  -0.610099  -0.418251   0.234558  -0.433093   0.535457  -0.920793
point 4 96 317.079 194.876   0.50146 -0.407086  0.341261 -0.741172 -0.827927  0.568234  0.717924 -0.323726 -0.280811  0.713789
point 5 135 40.5431 140.941 0.522231 0.457064 0.479932 0.323561 0.191248  1.00258 0.545272 0.389093 0.333843 0.665383
point 6 136 60.6835 96.3546 -0.369333  0.159123  0.735578  -1.04424  0.329967 -0.621554  0.115733 -0.208017 -0.773173 -0.202943
point 7 213 628.592  138.46    0.543995   -0.198768   -0.722526 -0.00291797  -0.0786237   -0.933984   -0.427309     0.79503    0.448152    0.139609
point 8 222  347.06 230.977 -0.686197  0.984845  -0.86533 -0.412966  0.494777 -0.748944 0.0100385  0.526575   0.38676  -0.43169
point 9 232 276.203 235.853  -0.0842103   -0.358793    0.413949   -0.290525   -0.906953   -0.037938    0.810608    0.681735   -0.903999 -0.00802923
point 10 241 229.176 190.175  0.254086  0.210933  0.591151 0.0396608  0.689538 -0.793043  0.160332  0.833355   0.38587 -0.235521
point 11 244 635.764 55.6652 0.0614027 -0.938521  0.491433  0.640089 -0.906274  0.749963 -0.338845  0.325328    0.1441  0.224432
point 12 248 149.988 168.801 0.0623309  0.749024  0.578577  0.193109  0.116021  0.128456 -0.939291 -0.972642  -0.93177  0.356099
point 13 255 596.825  197.98  -1.01352  -0.81059 -0.912669 -0.927992 0.0084885  0.902334  0.153711 -0.347243 -0.106476  0.331966
point 14 270 492.069  220.28   -0.48422   0.447998  0.0315826  -0.672248 -0.0334164     0.1297   0.487617  -0.161843  -0.883198   -0.87845
point 15 297 303.518 174.319    0.50865 -0.0999861   0.795405  -0.250429   0.155034   0.473392   0.795077   0.829929  -0.141298 -0.0782579
point 16 300 372.648 173.604 -0.147575 -0.641571 -0.671657  -0.24364 -0.166671  0.760864    1.0218 -0.563446 -0.864431  0.054162
point 17 349 164.186  152.55  0.606704 -0.215117  0.638547 -0.917147 -0.760933 0.0563397  0.480562 -0.496541 -0.369037 -0.650392
point 18 357 284.711 225.515    0.3809 -0.232295  0.501088   0.47074  0.531593 -0.120342  0.284521  0.694532  0.488168 -0.231899
point 19 361  125.99 178.148   0.789163   0.704493  -0.364217  -0.493468   0.718864   0.552602   0.277975   0.364458  -0.970671 -0.0896774
point 20 366 208.031 163.244  0.415842   0.76601  0.158398 -0.729566 0.0884506 -0.652762  -1.00588 -0.306444 -0.319053  0.942984
point 21 379 141.075 78.8761   0.231861  -0.588392   0.165208 0.00339901   0.647138  -0.335932  0.0439868  -0.272589   0.150277   0.249977
point 22 383  329.18 177.896 -0.667954 -0.340209 -0.956284 -0.650301 -0.701349  -0.11456  0.545207    0.5337  0.432655 -0.228487
point 23 390 619.449 209.383   0.33841 0.0392783    0.2694 -0.540046  0.320791  0.856415  0.312689  0.146987 -0.565965  0.391183
point 24 391  263.69 229.213   -0.831334 -0.00743742    0.155661  -0.0913105    -0.35374   -0.451441   -0.267128    0.325981   0.0686861    -1.00413
point 25 392 23.4276 225.804    0.98963 -0.0228477  -0.397474   0.315218  -0.956422   0.912482  -0.700408   0.284855  -0.591926   0.670081
point 26 395 362.838 233.102   -0.676039    0.130785   -0.916635    0.947918    0.887979    0.577195   0.0813017   -0.427582  -0.0918811 -0.00145246
point 27 426 292.321 175.578  0.910449  0.100229  0.869183  0.295284   0.86496 -0.227844  0.483422  0.362577 -0.902403 0.0890851
point 28 436 296.138 232.818  0.362763  0.834919    0.2251  0.642088   -0.8955  0.391041 -0.482096 -0.440236  0.859257 -0.319839
point 29 445 281.104 113.359 -0.895735 -0.242462 -0.736754 -0.852992 -0.353582  0.788014 -0.326532 0.0810558 -0.474577  0.603669
point 30 447 344.027 116.809   -0.36288  0.0610847  -0.896017  -0.831211   0.203383  -0.828882 -0.0449984    0.55319   -0.70944   0.647022
point 31 515 206.274 193.549 -0.0572427  -0.609824 -0.0893481  -0.470978   0.562736   0.419918 -0.0147147   0.229183  -0.601427   0.401676
point 32 526  367.83 154.631 -0.273299   0.95044 -0.312964 -0.827993 -0.207273  0.451016  0.973155 -0.957491 -0.516782  0.879107
point 33 549 167.309 229.144  0.805955  -0.42487  0.858794  0.959051 -0.157199  0.260778 0.0612071  0.432296  0.422808  0.704579
point 34 556 515.752 197.594   1.02237   0.96473 -0.344622  0.577119  0.923661 -0.243372  0.507443 -0.604222  0.962152  0.253888
point 35 579 206.393 146.131   -0.814585   -0.132272   -0.850416 -0.00790969     1.01597    0.559323 -0.00052073    0.545755    0.175347    0.309374
point 36 586 206.093 138.835 -0.0132914   -1.00329   0.716503   0.209028  -0.263491  -0.114994   -0.70327   0.104245 -0.0577192   0.734304
point 37 590 372.759 169.749   -0.47256  -0.938522   0.689418   0.499206 -0.0497181  -0.525427  -0.397698   0.529779  -0.143976  -0.828401
point 38 592 60.1591 140.956  0.872745  0.991802  0.633248  0.255541 -0.795431  -0.79445  0.404317  0.787925  0.642515 -0.624856
point 39 630 582.379 149.436 0.00472671 0.00415157  -0.299207   -0.37143   0.616509  0.0103769   0.541436  -0.150626   0.608229  -0.697836
point 40 712 188.277 236.113 -0.0781231  -0.725596   0.444207   0.805698  -0.636497  -0.562745   -0.69811   -0.23491   0.808941  -0.134106
point 41 714 90.3318 113.012  0.669749  0.430137  0.765611  0.465826 -0.533073 -0.285623  0.743362  0.950359 -0.509098 -0.802243
point 42 718 57.6535 146.756 -0.443993 0.0350421  0.870748   0.49918  0.841873  0.824916  -0.52522 -0.676736  0.640527  0.516379
point 43 730 352.523 188.733  0.812367  0.387953  0.818543  0.873741  0.511001 -0.235275 -0.356805 -0.537079 -0.121344   1.02957
point 44 739 557.875 213.069    1.02616   0.167009  -0.438756 -0.0252715   0.794138   0.261464  -0.865463  -0.160984  -0.212341  -0.698442
point 45 759 201.378 150.808 0.0910133  0.621486   -0.8862 -0.898495 0.0249393  0.414737  0.891914  0.299197  0.436866 -0.314518
point 46 765 454.674 153.415 -0.977159 -0.180541  0.524044 -0.529486 -0.405596 -0.312156  0.517783 -0.168462   0.42408  0.962531
point 47 785 175.836 158.815 -0.0604889  -0.134439  -0.537587   0.505063  -0.876661   -0.57452  -0.912084   0.614455  -0.703026   0.982347
point 48 803 397.225 82.8305 -0.796303   1.00926  0.744499 -0.551766   -0.5453   0.23714  0.107484  0.764592 -0.299927  0.641475
point 49 813 307.668 232.696   0.683683   0.954041  -0.317767  -0.862887   0.268306  -0.713533   0.798359  -0.715812 0.00765806   0.175132
point 50 823 545.584 32.9161  0.0404142  -0.759244   0.114959   0.746162   0.569586   -0.54463  0.0646495   0.942305   -0.47209 -0.0034044
point 51 831 90.0032 230.621  -0.135023   0.455835   0.704062   0.122188   0.321886  -0.902955 -0.0708687   0.609195  -0.708418 -0.0751541
point 52 865 298.256 189.088   0.917351  -0.360406  -0.951774  -0.310897  -0.308106  -0.142336  -0.996158   0.631311   -0.74711 -0.0686264
point 53 874 438.102 208.849 -0.863647  0.211019 -0.686109  0.875834  0.280574  0.693144  0.664795 -0.679797  0.254385   -0.7214
point 54 914 114.847 232.498   0.221646   0.100194  -0.078727   0.400611   0.331786   0.421107  -0.610163 -0.0533715   0.161321   0.808132
point 55 932 177.409 177.574   -0.113483  -0.0129939    0.810889 -0.00501711   -0.144931    0.670543  -0.0178473   -0.886122   -0.201149    0.523973
point 56 948 298.785 197.051  -0.92677   0.18638 -0.915529  0.415879 -0.177584  0.261869  0.325514  0.407738  0.507741 -0.172262
point 57 951 616.475 107.527   0.197368   -0.81831  -0.107082   0.421715   0.201805 -0.0265415   -1.03563   0.446892  -0.214081  -0.694439
point 58 964 101.158 160.222  0.934565  -0.28442  0.187425 -0.260962 -0.864738 -0.965865   0.48779  -1.00679 -0.745507  0.676221
point 59 975 246.524 217.198  -0.788701   0.508788   0.773203 -0.0679233   0.736979  -0.158015  -0.874345   0.309723 -0.0216674  -0.281293
point 60 982 203.842 216.928  0.520206 -0.432871   0.97492 -0.160103  0.251494  0.512978  0.654708  -0.17374   1.01206  0.181734
point 61 992 225.382 176.181  0.406365 -0.700801  -0.16403  0.382761   0.95502 -0.598181 0.0410922  0.849482 -0.853755  0.889116
point 62 995 208.387 201.778 -0.966616  0.761705  0.519065  0.730727  0.951424 -0.606574  0.703364 -0.513598 -0.899869 -0.342084

