seq: 315
gt_pose:   1.7618 -3.24301  1.96003
odom_pose: -0.123161  -3.45201   1.79604
point 0 5 191.897  21.802 0.00717753    0.35138  0.0782035  -0.894563 -0.0756929   0.908716   0.883355   0.423695  -0.438337   0.509868
point 1 14 384.305 172.203 -0.795926 0.0479231   0.54135 -0.353841  0.988861  0.125596  0.737119  0.474311   0.29674 -0.977682
point 2 17 497.032 105.375  -0.437757  0.0582372    0.41723  -0.730062 -0.0922186   0.208022   0.876223  -0.089665  -0.368019   0.722781
point 3 34 12.2224 206.119 -0.0996912  -0.546623  -0.235159  0.0629742   -0.72229   0.103172  -0.978513  -0.199573  -0.211498   -0.35378
point 4 42 592.824 135.042  0.0528954  -0.795743 -0.0486687  0.0202581  -0.936471   0.654818  -0.209469   0.273733  -0.140947  -0.701902
point 5 44 446.133 192.487  -0.560527   0.267454   0.873182   0.504467 -0.0739511 -0.0819049   0.702704   0.943256   0.897293   0.808982
point 6 49 609.777 151.839  -0.673984  -0.432459   0.716604  -0.309256   0.827908   0.465733 -0.0473238  -0.482652   0.853737  -0.780116
point 7 57 573.272 114.015   0.36315 -0.300963 -0.566759  0.496906 -0.500964  0.387871  -1.01304  0.644273  0.673966  0.160937
point 8 64 513.764  190.47   0.900605   0.555452  -0.739448  -0.933153  0.0275021  -0.234677   -0.59558 -0.0455389  -0.725021  -0.352746
point 9 72 62.1408 175.943 -0.788657 -0.328579  0.701403  0.227368 -0.762965  0.653147  0.532063 -0.222697 -0.303466 -0.168442
point 10 75 616.971 205.504  -0.64419 -0.940822  0.945767  0.509293 -0.775863  0.681677 -0.555586  0.991204 0.0354032  0.384861
point 11 78 257.647 183.662  -0.886843  -0.784026   0.636795   0.736628   0.940939 0.00823671  -0.436113  -0.640786   -0.31663  -0.122038
point 12 80 37.0439 229.217  0.044385  0.514865  0.910064  0.909731 -0.835928 -0.910317  -0.91006  0.765406   0.77746 -0.923831
point 13 82 589.172 169.269   0.887823 -0.0162697  -0.214528  -0.244474   0.904289   0.798364  -0.745311   0.824273   0.768683   -0.65508
point 14 92  222.64 194.005  0.194598  0.731562 0.0684084  0.933246  0.315821  0.245387  0.975284   0.55104 -0.215363 0.0512652
point 15 109 310.477 226.807  -0.472623   0.921168  -0.831758  -0.391995   0.475689 -0.0198101   0.743431   0.620304 -0.0315563   0.221168
point 16 110 407.645 174.349  0.810345  0.913424 -0.574846 -0.295737 0.0288008 -0.684849 -0.534882  0.536816  0.722656  0.232439
point 17 113 428.331 215.889 -0.0660201  -0.596422   0.623803  -0.939801   0.535631  -0.353458  -0.946383   0.609283  -0.289699 -0.0261764
point 18 115 638.731 133.237  -0.677752  -0.809244    0.45073    0.47412 -0.0334744   -0.55112   0.889099   -0.47346   -0.48167   0.416161
point 19 120 587.738 171.546 -0.978399  0.154548  0.666833 -0.564189  0.599249  0.559708 -0.705857  0.239912 -0.922095  0.320182
point 20 123 294.462 73.5574  0.172871 -0.820102 -0.207827  0.356633  0.851769  0.677887  0.288707 -0.218805  0.372187 -0.614889
point 21 131 56.5539 173.729  -0.968122  0.0498294  -0.560699  -0.286374 -0.0572924  -0.116638  -0.517466 -0.0936173   0.238642   0.711152
point 22 132 409.796 205.916   0.280575  -0.965407  -0.948268 -0.0981195  -0.738132   0.855837  -0.804744   0.285825   0.857477   0.726567
point 23 148  419.86 169.173  -0.146258  -0.297141  -0.207947   0.583427 -0.0573646  -0.162623  -0.999904   0.253545   0.926469  -0.605886
point 24 156 367.556  206.31  0.227879  0.569913 -0.718782  0.365853  -0.84723    1.0078  0.160802 -0.696553 -0.904377 -0.118545
point 25 159 384.845 209.444   0.228548  -0.957796  -0.903838  -0.113601 0.00137898   0.152827    0.96229  -0.298768  -0.405969  -0.725314
point 26 165 365.181 192.329   0.487698    -0.7674   0.380653   0.553588  -0.718166   0.651401  -0.581068   0.856146   0.357241 -0.0183634
point 27 166 248.768 209.037 -0.599898  0.321841 -0.633762 -0.434012  -0.65012  0.266687 -0.675373  0.107132    0.1421 -0.627822
point 28 169 441.702 199.527  -0.556636   0.519892   0.731238  -0.288074 -0.0516651    0.50217   0.302989   0.438254  -0.714497  -0.515126
point 29 170 530.576 237.354 0.0857851 -0.303231  0.203847 0.0921982  0.834604 -0.167633 -0.846875  0.780064   0.45188  0.668169
point 30 175 309.754 186.455 -0.393918   0.54633   0.25833 -0.590678  0.702189  0.679672  0.964483  0.921398  0.579047  0.107761
point 31 176 356.658 215.465  -0.782998   0.812916  -0.159919 -0.0295544   0.374478  -0.488464  -0.938334   0.267307     0.6828   0.120027
point 32 179 488.405 199.713 -0.0208838  -0.855766  0.0817997   0.798739   0.694589   0.362299  -0.363163  -0.831217  -0.222971    0.82758
point 33 184 336.295 137.347 -0.274687  0.520512 -0.414562 0.0374843 -0.625975 -0.274453  0.114367 -0.402638  -0.36893  0.321573
point 34 200 293.003 134.697  -0.453575   -0.69435   0.654996   0.359961   0.229384   0.604462 -0.0502731   0.911919   0.996663  -0.136719
point 35 202 514.29 128.61 -0.578738 -0.165294  0.240168  0.361867  0.110464  0.829855  0.574534  -0.20655  0.184885 -0.154632
point 36 216 243.095 183.369 -0.679461 -0.958157  0.831598 -0.785559 -0.532433 -0.861621 -0.361566 -0.257155 0.0107147  0.813471
point 37 218 99.2402 233.664 -0.153585  0.638451 -0.941776  0.722385 -0.773116 -0.665409  0.789313 -0.939483 -0.498343 -0.712187
point 38 245 267.085 190.601 -0.588683 -0.408294  0.425613 -0.723974 -0.536541  0.410871  0.832944 -0.681519  0.165347   0.73413
point 39 262 249.158  164.18 0.0878828  0.348643 -0.342635 -0.604563  0.923252   1.01925 -0.930652 -0.356412  0.395065 -0.408781
point 40 266 9.58835 200.304    0.82563  -0.426538  -0.185291   0.751031   -0.71518  -0.237821  -0.447498 -0.0643907   0.618423   0.787133
point 41 280 540.728 227.295  -0.215752   0.173699   0.558714  -0.172738  -0.370083  -0.365855   0.853643   0.792169 -0.0634845    0.82721
point 42 296 488.999 50.8146 -0.0498527  -0.574311  -0.356906   0.283454  -0.178836   0.635077  -0.688047   0.938826   0.015372  -0.331079
point 43 301 369.759 193.569  0.115378 -0.461274  -0.97466  0.471464 -0.956298 -0.640779 -0.631365  0.496003 -0.688188 0.0396924
point 44 303 327.731 219.758   0.168222  -0.788894  -0.627928  -0.957385 -0.0553056   0.492832  -0.397539 -0.0671651 -0.0702535  -0.368183
point 45 313  556.61 41.6618  0.134218  0.296465  0.137481 0.0805122  0.463275  0.738649 -0.467553 -0.584348 -0.123583  0.395165
point 46 315 465.401 220.735 -0.854613 -0.349738 -0.965765 0.0654455 -0.366061  0.199355 -0.522956  0.811649 -0.743078  0.941592
point 47 319 588.542 90.6689 -0.921581  0.291121  0.602421 -0.189183 -0.742927  0.150144  0.647553 -0.365152  -1.01912   0.32412
point 48 325 548.538 210.991 -0.175791 -0.266133 -0.647379 0.0786998  0.162423 -0.325748 -0.307909 -0.518071  -0.59713  -1.01179
point 49 331 182.853 220.936  -0.376475   -0.20542  -0.244822   0.167672 -0.0488712   0.897879   0.857696  -0.533095   0.821139   0.891013
point 50 334 88.9374 179.288 -0.341488 -0.323464  0.974554 -0.739649  0.284914 -0.404967  0.140864  -0.80788  0.933888 -0.124417
point 51 352 255.401 209.528  0.605559  0.397372   0.39569 -0.764077   0.62243  0.664106 -0.595967  0.508003 -0.137997   0.80726
point 52 353 527.172 180.303  -0.565288  -0.198777   0.920641  -0.346224  -0.290959   0.357538 -0.0772634  -0.588339  -0.416691   0.102219
point 53 364 261.856 178.393 0.0539944  0.746316  0.640637 -0.591773  0.883954 -0.543403 -0.539076 -0.867359 0.0525882 0.0278263
point 54 367 418.662 149.861 -0.709863 -0.946562  0.925801 -0.428371 -0.506572  0.714754 -0.290033 -0.083517 -0.526204 -0.791948
point 55 387 317.411 199.016  0.686293 -0.756921  0.532895   0.94834 -0.799847 -0.230125 0.0266472 -0.962915  0.603954  0.722099
point 56 396 550.61  161.2  0.270571 -0.759419  0.810685  0.661696 -0.442216 -0.362474 -0.823541 -0.371408  0.402038  0.591973
point 57 398  508.69 203.791  -0.80484  0.851198 -0.687597  0.423154 -0.947371  0.582265  0.666947  0.908881  0.305907 -0.748738
point 58 425 311.579 239.909 -0.469033 -0.326686  0.342882 -0.467798 -0.575613 -0.675354 -0.112593 -0.919779  0.911238  0.889419
point 59 448  542.07 196.468  0.860189 -0.443798  -0.84777 -0.639966 -0.307692  0.682424 -0.367173 -0.707177  0.583651 -0.368985
point 60 469 517.759  76.554 -0.0681939  -0.807292   0.987171    1.00227  -0.143022  -0.446755  -0.804845   0.797584   0.189746  -0.849642
point 61 472 173.868 174.877  -0.852449 -0.0506799   0.687648  -0.271978   0.887294   0.058091   0.688508  -0.657911   -0.08615  -0.555987
point 62 491 332.326  206.88 -0.793914   0.83829 -0.328594  0.605134 -0.505805 -0.116397  0.499009 -0.338598 -0.276162  0.676504
point 63 503 148.612 195.773  0.332461 -0.130309  0.741902 -0.972828 -0.207961  0.138232 -0.280262  0.647479   1.01209 -0.906968
point 64 514 244.007  191.34  0.414667 -0.774016 -0.867287 -0.462347 -0.906712 -0.476296   0.63032  0.769135  0.164223  0.211631
point 65 519 432.833 112.135  0.433484  0.437117  0.547648   0.14406  0.692512 -0.822822 -0.916264  0.870866 -0.320857  0.475621
point 66 529 94.1537 75.3953   0.446144  -0.386765  0.0893143  -0.339562   0.631326 -0.0964721  -0.868712   0.811775  -0.192657  -0.402791
point 67 541 258.266 233.039  0.371075 -0.782217  0.892408 -0.333055 -0.672481  0.711184   0.82384 -0.550445 -0.952443  0.277681
point 68 543 111.965 215.055  -0.328015  -0.740269    0.57732   0.616129   0.274302 -0.0254812   0.862025   0.138961   0.712096   -0.81763
point 69 555 157.484  231.92   0.317621   0.328411   0.328548  -0.968991 -0.0364005  -0.444855 -0.0167574  -0.133081   0.758678  -0.344792
point 70 568 221.878 183.804 -0.995532  -0.67517  0.964471 -0.680632  0.371023  0.545117   -0.9308 -0.845046 -0.737725  0.147269
point 71 573 492.574 123.374  0.942186  -0.27161  0.227955   -0.4929 -0.309065 0.0361078 -0.653714 -0.960019 -0.300796  0.614219
point 72 577 99.4999 228.876  0.284695 -0.980929  0.566787  0.719123 -0.732916 -0.463037  0.786865  0.673782 -0.474103  0.533499
point 73 607 222.281 237.506   0.88577  0.367785 -0.342951 0.0746329 -0.361601 -0.394175 -0.389859  0.235105  0.968887  0.737939
point 74 610 249.915   161.7   -0.2326 -0.192664  0.723196  0.661297  0.479337  0.455137  0.680517 -0.608483  0.153787 -0.461809
point 75 617 323.82 150.07 0.00437417  -0.827702    0.28168   0.194979  -0.576572  -0.927145  -0.214471   0.329746  -0.782329   -0.60048
point 76 630 621.46 220.15 -0.00815615 -0.00768211   -0.374623   -0.387524    0.678724  0.00786522    0.511377   -0.182508    0.593294   -0.717176
point 77 644  309.23 183.202  -0.493646  -0.107129  -0.601661 -0.0461724  -0.124651  -0.727538   0.852164  -0.892459    0.88436   0.381423
point 78 655 430.962 225.197 -0.0639044   0.717302   0.456663  -0.579186  -0.556333  -0.439025  -0.978144  -0.728881   -0.87111   0.800105
point 79 658 417.273 227.178   0.398779  0.0388087 -0.0776298  -0.265723   0.151366   0.981101   0.657577   0.635524  -0.763439   0.521787
point 80 661 330.779 139.895  0.248278 -0.535551  0.463988  0.367049  0.105572   0.17655 -0.950376 -0.782795  0.237287  0.435311
point 81 667 437.933 177.126 -0.970233 -0.591781 -0.245442 -0.560617  0.724706 -0.766038 -0.513679  0.728151  0.527503  0.421899
point 82 668 633.272 166.382 -0.554421  0.861997 -0.750064 -0.451563  -0.45155 -0.124494  0.174986 -0.460698 -0.856049 -0.550706
point 83 691 240.712   189.9  0.550278   1.01417  0.266145 -0.273629 -0.868864 0.0838325  0.258052  -0.45156 -0.925875 0.0463218
point 84 695   234.7 150.918   0.756785  -0.193968   0.336871  -0.463606   0.452138 -0.0256519    0.90538  0.0678817   0.485765   0.819833
point 85 710 36.3181 157.301 -0.0467146  -0.477386  -0.590807   0.320992  -0.480114   0.298252  -0.709974  -0.123668  -0.204463 -0.0215538
point 86 719  129.93 180.005 -0.799705 -0.317189  0.725728  0.668488 -0.615017  0.691612  0.366529 -0.514265 -0.561007  -1.03619
point 87 720 31.7835 125.424   0.37078 -0.574265  0.474236  0.390899 -0.755035  -1.01585 -0.605604  -0.93657  0.473424 -0.761731
point 88 750 196.476 237.015 -0.383231 -0.477802  0.500704  0.219881  0.222883  0.535302 -0.630915  0.795799  0.633546 -0.229467
point 89 752 336.992 147.205  0.848758  0.777369 -0.492455 -0.184227 -0.177907  0.096715  0.309604 -0.614724 -0.657858 -0.514192
point 90 776 258.266 84.6341  0.938135 -0.146094 -0.160748 -0.526493  0.637477 -0.884369  0.418826 -0.413198   0.77531 -0.741595
point 91 777 442.048 171.339 -0.641809  0.679159 -0.313826  -0.45126  0.646526 -0.309194 -0.354114  0.582001 0.0121734 0.0398884
point 92 794 311.388  187.66 -0.379165  0.469554  -0.34956 -0.629808 0.0276072  0.660298  0.444126 -0.470363  0.127895  0.520084
point 93 797 344.222 120.446  -0.695392  -0.707967   0.763992  0.0419032  -0.187937  -0.602203 -0.0687275   0.543583 -0.0849694  -0.289418
point 94 804 521.018 211.436  -0.806316  -0.674923   -0.68538  -0.555094   0.545576   0.704248 -0.0902343   0.472584  -0.596552   0.150835
point 95 817 638.949     194  -0.261071   0.480197   0.814983   0.631972    0.64694 -0.0402257  -0.634674   0.641415   0.626438  -0.894839
point 96 820 167.712  197.73 -0.684028 0.0164217  0.753125 -0.456079  0.509878 -0.272625 -0.334278 -0.454618   0.28745  -0.10591
point 97 837 585.741 119.417 -0.0624675  -0.231012  -0.526077  -0.356741  -0.822062   0.215925  -0.420432  -0.335053  -0.833673   -0.49593
point 98 841 295.417  125.32  0.159989  0.872367 -0.944222   0.86935 -0.427389  0.127254 -0.261701 -0.212383  0.256199  0.488463
point 99 843 378.394 141.509  -0.457509  -0.184789 -0.0631985   0.410974  0.0895385  -0.941919   0.377799   0.250352   0.991412     1.0093
point 100 846 536.054 232.954   0.429324   0.295018   0.369695  -0.865369  -0.885806 -0.0658502  -0.714391  -0.247173  -0.394279   0.261502
point 101 848 135.256 207.938 -0.416941 -0.186458 -0.829258  0.899032  0.899841  0.534292  0.174732  0.290132  0.713462  0.227298
point 102 862 181.377 162.389  -0.846034  -0.323469   -0.77285  -0.256598   0.632088  -0.542274 -0.0833879   0.339346  -0.918626  0.0384199
point 103 863  59.642 133.382  -0.201313   0.272434 -0.0634508   0.385261 -0.0399745    1.02218  0.0797099  -0.184102  -0.132544   0.607119
point 104 866     594 176.626  -0.50295 -0.123278  0.778113 -0.575628  0.638032 -0.249883 -0.109686  0.346687 -0.476545  0.895799
point 105 867 496.934 204.125    1.00919   0.092589   0.127704    0.60731  -0.452196 -0.0316623  -0.730771  -0.425359   0.683704 -0.0424787
point 106 876 288.242 146.128  0.428094 -0.631484  0.918967 -0.233718 0.0816893   -1.0018  -1.00265  0.333946   0.85818  0.309342
point 107 880 302.589 193.265 -0.638863  -0.56176 -0.232164  0.684077  0.593596 -0.270924 -0.356164   0.61838  0.779042  0.634455
point 108 881 353.724 205.326  0.273256  0.647595  0.441675  0.657327  0.375406 -0.828724  0.208724 -0.813696 -0.435843 -0.580872
point 109 883 306.205 223.233  -0.196082  -0.219814  -0.756514   0.966233   0.232367   0.555547   0.607969  -0.343964   0.210482 -0.0892458
point 110 886 530.692  176.01 -0.327487 -0.821608 -0.511219 0.0784095  0.337056   1.03333  0.943373  0.895316 -0.703123 -0.880173
point 111 888 19.0077 95.4168 -0.706161  0.763878  0.508543  0.569046  0.413271 -0.908924  0.651151  0.897395  0.164164 0.0230855
point 112 894 5.60688 171.863  -0.237911   -0.57866 -0.0184373   0.760737  -0.589327  -0.687227   0.873885  -0.326181  -0.948426  -0.896681
point 113 905 461.211 176.523 -0.945172  0.139583  0.429803 -0.353012  0.664356  0.284845 -0.807571    0.6324   0.04786  0.153238
point 114 908 248.717 118.299  -0.99287 -0.925209  0.924081 -0.716395  -0.70929    1.0362  0.611564 -0.790503 -0.600615  0.229198
point 115 910 452.047 203.319   -0.964919    0.659684    0.472231 -0.00523659    0.643187    0.480064   0.0263524    0.575849    0.750574    0.405957
point 116 911 569.821 196.042    -0.9668   -0.43558  -0.769903   0.731524  -0.896692 -0.0377469   -1.00557  -0.142772   0.466321  0.0980648
point 117 916 201.508 204.052  -0.399723   0.255567   0.194365  -0.411653   -0.73589  -0.505867    0.63936   0.297184    0.84253 -0.0178731
point 118 920 559.119  209.36 -0.951066  0.671125 -0.377434 -0.330851 -0.396978 -0.161839  0.796206 -0.806826   1.04872 -0.535057
point 119 926 621.465 224.503  -0.720484  -0.777076   0.914591   -0.89164 -0.0160442   -0.55906  -0.408075  -0.723697  0.0886466   0.580207
point 120 927 389.466 190.588  -0.0721603    0.914728     0.56083    0.347882   -0.913499     0.36324 -0.00426653   -0.384097    0.702842    0.943749
point 121 928  530.89 192.551 -0.126644  0.853925 -0.779172 -0.850252 -0.234288 -0.551831 -0.676156 -0.398493 -0.443789  0.323432
point 122 929 362.318 193.188 -0.838577 -0.295604 -0.281722  0.184179  0.265031  0.717315 0.0888187 -0.222658 0.0558831  0.192873
point 123 939 596.813 197.509 -0.387224 -0.762483  0.557622  0.863082  0.200145 -0.910484 -0.714935  0.640052 0.0948998  0.814131
point 124 942 326.618 209.741 -0.741975 -0.272866  0.675459 -0.465215  0.269397 -0.177405 -0.698864 -0.949899   1.02388  0.393144
point 125 944  260.51 180.312   0.507929  -0.485048   -0.27125  -0.561964   0.723349 -0.0579819   0.084503   0.306394   0.474867  -0.668563
point 126 951 622.773 212.616  0.206747 -0.835435 -0.121997  0.361791  0.246912 0.0475744 -0.960262  0.471555 -0.220316 -0.620143
point 127 958 209.098 139.085 -0.487151 -0.856444 -0.767196 -0.243548 0.0618085 -0.316871 -0.237285  -0.28545  0.424802 -0.963192
point 128 962  128.84 181.106  -0.240178  -0.270758   0.894569  -0.758853   -0.77117 -0.0597552  -0.528825  -0.460516 -0.0327388  -0.115594
point 129 963 532.162 180.181 -0.0622106  -0.788958   -0.41175   0.425845  -0.843992   0.215788   0.944541  -0.882052  -0.195015   0.493944
point 130 971 562.149 170.984   0.713205  0.0105499   0.264996  -0.676673    1.03051 -0.0395638   0.340731    1.01337   0.831883  -0.142855
point 131 974   165.5 233.506 -0.437272  0.714101 -0.809757 -0.900285  0.525496 -0.525007 -0.482639  0.500887  0.556631 -0.386991
point 132 978 235.507 213.576  0.861608  0.629323  0.279915  0.974089 -0.797684  0.388605  0.160354  0.402235  -0.59791  0.356209
point 133 979 401.231 172.716 0.0765554  0.441293 -0.102318  0.432927  0.243149   0.39341 -0.583014 -0.176922  0.654094 -0.325147
point 134 989  449.09 237.918   -0.63635   0.328359   0.453064   -0.62979 -0.0948558  -0.605605  -0.182436   0.497054   0.580625  -0.532083

