seq: 113
gt_pose: -4.03831 -2.14307 -3.09151
odom_pose: -2.83654 -2.92466 -2.85341
point 0 2 32.4467 135.769  -0.516081  0.0443656   0.699272   0.176448  -0.432935   0.259782  0.0151398 -0.0193791   0.951454  -0.423604
point 1 12 180.211 233.891   0.65276  0.175969  0.555575 -0.944739  -0.71116  0.951248 -0.617637  0.760921  -0.76688  0.946963
point 2 19 344.885 211.304  0.301032  0.244373 -0.339081 -0.665052  0.223608  0.240564  0.441939 -0.370503  0.437296 -0.598587
point 3 25 73.6741 211.991 -0.327568  0.817614  0.782457  0.238056  0.628647  0.626745 0.0206916 -0.358499 -0.177401  0.302109
point 4 28  74.862 64.4769  0.290228   0.96704 -0.359736  0.802453 -0.729117  -0.19142  -0.98059  0.589004  0.566786 -0.371868
point 5 32 101.433 174.378 -0.636896 -0.015361  -0.58915  0.694031 -0.381467  -0.27035  0.733296 -0.344142  0.667829  0.301452
point 6 34 347.298 163.898  -0.11764 -0.527178  -0.24152 0.0955228 -0.735858  0.102771  -1.00052 -0.206333 -0.222133 -0.434919
point 7 60 507.065 75.1049  -0.945526  -0.854726  -0.508668   0.404172   0.256266  -0.863934   0.941597   0.727315  -0.645023 -0.0616258
point 8 90 312.289 108.564 -0.757521 -0.977083 -0.752456  0.483329 0.0481904 0.0920179 -0.547736 -0.536887 0.0453691  0.840407
point 9 114 252.353 118.727     0.559272    -0.870404     0.991829    -0.556062     0.163462 -0.000516414    -0.295913     0.431721    0.0754515     0.235453
point 10 131 407.476 63.7372  -0.908091  0.0722509  -0.538612  -0.323169 -0.0342582 -0.0859453  -0.529584  -0.115031   0.264277   0.635131
point 11 144 475.676 168.076  -0.415692   -0.21458  -0.842137  -0.808656  -0.659032    0.58157 -0.0114783   0.386124   -0.68652  -0.819571
point 12 167 38.1285 184.869  0.786065 -0.402098 -0.404815 -0.204685  0.167094 -0.973535 0.0775026 -0.428494  0.602198  0.299928
point 13 171 565.861 186.845 -0.0366139   0.663353  0.0142926  -0.942601   0.108655   0.427962   0.481652  -0.133181  -0.867637  -0.612919
point 14 178 610.939 209.928   0.716836  -0.417443   0.711141  -0.187667   0.895022   0.943403  -0.363157   -0.23742 -0.0182875  -0.933457
point 15 211 608.283 166.536   0.873694   0.626264   -0.20876   0.317658  -0.409186   0.540012  -0.568003   0.249038 -0.0416109  -0.418947
point 16 218  584.83 205.161 -0.206854  0.680262  -1.00383  0.721154   -0.8377 -0.639751  0.786647 -0.969599 -0.474439 -0.714543
point 17 219  528.26 237.304  0.165752 0.0156673 -0.332887  0.953202  0.109405  0.349458  0.261296  0.141948 -0.467316 -0.550363
point 18 235 455.252 225.689 -0.829878  -1.00618  0.933238  0.462387  0.136378 -0.143201  0.982934 -0.697302 -0.884747  0.370145
point 19 249 467.433 175.027   0.698599  -0.641578  -0.341902    1.01452  -0.142163  -0.633805   0.518357  -0.710124 -0.0296233   -0.42614
point 20 263  84.952 181.437   0.149117   0.621892  0.0583214   0.556553  -0.868053  -0.139075 -0.0326854  -0.902306    0.59674   0.816132
point 21 266  348.87 183.917   0.845989  -0.339507  -0.145641   0.779517  -0.704305  -0.203989  -0.378063 -0.0244185   0.677883   0.800054
point 22 274 563.678 235.213  0.876339 -0.589422  0.156918   0.55154 -0.549211 -0.318372 -0.836905 -0.460923  0.455593  0.520832
point 23 284 201.26 192.48  -0.198986   0.139157  0.0757404  -0.296156   0.821135   0.447441  -0.947831   0.931365 -0.0697221  -0.735384
point 24 295 489.469 177.204    0.657674 0.000413026   -0.327372    0.315196    0.167406    -0.26991   0.0844333    0.572766    -0.11949    0.263775
point 25 308 104.495 115.261  -0.611133   0.972916 -0.0215666  0.0571377  -0.746964  -0.464388  -0.788393   0.754911   0.398936     0.4485
point 26 330 233.925 225.705 -0.0459622  -0.592372    0.18745  -0.682447  -0.231636   -1.01471   0.742943     1.0093   0.282528   0.479718
point 27 358 295.587 96.0256   0.680658  -0.291649 -0.0997327   0.996791   0.154355  -0.805268   0.353704   0.494637  -0.972724   0.730229
point 28 388 480.591 177.742 -0.416156 -0.160911  0.870163 -0.441041 -0.892732 -0.211058  0.296884  0.478742 -0.830496  0.259822
point 29 389 306.478 149.314   0.355901    0.81505  -0.366875  -0.525843   0.350377   -0.67293  -0.203207 -0.0847146  -0.744254  0.0304904
point 30 400 277.072 213.411   -0.952702  -0.0929062     0.99094 -0.00885838    0.822224   -0.820124   -0.166306    -0.91881    0.589096   -0.113807
point 31 410  401.31 159.452 -0.222571  0.530197 0.0264249 -0.240441  0.336493  0.663802  -0.54208 -0.962252  0.760305  0.634925
point 32 416 111.368  232.33   -0.505383    0.607114   -0.630114    -0.41583    0.654306    0.944899    0.728938    0.925227    0.401607 -0.00683696
point 33 419 25.3551 189.839  0.600874 0.0503113  0.403015 -0.709396  0.536893  0.598802  0.823267 -0.415372 -0.840035 0.0370204
point 34 420 175.166 196.171 -0.603861  0.678281 -0.864146   0.48302 -0.260456 -0.743397 -0.492983 -0.953966 -0.411293 -0.563625
point 35 432 153.703 215.544 -0.229098  0.596701  0.961135 -0.388804  0.214732 -0.099103 -0.820802  0.402108  0.104919  0.355331
point 36 433 174.089 174.993 0.00218034  -0.596965  -0.362488   0.188488 -0.0296157   0.836637  -0.511319  -0.143422   0.425333  -0.823883
point 37 434 64.3601 156.092 -0.811258  -0.20436 -0.645494 -0.473208 -0.847954   0.15126 -0.880208 -0.914768  0.819329  0.376085
point 38 465 18.0356 183.334  -0.68965 -0.190262 0.0163554  0.126441 -0.156483 -0.481778 -0.933609  0.502654 -0.915493 -0.730282
point 39 467 464.912 210.056  -0.374208  -0.737363  -0.131402  -0.313233   0.855058   0.271494   0.456306 -0.0946048  -0.587413  -0.746884
point 40 474 396.059 219.749 -0.0777155   0.693697  -0.912322   0.661774  -0.636258  -0.761832  -0.359158   0.939684  0.0171863  -0.456319
point 41 476  268.39 182.877  0.131335  0.461414 -0.402753   1.02162 -0.410928  0.464115  0.681581 -0.259567  0.142929 -0.936376
point 42 488 505.409 110.169  0.933096  0.559075  -0.53103   0.18351 -0.752727  -0.42415 -0.322828 -0.729194  0.114352  -0.25589
point 43 489 571.223 215.413  -0.792908   0.931486  -0.862324   0.859037  -0.866135  -0.608372   0.826099   -0.53257  -0.605733 -0.0689572
point 44 490 448.462 239.989  0.379975  0.939257  0.310315 -0.481673  0.955317  0.280254 -0.931173 -0.543453 -0.559397 -0.697786
point 45 501  280.39 130.818  0.447224 -0.303223 -0.163031 -0.184507  0.358621 -0.272798  0.421654 -0.254037 0.0603419 -0.513286
point 46 523 292.139 150.629  0.527404  0.503977  0.425291 0.0795005  0.938855  0.613083  0.739813  0.568575 -0.158823 -0.484767
point 47 545 265.011 144.212  0.866102  0.549778 -0.804689 -0.278346 -0.738054 -0.183864 0.0570511  0.848784 -0.545793 -0.646518
point 48 553 308.739 178.473   0.232338 -0.0165481   0.813881   0.236933    0.61266   0.154973   0.465496   0.941192  -0.925264  -0.196889
point 49 554 629.456  166.57 -0.953938  0.938968 -0.622278 0.0997427  0.776869 -0.706976  0.912075  0.586688  0.134842  0.307527
point 50 570 151.183 220.498  0.181308  0.329693 -0.745375  -1.01414 -0.945001 -0.744174 -0.600843 -0.968611 -0.346936   0.81735
point 51 574 218.249 137.807   0.85834  0.349976 -0.718567 -0.175827 -0.534231 -0.698467 -0.618646  0.867824 -0.296416  0.152792
point 52 580 409.454  237.97  -0.383427   -0.38729  -0.911058   0.935559   0.147594  0.0350038  -0.312519   0.893576  -0.695859 -0.0170573
point 53 589 484.096 163.724  0.102468 -0.185974 -0.329157 -0.746898  -0.50344 -0.545942 -0.114482  0.260252 -0.872982 -0.908586
point 54 593 18.8962 147.254 0.0962356  -0.64828 0.0175865 -0.720215  0.749423 0.0217446 -0.299299  0.413925 -0.825954   0.23677
point 55 600 248.035 98.3588  0.874305    0.3994  0.672516  0.525541   1.02889 -0.478355  0.202125  0.457947 -0.313218 -0.836879
point 56 625 637.726 168.517 -0.0643384   0.714917  -0.167028   0.977203   0.446617  -0.584861  -0.616984  0.0287818 -0.0841106   0.149873
point 57 634 75.144    155   0.308332   0.029717   0.963911  -0.674725  -0.922618 -0.0809414   0.461235  -0.238087   0.182764   0.889621
point 58 643  519.91 214.468 -0.0941971  -0.957381   0.410744  -0.308223   0.432946 -0.0333481  -0.747812  -0.949809   0.170624  -0.340164
point 59 648 172.924 162.029  0.129267  0.375538 -0.726461 -0.976193 -0.723461 -0.101152  0.737151  -1.01407 -0.293388 0.0814804
point 60 654 588.179 237.731 0.0836125  0.669698  0.145886  0.119188 -0.359347  0.432959  0.794691  -0.92186 -0.339251  0.636253
point 61 656 530.841 172.108   0.114301 -0.0851776  -0.524045  -0.806698   0.960339   0.530789   0.933418   0.064458   -0.36165  -0.417208
point 62 670 585.839 176.388    0.74983  -0.321782  -0.944275   0.113323 -0.0920694  -0.530482  -0.152378   0.124796  0.0439499   0.396022
point 63 680 444.214 221.451 -0.0228776  0.0438005  -0.938438   -0.35701  -0.172427  -0.811776  -0.289974    0.41481  -0.161105   0.757229
point 64 690 635.822 190.824   0.353772     0.9609   0.195598   0.451652 -0.0394359  -0.711234  -0.827367  -0.325099   0.555658  -0.500853
point 65 693 348.249 215.879  0.576814  0.319684  0.620259 -0.415587  0.849088  0.169075 -0.488681 0.0872108  0.895644 -0.354279
point 66 694 553.818 216.745   -0.68884  -0.746783 -0.0289737  -0.394064   0.944205  -0.409914  -0.173485   0.846275   0.744995   0.449745
point 67 696 14.3625 233.644 -0.854502 -0.289684 0.0864954  0.340287  0.899978  0.441058  0.552978 -0.106257  0.979512  0.522798
point 68 700  77.562 205.818 0.0562975 -0.593263  0.179053  0.772529  0.607083 -0.466287 -0.727713  0.049723  0.969451  0.767464
point 69 706 246.908 176.011  0.946403  0.643505 0.0682229  0.728705 -0.950796  0.694847 -0.199374   0.51649 -0.451637  0.284123
point 70 708 95.3058  130.54 -0.107004 -0.034478 -0.679043  0.513693 -0.335209 -0.765453  0.147296  0.677249   1.00318  0.269117
point 71 715 312.366 236.939 -0.811146  0.631446 0.0496671 -0.669634  0.314602  0.978459  0.412453 -0.810339 -0.104659 0.0523108
point 72 716 389.414 224.064   0.962395 -0.0657387  -0.469182   0.889877 0.00763798  -0.745032   0.257155  -0.296195   0.740455   0.688372
point 73 735 525.176 213.043 -0.946972 -0.443207 -0.128368 -0.652822 -0.254375  0.515102 -0.342401 -0.743638  -0.32366  0.886181
point 74 748 92.2038 130.054 -0.920219  0.054969 -0.442089 -0.906224 -0.521304  0.140663 -0.202961  0.970068  0.702353 -0.403943
point 75 758 167.675 212.959 -0.248589 -0.957159  0.834462 -0.475239 -0.560645 -0.892466  0.748788 -0.432934  0.226447 -0.419279
point 76 770 299.274  5.9409  0.734698 -0.517655  0.670665 -0.336922 0.0112609  -0.26642  0.436924 -0.765509 -0.860346  0.690594
point 77 772  168.33 172.507   0.746607   0.486095    -0.6788   -0.53476   0.565941  -0.851963 -0.0381133   0.220246  -0.259556    -1.0139
point 78 795 329.521 183.319 -0.260991  0.874733  -0.28917 -0.578931  0.751783  0.171583  -0.55557 0.0895606  0.837722  -0.17925
point 79 796 427.098 209.259   0.581369  -0.904135  -0.600999  -0.509856  -0.230003  0.0352587   0.950648   0.477619   0.352816 -0.0632554
point 80 808 72.2731 159.089  -0.515476   0.555794  -0.106749   0.815027  -0.420546  -0.305372    -0.2061 -0.0455684   0.801738  0.0586241
point 81 812 120.356 232.462 -0.0714068  0.0412303   0.591561   0.424033  -0.676942   0.508134   0.773606   0.889727   0.805393    0.91448
point 82 834 310.056 218.657 -0.548787   0.67035 -0.850634    0.9633  0.393521  0.738098  0.904554  0.991505   0.45616  0.664066
point 83 836 123.274  120.61  -0.723654  -0.693656   -0.17733 -0.0279229   0.535684   0.268985  -0.354681   0.718733   0.219732  -0.971647
point 84 838 200.628 190.781 -0.579976 0.0798102 -0.171696   0.16355  0.674542  0.118284   0.41823 -0.472508  -0.90509 0.0477448
point 85 844 252.826 210.727   0.517507  -0.799918  -0.364115   0.644457 -0.0667897  -0.766103 -0.0945054  -0.803508  -0.837087   0.958135
point 86 850 262.538 161.776 -0.550651  0.837733 -0.156501  0.325477 -0.521262  0.405742 -0.848331  -0.37353  0.244988  0.967411
point 87 851 171.741 217.156  0.891532  0.623179  0.435038  0.970642  0.564307 -0.691326  0.192552  -0.48643  -0.31828  0.752021
point 88 871 257.052 185.522  0.327109  -0.80822 -0.720985  0.105639  0.135203  0.761082 -0.102964  0.392479 -0.791105  0.891916
point 89 890 47.9095 119.878   0.411103  -0.393388 -0.0963151   -0.81175  -0.320499    0.17596   0.950908  -0.874635  -0.226831   0.253846
point 90 891 153.969 218.956  0.415972  0.408451  0.109449  -0.61032 -0.706161  0.305925  0.652307 -0.895618 -0.957958  0.689559
point 91 895 19.3867 200.883  -0.820857   0.315013   0.694376   0.956786  -0.579732  -0.255569 -0.0127157    0.66913  -0.765434   0.236837
point 92 902 433.687 196.298 -0.401825 -0.698332 -0.187034  0.838557  -0.66749  0.185604 -0.614333   0.93027 -0.346821  0.837447
point 93 919 90.1582 71.0921 -0.738815  0.450473 -0.248148 -0.473846  0.357664  -0.40595 -0.471835  0.866908  0.115048  0.410927
point 94 921 17.0023 129.413   0.182214   0.144691  -0.292508   0.679387    0.10122 -0.0406555   0.217733   0.851294    0.50741  -0.370058
point 95 923 206.995 202.239  -0.717932  0.0379545   0.707575  -0.342709   0.336224 -0.0306353   0.840507  -0.869991  -0.368743 -0.0157592
point 96 930 32.3483 171.986   0.925884    1.02033   0.251548  0.0442874  -0.422037  -0.999386 -0.0561348   -0.23241   -0.84142   0.693143
point 97 952 255.738 136.375  0.751265 0.0890099 -0.456268 -0.227907  0.703189 -0.234924  0.407577 -0.751596 -0.413009    0.7678
point 98 956 121.031 235.705  -0.588603  -0.945814    0.70488  -0.222656   0.240669   0.312183   0.423497 -0.0239764   0.607483  -0.397205
point 99 957 476.303 124.121 -0.466949  0.970449 -0.249585 -0.875974  0.319988  0.890767  0.453487  0.541173 -0.389839 -0.160398
point 100 970 282.778 185.585  -0.55426  0.298385  -0.26385  0.864452  0.475831  0.790087 -0.564053 -0.425721 -0.344729 -0.618138
point 101 973 312.136 13.2167  0.167984  0.144866  0.535121 -0.917034 -0.454734  0.230976  0.146702  0.844787  0.527343  0.103322
point 102 981 193.292 175.564  -0.440475   0.877144 -0.0283138   0.778988   0.696129     0.9851   0.227235  -0.486656   0.478367  -0.522538
point 103 986 478.972 227.674   -0.30921   -0.33695  -0.980088  -0.561991  -0.123862  -0.437472  -0.380705 -0.0537651 0.00455983  -0.868615
point 104 988 10.3859  222.29  0.349003  0.866786  0.387868 -0.549718 -0.337447  -0.96134   0.17784 -0.340081 -0.437986 -0.949145
point 105 991 443.414 233.365  -0.137847   -0.03475  -0.784887  -0.993655   0.997678  -0.416756   0.364211    0.40791 -0.0901853  -0.722875

