seq: 164
gt_pose:  -4.85136   3.56326 0.0628489
odom_pose: -4.73314  2.43886 0.122064
point 0 58  367.99 221.874    0.66254  -0.534462  -0.475726  -0.884727 0.00878177   0.754189   0.194123  0.0675797   0.656485   0.940645
point 1 63 358.378 201.626  0.249605 -0.778441  -0.82512 -0.199559 -0.700693  0.287352 -0.815442  0.810676  0.165579 -0.545137
point 2 68 371.204 239.647  0.189517   0.33183 -0.905696  0.534786  0.154062 -0.698561 -0.673009 -0.630894  0.528612  0.642247
point 3 76 201.124 171.924  0.461607 -0.199135 -0.644213  0.675585 -0.681447  0.346115  -0.32812 -0.275174 0.0193616  -0.09752
point 4 78 528.716 215.575  -0.895903  -0.858407   0.618317   0.723539    1.02069  0.0175243  -0.448329  -0.686687  -0.307195 -0.0882285
point 5 88 450.828 233.448  -0.206225 -0.0401251   0.360121  -0.942476    0.32923   0.215527    0.38235  0.0584433   0.794605  -0.498413
point 6 92 569.766 197.399   0.194964   0.743557 -0.0112146   0.984329   0.348826   0.307244   0.959471   0.612895  -0.222014  0.0249088
point 7 93 476.668 74.6571   0.681872  0.0192404   0.165375   -0.79765   0.869102  -0.358292   0.181053    -0.9128   0.571633 -0.0121496
point 8 101 221.556  101.67  0.619727 -0.228728  0.343585 -0.703082 -0.285307  0.915636   -0.2866 0.0151438  -0.91391  0.837293
point 9 109 470.981 230.592  -0.507567    0.86397  -0.798458  -0.437831    0.46696 -0.0322192   0.767148   0.617293 0.00187759   0.265119
point 10 111 449.373 230.104  0.0162933   0.975678   -0.88523  -0.941214 -0.0933829  -0.344132   0.989147  0.0579033   0.190725   0.434846
point 11 123 507.462 172.478  0.181201 -0.818922 -0.212967  0.387527   0.80735  0.717417  0.262961 -0.188598  0.346028 -0.632696
point 12 145 62.6795 237.484  0.540098  0.461305 -0.915193  0.549335  0.368817  0.798353  0.537183 -0.210165  0.638987  0.479238
point 13 166 535.706 184.375 -0.655813  0.321827 -0.599544 -0.469482 -0.647735  0.254985 -0.744238  0.137095  0.117847 -0.663724
point 14 173 174.217 179.218 -0.593325   0.53548 -0.736988   0.89294  0.222063  0.181738   0.58223 -0.844704  0.211306 -0.265526
point 15 175 428.242 175.081 -0.376694  0.515121  0.263387 -0.632783  0.676069   0.68262  0.943913  0.972853  0.610583   0.08438
point 16 181 243.174 182.033  0.830998   0.51169 -0.205986 -0.178961 -0.120297  0.779588 0.0193668  0.989799  0.653511 -0.269736
point 17 186 392.132 142.284 -0.386249 -0.355378  0.324323  0.394203  0.921742  -0.96056 -0.117022 -0.503912   0.10074  0.364943
point 18 189  178.14 220.953   0.936234 0.00442425  -0.911964  -0.820929  -0.136108   0.804671   0.748191  -0.400641  -0.359962   0.199945
point 19 192 68.5748  161.57   0.525235  0.0912449   0.517727   0.245079  -0.768293  -0.139811 -0.0492512   0.122015  -0.359769  -0.573685
point 20 200 504.066 190.162  -0.458976  -0.723314   0.630507   0.386808   0.257757   0.517406  -0.115813   0.927128    0.99798 -0.0849198
point 21 208 72.9169  144.15  -0.907715  -0.238846   -0.88396 -0.0957913  -0.239668    0.82789   0.950935  -0.600327   0.729877  -0.830643
point 22 209 231.955 226.616 -0.227658  0.148536 -0.372614  0.347404 -0.871611 -0.331718  0.653093 -0.835774 -0.299848 -0.693009
point 23 216 541.535 192.768  -0.709264  -0.962651    0.87681  -0.817575  -0.593552  -0.863308  -0.343497  -0.269849 -0.0258836   0.803642
point 24 226 281.023 172.537  0.0130417   0.429115   0.596471   0.617274   0.949862   0.512668  -0.979347  -0.835264 -0.0696293    0.44166
point 25 233 384.993 230.047 -0.119058 -0.515773  0.189572  0.334998  0.329918 -0.201192 -0.973136  0.164235 -0.916549   0.39937
point 26 245 510.189 194.074 -0.617201 -0.409892  0.480578 -0.720756 -0.473539  0.354017  0.902314 -0.691132  0.186045  0.737318
point 27 251  443.36 230.083 -0.0187554  -0.569738   0.134507  -0.863182  -0.394423 -0.0721736  -0.441097   0.271681  -0.132028   0.348819
point 28 262 534.207 180.012 0.0541537  0.305471  -0.30206  -0.58156  0.911787    0.9376  -0.92204 -0.386755  0.407251 -0.346073
point 29 277 604.416 178.076 -0.470678 -0.894195  0.260314 -0.774389 -0.986407  0.232082 0.0799871  0.552423  0.362418 -0.899065
point 30 285 187.256 101.101 -0.575708 -0.196837 -0.506613   0.96338  0.935817  0.787661  0.254939  0.578033 -0.407682  0.397838
point 31 303 410.882 217.989    0.171937   -0.789161   -0.585281   -0.945097  -0.0439877    0.548148     -0.4307  -0.0735401 0.000350316   -0.433541
point 32 307   344.2 195.408   0.133017   0.950488  -0.278076   0.641485   0.729531   0.855537 -0.0701134  -0.481325  -0.880621   0.508004
point 33 321 253.138 155.228    0.0822328    -0.714727    0.0321388     -0.92165     0.956863 -0.000923491      0.26316      0.55878     0.787407     0.576581
point 34 322 208.198 97.7683 -0.230014 -0.177023   0.44886 -0.761485  0.949183 -0.670993  0.956649  0.888261  0.369734  0.521911
point 35 333 86.0632 197.943  -0.829754   0.453366    0.14305   0.149104  -0.804188   0.739715    0.94854 -0.0121954 -0.0464539   -0.10515
point 36 337  72.699 212.038 -0.154941 -0.193589  0.272445 -0.442467 -0.387576  0.557087 -0.231042  0.423448  0.738012  0.358137
point 37 346 323.205 163.781   -0.549345    0.890827  -0.0465123   -0.771672   -0.187683    0.543347 -0.00176733    0.910153    0.768728   -0.158826
point 38 352 525.048 208.675  0.595491  0.325138  0.446951 -0.752811  0.563141  0.717908 -0.637692  0.598161  -0.12058  0.812388
point 39 359 600.235 162.684 -0.0535654  -0.289015   0.633939  -0.499542   0.692729 -0.0252466   0.233347   0.140119  -0.502406  -0.196668
point 40 364 527.507 218.215  0.0763453   0.765669   0.693815   -0.61599   0.954669  -0.547918  -0.574523  -0.868707  0.0788905 -0.0166744
point 41 387 430.512  196.86    0.669998   -0.742251    0.558856    0.914827   -0.756289   -0.232805 -0.00371162   -0.906199    0.674664    0.695852
point 42 402 219.245 220.639   0.279193  -0.245332  0.0135362   0.988734   0.483912   0.020377 -0.0929541   0.431845   0.973306  -0.326372
point 43 404 180.624  162.39 -0.0902055  -0.921864   0.223674  -0.383884  -0.200047  -0.486271   0.359283   0.835616  -0.538581  -0.241176
point 44 405 324.913 160.686 -0.179565 -0.944709  0.850953  0.699333 -0.147663 0.0921912  0.368053  0.343476   0.53729  0.763372
point 45 406 248.139 185.947 -0.193971  0.870616 -0.713346   -0.5675 -0.834145   0.21012 -0.473813  0.314705      0.82  0.397961
point 46 453 102.15 232.36 -0.358018  0.317173 -0.105852 0.0853418  0.278112 -0.587944 -0.875487 -0.194468  0.595024  0.306727
point 47 470 602.937 238.438   0.398624 -0.0217958  -0.612978    0.89233  -0.300936   0.852411  -0.404034   0.175094   0.450772   0.745942
point 48 472  602.15 199.285   -0.84228 -0.0919456   0.645734  -0.245257   0.897832  0.0533345    0.68908  -0.678367 -0.0261601  -0.598767
point 49 475 583.712 229.026   -1.00473   0.089351  0.0752852    0.58025  -0.350723  -0.318389 -0.0609353 -0.0182709  -0.682111  -0.252444
point 50 477 146.018 154.463  0.893923 -0.622178 0.0975406 -0.364094  0.189448 0.0712853  0.746952 -0.719112 -0.322652  -0.57749
point 51 478 226.156 203.556   0.14827 -0.707512  0.468069  0.836409 -0.376508 -0.401204  0.191667  0.106915 -0.435828  0.859458
point 52 491 420.434 208.626 -0.797584  0.828705 -0.350827  0.569215 -0.523264 -0.167342  0.531946 -0.253582 -0.228827  0.688612
point 53 492 615.787 177.604  0.512541  0.484384 -0.761768 -0.421638 -0.533843  0.720101  -0.49256  0.762278 -0.807708  -0.59105
point 54 494 624.391 38.5239   0.437347 -0.0572465   -0.26358   -1.03668    0.10676  -0.783871   0.525988   0.391723  -0.280609  -0.944031
point 55 499 338.687 199.555  0.885761  -0.40349  0.344356 -0.593004   0.12845 -0.115628 -0.125431 -0.201464  0.662511  0.339863
point 56 514 545.045 171.124  0.441612 -0.754316 -0.909374 -0.414865 -0.947727 -0.539905  0.612865  0.774271  0.115296  0.158769
point 57 520 242.513  190.01 -0.296169 -0.906491  0.332898  0.364289  0.833061  0.363492  0.389861  0.160353  0.316885 -0.213549
point 58 524 24.7836 74.2811 -0.260649  0.753026  0.359198 0.0474373  0.936039 -0.549097 -0.170446  0.163174  0.279344 -0.810702
point 59 529 589.128 199.447  0.445537 -0.376425 0.0266717 -0.306445   0.65624 -0.137246 -0.832527  0.747935 -0.177262 -0.329575
point 60 539 347.044 111.239  0.820039  0.113777 -0.988074 -0.672678  0.465328 -0.352188  0.945736 -0.679131  0.186841  0.208403
point 61 541 518.765 231.731  0.399734  -0.80566  0.887694 -0.264297 -0.667808  0.670021  0.730354 -0.621882 -0.949528  0.292895
point 62 544  281.09 197.636  -0.127536  -0.331155   0.679356  -0.141664  -0.706045    1.02523   -0.90169   0.336417  -0.393803 -0.0506842
point 63 561 153.679  217.99  -0.903082  -0.357258   0.731034  -0.127303  -0.927189  -0.732844 -0.0968427  -0.886179  -0.424627   0.640794
point 64 568 549.892 217.373 -0.980838  -0.58934  0.984906 -0.670652  0.425612  0.570226 -0.961982 -0.783942 -0.784054  0.119002
point 65 596 365.97 207.31   0.0790806   -0.496174    0.445158    0.100949 -0.00617201   -0.461438    0.632119   0.0998846    0.595004    0.950574
point 66 599 333.482 214.211  -0.464293   0.217173   0.655789   0.119761  0.0754535   0.996776  -0.123097 -0.0739733  -0.100925   0.567309
point 67 607 584.033 236.816  0.877135  0.316935 -0.285177 0.0864326 -0.402471 -0.381811 -0.452951  0.263053  0.942355  0.728518
point 68 610 533.002 134.494  -0.23292  -0.24288   0.73861  0.677417  0.430062  0.438638  0.677162 -0.619953  0.130235 -0.461856
point 69 614 94.2344 120.781  0.447423  0.602509 -0.652646 -0.720061    0.9462 -0.368189  0.738006  0.105265   1.02617  0.194052
point 70 616 109.055 215.048   0.871066   0.542755   0.557336   0.419315  -0.960166 -0.0593946  0.0151204   -0.59491   0.201547  0.0224233
point 71 617 456.549   175.3 0.0835606 -0.858927  0.226497  0.144874  -0.52286 -0.930738 -0.157416  0.293626 -0.858038 -0.657286
point 72 622 336.075 169.039 -0.423897 -0.973147  0.428404 -0.131902  -1.02659 0.0347558  0.613483  0.874036 -0.190621 -0.625101
point 73 631 516.179 219.729  -0.851916  0.0574484  -0.671962 0.00521964   0.360857  -0.124768  -0.302516  0.0515762  0.0478131  -0.344089
point 74 644 435.598 175.373  -0.476211 -0.0733975  -0.588281  0.0458784  -0.180132  -0.739318    0.83965  -0.925238   0.847539   0.431757
point 75 662 329.105 29.5921  0.337978 -0.253967 -0.397877 -0.791591 -0.220384  0.799567  0.535898  0.951086 -0.751723   0.70555
point 76 674 126.471 232.037  0.901643 -0.794888  0.379434  0.721267 -0.445836 -0.472569 -0.705237  0.133488 -0.120041  0.253526
point 77 689 558.476 9.99906   0.857583  -0.475551  -0.495752 -0.0139683   0.708413   0.181517  -0.766131  -0.246892   0.878648   0.919629
point 78 691  546.03 191.807  0.568214   1.00939  0.226604 -0.246516 -0.908998 0.0834424  0.297311 -0.455621  -0.93708 0.0488463
point 79 725 364.413 189.104 -0.784958 -0.771489 -0.781379 -0.931077  0.303993  0.369014 -0.898221 -0.763824 -0.457748  -0.21871
point 80 726 451.457  175.83    1.0065  0.553604  0.580274 -0.698677  0.268125  0.595717 -0.794014 -0.843239 -0.929854 -0.842728
point 81 776 528.074 169.524  0.925435 -0.115838 -0.175562 -0.565114  0.718035 -0.814706  0.396827 -0.434485  0.843862 -0.822135
point 82 798 348.323 22.4396  -0.48997 -0.886931  0.957765   0.51737  0.497897  0.561075  0.648962  0.924094 -0.893379 -0.495689
point 83 800 358.773 26.9623    0.537325   -0.962942   -0.505473   -0.125564    0.781303 -0.00880357   0.0379897    0.778613   -0.461312     -0.4705
point 84 805  405.71 166.601  0.309263  0.735375  0.575787 -0.201667 -0.868738  0.809134 -0.225074  0.942866  -0.80882  0.195984
point 85 819 598.305 210.171  -0.487432   0.413821  -0.753081   0.753242   0.952574 -0.0640239   0.303565   0.716663  -0.405451  -0.104629
point 86 826 158.715  200.22   0.475856  -0.168402    0.26708   0.587091   0.898301  -0.389653 -0.0202943  -0.746991   0.755428   0.660878
point 87 830 79.6638 180.394  0.886057 -0.368252 -0.872431  0.739835  0.844307  0.156678 -0.878421  0.936003  -0.93303 0.0115713
point 88 832 261.984 166.001   0.63742  0.939974 -0.372535  0.673682  0.742501  -0.46263 -0.677315  0.792586 -0.846739 -0.887416
point 89 841 504.746 189.751  0.181325     0.868 -0.935531  0.940279 -0.423761 0.0724522 -0.281768 -0.209959  0.252003  0.442073
point 90 847 252.332 210.885   0.10057  0.490891  0.356321  0.935802 -0.770739 -0.769891 -0.332472 -0.903742 -0.853807  0.232127
point 91 854 325.141 221.651   0.677083   0.122714   0.360301  -0.786403 -0.0728573    1.02371 -0.0661478  -0.122285   0.217978   0.922891
point 92 856 318.045  173.71 0.0502917  0.697873  0.394608  -0.65664  -0.52296 0.0295746  0.512356  0.842438  0.309569 -0.628664
point 93 858 354.664 105.503   0.498495   0.197112  -0.141815 -0.0837031   0.727811   0.816237  -0.421323   0.101076  -0.790679 -0.0502273
point 94 862 580.689 203.049  -0.864923  -0.376137   -0.73106  -0.250804   0.605693  -0.519541 -0.0500293   0.379061  -0.922252  0.0258243
point 95 869  89.172 233.051  0.469956  0.781775 -0.795823 -0.571063 0.0409106 -0.727154  0.573737 -0.938479  0.806272 -0.890181
point 96 876 483.759 156.071  0.397496 -0.637726  0.920003 -0.183983 0.0452671  -1.00609 -0.919968  0.344055   0.87194  0.256225
point 97 880 463.378 197.091  -0.59564 -0.529374 -0.306258  0.609992  0.558156 -0.231423 -0.339881  0.597193  0.778953  0.621928
point 98 883 443.074 221.434   -0.20367  -0.288722  -0.675008    1.00933   0.257963   0.619945   0.616282  -0.360073   0.241875 -0.0728351
point 99 899 100.065 32.6495 -0.453872 -0.465818  0.615076 -0.745307 -0.843106 -0.192624 -0.865454 -0.873109 -0.564032    0.3099
point 100 908 534.674 147.801 -0.955758 -0.911824  0.930633 -0.656857 -0.682772   1.02736  0.588911 -0.840951 -0.578827  0.271453
point 101 936 591.812 156.508  0.034388 -0.446841 -0.386052 -0.351026 -0.506164  0.897257 0.0446646 -0.673729 0.0862666  0.161072
point 102 937 352.432 234.887 -0.526213 -0.568357 -0.486403  0.015411  0.498113  -0.22435  0.144638 -0.199295 -0.288449  0.509895
point 103 944 516.515 175.108   0.573701   -0.52864  -0.315948  -0.592954    0.65165 -0.0172152   0.178389   0.327589    0.50431  -0.653068
point 104 953 206.021 166.768  0.0165883   0.535589   0.766982  -0.642371  -0.106359 -0.0517743  -0.451964   0.779768  -0.668297   0.805232
point 105 958 601.651 122.744  -0.44869 -0.866443 -0.775401  -0.21666 0.0825099 -0.380384 -0.226535 -0.262274  0.398012 -0.907615
point 106 965 611.269 166.476   0.927965   0.637404   0.557837 -0.0285156  0.0591543   -0.45535   0.142364   0.671172   0.918747   0.243686
point 107 966 98.2249 210.482   0.684513   0.372644  0.0627378     0.5912   0.795831 -0.0373879   -0.73928 -0.0481243   0.703243  -0.536937
point 108 967 385.122 194.151   0.171124 -0.0412486   0.432688   0.990622  0.0963576   0.310698   0.505936  -0.354726  -0.728458  -0.479226
point 109 978 558.847 207.285  0.807333  0.662014  0.307049  0.971097 -0.840582  0.416127  0.143777  0.470351 -0.560442  0.343964
point 110 980 333.946  168.71  0.511712  -0.24634  0.609135 -0.524633  0.557652  0.448039  -0.80056 -0.234268  0.316882 -0.692814

