seq: 254
gt_pose:   5.43129   1.66722 -0.788258
odom_pose:  4.97434 0.590279 -1.14039
point 0 0 408.312 180.906   0.559679   0.806862  -0.568406  -0.333487   0.560766  -0.405529   0.136581 -0.0501608     0.2366  -0.316648
point 1 35 552.635 212.368 0.0569936  0.870649  0.329763  0.659398  0.379929 -0.335275  0.297263  -1.00565 0.0378023  0.726858
point 2 45 516.933 231.934   -0.53856 -0.0721252   0.860375 -0.0772207   0.722358   0.968442  -0.675937 -0.0671482   0.538389   0.539845
point 3 54 536.043 177.787 -0.582458  0.172961 -0.852604 -0.771185 -0.648642 -0.496879 -0.712832  0.193686 -0.924027  0.822792
point 4 56 557.286 200.386  0.286401 0.0385802 -0.941546  0.890058 -0.352851 -0.629186  0.063103 -0.190487 -0.393939  0.399536
point 5 59 577.562 202.727  -0.915588  -0.987382   -1.02735 -0.0181769  -0.408895   0.382748   0.631495  0.0266849 -0.0320612   -0.82434
point 6 69 543.361 215.773  -0.405205  -0.766435   0.736749  -0.836201 -0.0421273  -0.412668  -0.576396  -0.461381   0.327426   0.928027
point 7 84 619.044 128.486   -0.47287   0.086846   0.396765   0.947402   0.206512   0.323924 -0.0928846  -0.956625   0.997937  -0.289452
point 8 87   236.8 222.472  0.729618  0.771459 -0.228677  0.940689 -0.641979 -0.671296 -0.460974 -0.328719  0.849973  0.283447
point 9 94 321.616 190.894  -0.702213   0.444599  -0.534771   0.224208  -0.940908   0.686621 -0.0272373  0.0629458   0.543403  -0.757578
point 10 99 406.641 166.258 -0.505535  -0.64171 -0.724332 -0.799985  0.120374 -0.850508 -0.838766 -0.673674  0.542962  0.931017
point 11 112 255.772 235.657 -0.0222002  -0.811047  -0.797692  -0.884445   -0.38292  -0.885354   -0.93213  0.0028466   -0.20435   0.108373
point 12 118 635.211 188.727   0.911017   0.866843   0.627114  -0.511763 -0.0579505   0.514068  -0.925839  -0.600275  -0.866204   0.671714
point 13 152 535.398 162.371  0.0380434   0.451535  -0.622398  -0.637091   0.967191  -0.523073 -0.0703771   0.611095   0.782474   0.275109
point 14 162 256.75 145.63 -0.610985  0.285753 0.0310289 -0.759033  0.103895  -0.97117  0.553344 -0.774493 -0.643559  0.185243
point 15 174 496.363 180.029  0.693818 0.0976176  0.831753  0.184779 0.0184927 -0.510755 0.0420512  -0.56216 -0.536754 -0.898507
point 16 177  361.79 192.253 -0.674231 -0.150724 -0.526323  0.415069  0.117114 0.0790661 0.0263604 -0.629686   0.52219  -0.31204
point 17 182 632.798 232.506 -0.888525 -0.909016 -0.820362  0.837405 -0.783052 0.0702488 -0.635617 -0.474373  0.384678  0.431216
point 18 185 348.89 108.92   0.11303 -0.617146 -0.545595  0.366067 -0.217248  0.895483 -0.707816  0.841743 -0.231912 -0.183118
point 19 206 505.454 88.1235  0.745562 0.0244041  0.644214  0.884488  -0.73918 -0.626886  0.692291  -0.22341 -0.978877  0.730114
point 20 213 205.669 156.087   0.454286  -0.181984   -0.75814 -0.0893775 -0.0532216  -0.898089  -0.419911   0.734781   0.418415   0.100168
point 21 217 417.076 148.145 -0.380567  0.309713   -1.0079  0.250326  0.197835   -1.0197  0.666353 0.0867787 0.0260049 -0.716191
point 22 224 437.867 194.629  0.934639 -0.598777  -0.78625  0.491018  0.351352 -0.378483  0.431058  0.461903  0.128372 -0.167375
point 23 237 417.374 203.371 -0.0803291  -0.952355   0.677222  -0.970969   0.213121   0.855352  -0.989654   0.137628   0.372509   0.183061
point 24 255 162.934 198.655   -1.00957   -0.83352  -0.960169  -0.932611 -0.0569175   0.909833   0.190548   -0.30101   -0.18258   0.412578
point 25 270 33.1733 209.557  -0.491465   0.452842   0.116629  -0.691159 0.00519369   0.136905   0.473924  -0.209697  -0.897797  -0.877806
point 26 279 271.131 180.574 -0.466456 -0.326989  0.251918  0.183782 -0.138879  0.691791  0.380121 -0.842351  0.881019  0.398794
point 27 289 343.763 180.724  0.852566 -0.497253  0.363385  0.955811  -0.81627   0.92542  -0.73832  -0.44614  0.993262 -0.333813
point 28 316 612.779 84.1846  -0.634372  -0.692107  -0.904809  -0.533768  -0.452338 -0.0498578  -0.402233  -0.196423  -0.252167  -0.640186
point 29 341 83.2129 174.641  -0.742611   0.105803   0.332984  -0.296192   0.289099   -0.42258  -0.853764  -0.710187    0.82442 -0.0149473
point 30 348 328.372 197.692   0.860149   0.114323  -0.718841   0.202535   0.328351   -0.27996   0.121346  -0.676595 -0.0229739    -1.0036
point 31 372  363.48 222.506  -0.163512   0.854491 -0.0274412  -0.507406   0.938508   0.571923  -0.682241  -0.982467  -0.424459   0.189428
point 32 373 471.533 237.258  -0.428833    0.83676 -0.0195019  -0.355919   0.430062   0.591482 -0.0549352   0.741397  -0.356933  -0.792165
point 33 374 582.501 200.768  0.535969 -0.343874  0.316727 -0.610435  0.467239 -0.951491 -0.762482 -0.550607 -0.426024   -0.8064
point 34 403 446.017 212.738  0.175499  0.677551  -0.49659 -0.525291 -0.612954  0.535354   1.02503  0.685927 -0.990982 -0.624338
point 35 407 121.305 197.135 -0.696345  0.913221 -0.891579  0.618177 -0.807501 -0.074735   0.65999 -0.901913 -0.328403 -0.496611
point 36 418 252.711 216.108 -0.884866 0.0256055  0.334918 -0.627736  0.924385  0.787668  0.996879 -0.783051 -0.616869  0.614161
point 37 427 243.024 139.097   0.744521   0.950223   0.217329  -0.421193 -0.0719052   0.814185   0.199161  -0.713571  -0.706851   0.688521
point 38 429 622.302 196.109   0.49949  0.400417 -0.633287 -0.497766  0.579529 -0.967361 -0.575195 -0.155988 -0.386036  0.311761
point 39 442 396.771 233.939 -0.149523  0.563523 -0.705259 -0.349997  0.592608  -0.60547 -0.310266 -0.334011  -0.66225  0.108207
point 40 444 557.647 181.371  0.629846 -0.963923   0.42673 -0.683051 0.0083496 -0.690362  0.968673  0.341951 -0.108545  0.540394
point 41 446 569.606 160.017  0.532583 -0.778633   0.54772  0.913262 -0.977871  0.200441   1.01895  0.449944   0.53742 -0.050575
point 42 452  589.91 180.666  -0.887712   0.232964  -0.254986   0.661745   0.543198  -0.745968 -0.0956189   0.258154  -0.368368 -0.0854804
point 43 468 592.769 170.902  0.535557 -0.312297 -0.454237  0.480942  0.140499  0.491454 -0.327981 -0.241496 -0.859327 -0.338547
point 44 509 492.953 207.927  0.283883 -0.886442   -0.3029  0.682335  0.778369   0.82118 -0.466197 -0.281375 -0.311126  0.956432
point 45 518 427.911 178.795 -0.998237 -0.973809  0.244669  0.823838  0.395635 -0.566137 -0.684121  0.631147  -0.41452 0.0956703
point 46 533 496.286 78.9781 -0.684155 -0.228636  0.596831 -0.271698 -0.756473 -0.707952  0.628237 -0.290598  0.678791 0.0191967
point 47 550 222.205 205.227   0.260996 -0.0651889  -0.669255   0.503488  -0.394002  -0.481532  -0.863167    0.18432  0.0207054  -0.811719
point 48 556 48.1438 178.333   0.95558   1.03395 -0.306082  0.534088  0.890054 -0.173404  0.505358 -0.609101  0.939541  0.200995
point 49 564 119.307 123.351  -0.665685  -0.168812   0.228059  -0.455861 -0.0962644    0.50881  -0.477641  -0.951049  -0.742235    1.02076
point 50 571 512.224 140.098  0.803314  0.773054  0.313838  0.606702  0.288682  -0.65034  0.882501  -0.41512   0.52354 -0.244976
point 51 582  333.55 167.113 -0.0569858  -0.802022  -0.498171    0.98699   0.210591   0.126486  -0.447396   0.247763    0.04325   0.716304
point 52 608 321.514 208.866   0.759363    1.02352 -0.0457574   0.701551  -0.100677   0.657513   0.431052   0.832067   0.180554   0.968233
point 53 612 319.529 187.759  -0.65763  0.483795  0.138789   0.33088  0.401075   1.00251 -0.891838  0.138974  0.686177  0.583528
point 54 619 316.156 158.842 0.0296464  0.968449  0.359072 -0.972951 -0.942275 -0.606342 -0.816814  0.275238   0.52313 -0.285107
point 55 620 601.244 159.075   0.555116  -0.298001   0.899413   0.810728  -0.316084  -0.403027  -0.815477   0.374185 -0.0223941   0.452877
point 56 621 268.477 172.593   0.783994 -0.0539877  -0.933586  -0.269317   0.224487  0.0519515  -0.280806  -0.358808   0.162257  -0.255133
point 57 624  296.59 216.555 0.0198287  0.656447 -0.749982 -0.693566   0.75728 -0.134217 -0.628119  0.214526   0.78936  -0.58544
point 58 632 309.467  235.59 -0.0693049     0.1855  -0.257779  -0.735983   -0.57933   0.654012   0.266363   0.106469  -0.645323 -0.0707054
point 59 646 560.586 189.977 -0.301624  0.677832  0.783865  0.780366  0.331703  -0.68325 -0.311344  0.844695  0.306387   0.50711
point 60 697 610.785 162.007  0.144119 -0.764125 -0.530809  0.952444  0.520561 -0.721549 -0.279806 -0.169193 -0.166228 -0.827525
point 61 698 360.892 223.527  0.396264 -0.463727  0.446474  0.455025  0.500571  0.497791 -0.903937 -0.409373 -0.102537 -0.996261
point 62 731 573.971 226.297 -0.267447  0.374199  0.308099 -0.857233 -0.691692  0.916661   0.73821  0.819254  0.518028 -0.858088
point 63 737  275.44 187.745  -0.36833 0.0981143 0.0477163  0.575829 -0.741743  0.103088 -0.874585 0.0700904  0.525674 -0.201012
point 64 739 127.718 209.401     1.01443    0.175341   -0.428293 -0.00743221    0.766468    0.198374   -0.882992   -0.168222   -0.185069   -0.691923
point 65 740 279.072 200.761  0.376999  0.794083 -0.944587  0.602383 -0.144012  0.308562  0.686204 -0.454449  0.691928 -0.905851
point 66 743 553.004 220.128   0.169824  -0.540553    0.91256   0.272244   0.669038  -0.244047  -0.434778 -0.0756683  -0.292351  -0.448871
point 67 749 94.2859 161.236 -0.616546  0.257856  0.605227 -0.730232  0.502259 0.0209816  0.739799   0.15044 -0.268319 -0.191201
point 68 754     350 185.058  0.062457  0.462202 -0.354375 -0.991949  0.259036 -0.525346  0.781767  0.695296  0.330941 -0.333817
point 69 768 424.207 171.704 0.0316275 -0.188526  0.186648  0.333237 -0.699155  0.255169 -0.175847  0.428645  0.684705  0.693972
point 70 778 212.172 176.446 -0.0934365  -0.618522  -0.781292   0.769843  -0.491939  -0.859961  -0.382569   0.303703  -0.436373  -0.754301
point 71 791 546.773 192.501  0.731664  -0.66298 -0.775818 -0.556244  0.969164  -0.45069  0.379995  0.591711  0.479849 -0.416208
point 72 839 367.844 215.987  0.0489459  -0.229402  -0.857746  -0.893529   -0.21434   0.120473 -0.0763388   0.259616   0.726494   0.136371
point 73 860 433.825  236.37 -0.810954 -0.900942  0.740121   0.57339 -0.874603  0.238336 -0.224314 0.0188632 -0.827779 -0.464029
point 74 889  212.96 226.975  -0.784128   0.237928   0.868291    -0.2883  -0.972677   0.409792 -0.0737677  -0.735686   0.778027   0.116482
point 75 935 515.717 228.318   -0.730939   -0.883425    0.280733    0.971806   -0.679249    0.493871    0.310661    0.847422   -0.748634 -0.00101354
point 76 994 414.667 167.186  -0.352387 -0.0319978  -0.991537  -0.504394  -0.300304   0.448656  -0.261682   0.443887  -0.204695  -0.333965
point 77 996 325.596 179.958  0.293163  0.470742   0.48418  0.980029  0.667432 -0.909213 -0.146523    0.7188  -0.39123  0.531069

