seq: 284
gt_pose:   6.4174 -3.61101 -2.10318
odom_pose:  4.53623  -4.7225 -2.34209
point 0 16 120.968 207.222 -0.546843  0.218303 -0.590518  0.400596 -0.397687 -0.389366 -0.529093 -0.848925  0.228554 -0.533515
point 1 23 592.982 141.271   0.783561   0.749981 0.00809446   0.156762  -0.642891  -0.479922    0.74323 0.00942836  -0.118554   0.719119
point 2 24 586.427 175.894    0.338618    0.449453   -0.685754    0.207028 4.58404e-05    0.703585    0.426039   -0.628699   -0.509982 -0.00848886
point 3 26 502.579 156.206 -0.863468 -0.831148  0.298218 -0.280154  -0.42095 -0.314846 -0.821973 -0.184782  0.844125   0.17528
point 4 35 410.773  175.28  0.134367  0.828592  0.332135  0.611112   0.43947 -0.334341  0.305575 -0.980144 0.0823082  0.705738
point 5 38 636.087 67.7239  -0.648389  -0.649072 -0.0308071   0.623125   0.338769   0.835813  -0.575249  -0.195962   0.404493   0.776463
point 6 48 496.029 147.315  -0.352862  -0.948052   0.889155   0.216112   0.517823   0.768675   0.852186   -0.63169 -0.0991936 -0.0137815
point 7 55 37.6712 140.458 -0.0815798  -0.501484    0.12421  -0.671843   0.195289 -0.0033293   0.613339   0.842051  0.0548528   0.213129
point 8 56 367.431 167.847  0.225004  0.107239 -0.931419  0.833142 -0.258809 -0.615831 0.0928361 -0.159403 -0.347928  0.349746
point 9 62 220.649 193.026  -0.418332  -0.606208   0.849168   0.540735  -0.796187   0.962408   0.653839  -0.270829   0.357299 -0.0688358
point 10 69 325.968 200.039  -0.367153  -0.786156   0.729579  -0.788478 0.00272885  -0.430526  -0.599535  -0.449112   0.284034   0.846827
point 11 85 33.1009 173.115  0.576092 -0.441303 -0.594229  0.418727 -0.241888 -0.956279  0.378257  0.773289   -0.9582  0.742488
point 12 91   97.03 181.092  0.513139  -0.05062 -0.848022 -0.115171  0.847177  0.788891  0.288333 -0.489176 -0.546986 -0.413483
point 13 116 634.164 224.694  0.939742  0.567907  0.364203 -0.398927  0.623445 -0.130336 -0.316724  0.559166  0.355047  0.859429
point 14 118 402.124  177.33  0.880692  0.907508  0.624786 -0.508474 0.0120582  0.565097 -0.941155 -0.674874 -0.938396  0.713273
point 15 129 633.868 177.354  -0.544096   0.841395   0.919704  -0.688142   0.148029  -0.684602   0.935049 -0.0748765  -0.960572   -0.15077
point 16 137 282.713 208.214  0.0546878  -0.650624  -0.814062   -0.13864   0.818824   0.659199  -0.756712   0.258344 0.00284894   0.522692
point 17 138 567.379 227.639  -0.409492  -0.771223  -0.447323  -0.596476  -0.512222   0.120211   0.519364  -0.816132   0.142679 -0.0920956
point 18 141  257.11 161.521   -0.34065   0.129544  -0.353684 -0.0555065  -0.188744   0.450545  -0.954599  -0.958145  -0.635841    0.64445
point 19 152 346.293 80.0931 0.0692108  0.464413 -0.594852 -0.540721  0.910249 -0.539335  -0.12974  0.612397  0.808701  0.322247
point 20 164 98.5453 237.978 -0.0982647   0.810572   -0.17407   0.863923  -0.930954   0.159129   0.149716   0.118426   0.444736  -0.701951
point 21 182 357.527 232.554 -0.929337 -0.934791 -0.779935  0.877054 -0.721982 0.0961483 -0.608648 -0.456943  0.351361  0.515809
point 22 204  217.37 220.407     -0.3091    0.834862   -0.481479    0.708265     1.03056 -0.00431833   -0.451791     0.19886   -0.729536    0.651199
point 23 225 145.499 182.038  0.182702 -0.312813 -0.232066  0.333815 -0.330019  0.833626 -0.525795 -0.351211  0.285158 -0.450609
point 24 234 512.945  163.31 0.0794165 -0.147315  0.695376 -0.298471  0.777449   -0.4449  0.319724  0.172683  0.272485  0.446061
point 25 242 583.596 139.601    -0.83638 -0.00526457    0.168076    0.444214    -0.36508    0.622261    0.806741   -0.789032    0.438004     0.61277
point 26 246 295.253 218.235   0.620068  -0.216864 -0.0349031 -0.0159179   0.246159  -0.973973  0.0736334  -0.158435   0.605775   0.176086
point 27 252 274.887 130.876  -0.467416 -0.0415367   0.653856  -0.120527   0.931948   0.872314  -0.123748  -0.177361  -0.920044   0.027385
point 28 256 330.274  217.94 -0.732876 -0.703666 0.0131194    0.7328  0.489966 -0.869752 -0.567141 -0.668582  0.733665 -0.149367
point 29 257   140.9 227.008   0.987358  -0.242604  -0.108004  0.0484344  -0.908677 -0.0807635   0.289179  -0.771115 -0.0182419  -0.718591
point 30 261 305.823 173.347   0.839712   0.457508   0.961421  -0.326393  -0.185135   0.163906  -0.622491   0.940577  -0.310805 -0.0949251
point 31 273 249.868 120.016  0.623054 -0.569001 -0.522153  0.299322  -0.81727 -0.848222 -0.195931 -0.829492    0.9099 0.0718616
point 32 287 226.545  192.59  -0.462693  -0.673909  -0.613507   -0.92696  -0.589954  -0.139443  -0.109102  -0.135431  -0.159622 -0.0890554
point 33 299 376.718 195.234  -0.699864 -0.0504402   0.441148   0.939441  -0.308765  0.0401447  -0.122152  -0.514957   0.749678   0.996482
point 34 314 146.242 171.115 -0.0770779  -0.844207  -0.676721   0.761074   0.693571   0.106788  -0.966841  -0.303079   0.594791  -0.831947
point 35 326 513.928 185.402  0.429549 -0.494975   0.58599  0.235366 -0.901935 -0.367695 -0.376657 -0.609551   0.24252 -0.850727
point 36 336 243.614 232.924 -0.511063 0.0112572  0.778326  0.304816  -0.72951 -0.594221  0.937063 -0.797011 -0.243373  0.170479
point 37 365 34.7073 147.193       0.834   -0.918844   -0.540187   -0.227239    0.592404 -0.00479113    0.867702   -0.209988    0.560052   -0.319042
point 38 373 569.241 176.509  -0.417844   0.855562 -0.0601003     -0.368   0.417784   0.579594 -0.0625675   0.705616   -0.29589  -0.799926
point 39 374 350.947 187.631  0.560608 -0.380325  0.312028 -0.631676  0.406288 -0.956515 -0.734992 -0.617444 -0.468428   -0.8197
point 40 382 600.048 187.892 -0.753493  0.830263  0.971964 -0.904083  0.166548  0.555346  0.502431 -0.267558  0.204424 -0.173315
point 41 429 364.923 191.761  0.468137  0.413363 -0.702618 -0.495412   0.60708 -0.942178  -0.60595 -0.198138 -0.319935  0.270634
point 42 437 185.942 225.373  0.446445  0.362491    0.8746  0.445201 -0.781858 -0.873073 -0.332493  0.147252 -0.209798 -0.765011
point 43 444 344.103 146.621  0.626721 -0.885246  0.469013 -0.632139  0.033595 -0.734959  0.927253  0.343663 -0.112174  0.505506
point 44 446 404.431 84.7206  0.498595 -0.713616  0.625779  0.909943   -1.0105  0.206051  0.940812   0.48656   0.50088 0.0373893
point 45 452 389.955 148.366  -0.892222   0.226354  -0.256931   0.655842   0.554572  -0.734985 -0.0536325   0.221874  -0.345116 -0.0988962
point 46 468 393.477 133.774  0.517643 -0.292171 -0.488975  0.505311  0.211537  0.481961 -0.348209 -0.311877 -0.867109 -0.362404
point 47 481 287.078 217.867 -0.910513 -0.865761   0.32971 -0.599586 -0.277295 0.0719398 -0.139721 -0.810565 -0.473934  0.178174
point 48 482 297.259 194.275   0.52482  0.424389  0.257582  0.205246  -0.32742 -0.477981   0.25384 -0.236188  0.255806 -0.376759
point 49 484 447.14 179.41  0.816229  0.632893   1.00694 -0.736553 -0.651135  0.514085  0.591258  0.571797 -0.298121 -0.764246
point 50 492  613.74 141.986   0.47505  0.556905 -0.739249 -0.426511 -0.530335  0.663109 -0.493863  0.765659 -0.786649 -0.553581
point 51 498 228.033 192.299 -0.491972  0.416673  0.840719  0.896406 -0.688349  0.912368 -0.847943   0.95872  0.231189  -1.01661
point 52 500 202.173 200.238  0.932428  0.091924 -0.849872 -0.703003 -0.455607 -0.273942  0.673644 -0.615163 -0.394284  -1.02218
point 53 508  617.52 145.074  0.674095  0.564213 -0.245521 -0.142849 -0.764716  0.818746 -0.834968  0.176564 -0.761982  -0.80056
point 54 509 390.25 63.822  0.355304 -0.912613 -0.286463  0.693198  0.785546  0.801699 -0.399856 -0.379399 -0.362996  0.962135
point 55 540 291.147 170.342  0.921981  0.532893   0.75034 -0.516983 -0.370088  0.994248  0.331149  0.891318  -0.90905  0.381669
point 56 548 168.326 141.086 -0.822224 -0.385185 -0.396793 -0.480405   -0.8651  0.053107 0.0792473 -0.579473 0.0256741 -0.838895
point 57 560 487.885 198.018   0.968139   0.487185   0.560731   0.778194   0.256597   0.459868  -0.735999 0.00627634  -0.434597   0.372419
point 58 562 84.8955 123.767     -0.7079   -0.955182    0.186086     -0.2398     0.42619     0.14735   -0.790384 -0.00823549   -0.118308    0.464177
point 59 565 458.222  238.63  -0.949455   0.950361   0.458947   0.227488  -0.540226  -0.571458   0.823811   0.788171 -0.0228759    0.51772
point 60 566 387.625 237.586  0.541453  0.693643 -0.172589 -0.246159 0.0577527  0.113359  0.580347 -0.651739  0.649106 -0.563094
point 61 567 18.8765 163.352  -0.866905  -0.852613   0.638278  -0.459981    0.21094   0.750549  -0.561808  -0.405834  0.0490334 -0.0775168
point 62 597 569.012 159.147 -0.704897  0.666598  0.843933 -0.103271 -0.344509  0.586917  0.819056  0.950197  0.406197 -0.342052
point 63 620  360.37 140.717   0.528411  -0.278516     0.9174   0.717564  -0.349031  -0.334985  -0.831377   0.405903 0.00409054   0.462704
point 64 638 443.719 206.137   -0.31159  -0.891523   0.566009  -0.820196   0.183397   0.315586 -0.0556096  -0.386997   0.461046   0.896195
point 65 639 596.449 204.122  -0.818941   0.772613  -0.316254  -0.360057   0.788036   0.615059 -0.0401954  -0.798321  0.0370891  -0.683067
point 66 651  504.02 150.085  0.918127  0.535094 -0.506958  0.278815 -0.580976 -0.900035  -0.86652  0.352231 -0.221882 -0.482084
point 67 665 408.294 210.634  0.524052 -0.889464  0.958069  0.333536 -0.138945  0.903001  0.708285 -0.145668 -0.173331 -0.482382
point 68 673 301.393 237.364  -0.444527   0.722743  -0.022533  -0.246436   0.558665 -0.0145198     0.4299  -0.480219  -0.370168   0.138237
point 69 685 107.832 176.802  -0.613095   -0.14849  -0.166751   0.820653 -0.0621417  -0.851138 -0.0650502  -0.531111  -0.613847  -0.349711
point 70 692 117.512 118.353  0.624835 -0.818494  0.857585  0.131917  -0.37394  0.200407 0.0317056  0.803344 -0.367541 -0.951081
point 71 721 38.7424  196.33   0.648554   0.445379   0.130511  -0.445458   0.737624   0.310371   0.244881   0.423778 -0.0035161   0.591898
point 72 722 460.331 162.957   0.502414  -0.612753  -0.236321  -0.727083  -0.888857  -0.908128  -0.277776   0.639146   0.477465 -0.0935002
point 73 731 404.581 214.355 -0.322984  0.336514  0.345863  -0.83337 -0.604951  0.968657  0.709252  0.841505  0.521821 -0.833142
point 74 733 73.4454 82.9626 -0.317569 -0.650106  0.574981  0.163205   0.16039 -0.764968 -0.532493 -0.519594  -0.55762 -0.167022
point 75 743 329.445 209.757   0.114309  -0.585227   0.859448   0.313049   0.730576  -0.273474  -0.498151 -0.0732994   -0.25923   -0.40301
point 76 745 390.055 179.597   1.01165 -0.425397 0.0641392 -0.682392  0.271769 -0.694968 -0.272653  0.149828  0.589056 -0.567822
point 77 746 60.6118 200.032 -0.328705 -0.319142  0.483625 -0.446035   0.80644  0.895317  0.455517 -0.236076 -0.472339 -0.948765
point 78 751 513.876 222.843  -0.306627  0.0536468   -0.38774   0.811803  -0.616655 -0.0362844  0.0934174  -0.955461   0.221443  -0.330188
point 79 755 637.804 237.576  0.0742029   0.134462 -0.0394624   0.760313   0.468227  -0.504443   0.340509  -0.290232  -0.395467   0.583529
point 80 762 66.8223  180.64   0.214693 -0.0741594  -0.940558   0.832606   0.239291    0.91975  0.0104376   0.900405  -0.854457    0.50061
point 81 763 428.039 162.747   0.120284  0.0881384   -0.83715  -0.307832  -0.613509   0.848625 -0.0991243   0.558416   0.354099   0.152367
point 82 764 108.841 118.646 -0.917895 -0.455179   0.21944 -0.710021  0.960928 -0.474365  0.213917 -0.984507 -0.658497 -0.533277
point 83 783 625.291 222.157  0.962371 -0.382676  0.537691  0.906329   0.83633 -0.568222 -0.911251 -0.405565  0.255732 0.0921256
point 84 791 328.671 163.198  0.702306 -0.574469 -0.780025 -0.580208  0.928719 -0.511264  0.455822  0.619721  0.463889 -0.470973
point 85 801 322.386 199.485  0.494055 -0.393507  0.387885  0.546214  -0.39227  0.631791 -0.458415  0.666977 -0.191639 0.0110121
point 86 842 47.6585 211.916   0.603423   0.225047   0.185309   0.840042 -0.0520728   0.845792  -0.256578   -0.12225  -0.110174   0.868394
point 87 855 389.935 168.139  0.0213279   0.976974   0.109961 -0.0357831  -0.868232   0.698263  -0.263295  -0.504502  -0.308072   0.865474
point 88 857  17.892 194.069 0.0935939 -0.863723 -0.457793  0.421792   1.03904  0.658092  0.399109  0.116536  -0.45287  0.525192
point 89 887 546.141 223.807  0.641959  -0.79711 -0.736626 -0.723657 -0.864806 -0.867967 -0.332784 0.0107728 0.0853535 -0.747749
point 90 903 550.341 146.807   0.817026    0.50732    1.00785   0.748808 -0.0565279  -0.734566   0.233395  0.0254494  -0.894791  0.0547467
point 91 904 155.599 105.635   -0.46989  -0.219356  -0.496659   0.553749   0.339016  0.0656665   0.818191  -0.893348 -0.0374959  -0.788979
point 92 912 32.2287 150.436  -0.504798 -0.0164949   0.614224   0.754742   0.498407   0.701402   0.379097 -0.0851279  -0.399231 0.00273612
point 93 918 519.338 220.436  -0.85504  0.192226  0.556642  0.137039 -0.324136 -0.792695 -0.600861  0.882086  -0.17414 -0.235602
point 94 925 470.649 182.203   0.798292   0.610089  -0.443727  -0.629003 -0.0183875  -0.241206   0.403312  -0.381054   0.441207  -0.257823
point 95 931 471.674 171.985  0.752898  0.728768  0.349076 -0.118829  0.354651   0.57001  0.591031 -0.868051 -0.280895 -0.168703
point 96 935 402.813 197.508  -0.763091  -0.922908   0.244743   0.945745  -0.629739   0.496138   0.320848   0.865289  -0.725274 -0.0944017
point 97 949 254.573 234.752  -0.845196  -0.399924  -0.728312   0.853481    -0.6262 -0.0717402   0.851939  -0.840407   0.368871  -0.636459
point 98 961 452.081 151.554  -0.311484  -0.476333   0.991297   0.585764   0.512817   0.591288  0.0616589 -0.0453805  -0.812597  -0.116396
point 99 977 480.044 186.777  -0.485701 -0.0451893   0.612689  -0.777909  -0.741576   0.869902   0.719558   0.950153  -0.163518   0.413403

