seq: 63
gt_pose: -0.101351   4.24455  -1.88035
odom_pose: 0.515546  4.10353 -1.81625
point 0 14 184.234 208.119 -0.798555 0.0713133  0.523385 -0.380378   1.01413   0.17659  0.767838  0.502696  0.210191 -0.903664
point 1 17 38.4804 113.711  -0.465466  0.0793997   0.444593  -0.732899 -0.0493852   0.150996   0.873999 -0.0555964  -0.344987   0.718117
point 2 30 616.997 130.204  -0.780962   -0.91051  -0.867322 -0.0420551   0.610719   0.406188  -0.132487  -0.767244   0.216269    0.16889
point 3 31 183.456 185.357  -0.406607   0.766607 -0.0755132   -0.61674    0.16965 0.00248601   0.254118   0.205194  -0.524619   0.678255
point 4 57 117.881 198.502  0.394669 -0.301697 -0.615128   0.56277 -0.460717   0.38062  -1.00738  0.648668  0.710863  0.194105
point 5 63 432.519 140.807  0.232155 -0.728374 -0.808416 -0.237002   -0.7219  0.347792 -0.792044  0.797947  0.137469  -0.61224
point 6 68 193.972 238.709  0.155825  0.351074 -0.935854  0.531409  0.200425 -0.716613 -0.691607 -0.640925  0.523008  0.667141
point 7 73 513.927 145.857   0.839015  -0.129118   0.723561   0.391441 -0.0778602 -0.0225657  -0.409923  -0.540064  -0.465279   0.114696
point 8 88 457.176  234.83 -0.288717 0.0274198  0.411111 -0.931266  0.280884  0.216056  0.398159 0.0500277  0.754404 -0.483825
point 9 92 295.812 211.119   0.198898   0.763761  0.0204351   0.924655   0.288934   0.330773    1.00636   0.549336  -0.261639 -0.0143445
point 10 93 542.026 164.511   0.708892   0.112369   0.179652  -0.809141   0.938458  -0.390578   0.128716  -0.921341   0.597411 0.00378045
point 11 105  623.13 156.828   0.476957  -0.968879   0.571934   0.050144  -0.204364 -0.0649139   -0.82802  -0.762688   0.888629 -0.0643738
point 12 109 241.345  228.35  -0.522671   0.894617  -0.848014  -0.421286   0.537933 -0.0416665   0.707222   0.635159  0.0288715   0.265569
point 13 110 94.6064 141.068  0.883057  0.991633 -0.618902 -0.328404 0.0595558 -0.734798 -0.570298  0.595126  0.742127  0.202566
point 14 111 327.525 228.328  0.0927661    0.95882  -0.928496  -0.919455  -0.137248  -0.345288   0.989545 -0.0108558   0.259344   0.470635
point 15 123 230.647 170.511  0.176933 -0.780974  -0.25214  0.403442  0.833426  0.662773  0.251375 -0.209233  0.417352 -0.638064
point 16 156 128.828 143.739  0.237288  0.581487 -0.733064  0.371442 -0.863164  0.956582   0.17408 -0.703753 -0.979687 -0.103112
point 17 159 124.439 187.224  0.166406 -0.953481 -0.881205 -0.198434 0.0483583 0.0765553  0.995547 -0.318814 -0.436792 -0.761288
point 18 165 177.384 183.465  0.449046 -0.743862  0.415128  0.607514 -0.690123  0.650694 -0.594132  0.809981  0.363122 0.0202877
point 19 166 345.455 201.538  -0.61266  0.337131 -0.583538 -0.461057 -0.629241  0.300977 -0.753635  0.141289   0.16919 -0.681393
point 20 174 43.6813 200.894  0.659949   0.13813  0.836009  0.194514 0.0420922 -0.466959 0.0499071 -0.591273 -0.536838  -0.95897
point 21 175 282.621  139.33 -0.347233  0.543694  0.236603 -0.618916  0.760413  0.763563  0.954385  0.967123  0.560226   0.10019
point 22 176 176.927 189.814  -0.731341   0.878732  -0.116915 -0.0717696    0.39035  -0.432684   -0.86043   0.286138   0.695738   0.125219
point 23 179 19.5324 195.417 -0.041797 -0.824745 0.0534393  0.760123  0.710435  0.400963 -0.319259 -0.781835 -0.244884  0.816324
point 24 186 405.139  80.557  -0.32092 -0.355356  0.279608  0.384055  0.855495 -0.974599 -0.124758 -0.547519  0.130813  0.311696
point 25 198 127.051 237.387  0.878407  0.561005 -0.360307 -0.525247  0.982093  -0.75331  0.904518 -0.942613 -0.682645  0.370112
point 26 200 235.767 188.339 -0.496149 -0.708279  0.670947   0.31248  0.265105  0.529596 -0.122546  0.895013   1.02693 -0.120413
point 27 216 283.718 203.032  -0.68996   -0.8988  0.827356 -0.809951 -0.522282 -0.869329 -0.341626  -0.21232 -0.010556  0.823467
point 28 219 608.294 237.693  0.141519 0.0798041 -0.296828  0.925945  0.142256   0.36965  0.226303  0.119067 -0.464344 -0.589883
point 29 233  443.97 224.313  -0.18032 -0.481611   0.19591  0.326287  0.349376 -0.163281 -0.968987  0.209315 -0.914152  0.416643
point 30 240  36.115 56.5532 -0.575212 -0.605412  0.637401  0.790498    0.8474  0.731653 -0.498743  -0.72767 -0.994552  0.622567
point 31 245 282.762 198.273 -0.603122 -0.375201   0.48263 -0.730252  -0.52162  0.410794  0.840367 -0.637378  0.240738  0.785112
point 32 251  314.56 227.371  0.0518994   -0.57834   0.123697  -0.800501  -0.461789 -0.0844764  -0.484355   0.202647  -0.104838   0.375321
point 33 259 47.5476 207.501  0.157179  0.676875 0.0757668  0.515084 -0.383242 0.0251004 -0.724898  0.447761 -0.856198 -0.539131
point 34 262 278.463 190.924 0.0959038  0.330376 -0.296374 -0.528235   0.95239   1.01223 -0.939515 -0.341347  0.412769 -0.395149
point 35 286 95.7493 188.221 -0.791883 -0.495237 -0.429298 -0.253833 0.0167042  0.361681  0.926419 -0.872341 -0.920883  0.720339
point 36 295 603.395  182.47   0.675415  0.0871134  -0.354273   0.383231   0.157823  -0.328496  0.0185629   0.541724 -0.0707953   0.312435
point 37 296 138.291 164.153 -0.0188996  -0.587348  -0.391368   0.260668  -0.215543   0.629754  -0.617857   0.993257  0.0251138  -0.343185
point 38 301 190.541 215.493 0.0834403 -0.492764 -0.947362  0.453898 -0.925365 -0.708438 -0.615923   0.51841 -0.706127 0.0361945
point 39 302 478.426 194.177  -0.827663  0.0503583   0.511737   0.654919 -0.0817563  -0.647842   -0.99196   0.258875   0.168415  -0.142516
point 40 303 248.049 196.746   0.179733  -0.779875  -0.586644  -0.978154 -0.0556582   0.561478  -0.403621  -0.051485 -0.0309399  -0.417369
point 41 313 70.2107 131.506   0.10631  0.342661  0.187283 0.0916545  0.450921  0.703113  -0.42625  -0.58791 -0.105077  0.382393
point 42 316 7.99801 172.696  -0.566568  -0.730844   -0.94801  -0.542512  -0.425571 -0.0565513  -0.424362   -0.19118  -0.307168  -0.685108
point 43 319 76.6589 172.366  -0.99056  0.207708  0.580824 -0.216878 -0.747108  0.128194  0.688505 -0.275417  -1.02539  0.404386
point 44 352  294.46 214.222  0.526806  0.351846  0.410002 -0.685682  0.603323  0.707863  -0.62489  0.532025 -0.135091  0.873786
point 45 362 634.879 139.166 -0.170992 -0.962528 -0.798204 -0.348285 -0.452641  0.703173  0.128326  0.430948  0.985016  0.869205
point 46 367 49.9464 78.0365  -0.734989  -0.855731   0.925183  -0.456844  -0.468391   0.734198   -0.33697 -0.0922143  -0.511349  -0.781361
point 47 387 259.541 170.984  0.739642 -0.745623  0.594263  0.947521 -0.792533 -0.157215 0.0189381  -0.92964  0.584119   0.70399
point 48 398 140.108 227.566 -0.813548  0.891069 -0.700409    0.3857 -0.973402  0.586347  0.694391   0.91491  0.347066 -0.732968
point 49 425 221.978 239.963  -0.44317 -0.323737  0.347919 -0.499857 -0.582701 -0.616077 -0.151863 -0.906015  0.932758   0.82158
point 50 428 497.939 150.215 -0.494035  0.101249  0.576833  -0.86875 -0.309266  0.539165  0.242716  -0.41773 -0.174747 0.0841936
point 51 441 569.447 163.146  0.839861  0.282931   0.70085  0.730274   0.73577 -0.137442 -0.661408 -0.973789 -0.906502  0.704787
point 52 448 34.0375 207.635  0.803805 -0.430033 -0.788002 -0.675279 -0.268002  0.668928 -0.439559 -0.758737  0.667502 -0.443047
point 53 460 480.254 202.077  0.783818 -0.561189 -0.299863  0.422724 0.0508406  -0.16656 -0.429422  0.285003 -0.770578 -0.853295
point 54 463 131.847 168.113   0.598212 -0.0427403  -0.350605   0.564203  -0.757899   0.254159   0.995617  -0.787602  -0.802357   0.023182
point 55 469 120.666 171.161 -0.0978203  -0.878366    0.95361   0.923178  -0.143556  -0.476367  -0.825867   0.775378   0.188973  -0.941854
point 56 486 575.305 207.718 -0.901473  0.554803   0.96437 -0.458125  0.973198  0.871618  -0.78024  0.973987 -0.913725 -0.369577
point 57 491 231.147 181.808 -0.801436  0.834264  -0.30676  0.608194 -0.504345 -0.139149  0.518293 -0.327901 -0.282866  0.698386
point 58 494 453.926 168.559   0.367091 -0.0781451  -0.326536  -0.962432   0.119526  -0.800109   0.490637   0.314005   -0.26748  -0.951361
point 59 499 466.564 78.7375   0.842429  -0.413474   0.356651  -0.623827   0.198799 -0.0793456  -0.097031   -0.22964   0.743058   0.246596
point 60 506 112.011 131.762    0.02774   0.315477 -0.0257959  -0.555328  -0.944657  -0.605765  -0.705632  -0.567019   0.786622   0.541855
point 61 514 323.197 191.624  0.372104 -0.824682 -0.879057 -0.464804  -0.88067 -0.519151  0.563558  0.785774  0.147802  0.158014
point 62 519 125.206 140.006  0.418627  0.465807  0.596225  0.125615  0.683608 -0.802929 -0.851824  0.897226 -0.377182  0.502489
point 63 527 535.724 234.771   0.81904  0.431068 -0.864493  0.924562 -0.561117 -0.518161 -0.183248  0.722034  0.661102  0.625784
point 64 539 573.751  9.8804  0.814668  0.116279 -0.982771 -0.650352  0.465041 -0.367516  0.908526 -0.698445  0.215531  0.233938
point 65 541 305.348 233.165  0.374523 -0.840281  0.832642 -0.305389 -0.653447  0.703558   0.74373 -0.622257 -0.999002  0.232562
point 66 552 459.685 178.849  0.811217 -0.162509  0.831556 -0.112894  0.383091 0.0915228  0.797595  0.698891 -0.430291 -0.581268
point 67 563  533.58 196.481 -0.0589127  -0.469277   0.338059  -0.401254   0.770292   0.469449   0.294995   0.538454  -0.730033   0.397003
point 68 573 85.7379 159.058  0.904793 -0.214118  0.206536 -0.411678 -0.310666 0.0467952 -0.662781  -1.00082 -0.293562  0.641223
point 69 578 27.3637 53.2473 0.00382487  -0.206972  -0.264665   0.198636  -0.768146   0.533827   0.110925  -0.907832 -0.0469475    0.20452
point 70 587 524.121 176.591    0.7887 -0.457346 -0.327356  0.723036   0.20211 -0.280163  0.326822 -0.870087 -0.509428 -0.388809
point 71 596 352.204 147.696 0.0731007 -0.465775  0.451392  0.156807 -0.024304 -0.406499  0.643308 0.0566125  0.540933  0.937196
point 72 607  317.66 238.058  0.820053  0.388378 -0.312878  0.143391  -0.33918 -0.365379 -0.396938  0.252788  0.959403  0.772924
point 73 610 318.127 160.875 -0.179935 -0.262113  0.743846   0.70813  0.474754  0.489872  0.708069 -0.623959  0.192421 -0.479547
point 74 617 230.414 149.886 0.0056539   -0.8224  0.297864  0.160205  -0.56762 -0.930235 -0.218538  0.297741 -0.775272 -0.628605
point 75 629 86.4869 188.662 -0.456963  0.825302  0.615748 -0.886091  0.990639 -0.323316   1.00185 -0.672903  0.211101 -0.826001
point 76 631 451.233 228.891  -0.854921  0.0244613   -0.68857  -0.024583    0.33683  -0.128949   -0.25264 -0.0125034 0.00514571  -0.314258
point 77 644 275.724 144.296  -0.517778 -0.0939715  -0.521923 -0.0243215  -0.185376   -0.81772   0.869953  -0.891603   0.873252   0.444826
point 78 645 637.648 229.763 -0.968569  0.857606 0.0496583  0.289973  0.139233  0.978541  0.315555 -0.400469 -0.294237 -0.296144
point 79 654  530.02 238.849 0.0440716  0.742792  0.187576  0.073351 -0.321706  0.440448  0.786101 -0.957913  -0.35179  0.621917
point 80 661 215.875 179.495   0.30103     -0.53  0.450541  0.399539  0.132974  0.102378 -0.908068 -0.737604  0.263971  0.366511
point 81 667 80.3717 167.779 -0.961639 -0.553423 -0.219437 -0.532631  0.718743 -0.770819 -0.496615  0.723545  0.507753  0.403809
point 82 687 501.157  225.31  -0.356244    0.22745 -0.0108867  -0.276802   0.670875   0.375214   0.617534  -0.496202   0.177892  -0.555397
point 83 689 446.956 133.984   0.837312   -0.42304  -0.489476 -0.0733187    0.71118   0.122009  -0.794273  -0.241729   0.942471   0.857919
point 84 691 293.894 203.852  0.618454  0.954828  0.177416 -0.231351 -0.943597 0.0668543  0.317846 -0.389063 -0.906934 0.0485098
point 85 694 614.923 220.639   -0.757922    -0.77615 -0.00239162    -0.40469    0.979748   -0.411206   -0.188014    0.854217     0.70724    0.395259
point 86 697 54.3986  204.99  0.164773 -0.744075 -0.452113  0.995148  0.523075  -0.78735 -0.292044 -0.101901 -0.231404  -0.84434
point 87 709 81.2139 217.402  0.986735 -0.927547 -0.989039  -1.02585  0.506113  0.822269  0.751231  0.484012   0.15552 -0.534354
point 88 725 519.031  157.74 -0.811445  -0.76931 -0.751112 -0.875415  0.228403  0.421832 -0.857505 -0.725642 -0.496452    -0.176
point 89 726 367.807 172.948  0.988194  0.519927  0.562005 -0.678571  0.274427  0.620843 -0.743473 -0.852261  -0.89521 -0.808518
point 90 732 639.575 156.104   0.15111  0.695778 -0.892017 -0.301633  0.142281  0.836414 -0.944706 0.0105512  0.694649  0.620011
point 91 736 488.546 176.504 -0.0287276   -0.92911  -0.184907  0.0671165  -0.271106  -0.182392   0.485617   0.635464   -0.94427   0.945792
point 92 750 369.627 237.186 -0.406749 -0.480299  0.524249  0.212771  0.160831  0.516484 -0.644754  0.797035  0.637536 -0.143493
point 93 752 213.095 166.698  0.850991  0.779154 -0.529687 -0.158579 -0.128571  0.121699  0.327648 -0.598887 -0.653711 -0.477095
point 94 777 138.463 199.334  -0.632379   0.627603  -0.307757  -0.491943   0.584512  -0.278878  -0.341238   0.531999 -0.0126626   0.114637
point 95 794 223.682 216.371    -0.44293    0.393169   -0.351989   -0.612044 -0.00141729    0.637186    0.520365   -0.471204    0.121351    0.452717
point 96 797 206.273 204.681  -0.699276  -0.704838   0.701777  0.0273479  -0.255669  -0.598827 -0.0176405   0.540752    -0.1524  -0.303203
point 97 800 632.808 64.3558   0.60573 -0.984622 -0.511354 -0.111706  0.837431 -0.030614 0.0598026  0.812311 -0.461659 -0.487491
point 98 805 286.166 99.8772  0.360726  0.788534  0.515698 -0.163418 -0.855185  0.770986 -0.245184  0.894908 -0.816449  0.209638
point 99 815 118.596 162.493  0.106605  -0.17946  0.966441 -0.270142  0.663737  0.609598 -0.334727 -0.661846  0.843063  0.929144
point 100 841 232.375  187.74  0.164626  0.950714 -0.923829  0.915174 -0.409983  0.136943  -0.28116 -0.178898  0.244622  0.451285
point 101 843 168.384 146.376  -0.470747  -0.213916 -0.0733094   0.444104   0.172764  -0.972089   0.401241   0.271407   0.993189   0.942041
point 102 854 510.457 115.391     0.6114   0.116225   0.440223  -0.740235   -0.15084    1.03926 -0.0675669  -0.166293   0.196637   0.918451
point 103 867 35.1999 205.667    0.953618    0.117056   0.0493319    0.584247   -0.492193  -0.0583839   -0.772056   -0.361614    0.608429 -0.00867976
point 104 873 479.508 171.329  0.355548 -0.576907 -0.980195   1.00293  0.898935  0.293682 -0.764929 -0.810881 -0.580318   0.34307
point 105 876 269.741 149.421   0.416843  -0.672522   0.937976  -0.238777 0.00375564   -1.02602  -0.984941   0.330107   0.846259   0.279328
point 106 880 262.247 186.589 -0.597469 -0.552598 -0.231824  0.677658  0.558358 -0.189791 -0.375232  0.631507  0.831052  0.608857
point 107 881 175.722 142.799  0.355365  0.628144   0.39283  0.562886  0.361237 -0.774289  0.164181 -0.809222 -0.460326 -0.601953
point 108 882 99.0301 206.026 -0.424076  0.958267 -0.606324  0.608963  0.497991 -0.201405 -0.907105 -0.846815 -0.610089  0.656385
point 109 883 275.507 214.064   -0.247194   -0.235213   -0.768829    0.934517    0.258101    0.606028     0.54704   -0.321254     0.20627 0.000953455
point 110 896  592.61 209.171  0.445487 -0.523071  0.410695 -0.773838  0.898089  -0.80598 -0.362573 -0.100704  0.853129 0.0186501
point 111 908 275.956 164.311 -0.978724 -0.880097  0.930429 -0.741684 -0.682403  0.948781  0.616439  -0.80416 -0.607682  0.284134
point 112 916 377.956 203.133 -0.368637   0.22701  0.240664 -0.401206 -0.677045 -0.459544  0.713975  0.302871   0.87656 -0.014143
point 113 927  137.45 175.605 -0.0122991   0.825986   0.598125   0.357477  -0.838734    0.32864 -0.0573626  -0.361166   0.733128   0.889898
point 114 929 162.156 141.553 -0.854931 -0.339657 -0.297847  0.243069  0.190051  0.737846   0.12001 -0.159617 0.0672998  0.243672
point 115 937 384.126 222.343 -0.473182 -0.604499 -0.535188 0.0285033  0.466352 -0.291812  0.104961  -0.19034 -0.248168   0.51385
point 116 942 216.619 224.902 -0.778936 -0.311338  0.636126 -0.523541  0.258037 -0.205092  -0.72583 -0.915494  0.951994  0.448124
point 117 944 297.267 184.729   0.496721  -0.473293  -0.260324  -0.589297   0.693994 -0.0220355   0.177702    0.30823   0.473855  -0.663948
point 118 946 602.716 147.681  0.197144  0.875157 -0.378745 -0.766773  0.523787 -0.834673 -0.263723 -0.742524 -0.390898 -0.593213
point 119 958 312.947 172.071 -0.500024 -0.904968 -0.844596 -0.195754 0.0549585 -0.305632 -0.217178 -0.219266  0.470446 -0.914976
point 120 967 267.603 123.041   0.195525 -0.0506232   0.389972   0.903976   0.154536     0.3469   0.583109  -0.315831  -0.777132  -0.443264
point 121 971 53.0673 198.569    0.651421 0.000143696    0.294358   -0.735838    0.974041   -0.118445    0.397118    0.927226    0.807556   -0.125238
point 122 978 313.496 217.788  0.860794  0.702272   0.23929  0.958402 -0.817582  0.399472  0.131112  0.451394 -0.602234  0.358677

