seq: 140
gt_pose: -7.76999 0.874774  1.97883
odom_pose:  -7.20049 -0.603861    2.2249
point 0 41 456.344  173.99  0.713628  0.335502  -0.18457  0.213044  0.148963  0.286427 0.0324817 -0.700839  0.157649 -0.979005
point 1 67 528.298 213.614  -0.23473 -0.813066  0.599784 -0.183797  0.445619  0.842443  0.736092  0.642371  0.395799  0.306215
point 2 95 462.507 155.372 0.0648604 -0.380915 -0.501017 -0.590066 -0.889981 -0.796822  0.424159  0.277668 -0.586717  0.352032
point 3 100  607.43 148.163   0.155955   0.608845  -0.224514   0.166498 -0.0569765   0.738389  -0.361879  -0.977214  -0.674865   0.457207
point 4 124 436.296 209.948 -0.581829  0.603778  0.790329 -0.473151 -0.866186 -0.564642 -0.978775 -0.720616 -0.672519  0.838486
point 5 125 535.082  169.37 -0.118162   1.00466 -0.621886  0.705328    0.9132  0.533909  0.916821 -0.303668 -0.113509   0.80926
point 6 150 630.301 116.702 -0.926675 -0.523802  0.703188  0.290562 -0.603352 -0.410276 -0.964979  0.160084 -0.867335 0.0218035
point 7 160 604.591 176.611  -0.019584   0.358564   0.101328  -0.629767   0.517815  -0.407296   0.758179 -0.0954908   0.361187  -0.372055
point 8 171 312.144 165.459 -0.0884455   0.736833 -0.0715109   -0.99244  0.0793693   0.407014   0.546827  -0.136717  -0.872588  -0.579226
point 9 172 483.634 124.985  -0.345746   0.964513   0.427972   0.949455 -0.0740433  -0.485674  -0.345887  -0.810014   0.668046  -0.605879
point 10 178 344.078 203.798    0.67537  -0.387347   0.761699  -0.175264   0.904875    1.02669  -0.330894  -0.286575 -0.0458006  -0.954533
point 11 193  597.62 202.506   0.983955  -0.726449   0.962256   0.813244    0.46284  -0.918519   0.935104   0.655861   0.889027 -0.0340659
point 12 210 468.522 109.214 -0.308377  0.636204 -0.430393 -0.733017 -0.790736 -0.358973 0.0135572 -0.714651  0.565193     0.697
point 13 211 341.026  152.01  0.858431  0.603478 -0.139126   0.29577 -0.424775  0.598064 -0.551584  0.187759 -0.028764 -0.374848
point 14 219 327.094 230.035  0.175087 0.0197169 -0.272007   0.95194  0.144612   0.36029  0.186661  0.192086 -0.427763 -0.511075
point 15 228 381.492 156.909   0.484046  -0.907135 -0.0142388  -0.070413   -1.00971   0.929685  -0.539385   0.583985   0.587887  -0.617654
point 16 238 258.788 190.893 -0.869033 -0.362454 -0.551395 -0.704403  0.186925  0.691941   0.80285  -0.28093  0.362701  0.366816
point 17 254 432.693 207.393  0.172297 -0.239956 -0.234626  0.569017 -0.649364  0.411569 -0.473054 -0.955168 -0.742055 -0.520854
point 18 260 496.722 172.514   0.264049   0.629846  -0.328945   0.460235  -0.405017   0.644351  0.0067907 -0.0757471  -0.152418   0.243351
point 19 271 489.821 179.072   0.786769   0.532563    1.00098     0.7578  -0.675864   0.928602   0.512537   0.852363   0.777471 0.00169918
point 20 274 313.579 232.937  0.886007 -0.679733 0.0817902  0.612972 -0.559614 -0.341489 -0.877304 -0.475228  0.487439  0.438853
point 21 283 526.948 225.841   0.360019   0.262445   0.673712  -0.215816   -0.85122   0.810108  -0.815798 -0.0621574  -0.151704   0.770993
point 22 293 508.218 162.493 -0.982268  0.687999 -0.535092 -0.849952  -0.79965  0.678391  0.976494 -0.472039  0.699831  0.537839
point 23 328 521.566 124.188 -0.198467  0.430124  0.287557  0.197611  0.682684 -0.322497  0.737506  0.306586  0.980301  0.782466
point 24 338 516.158 215.182 -0.413128  0.452477 -0.253634 -0.321207 -0.723065  0.213604  0.625094 -0.864824 -0.550228  0.966678
point 25 380 539.826  219.63  0.603352  0.473453  0.620279  0.687945  0.277745 0.0681146 -0.675766 -0.249148 -0.521298  0.156617
point 26 424 402.631 194.512 -0.0983957  -0.833376   0.511445   0.352126   0.582918  -0.481318 -0.0960207  0.0791844   0.855179  -0.130714
point 27 473 386.191 190.456   0.601043   0.298035  -0.720627   0.685458    0.84955   0.160067  -0.677127   0.539605 -0.0817987  -0.227533
point 28 480 576.475 217.512   0.266401  -0.917133  -0.862386  -0.251439    0.38629    0.24809  0.0829813 -0.0330986  0.0376363   0.631714
point 29 489 321.989 203.867 -0.803686  0.988687  -0.80159  0.852391 -0.780457 -0.676284  0.913695 -0.546159 -0.577259 -0.123223
point 30 504 524.483 190.802    0.4418  0.927555  -0.64645  0.358515  0.247547  0.633579 -0.324225   -0.8501 0.0897546 -0.471567
point 31 513 533.682 224.601 -0.414816 -0.616285  0.630923 -0.135828 -0.609042  -0.62833  0.410461   1.01478  0.660293 -0.430064
point 32 530 439.333 192.519  0.901212  0.379419 -0.164144 -0.788461  0.354902 0.0624655 0.0279303  0.231017 -0.277438  0.865796
point 33 554 338.978 167.551 -0.873006  0.888812 -0.625565    0.1238  0.769196 -0.688581  0.952807  0.575025 0.0974621   0.31364
point 34 601 228.784 178.771  0.660104 -0.149091   0.58946 0.0823471   0.52269 -0.792951 -0.671519  0.238458  0.345442  0.366579
point 35 625 380.195 147.004 0.00048053   0.738624  -0.194031   0.962731    0.42367  -0.659721   -0.59985  0.0375244 -0.0794233   0.163131
point 36 636 373.022 229.338   0.785677  -0.272442   0.413021  -0.858975 -0.0788238  -0.357239     0.1744 -0.0252249 -0.0519079   0.240337
point 37 643  283.33 173.232 -0.0104861  -0.952105   0.378092  -0.338962   0.428962 -0.0178363  -0.667899   -0.92229   0.111658  -0.300251
point 38 649  486.79 219.217  0.555495 -0.174657 -0.108253 -0.302132 -0.526778 -0.155057  0.244939 -0.631474 -0.928788 -0.327488
point 39 653 431.657 212.087  0.116366  0.653383  0.935809  0.601082  0.793682  0.719446   0.20025 -0.757963 0.0499537  0.606519
point 40 656 287.259 109.756  0.0459448 -0.0352184  -0.603764  -0.807706   0.879558   0.547087   0.947922  0.0635899  -0.417832  -0.461669
point 41 663 575.897 225.583   0.962224  -0.530969   0.878119 -0.0799872  -0.289368   0.242089   0.352303  -0.819559  -0.441818   -0.54378
point 42 670   396.3 94.2666   0.795308  -0.295693  -0.988298  0.0931981  -0.127906  -0.509408 -0.0884489  0.0741211   0.087313   0.401851
point 43 677 532.891 224.462     0.3991  0.0100891   -0.31763   0.324713   0.190494    0.59743   0.140077 -0.0854676  -0.194375    1.03302
point 44 682  312.03 222.735   0.873467   0.405352 -0.0135661  -0.093156  -0.781846   0.978357   0.896371  -0.701035  -0.424388  -0.303118
point 45 690 355.804 186.129   0.337473   0.996469    0.16104   0.456128 -0.0625509  -0.703597  -0.830835   -0.34749   0.567724  -0.509652
point 46 694 384.001 163.107  -0.772363  -0.756298 -0.0715981  -0.415585   0.960896  -0.408286  -0.244924   0.901083   0.721741   0.484098
point 47 756  566.78 185.627 -0.670962  0.185218  -0.82619  0.105256  -0.14443  0.253797 -0.394307  0.502462  0.270886  0.822625
point 48 761 512.417 211.532   0.70592  -0.87996  0.144541  0.458779 -0.726335  -0.82554 0.0215221 -0.674824 -0.643356 -0.932949
point 49 835 505.383 207.711  -0.31372  0.904497 -0.581337 0.0159832  -1.02715  0.512502 -0.755202  0.775076  -0.63573 -0.349233
point 50 909  636.74 194.618 -0.335444 -0.694541 -0.271549 -0.418929  0.107574 0.0535273 -0.375427  0.204509 -0.366123 -0.209404
point 51 913 473.865  212.04 -0.800826 0.0933759 -0.806831  0.542043 -0.318272 -0.793319 -0.808743 -0.191704  0.948773 -0.766817
point 52 934 622.684 134.667  0.293984 -0.619087  0.723623  0.185425 -0.934513 -0.367127 -0.800949  0.778302   0.62793  0.116264
point 53 955 536.027 209.512  0.135983  0.284069 -0.745636 -0.198077  0.441158  0.276489 -0.674525  0.240318   0.64813  0.192771
point 54 960 622.018  158.57  0.110654 -0.674159 -0.715957   0.96647 -0.656147 -0.178844 -0.894348 -0.467674   0.60854   0.11835

