seq: 149
gt_pose: -7.53569  2.56426 0.947246
odom_pose: -7.33779  1.10494  1.12126
point 0 4  429.038 0.793273  -0.274186  -0.827026  -0.963658 -0.0738985   -0.87591  -0.551731   0.892358   0.769298    0.74916  -0.448158
point 1 8 210.218 215.767 -0.0897113   0.278162   -0.42913   0.532447  -0.382945  -0.108752  -0.569427  -0.644671  -0.450799   0.119659
point 2 13 76.9016 134.817 -0.990502  0.877207  0.141324  -0.61592 -0.662121 -0.196326  0.830352  0.619435 -0.301113  0.142017
point 3 27 499.628  143.71 -0.0422912  -0.726732   0.797752   0.280482  0.0548518  -0.604735  0.0659814  -0.127089   0.654338  -0.163043
point 4 29 172.576 195.229  -0.912653  -0.110948    1.01008   0.463591   -0.57695 -0.0629237   0.725316  -0.782517  -0.781331  -0.192522
point 5 30 515.811 145.501   -0.75018  -0.926258  -0.870401 -0.0946133   0.605797   0.368523  -0.154631  -0.763418   0.193688   0.148214
point 6 31 633.707 215.218  -0.406023   0.824716 -0.0471618  -0.693274   0.245879  0.0205855   0.234514   0.219674  -0.493084   0.700739
point 7 41 246.058 153.174  0.771504  0.307455 -0.193071  0.236572  0.170197  0.324451 0.0290118 -0.681963  0.170934 -0.912624
point 8 58 499.613 233.004  0.709039 -0.450272  -0.44537 -0.867735  0.018027   0.81586  0.242986 0.0615768  0.627255  0.902492
point 9 63 541.931 207.118   0.24144 -0.720048 -0.855622 -0.253881 -0.689002  0.278024 -0.761866  0.745115   0.20045 -0.579454
point 10 67 305.805 214.599 -0.261354 -0.794007  0.643364  -0.21852  0.468177  0.822207  0.688625  0.638445  0.454061  0.223381
point 11 68 586.863 239.601  0.204596  0.331918 -0.988767  0.551036  0.223443 -0.730455 -0.686737 -0.614011  0.595875  0.648536
point 12 88 622.862 234.873  -0.21363 0.0351814  0.418156  -1.00338  0.271767  0.255999  0.356274 0.0710886  0.741515  -0.56273
point 13 93 569.359 163.632   0.70806  0.043102  0.184028 -0.843624  0.934284 -0.313416  0.113921 -0.940646  0.538989 0.0716041
point 14 95 252.971 127.059 0.0893846 -0.455571 -0.529679 -0.635022 -0.986075 -0.727261  0.473945  0.257881 -0.583809   0.36677
point 15 97 205.829 218.571  0.901498  0.934298  0.106542  0.433271   0.79594 -0.758007  -1.01681 -0.689246 -0.390027 -0.952787
point 16 100 345.598 169.773   0.133844   0.625667  -0.167312   0.169374 -0.0721197    0.77294  -0.415151  -0.886764  -0.670196   0.468924
point 17 101 428.622 182.579  0.663851  -0.17188  0.371005   -0.7565 -0.272137  0.864668  -0.36818 0.0527415 -0.956992  0.844435
point 18 105 529.092 105.715   0.471757  -0.946682   0.545039   0.113975  -0.198866 0.00944912  -0.827711  -0.684866   0.854102 -0.0333152
point 19 124 221.284 196.816   -0.5567    0.5957  0.807704 -0.422301 -0.845028 -0.567096  -1.00991 -0.777139 -0.712222  0.855112
point 20 125 385.464 89.8847   -0.13603   0.942268  -0.601218   0.770432   0.880757   0.475883   0.889802   -0.35454 -0.0799067   0.755364
point 21 127 86.4501 200.231  -0.597402   0.637915   0.712028   0.682831 -0.0772709  -0.467629   0.648435    0.33643  -0.743755   0.600676
point 22 132  633.29 208.896   0.265414  -0.941979  -0.888607 -0.0702528   -0.75536   0.821072  -0.856095    0.29338    0.84928   0.686513
point 23 142 212.263 189.797  0.398101 -0.244915 0.0651686 -0.231849  0.227054  0.507663  0.672895 -0.209798 -0.363552  0.488557
point 24 149 97.9624 226.518    0.204045   -0.910302  -0.0651801    0.270636     0.75086    0.215343    0.619381   -0.678453    0.526076 -0.00478474
point 25 150 400.547  111.46 -0.893891 -0.467503  0.715483  0.306492 -0.609352 -0.364835 -0.946833   0.19987 -0.860487  0.023792
point 26 153 169.994 197.393 -0.689919 -0.209757 -0.481817 -0.463506 0.0611661 -0.568742 0.0479607  0.333968 -0.853738 -0.658968
point 27 156 630.368 201.789  0.305105  0.598028 -0.711215  0.392384 -0.872559  0.985286  0.193539 -0.742988   -0.9359 -0.141448
point 28 172 277.842 80.9237  -0.342068   0.895511   0.352392   0.965428 -0.0271159  -0.467254  -0.384473   -0.84494   0.626253  -0.537617
point 29 186 586.147 150.094 -0.315629 -0.429358  0.280811  0.475313   0.85366 -0.892548 -0.033012 -0.539632 0.0685161   0.29284
point 30 201 102.029 236.944  -0.615656   0.250741 -0.0587431 -0.0398862  -0.192932  -0.300631  -0.941427 -0.0215762  0.0745128   0.534242
point 31 209 433.044 234.237 -0.212687  0.146437  -0.37588  0.384159 -0.861975 -0.281952   0.59928  -0.83224 -0.313829  -0.66642
point 32 210 263.184 4.75495 -0.259516  0.640991  -0.42037 -0.650333 -0.806093 -0.334579 0.0459737 -0.706105  0.566194  0.788693
point 33 228 95.9602 47.2837   0.468621  -0.880392  0.0220164 -0.0282457   -1.01851   0.961322  -0.629981   0.579555     0.5439   -0.64206
point 34 233 567.451 231.648 -0.138411 -0.443399  0.198696  0.312378  0.339048 -0.182432  -0.94599  0.219552 -0.894257  0.412534
point 35 240 595.345 193.876 -0.548944 -0.634205  0.611475  0.858795  0.771121  0.675171 -0.490252 -0.769384 -0.989845   0.67914
point 36 254 197.438 165.574  0.196162 -0.271652 -0.222321  0.603013 -0.580179  0.368744 -0.475743 -0.986166 -0.817721 -0.489131
point 37 260 303.118 125.199   0.303882   0.641843  -0.323591   0.445591  -0.453856   0.686973 -0.0716653 -0.0869915 -0.0904699   0.253162
point 38 268 195.038 192.685 -0.884658   0.14305   0.83547  -0.11348 -0.341121  0.574746  0.513106  0.561682   0.32018  0.889447
point 39 271 277.453 174.058  0.779615  0.449846   1.02155  0.750032 -0.637513   0.98068  0.455922  0.803812  0.837413 -0.047039
point 40 272 129.494 133.948  0.564697 -0.459546 -0.905246 -0.157284  0.308426 -0.454955 -0.717445  -0.60183 -0.187564  0.265775
point 41 281 366.381 220.025 -0.808382  0.383647 -0.168859 0.0895839  0.518084  0.278888  0.647568 -0.218767 -0.409711 -0.459258
point 42 283 308.261 225.484   0.272176   0.321907   0.631802  -0.135375  -0.877968   0.765605  -0.796075 -0.0603907  -0.164084   0.758985
point 43 293 289.577 165.094  -1.00934  0.660785 -0.583704 -0.757006 -0.829242  0.696317  0.969384 -0.393713  0.784019  0.515149
point 44 307 493.495 220.025   0.145499   0.959632  -0.251097   0.617606   0.735657   0.860377 -0.0871261  -0.472484  -0.846488   0.479547
point 45 321 440.001 191.294  0.0726728  -0.680838 -0.0482701  -0.965611   0.971298  0.0443443   0.299952   0.556462   0.789429   0.627734
point 46 322 420.781 179.148 -0.286997 -0.143132  0.436651 -0.731084  0.944576 -0.678766  0.879761  0.966068  0.290634  0.553957
point 47 328  321.65 81.2598 -0.246106  0.431616  0.300148  0.261561  0.669954  -0.28022  0.689393  0.303551  0.923887  0.817684
point 48 338 305.773 210.974 -0.488129  0.405958   -0.2592 -0.357752 -0.652912  0.187991  0.690927  -0.90556 -0.504626  0.927122
point 49 342 167.035 229.799 -0.343746 -0.635396 -0.184084  0.878011 -0.741169  -0.80303 -0.500246 -0.416395 0.0844359   -0.7008
point 50 346 500.912  180.37  -0.537603     0.9665 -0.0675022  -0.793061  -0.169557   0.478748  0.0207574   0.947852   0.858139  -0.174922
point 51 360 52.3336 181.014   0.489812  -0.508362 -0.0926486   -0.72506  -0.319983   -0.40799  0.0218729   0.561421   -0.38863  -0.841024
point 52 370 138.333 121.992  -0.358505   0.852419  -0.997165 -0.0129563  -0.111021   0.588427   -1.02361   0.688933 0.00791665    0.20394
point 53 399 367.485 228.006   0.908715   0.130781   0.373338 -0.0895348  -0.194715   0.148749   0.576559  -0.620122  -0.674878   0.133341
point 54 405 502.246 178.351  -0.161276  -0.948827   0.889929   0.636868  -0.191552 0.00307866   0.361504   0.271424   0.465433   0.751004
point 55 412 204.894 178.272  0.516918  0.775481 -0.690264 -0.523473  0.680468 0.0453004   1.00983 -0.251258  0.813606  0.350037
point 56 424 33.4293 36.8577 -0.0812883  -0.801696   0.484729   0.417301   0.568229  -0.451223 -0.0794767  0.0950388   0.899668 -0.0835076
point 57 441 632.407 53.3518   0.828275   0.195676   0.681475   0.788535   0.734126 -0.0802803  -0.650782  -0.974829  -0.831175   0.633731
point 58 457 81.1181  199.37  0.439739  0.304604  0.146271  0.865131  0.921935 -0.643334 0.0370086  0.228017  0.319093  0.359942
point 59 473  113.01 131.294   0.634244   0.288171  -0.729135   0.689996   0.778402   0.187822  -0.601346   0.610574 -0.0970667  -0.177212
point 60 485 99.0995 237.095  0.378736 -0.471835  0.108155  0.680619 -0.812138 -0.758226  0.674473  0.268555  0.654766 -0.427585
point 61 495 585.467  172.03  0.260527  0.706886 -0.153149  0.454452 -0.448016 -0.656802  0.996985 -0.549595 -0.063878   0.15764
point 62 496 462.127 222.435  -0.912734  -0.743293   0.537357   0.290829   0.890393 -0.0559103  -0.842139  -0.420562  0.0308081   0.234073
point 63 499  519.11 206.532   0.848512  -0.402982   0.381536  -0.661953   0.109254 -0.0905407  -0.130928  -0.241653   0.673976    0.31363
point 64 504 339.665 159.427  0.364618  0.852832 -0.639875  0.351832    0.2338  0.638187 -0.325796 -0.828079 0.0865192  -0.52602
point 65 506 587.786 211.292  0.0284227   0.332536 0.00292909  -0.607643  -0.937346  -0.654387  -0.697882  -0.630142   0.765539   0.515714
point 66 513 307.415 225.861 -0.380535 -0.640167  0.577195 -0.111455 -0.628008 -0.697352  0.472754  0.944651  0.614141 -0.438529
point 67 524 415.222 217.684 -0.220705  0.753846  0.284399 0.0192158  0.983833 -0.479671 -0.191664  0.177205  0.216114 -0.816912
point 68 530  227.07 177.473   0.993701    0.35688  -0.151097  -0.776285   0.342631  0.0463538 -0.0505859    0.17752  -0.222563    0.92857
point 69 536 98.3817 231.592     0.78491   -0.179853    0.804815    0.502723   -0.730209  0.00194243   -0.089207 -0.00576347   0.0574099    0.720004
point 70 539 513.469 154.628  0.865596  0.040679 -0.910923 -0.622354  0.491793 -0.310363   0.98656 -0.702259  0.214153  0.173862
point 71 544 460.066 211.908   -0.120177    -0.31139    0.676418   -0.145372   -0.758203     0.94411   -0.983332    0.324091   -0.462293 -0.00076745
point 72 558 107.473  160.64  0.853849   -0.4926  0.736435 0.0812481  0.108985  0.799534 0.0891993  0.805111  0.300261  0.059483
point 73 578   554.3 212.314  0.0235724  -0.253766  -0.248507   0.255787  -0.777087   0.499758  0.0805654  -0.995391 -0.0567856   0.198472
point 74 583 186.037 175.401 -0.530683 -0.351768 0.0171911  0.854851  0.695053  0.354145 -0.629015 -0.597158  0.360251 -0.565455
point 75 596 560.922 208.669  0.0563827  -0.535351   0.454251    0.15921 -0.0637886   -0.46771   0.700349  0.0977133   0.591489   0.883264
point 76 598 163.823 187.038  -0.168712   0.621812   0.489142  -0.897195 -0.0571264  -0.439255  -0.340537  -0.553375   0.695699   0.596334
point 77 599  521.15 215.934  -0.409634   0.279696   0.732035   0.174764  0.0177154   0.988053   -0.18189 -0.0776634  -0.135869   0.571557
point 78 613 498.289 89.7165  0.713613  0.916477   1.02774 -0.682896 -0.755819  0.156683 -0.172104 -0.423561   0.12066  0.900479
point 79 614 383.482 200.881   0.46457  0.618638 -0.597621 -0.760206  0.969281 -0.365643  0.800911  0.129776   1.03215  0.161173
point 80 622 525.327  172.58   -0.39482  -0.979545   0.422698 -0.0566246   -1.01058 0.00407375   0.634422    0.88436  -0.269559  -0.652005
point 81 633 58.3492 159.607  0.623863 -0.887028 -0.556604 -0.185592 0.0110933 -0.404924  0.868484  0.339162  0.590178  0.220952
point 82 636 9.39653 205.141   0.787134  -0.339993   0.398951  -0.880116 -0.0759713  -0.358831   0.169674 -0.0124198 -0.0451011   0.218502
point 83 641 66.2049 190.441  0.560634  0.607055 -0.379847 -0.808281 -0.606832 -0.143438  0.944575 0.0715327  0.527028  0.732016
point 84 645 549.072 195.015 -0.940478  0.856498 0.0349755  0.354901  0.174505   1.00471  0.383467 -0.483705 -0.298013 -0.266739
point 85 649 292.154 201.593   0.577341  -0.120611 -0.0929071  -0.342772  -0.576023  -0.164255   0.224654  -0.545388  -0.976078  -0.259322
point 86 653 209.413 192.621  0.101593  0.689186  0.890982  0.610193  0.820551  0.797747  0.199505 -0.698303 0.0152801  0.597877
point 87 662 471.423 191.352  0.293743 -0.246188 -0.305953 -0.812154 -0.227597  0.867208  0.522697   1.02592 -0.693559   0.70391
point 88 683 436.365 76.3384   0.262168  0.0916224    0.60339  -0.792269   0.721739   -0.74908   0.734281 -0.0611212   0.694106  -0.974425
point 89 684 114.942 204.241 -0.0203015  -0.901714   0.457469  -0.534321  -0.168349   0.316558   0.960077   0.795034  -0.800177  -0.857216
point 90 705 370.718 239.039 -0.0557558   -0.75381  -0.160314   0.535302   -0.93776  -0.345222   0.850806  -0.647608  -0.357446  -0.371487
point 91 725 533.297  203.51 -0.775916 -0.805594 -0.766773 -0.940363  0.285505  0.387435 -0.856832 -0.730305 -0.413275 -0.220079
point 92 729  367.39 238.251  -0.418746   0.606148   0.414639   0.659337  -0.574776   -0.48397   0.669518  -0.990865 -0.0881229  -0.576742
point 93 744 132.13  228.5  -0.620988  -0.150345 -0.0495147  -0.347773  -0.375838   0.517719   0.350598  -0.725471  0.0536434   0.462496
point 94 761 295.052 211.186  0.695084 -0.824018 0.0813897  0.522384 -0.809448 -0.780993 0.0495014 -0.647302 -0.660268 -0.901947
point 95 793 207.163 158.053 -0.657891   1.02657  0.383509 -0.264251 -0.634644 0.0329881  0.177213 -0.414337  0.476478  0.126819
point 96 798  495.39 143.441 -0.486186 -0.869776    1.0062  0.569967  0.481216   0.59045  0.605376  0.924668 -0.926403 -0.553518
point 97 800 501.976 143.484   0.591921   -1.01858  -0.575021 -0.0455995   0.871412 -0.0182903  0.0743758   0.766128  -0.413591  -0.489994
point 98 814 6.30037 183.057 -0.511895 0.0732081 -0.331565  -0.22451 -0.801713  0.681866  0.895253   0.75855  0.095677 -0.785822
point 99 816 358.602 175.817  0.572167 -0.219661 -0.822681  0.387558    0.2781 -0.395562 -0.437529  0.990719  0.457478 -0.200574
point 100 827 221.056 166.257  0.106728 0.0346738 -0.243536  0.489292  0.297278 -0.778578  0.193797   0.26246 -0.136408 -0.354504
point 101 854 504.788 225.013   0.639248   0.166819   0.397282  -0.751475  -0.148077    1.03429 -0.0514126 -0.0893596   0.229536   0.897833
point 102 856 490.413 195.488 -0.0124124   0.648588   0.444629  -0.566786  -0.533458  0.0295192   0.495274   0.829267   0.317869  -0.630012
point 103 858 525.636 142.331   0.478521   0.268098  -0.138661  -0.143477   0.685228   0.838074   -0.50171   0.148855  -0.740697 -0.0261053
point 104 859 140.962 224.225   0.40951 -0.839525 -0.351011  0.692003  0.515557  0.754206   0.86243  -0.96487  0.180617  0.886694
point 105 864  69.169 219.083 -0.0306562  -0.551849   0.715461   0.767009  0.0392108   0.957549  -0.530109   0.331843   -0.33382  -0.920643
point 106 875 83.4757 239.044 -0.735568  0.808737  0.503594  0.367278  0.595197 -0.172362  0.856822  0.666498 -0.225645  0.718856
point 107 881 631.486 197.311  0.288627  0.580319    0.4017  0.593057  0.403533 -0.828819  0.213758 -0.808497 -0.420851  -0.54746
point 108 893 244.326 234.012   0.061626  0.0849182   0.243112   0.513348  -0.678131   -0.35612 -0.0570056    0.40835   0.123568   0.284735
point 109 899 397.476 183.155 -0.417953 -0.536625  0.530722 -0.743384 -0.876105 -0.165656 -0.840112 -0.846464 -0.606126  0.306442
point 110 913 262.992 209.333  -0.86283 0.0968749 -0.833978  0.536563 -0.410325 -0.743702  -0.82517 -0.130932  0.992974 -0.799489
point 111 933  62.176 136.206 -0.751082  0.302912  0.418245 -0.287299  0.649455   0.13361 -0.484721 0.0879445 -0.950368  0.843563
point 112 934  344.53 167.813  0.347836 -0.570564  0.764136  0.192157 -0.923086  -0.39842 -0.799406  0.847958  0.562174  0.110755
point 113 937 539.883 235.387 -0.478901 -0.637318 -0.505214 0.0754982  0.546328  -0.21859  0.134517 -0.231611 -0.292182  0.500921
point 114 945 82.1555 171.516 -0.880756  0.217036  0.782552 -0.724002 -0.947218  0.691926  0.473442  0.873639 -0.838361  0.519804
point 115 946 553.976  82.289  0.173515  0.903068 -0.454543 -0.759127  0.497127  -0.92082 -0.339123 -0.744017 -0.402768 -0.632757
point 116 955 309.174 212.036 0.0870453  0.319183 -0.743398 -0.280263  0.383964  0.275359 -0.651202  0.191927  0.726519  0.163754
point 117 960 368.719 169.633 0.0979553 -0.687085 -0.646754     0.973 -0.631791  -0.20182 -0.910137 -0.435044  0.654854  0.146256
point 118 967  606.24 188.111   0.184497 -0.0426882    0.46168   0.939023   0.129609   0.284085   0.547254  -0.337291  -0.725185  -0.461758
point 119 979  621.33 175.805 0.0780419  0.439281 -0.139122  0.443312  0.191603  0.373535    -0.536 -0.180267  0.586379 -0.286497
point 120 980 489.984 205.917  0.507551 -0.157544  0.538769 -0.521477  0.501897  0.452972 -0.849945 -0.189904  0.356128 -0.695838

