seq: 130
gt_pose:  -6.97543 -0.961612   1.97883
odom_pose: -6.01079 -2.26749  2.15569
point 0 4 450.379  156.24 -0.339835 -0.826853 -0.956667 -0.124017 -0.845119 -0.565758  0.949313  0.792826  0.710864 -0.452919
point 1 27  570.12 169.954 0.00158794  -0.728512   0.791478   0.203448  0.0142863  -0.559524   0.096784  -0.156515    0.64326  -0.246806
point 2 86 435.844 156.587   0.829605   0.377115   0.692633  -0.496444  0.0626656  -0.703368   0.641979  -0.531799  -0.791524 -0.0838865
point 3 100 487.286 186.543   0.150615   0.596582  -0.171342    0.17398 -0.0977427   0.765086  -0.391938  -0.965304  -0.662236   0.536567
point 4 101 635.117  169.46  0.662901 -0.212755  0.434025 -0.706442 -0.238745  0.855833 -0.341759 0.0484028 -0.900833  0.861619
point 5 105 551.653 158.686   0.521387  -0.947741   0.516558   0.024174  -0.164177 -0.0338235  -0.844878   -0.74854   0.832174 -0.0622753
point 6 125 412.223 209.705 -0.0994798    1.01669  -0.675779   0.726507   0.877823   0.538821   0.943381  -0.325572 -0.0908182   0.768764
point 7 144 272.494 121.822 -0.465973 -0.179117 -0.887167  -0.76754 -0.713777   0.55096 0.0630167  0.350694 -0.697789 -0.787967
point 8 150 455.585 186.112  -0.948954  -0.522642   0.690483   0.302607  -0.619994  -0.419731  -0.906554   0.216643  -0.844172 -0.0536245
point 9 172 415.609 172.781 -0.362987  0.960384  0.366401  0.990878 -0.054263 -0.479537 -0.386566 -0.839628  0.711832  -0.61675
point 10 208 563.895  205.49  -0.916312  -0.291655   -0.87059 -0.0909195  -0.225982   0.850479   0.914088    -0.6066   0.712931  -0.804775
point 11 210 401.157 168.511  -0.326485   0.612378  -0.475374  -0.687231   -0.79303  -0.367281 -0.0331107  -0.693227   0.495588   0.773129
point 12 219 322.355 236.638   0.19856 0.0753302 -0.298443  0.970947  0.103003  0.343919  0.219399  0.150046 -0.429252 -0.571685
point 13 235 254.648 209.283 -0.776882 -0.980152   1.00852  0.471098 0.0678824 -0.153371  0.977018 -0.747348 -0.896332  0.330916
point 14 249 254.421 136.116   0.686761   -0.64661  -0.311625   0.977594  -0.197574  -0.660427   0.560904  -0.767424 -0.0353316  -0.495825
point 15 254  383.88 221.509  0.197694 -0.197069 -0.163701  0.567977  -0.58747  0.340886 -0.490465 -0.960536 -0.754778 -0.439755
point 16 260 410.263  205.52   0.298071   0.606433   -0.31759   0.427257  -0.422963     0.6459 -0.0689347   -0.16121 -0.0770119    0.25594
point 17 281 503.401 224.335 -0.849058  0.314359 -0.228706 0.0412691  0.558179   0.32504   0.73643  -0.22345 -0.438669 -0.474773
point 18 285  634.63 153.469 -0.551639 -0.154131 -0.475789  0.950856  0.910608   0.83168  0.261456  0.575582 -0.424406  0.440168
point 19 295 282.447 149.383   0.649381  0.0631152   -0.35793   0.360891  0.0870141  -0.247088  0.0156214   0.539111 -0.0492042   0.230409
point 20 322 633.269  163.55 -0.311647 -0.155887  0.444994 -0.761975  0.975254 -0.630412  0.943166  0.954548  0.370008    0.4956
point 21 328 424.506 179.939 -0.201986  0.375556  0.217634  0.269356  0.667531 -0.332293  0.746408  0.260164  0.913221  0.823158
point 22 338 432.722 225.735 -0.403543  0.409212  -0.24713 -0.379027  -0.63116  0.252942  0.681923 -0.936201 -0.553782  0.952692
point 23 362 449.694 133.275 -0.221822 -0.993233 -0.839214 -0.427395 -0.458505  0.754171  0.171896  0.392097  0.986724   0.85927
point 24 363 34.1281 131.888 -0.410228  0.152606  0.246805 -0.448834  -0.23151 0.0914867 -0.733141  0.507937  0.619159   0.98966
point 25 388 287.349 132.821  -0.365682 -0.0985177   0.814954  -0.464113  -0.826521  -0.235753   0.360458   0.458696  -0.802621   0.352998
point 26 399 510.418 230.126  0.900746  0.123906  0.357119 -0.098894 -0.222522  0.117806  0.535491 -0.672194 -0.653602 0.0728392
point 27 424 364.597 215.435 -0.073273 -0.880225   0.53931   0.36658  0.582878  -0.54712 -0.126529 0.0865834  0.820519 -0.163555
point 28 441 585.053 134.842   0.837128   0.271104   0.632835   0.759962   0.732961 -0.0656379  -0.642451    -1.0427  -0.842468   0.664591
point 29 453 579.281 236.423  -0.440436   0.306956 -0.0546574  0.0247138   0.340136  -0.592537  -0.870335  -0.276412   0.563268   0.321327
point 30 467 289.007 169.777  -0.430641  -0.758438 -0.0455948  -0.388169   0.938965   0.267275   0.423361  -0.160771  -0.584579  -0.769383
point 31 486 533.065  194.42  -0.92114  0.575541   1.02268 -0.453869   0.99159  0.877205 -0.783774  0.978902 -0.879305 -0.452644
point 32 490 231.839 239.979  0.453215  0.945499  0.269265 -0.529476  0.895134   0.27481 -0.933121 -0.564098  -0.63527 -0.694984
point 33 496 502.599 230.647   -0.912174    -0.75557    0.607202    0.259387    0.880258 -0.00603286   -0.890933   -0.424453   0.0136653    0.259471
point 34 504  417.63 216.503  0.396054  0.849852 -0.626087  0.361637  0.210462  0.619185 -0.370443 -0.776593  0.108694 -0.536295
point 35 524 551.366 220.493  -0.223355   0.727718   0.289436 -0.0162083   0.977502    -0.5346  -0.171945   0.170183   0.288937  -0.728205
point 36 561 616.568 226.223 -0.864342 -0.330678  0.746018  -0.12471 -0.894673 -0.715154 -0.159039 -0.893731 -0.424943  0.651077
point 37 563 556.748 148.573 -0.000470768    -0.437522     0.315969    -0.393205     0.773795     0.458228     0.300999     0.467497    -0.703504     0.323597
point 38 572 45.4578 195.403   -0.992108    0.550598    0.353733   -0.573094   -0.226098   -0.466093    0.662961 -0.00183226   -0.388471    0.675126
point 39 580 130.635 233.743 -0.396337 -0.418128 -0.948498   0.93595  0.163245 0.0289949 -0.322105   0.91058 -0.749043 -0.055332
point 40 587 587.304 95.3795  0.819383 -0.456581 -0.343474  0.731628  0.210924 -0.292777  0.324193 -0.855268 -0.492999 -0.364908
point 41 589 296.488 106.462 0.0693785 -0.115102 -0.367922 -0.714918 -0.457073 -0.534194 -0.107674  0.268244 -0.812653 -0.919142
point 42 601 270.782  206.98  0.647644   -0.1716  0.554518 0.0528069  0.558131 -0.837343  -0.74783  0.186952  0.368704  0.340083
point 43 613 602.353 111.965  0.733031  0.884383  0.980291 -0.710961 -0.773656  0.221659 -0.206318 -0.360954  0.113579  0.937611
point 44 614 570.831 196.604  0.494926   0.68123 -0.616739 -0.759439  0.956328 -0.330581  0.788312  0.113866  0.993202  0.163634
point 45 616 583.057 227.946   0.838867   0.549657   0.539654   0.408184   -1.01694 -0.0286209  0.0669805   -0.65447   0.258653 0.00575543
point 46 625 354.693 186.364 -0.0202671   0.683971  -0.197388   0.904559   0.453568   -0.60218  -0.544759  0.0303635 -0.0954047   0.184942
point 47 643 303.332 209.709 -0.0882502  -0.980685   0.439838  -0.277917   0.421919 -0.0485149  -0.727298  -0.940945     0.1397  -0.272316
point 48 645 448.931  229.32 -0.890549  0.805307  0.022303  0.323952  0.178375  0.986589  0.290659 -0.423327 -0.309585 -0.243317
point 49 647 217.727 164.792  0.907554 -0.465421  0.977019  0.208672  0.453682 -0.982581 0.0131825 -0.520025  0.361272 -0.779424
point 50 649 405.223 229.377   0.569189  -0.098043 -0.0927989   -0.33344  -0.524347  -0.215076   0.238519  -0.629543  -0.990426  -0.256835
point 51 654 427.627 236.948 0.0316789  0.666329  0.146091 0.0767824 -0.303378  0.449449  0.736158 -0.893698  -0.30039  0.697525
point 52 656 301.901 168.105  0.082521 -0.112617 -0.591519 -0.818833  0.939055  0.540202  0.915537 0.0543122 -0.428984   -0.4499
point 53 662 609.108 193.634  0.383449 -0.280479 -0.391018 -0.837383 -0.237045  0.880232   0.52247  0.964002 -0.676063  0.745321
point 54 670 352.333  178.18  0.730778 -0.376654 -0.912028 0.0454615 -0.119221 -0.498396 -0.150663  0.103444 0.0564692  0.412249
point 55 680 254.568 182.585 -0.0264708 -0.0505817  -0.943437   -0.34297  -0.233571  -0.769198  -0.270906   0.452148  -0.172094    0.78027
point 56 683 506.551 141.753  0.256953  0.120816  0.539971 -0.825783  0.779696 -0.663776  0.732561 -0.098692  0.696602  -1.02597
point 57 687 561.635 187.001  -0.325544   0.236918 -0.0493857  -0.205639   0.665134   0.418815    0.57989  -0.438482   0.247876  -0.545369
point 58 694 341.956 213.576 -0.728052  -0.77773  -0.07318 -0.438275    1.0273 -0.415263 -0.175118  0.848435  0.676983  0.437122
point 59 705 541.992 239.037 -0.0997322  -0.736095  -0.099996   0.521694  -0.955696  -0.282396   0.862702  -0.593576  -0.353974  -0.428268
point 60 716 8.23871 167.237    0.967431   0.0154118   -0.487706    0.872571 -0.00403098   -0.824592    0.253067   -0.275033    0.730505    0.713692
point 61 729 488.227 238.798  -0.410729   0.585178   0.452084   0.629747  -0.567585  -0.488721   0.653124  -0.984758 -0.0752506  -0.583112
point 62 732 402.239 147.958   0.220748   0.743842  -0.926816   -0.28147   0.114861    0.79845  -0.908767 -0.0185861   0.690681   0.622393
point 63 757 187.735 170.859  0.373881  0.754995 -0.778527  0.975977 -0.234885  0.404071  0.161659  0.733792  0.129538 -0.399273
point 64 796  193.98 143.102    0.582929   -0.886516    -0.55012   -0.468027   -0.234535 -0.00734141    0.926274    0.440975     0.39039  -0.0513496
point 65 816 527.825 177.622  0.599501 -0.245477 -0.890728  0.384053  0.255473 -0.393255 -0.475053   1.01863  0.436059 -0.281677
point 66 896 427.905 195.962   0.410118  -0.505501   0.434165  -0.808536    0.96335  -0.870025  -0.380792 -0.0789467   0.943062 0.00645284
point 67 899 568.202 181.457 -0.507403 -0.555752  0.551725 -0.693979 -0.842224 -0.196932 -0.902882  -0.93415 -0.604933  0.310471
point 68 900 384.913 136.022  -0.631929  -0.520219   0.599701   0.489927   0.418475   0.444779   0.903072  -0.286449  -0.536137 -0.0594163
point 69 902 215.922 107.544 -0.436026 -0.680318 -0.172664  0.809337 -0.665138  0.212688 -0.641133  0.887955 -0.322634  0.817917
point 70 946 571.627 140.323  0.229893  0.890729 -0.414262 -0.744879   0.50711 -0.890557 -0.300303 -0.751618  -0.43414 -0.552886
point 71 950 88.6302  142.65 -0.806064  -0.26645 -0.359344  0.905336 -0.752927  -0.35089 0.0608351 -0.604999 -0.933442  0.873332
point 72 960 471.575 199.125 0.0138294 -0.670185 -0.719303   1.01581 -0.680795 -0.131851 -0.897906  -0.43583  0.653157  0.194102
point 73 986 294.444 216.933   -0.342622    -0.30104    -1.01451   -0.540067   -0.147019   -0.413707   -0.404656  -0.0515851 -0.00688315   -0.861607

