seq: 154
gt_pose: -6.80834  3.24111 0.513686
odom_pose:   -6.715  1.91474 0.624153
point 0 27 442.643 123.083  -0.01958  -0.64945  0.724592  0.240625 0.0683397 -0.543716  0.160583 -0.143136  0.638859 -0.258391
point 1 30 439.828 140.137  -0.691294  -0.848618  -0.897458  -0.053941   0.534067   0.406904 -0.0831592  -0.729645   0.156454   0.126332
point 2 52 149.729 227.237  -0.575937  -0.886017 -0.0968277   0.585697   0.535881  -0.273487   0.984496  -0.906904 0.00466563   -0.63582
point 3 58 420.027 232.788   0.715116  -0.486444  -0.439252  -0.825894 -0.0188059   0.810828   0.241052   0.109957   0.628329   0.965125
point 4 63 433.422 211.893  0.151708 -0.759079 -0.791893 -0.247585 -0.764491  0.287662  -0.80191  0.804683  0.114938 -0.581921
point 5 67 184.546 197.533 -0.273845 -0.762335  0.606821  -0.27349  0.445128   0.83838  0.714155  0.652054  0.470644  0.293588
point 6 88 493.505 235.767   -0.240985   0.0145667    0.374498   -0.964296    0.288662    0.227685    0.368295 -0.00300243    0.777344   -0.500592
point 7 93 474.04 167.58   0.682361  0.0547832   0.216123  -0.751192   0.935551  -0.393347   0.120414   -0.96029   0.526854 0.00293945
point 8 100 255.335 139.247  0.127808  0.566388 -0.216719  0.238788 -0.136652  0.741593 -0.414795 -0.896646 -0.685008  0.446466
point 9 101 351.959 177.669   0.64099 -0.260845  0.397876 -0.667443 -0.239244  0.829358 -0.338803 0.0471525 -0.961634   0.86783
point 10 105 490.169 65.6325    0.472298    -1.03342    0.484402   0.0701035   -0.252092 0.000581105   -0.826034   -0.753735    0.897285  -0.0736247
point 11 109 582.583 229.872 -0.479569  0.876752 -0.804323 -0.408742  0.479256 -0.012686  0.738769  0.600301 0.0382429  0.237969
point 12 111 527.938 231.281 0.0574613  0.964055 -0.912897 -0.983944 -0.166286 -0.338123   0.90365 0.0374623   0.22821  0.410302
point 13 166 621.326 188.463 -0.654638  0.291402 -0.617634 -0.510198 -0.680772  0.256894 -0.760396 0.0663901  0.179118 -0.702814
point 14 175 512.288 180.525 -0.370964  0.526073  0.265129 -0.606824  0.741476  0.740375  0.888306  0.933814    0.5386  0.171511
point 15 186 461.622  166.83  -0.356825  -0.398597   0.287474   0.454132   0.898715  -0.938961 -0.0802001  -0.483769   0.142811   0.373196
point 16 193 240.306 205.765    1.02681  -0.819465    1.03823   0.770026   0.475563  -0.901791   0.958463    0.59793   0.843338 -0.0936302
point 17 208 296.535 203.176  -0.945966  -0.333793  -0.906951 -0.0862137  -0.284481   0.772703   0.932444  -0.620177   0.733735  -0.814918
point 18 209 355.997 233.806 -0.236157  0.123797 -0.365565  0.376754 -0.841914 -0.259139  0.576774 -0.896877  -0.32362 -0.613561
point 19 230 110.389 187.451  0.516806  0.127934   0.67846 0.0707422  0.127731 0.0573598   0.24457 -0.833135  -0.96494  0.205303
point 20 233 452.546 232.951 -0.186248 -0.437368  0.119673  0.292837  0.346085 -0.186366 -0.914721  0.146549 -0.932786  0.332265
point 21 245 629.176 190.363 -0.587266 -0.388626  0.402773 -0.646452 -0.518585  0.443009   0.90764 -0.672607  0.172651  0.758764
point 22 251 524.172 231.128 -0.00670552   -0.548354    0.183538   -0.852941   -0.399602   -0.149869   -0.488312    0.220542   -0.151521    0.302163
point 23 271 122.929 118.609   0.753937   0.467229    1.02311   0.722006  -0.643499   0.955548   0.445424   0.831973   0.829616 -0.0504475
point 24 281 284.642 212.555 -0.846127   0.36175 -0.178261 0.0772626  0.574691  0.281212  0.718506 -0.208268 -0.470552 -0.380597
point 25 282 154.071 218.655 -0.557265  0.334925 -0.916998  0.436219 -0.728231 -0.188786 -0.411539  0.770935  0.708307  0.276079
point 26 283 179.418 213.612   0.298161   0.255548   0.672267  -0.207829  -0.872353   0.800085  -0.793661 -0.0652734  -0.201442   0.753603
point 27 285 327.954 169.786 -0.482524 -0.149528 -0.540249    1.0215  0.948291  0.838281  0.329023  0.573238 -0.406544  0.377958
point 28 293 161.594 117.914 -0.995596  0.747669 -0.547308 -0.788172 -0.811079  0.695369   1.01922 -0.428007  0.774406  0.504614
point 29 298 160.575  196.42  0.407518  0.161858  0.670833 -0.619805 0.0312893 -0.372878 -0.247281   0.65611   1.00697  0.564876
point 30 301 593.726  219.57  0.161397 -0.476866  -1.04062  0.407309  -0.95521 -0.673823 -0.635437  0.471089 -0.717647 0.0633066
point 31 303 495.511 219.749   0.136706  -0.775846  -0.590169  -0.973801 -0.0913227   0.551142  -0.424508 -0.0995551 -0.0588328  -0.401346
point 32 307 411.868 219.754   0.15832  0.894182   -0.2404  0.583329  0.753986  0.899706 -0.119098 -0.527792 -0.813684  0.531245
point 33 321 359.253 190.625    0.132813   -0.659955   0.0114686   -0.934755    0.919517 -0.00335527    0.254837    0.535042    0.787877    0.605209
point 34 322 343.813 173.797 -0.238139 -0.111783  0.490803 -0.774497  0.985719 -0.676385  0.946631  0.930988  0.338327  0.552709
point 35 332 265.968 206.552  -0.261392   -0.18593  -0.124361   0.315217   0.715242   0.826343    0.70662 -0.0297798  -0.792809  -0.575121
point 36 338   148.3 175.275 -0.442167  0.462421  -0.20329 -0.352051 -0.665593   0.19212  0.648928 -0.863356 -0.521917  0.983572
point 37 346 405.159 186.267  -0.539084   0.900094 0.00609161  -0.819468  -0.191429   0.532487 -0.0549556   0.896389   0.800595  -0.143422
point 38 380 200.214 216.387  0.548074  0.457433  0.699468  0.669529  0.291531 0.0550013 -0.715451 -0.266943 -0.488318  0.151306
point 39 387 518.774 199.076  0.723906 -0.709416  0.569597  0.977164 -0.727795 -0.198075 0.0743623 -0.974359  0.589865  0.646083
point 40 399 286.284 223.934  0.886742  0.144179  0.377197 -0.137914 -0.207723  0.130736  0.581919 -0.608843 -0.644355  0.081156
point 41 405 406.395 184.414  -0.118497  -0.943481   0.860678   0.693189  -0.131487 0.00912112   0.396195   0.296406   0.525624   0.791766
point 42 406 356.101 208.515  -0.23001   0.90566 -0.705268 -0.503124 -0.885199  0.232951 -0.494591  0.283778  0.848591  0.353923
point 43 423 40.396 154.84 -0.0588217  -0.618425    0.65631   0.537524  0.0220568    0.81382   0.777615   0.832319  -0.930259   0.510647
point 44 428 545.884 106.158 -0.519427 0.0301449  0.560177 -0.843778 -0.261475   0.49592  0.297253 -0.395958 -0.166909  0.110582
point 45 441 596.463 15.3432   0.88192  0.223411   0.72361  0.707701  0.731643 -0.142021 -0.709512  -1.02871 -0.890555   0.71169
point 46 480  229.16 216.375   0.214948  -0.951761  -0.871348  -0.238359   0.451124   0.289005  0.0985883 -0.0506244  0.0786415   0.630384
point 47 491 509.492  209.96  -0.837062   0.833674  -0.340689   0.567787  -0.511086 -0.0994576   0.551333  -0.260274  -0.247846    0.75852
point 48 494 585.127 127.414  0.376517 -0.128635   -0.3417  -1.01405 0.0555466 -0.843173  0.520651  0.357019 -0.240125 -0.941996
point 49 496 428.514 212.594  -0.925339  -0.710707   0.546295   0.309253   0.942835 -0.0736025  -0.839989  -0.396049  0.0126564   0.278002
point 50 499 417.603 210.659   0.908591  -0.464898   0.373116  -0.660035   0.165613 -0.0746905  -0.124578  -0.244913   0.696757   0.321697
point 51 513 192.273 217.505 -0.447564 -0.559574  0.563385 -0.120277 -0.630573 -0.684687  0.435704  0.987668  0.665498 -0.365257
point 52 524 343.882 212.517 -0.271302  0.724714  0.325615 0.0304428  0.926232 -0.507092 -0.214425  0.197502  0.232141 -0.795308
point 53 527 572.155 228.986   0.831555   0.423161  -0.871713   0.931664  -0.537365  -0.522588 -0.0882994   0.717138   0.592506   0.676206
point 54 534 260.072 207.826  0.252608  0.358444 -0.273066 -0.990819 -0.138553 -0.110952  0.416321 -0.290963 -0.306012  0.125194
point 55 535 82.9267 177.341  -0.62208  -0.52102  0.234168  0.261082 -0.718156  0.570554 -0.972862  0.835652 -0.715167 -0.670061
point 56 539  419.72 160.838  0.880334 0.0793551  -0.94889  -0.68851  0.517027 -0.299664  0.932447 -0.656534  0.208134     0.221
point 57 541 627.967 231.474  0.346173 -0.811881  0.864902 -0.282175  -0.62188  0.652305  0.737045 -0.618434 -0.927299  0.227053
point 58 557 205.666 227.719   0.777118   0.217399    0.52439  -0.319732   -0.75477  -0.191857  -0.971315   0.556754   -0.20991 -0.0314728
point 59 596 442.614 214.344  0.0427181  -0.441464   0.481973   0.174956 -0.0704327  -0.410942   0.703221  0.0819443   0.578934   0.859909
point 60 610  639.78 132.993 -0.241428 -0.189917  0.736636  0.695464  0.432704  0.417859  0.691633 -0.609787  0.162305 -0.413529
point 61 613 431.384 69.4493  0.757769  0.854709   0.98074 -0.724938 -0.748573  0.182036 -0.258381 -0.446374 0.0797048   0.87031
point 62 614 305.312 194.156  0.436286   0.67556 -0.673048 -0.761735  0.990118 -0.335598  0.793906  0.153368   1.04675  0.129437
point 63 617 562.192 171.812 0.0547279 -0.867869  0.310998  0.114068 -0.513754 -0.943595 -0.209002  0.317203 -0.860729 -0.576801
point 64 631 533.508 227.419    -0.82145   0.0600152   -0.701172 -0.00637356    0.331013  -0.0627694    -0.28095  -0.0103918   0.0369757    -0.26852
point 65 644 522.562 179.374 -0.506546 -0.145811 -0.532519 0.0203407 -0.190303 -0.766501  0.801917 -0.954061    0.8462  0.389424
point 66 661 602.769 184.612  0.269793 -0.495767   0.38649  0.380019 0.0597231  0.177145 -0.892586 -0.751556  0.227091   0.43662
point 67 662 400.411 185.491  0.327842 -0.252512 -0.350166 -0.819154 -0.241452  0.870562  0.517129   1.04506 -0.770115  0.693049
point 68 663 226.753 226.116  0.972775 -0.529761  0.894275 -0.117031 -0.262188   0.21825  0.312482 -0.828656 -0.371444  -0.56073
point 69 677 193.182 220.201   0.399539 -0.0835226  -0.345439   0.325911   0.193656   0.560193   0.147332   -0.10401  -0.198662   0.952675
point 70 689 559.363 99.4282   0.893054  -0.503278  -0.540763 -0.0472432    0.73553   0.161402  -0.810886  -0.242384   0.919832   0.859496
point 71 705 290.687 238.818 -0.094177 -0.723138 -0.127798  0.539589   -1.0069 -0.266211  0.853463 -0.634316 -0.414266 -0.373705
point 72 725 432.976 207.237 -0.754045 -0.721881 -0.685407 -0.885947  0.287918   0.37527 -0.889488 -0.769613 -0.479352 -0.193477
point 73 726 519.564 187.805  0.962488  0.467471  0.577781 -0.687695  0.248718  0.620342 -0.803147 -0.907401 -0.900722 -0.810677
point 74 729 285.455 237.412  -0.405739   0.599487   0.432144   0.579811   -0.53613  -0.492897   0.652295   -1.02065 -0.0868926  -0.575732
point 75 752 575.854 181.986  0.859826  0.796334 -0.545888 -0.148728 -0.180771  0.125779  0.308566 -0.655006 -0.689343 -0.454947
point 76 756 222.148 181.061 -0.736576  0.249843 -0.791228 0.0747986 -0.184508  0.181809 -0.431297  0.534397  0.236249  0.816259
point 77 761 161.887 189.834  0.670918 -0.824113 0.0983534  0.524335 -0.732591 -0.837953 0.0596174 -0.614065 -0.683836 -0.914487
point 78 794 639.108 214.154  -0.439756   0.415141  -0.316711  -0.643832 0.00869285   0.690283   0.459166  -0.490316   0.117598    0.50364
point 79 798 413.717 142.144 -0.490473  -0.87074  0.943924  0.582893  0.481336  0.593306  0.692491  0.860651 -0.945962 -0.568687
point 80 800 419.084 143.042  0.608966 -0.962305 -0.590284 -0.111591  0.829636  0.043303 0.0514244  0.834468 -0.418761 -0.436514
point 81 805 485.797 175.704  0.322018  0.734607  0.488647 -0.166847 -0.840901  0.754045 -0.195515  0.947994 -0.752503  0.255554
point 82 816 275.793 159.025  0.615842 -0.203355 -0.881889  0.468952  0.307332 -0.354648 -0.453279   1.00707  0.434374 -0.235883
point 83 835 161.648 192.776  -0.268621   0.894907   -0.61305 -0.0529861  -0.959554   0.506762  -0.777057   0.779717  -0.632759  -0.354582
point 84 856 400.585 198.096 -0.0157559   0.678354   0.459607  -0.640447  -0.541174  0.0508216   0.529126   0.812236   0.283475  -0.601515
point 85 858 426.677 152.061   0.541341   0.197105  -0.176858  -0.165104   0.687056   0.823781  -0.453926   0.146865  -0.717394 -0.0322027
point 86 876 592.656 151.795  0.402957 -0.626722  0.936923 -0.224555 0.0776337 -0.952186 -0.996317   0.38097  0.850448  0.332723
point 87 880 563.915 196.345 -0.581509 -0.536673 -0.259908  0.680344   0.55656 -0.272944  -0.34335   0.54807  0.780235  0.691532
point 88 883 532.232 222.315  -0.240555  -0.295339  -0.756237   0.983775    0.22459     0.5734   0.615144    -0.2966   0.245664 -0.0171912
point 89 893 51.3409  228.38  0.0548466 0.00983812   0.297552   0.559102  -0.725325  -0.341711 -0.0310943   0.422477  0.0820049   0.303746
point 90 899 321.474 172.812 -0.469839 -0.551168  0.537108 -0.770999 -0.834372 -0.173173 -0.899223   -0.9182 -0.592818  0.262682
point 91 909 258.769 203.922 -0.333244 -0.734065  -0.22008 -0.435268  0.100244 0.0474979 -0.340928  0.190771 -0.419733 -0.162418
point 92 913 99.1001 184.125  -0.839501  0.0598998  -0.778655   0.579777  -0.386797  -0.811374  -0.861051 -0.0982898   0.966558  -0.752614
point 93 934  256.88 144.473  0.367494 -0.606253  0.781388  0.218201  -0.98639 -0.339434 -0.780878  0.825543  0.549423 0.0425909
point 94 937 430.066 236.104 -0.445076 -0.639468 -0.540648 0.0587409  0.533539 -0.281329   0.10382 -0.253625 -0.253639  0.505985
point 95 942 621.297 224.912 -0.733299 -0.350907  0.660796 -0.493468  0.187522 -0.248536 -0.693223 -0.956157   0.93687  0.408652
point 96 944 630.015 171.768   0.512993  -0.461606  -0.280081  -0.597757   0.714603 -0.0220731   0.164555   0.296652   0.439665  -0.601628
point 97 946 509.282 46.1875  0.213423  0.869073 -0.451394 -0.755954   0.54794 -0.840135 -0.242421 -0.719511 -0.459646 -0.577382
point 98 955 194.797 195.422 0.0642455  0.287941 -0.706021 -0.287343  0.433682  0.337953 -0.719034  0.154931  0.678449  0.167813
point 99 960 286.651 122.573 0.0478302 -0.698945 -0.727023   1.02071 -0.630246 -0.112808  -0.89036 -0.450036    0.6016  0.193776
point 100 980 407.529  205.72  0.496258 -0.180977  0.520426 -0.512745  0.529535  0.438032 -0.857194 -0.204402  0.354268 -0.655064

