seq: 276
gt_pose:  7.08574 -2.16005 -1.82263
odom_pose:   5.4925 -3.55441 -2.07831
point 0 23 630.921   147.8   0.834344   0.767395 -0.0169951   0.143627  -0.627398  -0.405746   0.700895 -0.0407969 -0.0506906   0.660083
point 1 26 524.444 170.296  -0.886851  -0.752562   0.309894  -0.244245  -0.458401  -0.386574  -0.832008 -0.0997814    0.87407   0.157413
point 2 35 418.778 203.248 0.0917939   0.82011    0.4111  0.599188  0.438177 -0.334523   0.30198 -0.963627  0.035868  0.671648
point 3 38 590.712 120.946  -0.670124  -0.650715 -0.0398113   0.651979   0.327543   0.758695  -0.627281  -0.212985   0.386894   0.700329
point 4 43 612.962 226.041  -0.954916   0.428013   0.191665   0.601544   0.136742  -0.147233 -0.0689729   0.997402  -0.927708  -0.820094
point 5 45 504.278 220.653  -0.514383  -0.052891   0.861954 -0.0311903   0.790259   0.889348  -0.604421  -0.102097   0.589606   0.580892
point 6 46 182.157 152.506   0.942664  -0.299803  -0.162239    0.14049  0.0894654   0.203572  -0.598669 -0.0230134  -0.272579   0.351796
point 7 47 193.529 214.456  0.764413 -0.813064 -0.266033 -0.574226  0.286071  0.193617  0.390158  0.212016 -0.916974  0.163639
point 8 48  532.32 156.408  -0.311597    -1.0192   0.831287   0.215887   0.590495    0.72992   0.884373  -0.626699  -0.116686 -0.0275722
point 9 54 447.062 135.442 -0.596704  0.135226  -0.90963  -0.78892 -0.663524 -0.497642 -0.710248  0.169439  -0.89877  0.753728
point 10 56 398.253 193.534  0.252408 0.0450216 -0.974696  0.885129 -0.258469 -0.553538 0.0255835  -0.16454 -0.381295  0.355439
point 11 59 598.581 163.426   -0.886784   -0.997185   -0.981566  -0.0662047   -0.396107     0.42393    0.605105 0.000769608  -0.0804821   -0.841321
point 12 69 371.623 212.864  -0.341084  -0.829103   0.782034  -0.829105 -0.0225293  -0.482265  -0.570063    -0.4392   0.333582   0.859616
point 13 91 283.592 219.326   0.488882 -0.0927659  -0.830727  -0.121165   0.908113   0.742174   0.317181  -0.511207  -0.606305  -0.452638
point 14 118 430.413 193.542  0.890979  0.921272   0.64823 -0.523619 0.0257853  0.509975 -0.878708 -0.678398 -0.901834  0.641858
point 15 138   565.8 230.357 -0.374281 -0.740385 -0.467678 -0.629094 -0.489968  0.182614  0.544156 -0.818213  0.123187  -0.11296
point 16 152 383.15 141.95 0.0533929  0.488661 -0.652542 -0.557638    0.9585 -0.477968 -0.138775  0.643309  0.741785  0.266111
point 17 174 538.454 45.9775  0.641532   0.13095  0.844386  0.153609 0.0399693 -0.514385  0.106788 -0.593553 -0.518508 -0.969401
point 18 188 209.413 148.705 -0.421982  0.311225 -0.358245  0.845336  0.412082  0.327635 -0.579911  -0.22157 -0.313814 -0.678446
point 19 194 301.667 81.9973   0.904477  -0.817247  -0.199323   0.831796  -0.659253  -0.633124 -0.0962121   0.838065   0.604162  0.0904757
point 20 196 280.305 146.757  0.586181  0.473491 -0.925667 -0.951553  0.384508  0.912973 -0.781383 -0.711566   0.72625 -0.419787
point 21 207 240.555 230.544 -0.913123 -0.713671  0.991167  0.958656 -0.309693 -0.818295 -0.278112  0.525002 -0.625064 -0.750152
point 22 221 142.778 239.661 -0.554655 -0.213046  0.179728  0.659123  0.813939 -0.694703 -0.296865 -0.488586 -0.702949  0.779841
point 23 224 335.691 84.1068   0.971856   -0.54403  -0.708977   0.426596   0.400485  -0.462658   0.387396   0.508542   0.154893 -0.0799969
point 24 234 564.746 164.657 0.0946213 -0.149821  0.683958 -0.285054  0.768709 -0.412643  0.320271  0.216082  0.213338  0.439324
point 25 237 257.589   113.3 -0.0645519   -1.00368   0.666668  -0.947443   0.249316   0.866378  -0.915165    0.20779   0.336087   0.160792
point 26 242 638.218 140.443  -0.834325 -0.0101882   0.137126   0.392933  -0.364816   0.679899   0.783507  -0.805792   0.485431   0.660721
point 27 252 340.434 179.514  -0.472235 -0.0448459   0.698334  -0.136764   0.942056   0.908052  -0.107727  -0.166706  -0.940907  0.0842583
point 28 257 267.716 233.037   0.920613  -0.191548  -0.116554   0.102602  -0.873731 -0.0945626   0.242642  -0.831434  -0.037292  -0.731062
point 29 261  357.78 198.354   0.896418    0.44246   0.941382  -0.361002  -0.178313   0.200031  -0.598031   0.922614  -0.311791 -0.0301424
point 30 265 208.542 226.764  0.289573 -0.134468 0.0829073  0.615573 -0.665848 -0.733339  0.295999  0.305177    0.7851  0.364277
point 31 273 322.308 165.503  0.693141 -0.544164 -0.528225  0.293866  -0.88551 -0.832705 -0.247433  -0.87647  0.899848  0.121072
point 32 305 74.1494 107.604  0.0686218   0.265775  -0.238027  -0.768493  -0.454196   0.973833  -0.508024 -0.0360303  -0.986614   0.383163
point 33 326 570.283  185.18  0.408288 -0.541693  0.589536  0.213787  -0.95067 -0.372889 -0.382257 -0.670784  0.199901 -0.762283
point 34 327 604.097 182.437 -0.339573 -0.939608 -0.285948  0.843085  0.301334  0.513605 -0.431863  0.700517 -0.331798  0.819561
point 35 329 10.5633  68.305  0.166486 -0.270754  0.486103  0.850693 -0.963853 -0.825771  0.861542 -0.230452 -0.935806   0.23472
point 36 347 259.793 180.518  0.388341  0.406274 -0.744755   0.62413 -0.152488 -0.786614 -0.984969  0.880112  0.570213  0.360145
point 37 354 130.794  232.03   0.351022  -0.272499   0.828746  -0.752728   0.447835   0.422993     0.6267 -0.0965155   0.744165   0.257084
point 38 365 225.874 195.671    0.815908   -0.929571   -0.571539   -0.211356    0.568839 -0.00182447    0.869073   -0.262074     0.61215   -0.290893
point 39 368 121.884 239.975  0.591255 0.0195935 -0.158989  0.323476  0.163367 -0.722886  0.134983 -0.630314 -0.470763 -0.835342
point 40 373 387.566 233.259  -0.440817   0.802558 -0.0262753   -0.34062    0.40401   0.573469  -0.010184   0.723021  -0.299923  -0.805764
point 41 374 391.206  201.73  0.553626 -0.364705   0.24366 -0.631532  0.406865 -0.892478 -0.718525 -0.598918 -0.424231 -0.766791
point 42 382 630.844 192.529 -0.749654  0.876195  0.925284 -0.937828  0.151397  0.543053  0.592643 -0.244378  0.267277 -0.184259
point 43 394 264.749 156.783 -0.197522 -0.535129  0.997177 -0.269851  0.424567  0.961197  0.643968 -0.983907  0.180231  0.635274
point 44 417 1.11584 34.8856   -0.8155    0.5605  0.120367 -0.463008  0.216114   0.48516 -0.813013   0.33866  -0.70128  0.283254
point 45 421 141.576 155.662  -0.76857 -0.802977 -0.177711 -0.776834  0.730923  -0.59606  0.291419  0.146874 -0.326056 -0.224756
point 46 422  604.14 210.588 -0.0350342   0.580909   0.525433   0.410735    0.99919    1.01905  0.0273231  -0.872457   0.475041   0.706743
point 47 444 384.422 176.023   0.616116  -0.890495   0.464519  -0.625138 -0.0111284  -0.711321   0.989205   0.308619 -0.0804477   0.510193
point 48 446 420.256 143.683  0.505414  -0.72873  0.615022  0.950144 -0.960555  0.206299  0.950137  0.454877  0.569878 0.0120403
point 49 451 148.014 100.131    0.511002   0.0369868    0.450745    0.166442    0.105477   -0.578298    0.781774 -0.00209266  -0.0405442   -0.338855
point 50 452 416.438 177.292  -0.877138   0.258941  -0.236359   0.684563   0.552962  -0.768855  -0.121504   0.186588  -0.395868 -0.0770575
point 51 468 418.944 167.252  0.469232 -0.305715 -0.488886  0.480999  0.127162  0.489737 -0.330282 -0.291864 -0.803817 -0.302515
point 52 481 344.933 225.259  -0.84024 -0.870471  0.424727  -0.55573  -0.33539  0.048463  -0.23647 -0.882137 -0.475548  0.255411
point 53 482  352.44 211.945  0.503314   0.43786  0.267405  0.204312 -0.385227 -0.569767  0.219036 -0.261867  0.228734 -0.362314
point 54 484 472.572 191.635  0.812389  0.657409   1.00784 -0.740304 -0.650931  0.530611  0.595284  0.589928 -0.361583 -0.696929
point 55 497  632.46 208.933   0.496028  -0.511224   0.683197  -0.253455  -0.611659  -0.171565  -0.569414   0.278129  -0.717993 -0.0463785
point 56 498 309.628 211.062 -0.460817  0.428108  0.802136  0.837385 -0.677848  0.915978 -0.898751  0.934417  0.209121 -0.994484
point 57 509 388.159 179.277  0.261582 -0.870406 -0.295517  0.712949  0.816043  0.804711 -0.435858 -0.320077 -0.324093  0.940105
point 58 510 194.417 198.681  -0.671233  -0.903202   0.637416 -0.0565635   0.822101    0.22523  -0.439682  -0.358383  -0.838362  -0.184031
point 59 531 180.641 182.724  -0.37016 -0.156464 -0.544364  0.384435  0.379954  0.949868 -0.958636 -0.524201 -0.391721  0.673752
point 60 537  126.52 144.902 -0.419281   0.61849 -0.196509 -0.400405  0.241406  0.215607 0.0960959 -0.496662 -0.549096  0.274312
point 61 548 279.14  184.5  -0.849983  -0.368209  -0.396401  -0.457247  -0.943831  0.0695257 0.00398907  -0.549399 0.00767884  -0.758652
point 62 560 523.821 202.365   0.93996  0.482722  0.527631  0.803196  0.327083  0.454404 -0.747314 0.0553208 -0.463233  0.400484
point 63 565 493.528   238.8  -0.878279   0.936843   0.405895   0.227427  -0.535873  -0.593831   0.859635   0.806422 -0.0041851   0.527392
point 64 567 217.658 203.261  -0.880339  -0.799127   0.626413  -0.450612   0.176022    0.71919  -0.565425  -0.390716  0.0427864 -0.0492618
point 65 571 470.974 17.0085  0.788701  0.752807  0.293515  0.641708  0.307723 -0.704174  0.901938  -0.41259  0.581095 -0.262304
point 66 597 620.657 160.672  -0.67277  0.741049  0.840132 -0.124197 -0.370119  0.587469  0.875758  0.960412  0.424999 -0.266658
point 67 620 399.274  165.52  0.548297 -0.305353  0.884535  0.757152 -0.275543 -0.323507 -0.778103  0.365084 0.0210797  0.486065
point 68 637 192.627 123.723 -0.0204849  -0.623683  -0.585219   0.464423   0.341874    0.13474  -0.244518  -0.562885   0.714651   0.842574
point 69 638 482.13 209.95  -0.280896  -0.870008   0.534344   -0.77972   0.256724   0.305184 -0.0894512  -0.383708   0.508948   0.896363
point 70 639  577.91 213.357 -0.779403  0.791152 -0.316348 -0.405746  0.806523  0.680822 -0.069427 -0.829308 0.0512475 -0.669416
point 71 651 534.484 161.241   0.91832  0.562191 -0.543755  0.262661 -0.580862 -0.913711 -0.921544  0.355927 -0.244332 -0.409819
point 72 671 185.345 173.962  -0.942746  -0.306939  -0.093108   0.575487   0.712231  -0.633062   0.232801   0.950093 -0.0494572  -0.586919
point 73 692 261.071 178.648   0.67599 -0.836833  0.909226  0.141897 -0.386892  0.216222 0.0893542  0.781923 -0.306639 -0.960536
point 74 703 23.0479 18.4118  0.845764 -0.618038 -0.670383  0.860127 -0.300393  0.824888 -0.951704 0.0802786  0.796915 0.0123686
point 75 731 421.331 223.838 -0.325621  0.357911  0.301774 -0.837344 -0.602602  0.959622  0.772391  0.790049   0.59234 -0.847352
point 76 733 246.721 166.268 -0.310539 -0.678352  0.557839  0.161442  0.156707 -0.748952 -0.515347 -0.537106 -0.592473  -0.16477
point 77 742 227.72 171.76 -0.456671 -0.354945  0.594655  0.501484 -0.919065 0.0625275  0.318371  -0.79912 -0.349365 -0.810548
point 78 743   374.5 218.815  0.121193 -0.548098  0.913274  0.267558   0.68175 -0.238682  -0.41065 -0.127499   -0.2715  -0.41071
point 79 745 426.207 191.662  0.949407 -0.484993  0.112395 -0.671009   0.31649 -0.780778 -0.200601  0.114679   0.52683 -0.556521
point 80 751 573.053 222.543  -0.339791  0.0395036  -0.412333   0.849231  -0.578131 -0.0358799  0.0470019  -0.955368   0.252957  -0.384697
point 81 762 234.938 210.056     0.2716 -0.0797804  -0.980077   0.847916   0.221514   0.868244  0.0168812   0.816782  -0.857796   0.505637
point 82 763 459.093 177.015  0.167232  0.139976 -0.748967 -0.292018 -0.614731  0.919817 -0.145945  0.496021  0.324253  0.102753
point 83 764 276.434 190.619  -0.93077 -0.451993   0.27805 -0.744075   0.90519 -0.527229  0.117803  -1.02418 -0.675661 -0.557707
point 84 790 116.51 224.05  -0.738444  -0.878383 -0.0758709  -0.221532   0.488367   0.302067    0.20711  -0.203075   -0.92505  -0.720644
point 85 791 373.601 187.464  0.668829 -0.658974 -0.799807 -0.625502  0.960029 -0.432267   0.38172  0.604211  0.480491 -0.474921
point 86 811 235.358 181.031  0.524042  0.581575 0.0247964 -0.219542  0.329584  0.777567 -0.206213  0.373789 -0.483643  0.300819
point 87 857 219.015 218.269 0.0402625 -0.821512 -0.394129  0.421408  0.957863  0.642039  0.394602 0.0828316 -0.495784  0.561857
point 88 860 300.522 229.463   -0.730986   -0.899594    0.701783    0.540569   -0.849461    0.243221    -0.24355 -0.00104441   -0.910155    -0.49223
point 89 887 609.037  223.36   0.623343    -0.7895  -0.756335  -0.679843  -0.784302  -0.953659  -0.360812 0.00737616  0.0528577  -0.814254
point 90 903 523.258 178.212   0.812016   0.547051    1.00662   0.771704  0.0179591  -0.664344   0.172839  0.0584246  -0.920948 -0.0246963
point 91 904 286.536 177.278  -0.453611  -0.201175  -0.452897   0.561073   0.372171   0.157776   0.879514  -0.894077 -0.0558353  -0.780594
point 92 906 164.939 171.126 -0.946379  0.270694  0.948119 -0.585368  0.694375 -0.492404  0.241801 -0.826736  -1.01538 -0.359419
point 93 918 519.368 225.477 -0.842714  0.180318  0.556822  0.148138 -0.313148 -0.818028  -0.61954  0.832517 -0.166498 -0.280438
point 94 925 515.646  185.54    0.76928   0.634009  -0.470382  -0.614253 -0.0871425  -0.234706   0.410172  -0.388485   0.446978  -0.269302
point 95 931 504.406  180.89  0.753851  0.732883  0.400642 -0.101881  0.337403  0.528436  0.604478 -0.892354 -0.243637 -0.162153
point 96 935 402.616 220.944  -0.726944  -0.873324   0.239384   0.982072  -0.669055   0.501767   0.331841   0.807294  -0.769214 -0.0757664
point 97 961 484.295  164.77 -0.321977 -0.463627  0.929419  0.546211  0.530374  0.599994 0.0891073 -0.124665 -0.789797 -0.153462

