seq: 300
gt_pose:  3.83048 -5.21036  3.04537
odom_pose:  1.61157 -5.81335  2.80929
point 0 5 460.765 179.238 -0.00162135    0.379886   0.0614423   -0.921311   -0.128949    0.910625    0.842031    0.479224   -0.383415    0.494026
point 1 11 226.758 178.912  0.612165  0.494209  0.350789  0.953678  0.308594  0.568809  -0.80092 -0.735014 0.0328414 -0.822239
point 2 14 616.924 184.761 -0.825258 0.0887026  0.509656 -0.348553   1.01725  0.175031  0.765638  0.484016  0.272661 -0.880986
point 3 18 110.376 214.997   0.226301   0.704635  -0.489607    0.32852 -0.0458223 -0.0477429  -0.415565   0.442863  -0.659184   0.216167
point 4 23 376.914 134.712   0.804932   0.790232 -0.0522915   0.125707  -0.663345  -0.421079   0.701805  -0.041941 -0.0963961   0.712952
point 5 24 350.897 179.355  0.412915  0.456842 -0.729729  0.195844 -0.020558  0.651214  0.409219 -0.688576 -0.542725 0.0226071
point 6 26 347.667 70.7201 -0.901729  -0.79162   0.30812 -0.227013 -0.403209 -0.385246 -0.833527  -0.10057   0.88966  0.177021
point 7 48 305.983  92.837  -0.345022   -1.02554   0.849539    0.17157   0.520996   0.737691    0.91636    -0.6516  -0.117479 -0.0484645
point 8 65 112.98 215.95  -0.780217 -0.0949851  -0.803795   0.569995   0.592608   0.341788   0.854894   0.765853  -0.897209  -0.907849
point 9 66 225.115 135.773 -0.773936 -0.243384  0.232852  0.247539  0.377094 0.0895471 -0.214068  0.655442  0.160852  0.886474
point 10 78 485.083 209.454 -0.928596  -0.78857  0.668398  0.780652   1.01479 0.0218344 -0.395517 -0.598406 -0.249923 -0.149538
point 11 102 93.1145 86.9632  -0.358284  -0.726666  -0.348209  -0.742205  -0.478236   0.751038   0.781778   0.329308 -0.0689222  -0.294134
point 12 109 544.328 228.589  -0.435589   0.898978  -0.801055  -0.384472   0.531995 -0.0997079   0.713007   0.565518  0.0294964    0.31782
point 13 116 438.197 222.435   0.943232   0.620736   0.401122  -0.398462   0.591845 -0.0950851  -0.365779   0.562471   0.356204    0.77321
point 14 123 513.596  139.17  0.173248 -0.797009 -0.277358  0.324561  0.868342  0.706499  0.236628  -0.19268  0.328059 -0.609145
point 15 138  462.05 216.691  -0.411716  -0.772798  -0.468456  -0.645945  -0.457696   0.197456   0.502377  -0.824597   0.108938 -0.0602778
point 16 146 366.785 179.219  0.967596 -0.572057 -0.681036  0.173349  -0.61101 -0.190024  0.945152 -0.526525 0.0862963 -0.779196
point 17 154 154.067 210.485   0.64371  0.740156  -0.86768 -0.898845  0.736283  0.155344  0.532567 -0.844014  0.550736  0.474725
point 18 163 153.791 161.724  -0.822847   -0.22175    0.51954   0.728781  -0.377384 -0.0451605   0.658268   0.619555   0.544493  -0.740596
point 19 175 556.598 183.738 -0.396705  0.564644  0.252042 -0.552717  0.714637  0.695986  0.961413  0.992436  0.581297   0.12308
point 20 184 524.584 198.663 -0.290923  0.540015 -0.381794 0.0630944 -0.606758 -0.242414  0.070544 -0.365391 -0.389888  0.349447
point 21 200 514.759 171.309  -0.419484  -0.696026   0.609092   0.296583   0.202124   0.568762  -0.113966   0.890033   0.964267 -0.0959105
point 22 216 473.592 203.275  -0.645408   -0.92121   0.806289  -0.848551  -0.564899  -0.863999  -0.354924   -0.26226 -0.0125978   0.890571
point 23 220 34.2905 135.141  -0.766815  -0.548234  -0.938694  0.0919205   0.511552  -0.162521  -0.247257   0.544095  -0.342979 0.00467562
point 24 234 302.845 146.502 0.0536958 -0.160422   0.69962 -0.366192  0.823759 -0.395251  0.342524  0.245397    0.2367  0.466795
point 25 236 94.6441  172.27  0.164416  0.520767  0.498181  0.648852  0.466399 -0.357681 -0.474293  0.167539  0.258771 -0.723167
point 26 242 354.219 141.089  -0.802019 -0.0362476   0.198486   0.413095   -0.38782   0.599562   0.823205  -0.747612   0.464837   0.600509
point 27 245 494.937  202.96 -0.602709  -0.37246  0.474089 -0.700173 -0.466632  0.402747  0.873354 -0.663394  0.191841   0.82172
point 28 262 478.521 190.256 0.0394765  0.369278  -0.35314 -0.537033  0.915863  0.959092 -0.926758 -0.401544  0.449998 -0.351163
point 29 277 404.782 162.687 -0.530939 -0.857341  0.323856  -0.84476 -0.947876  0.168241  0.117103  0.466318  0.357133 -0.929113
point 30 301 604.545 201.335  0.108666 -0.486805 -0.961128  0.409904 -0.995607 -0.661235 -0.567814  0.497031 -0.683708 0.0446207
point 31 303 590.502 216.558   0.141816  -0.832948  -0.624546  -0.926297 -0.0432485   0.512959  -0.390408 -0.0775185 -0.0496275  -0.350501
point 32 318 140.157 161.916  0.166076 -0.977354  0.389711 -0.992777 -0.651189  0.849566 -0.701653 -0.653759 -0.735637 -0.168111
point 33 323 192.848 170.957 -0.735251  0.608464  0.287368  0.726625  0.297949 -0.581766  -0.91184 -0.728462 -0.477765 -0.954616
point 34 326 299.543 176.391  0.473368 -0.529543   0.53862  0.260438 -0.900673 -0.377815 -0.456159  -0.61831  0.251183 -0.813258
point 35 352  483.81 217.856  0.573271  0.313584  0.366263    -0.693  0.557807  0.721544 -0.601747  0.596916 -0.161497  0.864822
point 36 359 404.275 136.441 -0.0792403  -0.238948    0.63091   -0.51741   0.723218  0.0660023   0.183186   0.186034  -0.551493  -0.178799
point 37 364 487.554 209.268  0.0892461   0.756464   0.639325  -0.629973   0.873392  -0.548981  -0.573748  -0.915216   0.135398 -0.0532859
point 38 382 389.692 182.867 -0.700142  0.860828  0.924166  -0.91999  0.122921  0.550715  0.558958 -0.240878  0.237914 -0.135215
point 39 387 567.391 196.626  0.659673 -0.669518  0.538143  0.942709 -0.740835 -0.213471 0.0249317 -0.928566  0.658491  0.704545
point 40 425 528.028 239.943 -0.419342 -0.407595  0.419443 -0.430813 -0.557849 -0.696971 -0.171221 -0.986446  0.868608  0.893418
point 41 470 399.452  237.86   0.394468 -0.0316748  -0.614101   0.863963  -0.312373   0.924395  -0.374126   0.154981   0.378087   0.728135
point 42 472 435.617 209.842  -0.843531 -0.0887922   0.601394  -0.239685   0.928193    0.10017   0.715601  -0.650677 -0.0376394  -0.617633
point 43 475 419.967 224.455  -0.969669  0.0637273  0.0456412   0.589336  -0.349226   -0.39755 -0.0801656  -0.054373  -0.754673  -0.237196
point 44 484 259.917 17.2414  0.807176  0.642105   1.02064 -0.755677  -0.64418  0.477937  0.632869  0.581098 -0.332169 -0.712157
point 45 491 594.906 202.426 -0.829569  0.808587 -0.278948   0.56481 -0.462472 -0.142597  0.516174  -0.32378 -0.263852  0.741171
point 46 492 376.841 147.432  0.499723  0.480144 -0.686692  -0.45673 -0.456658   0.65717 -0.555124  0.808801 -0.850328 -0.608848
point 47 493 139.855 221.718   0.448671  -0.478284   0.869794  -0.451136   0.160798  -0.901442  -0.595252   0.785997   0.590184 -0.0356368
point 48 508 393.877 143.603   0.668309   0.604609  -0.239651 -0.0966105  -0.715092   0.882652   -0.84383   0.172168  -0.782334  -0.745933
point 49 525 49.5622 235.996   -0.57279 -0.0796753   0.292479   0.126853  -0.173364  -0.235017  -0.349079  -0.690217   0.752359  -0.496758
point 50 529  426.36 194.211  0.504869 -0.361375 0.0563709 -0.321888  0.701597 -0.152794 -0.878773  0.784225 -0.170933 -0.385891
point 51 547 183.834  186.65  0.372614  0.115666 -0.329082 -0.906031 -0.323134 -0.454526  0.600582 -0.128917    0.2327  0.846438
point 52 560 297.637 169.821  0.939522  0.421223  0.588719  0.768195  0.316822  0.428097  -0.77535 0.0607044 -0.489405  0.356565
point 53 565 258.306 237.149  -0.906493   0.896718   0.382545   0.311159  -0.519342  -0.547365   0.785484   0.856969 0.00866892   0.563116
point 54 568 463.708 213.893 -0.978052 -0.627089   0.93918 -0.663823  0.440832  0.515847 -0.988592   -0.8574 -0.713317  0.131773
point 55 597 347.426 155.824 -0.732116  0.658842  0.847514 -0.136302 -0.339448  0.525699  0.855376  0.903555   0.47804 -0.288576
point 56 617 565.799 155.215 0.0646271 -0.829621   0.31102  0.177819 -0.549245 -0.924757 -0.171103  0.320288 -0.804923  -0.65239
point 57 638 228.374 167.567  -0.286588  -0.827391   0.610031  -0.808933    0.20994   0.377248 -0.0732299  -0.377485   0.500034   0.861484
point 58 639 537.451 168.114   -0.731023    0.784382   -0.358721   -0.368559    0.766774    0.677652 -0.00991481   -0.783263   0.0530411   -0.680943
point 59 644 554.161 181.738  -0.493289 -0.0726885  -0.528007  0.0133238  -0.146479  -0.805429   0.813076  -0.905271    0.90809   0.458298
point 60 651 325.322  89.331   0.89451   0.53465 -0.503298  0.245294  -0.54284  -0.98519 -0.913044  0.345108 -0.223571 -0.473892
point 61 661 559.562 160.648  0.315338 -0.514447  0.399003  0.375533 0.0637711  0.146798 -0.960636 -0.728875  0.226524  0.385931
point 62 665 115.486  132.76   0.465137  -0.951094   0.940692   0.323772 -0.0693857   0.957865   0.708227  -0.238217  -0.211385  -0.449288
point 63 691 471.327  206.61   0.61477  0.953417  0.179445  -0.22513 -0.895039  0.105891   0.32303 -0.369094 -0.889656  0.017397
point 64 695  474.13 208.977   0.777458  -0.204895    0.31512  -0.456016   0.493074 -0.0669169   0.960922  0.0783913   0.557895   0.802468
point 65 702 173.247 205.864 -0.594361  -0.22726  0.572182 -0.355968 -0.856698 -0.440725 0.0413059   0.35731 -0.698744 -0.282767
point 66 722 252.397  107.16   0.533397   -0.61007  -0.219914  -0.693357  -0.808112  -0.896799  -0.303171   0.612798   0.437192 -0.0851383
point 67 724  221.71 150.355 -0.958134  0.894422 -0.203509  -0.54293  0.932318 -0.614146  -0.11056 -0.328142 -0.354904 0.0251253
point 68 751 297.136 220.494  -0.292709   0.105469  -0.461099   0.842856  -0.614578 -0.0153209   0.110572  -0.947974   0.271741   -0.41458
point 69 752 577.596 155.995  0.853166   0.81125 -0.536236 -0.174309 -0.165531 0.0603318  0.298857 -0.601793 -0.621866 -0.463137
point 70 776 485.571 153.836   0.887839 -0.0666504   -0.12722  -0.550943   0.638621  -0.860776   0.361157  -0.431619   0.844509  -0.821973
point 71 794 530.152 205.708 -0.403734  0.468068 -0.280974 -0.626512 0.0061412  0.615341  0.472317 -0.446891  0.136418  0.469364
point 72 797 545.727  173.91  -0.763616  -0.687595    0.75052   0.056459  -0.254157  -0.587043 -0.0498965   0.513474  -0.143522  -0.303613
point 73 799  103.07 156.452 -0.688017 0.0098633 0.0640165  0.134402 -0.468543  0.355219  0.408497 -0.822674 -0.635925 -0.708586
point 74 802 167.552  213.43  0.346612 -0.515451  0.953394 -0.321324 -0.764897  0.540193 -0.283928 -0.260788  -0.55284 -0.415965
point 75 805 573.384 176.257  0.323122  0.726658  0.564571 -0.144399  -0.85538  0.809697  -0.23648  0.861537 -0.826832  0.204387
point 76 819 404.001 198.649  -0.518147   0.457135  -0.726938   0.728905    0.93911 -0.0260306    0.31784   0.765023  -0.432536  -0.044639
point 77 833 217.726  153.58 0.0705617   0.27695   0.80455 -0.155213 -0.666005 -0.361924 -0.710649 -0.950892  0.836358  0.638611
point 78 841 515.784 167.323  0.112396  0.867414 -0.932688   0.95744 -0.426811  0.115234 -0.277115 -0.239702  0.263688  0.519611
point 79 862 442.454 206.105  -0.825227  -0.333819  -0.707165  -0.258107   0.638425  -0.537585 -0.0983678   0.371675  -0.937864  0.0966617
point 80 870 17.5461 201.106  -0.283345 -0.0125282  -0.863039  -0.661755   0.557207   0.849981 -0.0435666   0.720073    -0.2106   0.292954
point 81 876 518.472 162.092  0.480865 -0.655715  0.870902 -0.242567  0.032528  -1.00446 -0.915303  0.307614  0.876329   0.33138
point 82 879 226.416 178.365  -0.170032   0.626251  -0.180381  -0.604568   0.268068  0.0936714   -0.71174 -0.0346849   0.197391   0.127772
point 83 880 538.574 197.375 -0.624994 -0.549959 -0.247196  0.677625   0.54192 -0.261512 -0.317235  0.606122  0.760632  0.605692
point 84 883 548.256 223.305  -0.200611  -0.301031  -0.705795    0.91364     0.2423   0.557105   0.552724  -0.346683   0.185708 -0.0263418
point 85 884 278.268 226.645  0.408281 -0.177951 -0.470165 -0.724351 -0.706776 0.0607463 -0.758275 -0.335413 -0.314333  0.677191
point 86 887 321.184 223.429  0.567485 -0.790083 -0.794876 -0.637369 -0.793954  -0.89608 -0.372834 0.0546931 0.0290172  -0.81843
point 87 908 478.224 161.358 -0.969271  -0.97108  0.925442 -0.719392 -0.748916   0.99452  0.580342 -0.824633 -0.541576  0.267156
point 88 918 496.592 175.295 -0.794107  0.198964  0.618175  0.165058 -0.393405 -0.747954  -0.56095  0.889063 -0.168769 -0.270402
point 89 925 263.832 150.032  0.813386  0.616817 -0.472653 -0.596692 -0.049078 -0.219893  0.392001 -0.309806  0.410076 -0.216199
point 90 931 283.449 103.973  0.672789  0.798899  0.426455 -0.155366  0.310037  0.574638  0.606869 -0.908799 -0.285581 -0.186243
point 91 936 424.237 146.525 0.00917033  -0.460271   -0.43281  -0.385061  -0.477964    0.92411   0.114654  -0.757076   0.061568  0.0946971
point 92 942 548.322 218.347 -0.751252 -0.286989  0.665821 -0.499708   0.24537 -0.211662 -0.648356  -0.98689   0.95916  0.392661
point 93 961 252.795 24.0758   -0.30686   -0.49026    1.01206   0.567767   0.562353    0.66744  0.0482895 -0.0800072  -0.777194  -0.134451
point 94 965  416.15 169.702  0.857178  0.609995  0.545232 -0.073307 0.0207843 -0.542015  0.170547  0.612796  0.885213  0.192628
point 95 967 600.101 196.066     0.2183 -0.0470979   0.451688    0.94823  0.0815477   0.319791   0.600915  -0.386899  -0.728931  -0.455673
point 96 977 270.574 165.941    -0.509675 -0.000532965     0.650981    -0.762003    -0.758415     0.819507     0.697463      1.02251    -0.156596     0.449577
point 97 985 128.298 218.908 -0.0653217   0.356054   0.445671  0.0187895   0.279054   0.116929   0.472228   0.425325   0.132503   0.694872

