seq: 256
gt_pose:   5.71355    1.3832 -0.789726
odom_pose:  5.13981 0.213623 -1.15809
point 0 0 419.547 173.196   0.548941   0.870431  -0.567459  -0.305429    0.57232  -0.404095   0.059525 -0.0175526    0.27418  -0.312322
point 1 35 578.436  209.27  0.136901  0.822775  0.341731  0.634952  0.353252 -0.332145  0.323896 -0.952055 0.0263473  0.729029
point 2 45 543.634 230.829  -0.568252 -0.0373817   0.916129 -0.0305785   0.719351   0.934621  -0.591127 -0.0855327   0.573068   0.552771
point 3 54 562.491 170.088 -0.671139  0.196901 -0.876109 -0.758919 -0.696644  -0.50883  -0.69913  0.168628  -0.90337  0.774074
point 4 56 580.909 196.395   0.26567 0.0391443 -0.938138  0.881294 -0.276733 -0.552455 0.0574695 -0.187737 -0.363612  0.382447
point 5 59 621.288 196.356  -0.910667  -0.986746   -1.00969 -0.0575008  -0.461617   0.397396   0.658351  0.0587733 -0.0357976  -0.862806
point 6 69 562.249 213.694  -0.360191  -0.758853   0.822224  -0.814691 -0.0222785  -0.475195  -0.566837  -0.427831    0.33984   0.858243
point 7 87 208.396 216.557  0.755314  0.792078 -0.249627  0.932445 -0.610416 -0.669404 -0.499324 -0.276147  0.850291  0.234151
point 8 94 321.505 185.671  -0.746146   0.377604  -0.540951   0.200547  -0.999244   0.634735 -0.0167181 -0.0014886   0.572325  -0.729938
point 9 99 414.277  159.52 -0.523317 -0.655789 -0.748069 -0.818663  0.155154 -0.914469 -0.821593 -0.746548  0.549458   0.96689
point 10 112 249.142 235.228 -0.0139266  -0.778854    -0.7412  -0.897121   -0.45897    -0.8973  -0.942914 -0.0115544  -0.263725  0.0979073
point 11 152 555.524 155.017  0.0153376   0.445739  -0.624632   -0.58606   0.969946   -0.49069 -0.0513892   0.654961   0.826163   0.279769
point 12 162 245.155 128.772 -0.602602  0.238333 0.0192261 -0.708572  0.112739 -0.947061  0.554299 -0.778538 -0.594513  0.182435
point 13 174 520.54 171.71  0.686254  0.108153  0.846747  0.112752 0.0674541 -0.487714   0.10354 -0.567982 -0.525999 -0.917465
point 14 177 366.024 187.093  -0.680897  -0.162675  -0.551077   0.406169   0.156194   0.157067 -0.0501579  -0.571618   0.544058   -0.34487
point 15 185 354.084 84.0054 0.0476866 -0.627883 -0.553965  0.341732 -0.222399  0.894337 -0.671133  0.938136 -0.182722 -0.158366
point 16 194 452.422 166.464  0.886764 -0.860029 -0.146192  0.811294 -0.671646 -0.666255 -0.171937  0.777509  0.563141 0.0331108
point 17 196 442.665 197.125  0.568947  0.514088 -0.908331 -0.883203  0.408146  0.946991 -0.738151  -0.73659  0.708055     -0.44
point 18 206 543.283 56.8974  0.711801 0.0375204  0.627724  0.948558 -0.809431 -0.689929    0.7175 -0.249169 -0.964978  0.696944
point 19 207 421.098 236.875 -0.930533 -0.701808   1.01542  0.957163 -0.263254 -0.864176 -0.223094   0.56687 -0.626374 -0.813161
point 20 213 191.328 145.772    0.474555   -0.154652   -0.790719 -0.00597767  -0.0591634   -0.910485   -0.433602    0.729908    0.441688    0.151401
point 21 217 428.665 136.909 -0.368594  0.304982 -0.932196  0.265123  0.185904  -1.04211  0.636499  0.122035 0.0425573 -0.755429
point 22 224  449.45 190.061   0.891637  -0.595109  -0.767117   0.463475   0.382953  -0.366157   0.422531   0.467299   0.158593 -0.0698917
point 23 237 425.597 200.173 -0.0309507   -1.00186   0.702037   -0.95417   0.247011   0.874225  -0.985252   0.157827   0.386509   0.110736
point 24 252 505.062 194.965  -0.390248 -0.0236036    0.69403  -0.119738   0.973842   0.914103 -0.0726662  -0.152315  -0.918071  0.0355692
point 25 255 137.727 192.097  -0.998684  -0.804196  -0.953472  -0.909907 -0.0361475   0.935837    0.19039  -0.351387  -0.141496   0.372177
point 26 256 595.527 220.934  -0.735856  -0.753237 0.00901883   0.668194   0.556081  -0.846661  -0.509562  -0.619712   0.753552   -0.14136
point 27 261 533.361 204.326   0.820801     0.4348   0.953622   -0.30513  -0.207055   0.198002   -0.65944   0.869739  -0.351663 -0.0299006
point 28 279 266.331 175.078 -0.473525 -0.338364  0.239402  0.247447 -0.145941  0.751967  0.395822 -0.800017  0.948706  0.381958
point 29 289 345.794 174.957  0.857273  -0.52915  0.327666   0.97529 -0.878613  0.861857 -0.748061 -0.400352  0.962278 -0.284454
point 30 348 329.326 191.407  0.851684 0.0524433  -0.77094  0.242413  0.369616 -0.275549  0.150335 -0.721173 -0.037327  -0.97458
point 31 372 367.601 220.735  -0.247663   0.862653 -0.0267193  -0.527863   0.914133   0.635161  -0.663277  -0.962831   -0.39557    0.21501
point 32 373 487.437 236.965  -0.483242   0.864658 -0.0226204  -0.353052   0.440817   0.549159 -0.0466699   0.752747   -0.33009  -0.825979
point 33 374 606.655 197.116  0.585851 -0.325496  0.321034 -0.612652  0.425495  -0.90592 -0.760288 -0.563361 -0.425032 -0.818559
point 34 403 466.577 208.227  0.191762  0.694392 -0.500586 -0.508305  -0.61657  0.506983   1.00526  0.701275 -0.999716 -0.615226
point 35 407 62.4552 184.508 -0.755415  0.950078 -0.954569  0.655989 -0.767776  -0.02697  0.655479 -0.953924 -0.369288 -0.474279
point 36 418 232.617 209.085  -0.97069 0.0346029  0.275628 -0.609253  0.931166  0.786634  0.960934 -0.774075 -0.630657  0.579208
point 37 427 230.581 123.168  0.741338  0.852698  0.299217 -0.428371 -0.052445  0.792458  0.263612 -0.713889  -0.61323  0.644237
point 38 442 405.728  233.21 -0.161177  0.652738 -0.660396 -0.339277  0.562197 -0.555368 -0.304345 -0.339544 -0.703175 0.0948162
point 39 444 579.212 175.982   0.61777 -0.976629  0.413956 -0.678031 0.0433338 -0.694156   1.00039  0.290235 -0.137318  0.521024
point 40 446 597.358 151.033    0.513383   -0.711402    0.567186       0.894    -1.02641    0.146664     0.98938    0.429177    0.569235 -0.00750048
point 41 452 619.148 174.176  -0.920814   0.253125  -0.222696   0.673507    0.57408   -0.74409 -0.0337556   0.194957  -0.372022 -0.0645416
point 42 468  622.71 163.246  0.458969 -0.328028 -0.446004  0.491581  0.129788  0.534671 -0.421136 -0.220485 -0.867827 -0.360475
point 43 482 525.883 216.609  0.487418   0.39272  0.208605  0.191161 -0.340503 -0.548276  0.274128 -0.271077  0.251971 -0.322159
point 44 509  510.63 204.597  0.324732 -0.880217 -0.324565  0.653567  0.764411  0.891802 -0.392219 -0.283217 -0.354648  0.901008
point 45 518 438.546 172.603 -0.907676 -0.978791  0.250027  0.901267  0.390873 -0.569103 -0.706876  0.595069  -0.39595  0.149734
point 46 533 550.906 28.7966  -0.674112  -0.172459   0.569763  -0.241278  -0.744142  -0.692213   0.646111  -0.284105   0.639547 -0.0439489
point 47 550 210.603 201.202    0.29934 -0.0635829  -0.726176   0.520166  -0.321164  -0.552411  -0.875867   0.231137 -0.0520157   -0.76794
point 48 564 30.4649 71.9112  -0.673314  -0.193271   0.275806  -0.482161 -0.0750346     0.4776  -0.433323  -0.940913  -0.745558   0.956708
point 49 571 536.729 127.214  0.793857  0.775689  0.243055  0.649952  0.242579 -0.706744  0.931497 -0.413199  0.548844 -0.266762
point 50 582 335.351 155.857 -0.0310456  -0.795864  -0.524194   0.979843   0.116911  0.0950601  -0.432976   0.204433 0.00713621   0.768808
point 51 608 321.399 205.382   0.753376   0.979778 -0.0177131   0.743311 -0.0707202   0.706787   0.341602   0.806342   0.139964    0.97546
point 52 612 319.204 182.848 -0.647408  0.533748  0.148652   0.37032  0.394278  0.966265 -0.908803 0.0811727  0.651857  0.591867
point 53 619 315.271  146.31 0.0500591  0.960069  0.373569 -0.978562 -0.957802 -0.585525 -0.753851   0.27413  0.600616 -0.358257
point 54 620 628.209 151.235  0.606513 -0.226502   0.88252  0.790169 -0.302825 -0.389963 -0.786763  0.397994  0.064945  0.441001
point 55 621 262.173 164.718   0.815029 -0.0564268  -0.995508  -0.228419   0.261487  0.0832314  -0.276148  -0.438772   0.135736  -0.284795
point 56 624 293.656 213.901 -0.0517966   0.650338  -0.688024  -0.650694    0.74556  -0.187785   -0.66443   0.165771   0.734684  -0.644265
point 57 632 306.963 234.668 -0.0912107    0.18222  -0.345104  -0.674782  -0.603169   0.679946   0.240629   0.111345   -0.69558  -0.109101
point 58 698 364.257 222.058   0.374485  -0.431754   0.380823   0.442702   0.448067   0.577895  -0.903973  -0.440065 -0.0761236  -0.918848
point 59 731 602.328 224.751 -0.346044  0.420561  0.329193 -0.888281 -0.632862  0.896836  0.751882   0.82281  0.557891 -0.781749
point 60 737 267.553 178.841 -0.313424   0.16204 0.0001955  0.626222 -0.736488 0.0913419 -0.842254 0.0609054  0.556145  -0.20833
point 61 739 94.1013 204.098   0.989134   0.184033  -0.403639 0.00162081   0.762836   0.170525  -0.893834  -0.171889   -0.24361  -0.676351
point 62 740 274.214 196.376  0.450745  0.756945 -0.982654  0.597222 -0.112198  0.329326  0.661217 -0.408964  0.716247 -0.890974
point 63 743 572.725 218.422  0.191648 -0.561328  0.891362  0.246547  0.698657  -0.25999 -0.472221  -0.11372 -0.217479 -0.455843
point 64 749  19.216 135.153 -0.661916  0.207431  0.606946 -0.750947  0.560888  0.019069  0.691234 0.0982265   -0.2739 -0.198307
point 65 754 353.044 178.964 0.0258153  0.430368 -0.298618 -0.966658   0.22204 -0.537775  0.827822  0.733315  0.263997 -0.363443
point 66 768 443.801 158.667 0.0845224 -0.133646  0.236248  0.364934 -0.769972  0.234387 -0.160092  0.420385  0.725872  0.684599
point 67 778 144.423 136.736 -0.108669 -0.622725 -0.841089  0.756329 -0.516858 -0.861129 -0.397995  0.330221 -0.389755 -0.675307
point 68 789 358.462 195.739  -0.721112 -0.0190468   0.585174 -0.0138966   0.159694  -0.581331  -0.716737  0.0237513  0.0227338   0.368267
point 69 791 566.104 188.393  0.698563 -0.627622 -0.775936 -0.619147   1.00452 -0.444618  0.422179  0.619962  0.471402 -0.402995
point 70 839 372.414 213.551 0.00912671  -0.182328   -0.81837  -0.856526  -0.196317  0.0528585  -0.113671   0.231797   0.687705  0.0745749
point 71 845 288.039 222.302 -0.0629919  -0.344002   0.878003   0.870996  -0.445073  -0.567679  -0.230968    0.42172   0.921601   0.870484
point 72 860 443.833 236.041   -0.818772   -0.845271    0.794819    0.576653   -0.888783    0.280744   -0.219816 9.29914e-05    -0.85688   -0.477584
point 73 889 196.876 225.053  -0.814898   0.184209   0.836091  -0.330487  -0.953593   0.398194 -0.0573565  -0.792264   0.718333   0.114059
point 74 935 536.384 227.067  -0.757781  -0.953281    0.24404   0.949913  -0.664291   0.475592   0.299269   0.779357  -0.762951 -0.0180324
point 75 994 424.203 159.634  -0.335982 -0.0541327  -0.952885  -0.533291  -0.319175   0.473128  -0.248171   0.529513  -0.198993  -0.249554
point 76 996 325.852 174.201  0.265234  0.545674  0.414871    0.9199  0.700176 -0.859437 -0.118249  0.667955 -0.398032  0.599648

