seq: 333
gt_pose:  0.398391 0.0945259   1.95864
odom_pose:   -1.17534 0.00781718     1.8188
point 0 7 527.459 117.412   -0.107015    0.813684   -0.229777    0.647209    0.377516    0.819944 -0.00899188   -0.531251    0.885805    0.841825
point 1 15 610.165 166.402  0.714902  0.666485   1.00431  0.478327  0.830401  0.935861  0.305233 0.0278603 -0.694384  0.653329
point 2 21  527.22 172.211  0.595823 -0.430485 -0.306689 -0.630265  0.938911  -1.01917  0.648372 -0.363321 -0.658236 -0.168303
point 3 27 180.521 198.842 -0.0672922  -0.656228    0.74052   0.232534   0.032332  -0.550787   0.144325  -0.174672   0.680503  -0.246719
point 4 30 198.374 187.936  -0.712098     -0.858  -0.874242 -0.0646298   0.541425   0.376735 -0.0762711  -0.760616   0.155199   0.123559
point 5 31 431.841 168.873  -0.346962   0.747661 -0.0377854  -0.631866   0.229906  0.0807247   0.190022    0.14643  -0.579736    0.62715
point 6 37 543.178 221.734  -1.03501  -1.02778 -0.342761 -0.489672  0.302745  0.708774 -0.666965 -0.346079  0.351274  0.799356
point 7 39 424.473 160.798  -0.548046   0.844242   0.133207    0.82147 -0.0501566  0.0651465   0.875471    0.64893   0.639448   0.212133
point 8 53 635.749 186.959  0.744614  0.299061 -0.273682 -0.874692  0.517534  0.610461  0.401629  0.350146  0.816213 -0.366966
point 9 58 218.436 235.535   0.699837  -0.479001  -0.469584  -0.852931 -0.0134697   0.739594   0.267083  0.0405444   0.623843   0.928768
point 10 63 294.547 200.561  0.170801  -0.72315 -0.885525 -0.293868 -0.704559  0.282729 -0.810935  0.730108  0.127511 -0.556956
point 11 68 393.533 239.157  0.199505  0.322221 -0.964093  0.547125  0.152925 -0.710912 -0.723082  -0.60049   0.60221  0.735436
point 12 73 117.055  149.46   0.767966  -0.134376   0.779915   0.382527  -0.126874 -0.0315046   -0.37234  -0.505085  -0.554161    0.12742
point 13 77 564.792 229.814 0.0892168   -1.0148 -0.421756 -0.607857  0.360391 -0.099401 -0.505424  0.289971 -0.530544 -0.266883
point 14 86 123.364 188.196   0.805873   0.374415   0.703113  -0.466162   0.103705  -0.723077     0.7004   -0.50675  -0.749944 -0.0540917
point 15 88  200.79 235.838 -0.198234 0.0427727  0.379954 -0.952385  0.322062  0.232534  0.374221 0.0549639  0.780386 -0.526636
point 16 89  624.17 230.454  0.615168 -0.600071 -0.335599 -0.302387   0.28131 -0.598296 -0.520959 -0.973495 -0.752277 -0.191542
point 17 93 191.944 193.748   0.690211  0.0440346   0.214734  -0.825911   0.910452  -0.348073   0.144308  -0.911403   0.576106 0.00102722
point 18 103 426.751 224.224   0.424783  0.0905992   0.435586 -0.0720918  -0.292552    0.14301   0.659359   -0.87074   0.398484  -0.541214
point 19 105 161.797  192.81   0.508672   -1.01553   0.543894  0.0729777  -0.254176 -0.0682086  -0.844604   -0.73129   0.852898 -0.0731596
point 20 106 594.996 234.306  -0.184622   0.987686   0.101227  -0.100681   0.469107   0.152934  -0.207844    -0.9968   0.543126 -0.0824974
point 21 111 211.729 218.803 0.0549187  0.974682 -0.908761 -0.944703 -0.163314 -0.377495  0.918075 0.0376295  0.251256  0.457877
point 22 130 592.057 174.729  0.752406  0.270466 0.0582819   1.02511  0.455636 -0.336183  0.914511 -0.914868 -0.468351 -0.533522
point 23 156 506.162  107.38  0.228726  0.530493 -0.738612   0.40758 -0.884798   1.00035  0.126913 -0.753523 -0.971014 -0.123647
point 24 157  585.64 237.223 -0.0376669   0.136462   0.653832   0.460937  -0.789403  -0.925985   0.257947   0.578917  -0.737092   0.481166
point 25 166 16.1061 108.391 -0.586025   0.34374 -0.555238 -0.452965 -0.693468  0.316112 -0.688695 0.0990589  0.154316 -0.667983
point 26 175 280.767 40.1021 -0.348492  0.557868  0.288534 -0.550668  0.704412   0.73305  0.944992  0.960541  0.615643   0.17131
point 27 176 505.777 114.758  -0.692948   0.878033  -0.136623 -0.0309288   0.344731  -0.449897   -0.91706   0.280059   0.724247   0.145495
point 28 186 263.716 135.394   -0.40983  -0.400119   0.299681   0.472461   0.869611  -0.912019 -0.0330103  -0.539083   0.154482   0.312477
point 29 219 49.8329 237.899  0.168719 0.0850924 -0.263115  0.888636   0.14178  0.291844     0.261  0.137917  -0.42226 -0.537548
point 30 226 379.211 167.496 -0.0384153   0.500468   0.558984   0.653994   0.911509   0.512368  -0.958482  -0.797467   -0.07278   0.388067
point 31 233 258.312 231.194 -0.148456 -0.472183  0.160924  0.326105  0.328958 -0.148066 -0.924534  0.173637 -0.937037   0.37377
point 32 240  512.64 98.2419 -0.498953  -0.60934  0.595666   0.82635  0.815766  0.672897 -0.487127 -0.724642 -0.994072  0.670679
point 33 249 6.12953 174.747  0.685667 -0.622075 -0.347664   1.02727 -0.145785 -0.628756  0.539957 -0.783252 0.0146618 -0.489395
point 34 251 227.619 216.006 -0.0262805  -0.576669    0.19122  -0.813667    -0.4603  -0.137371  -0.482305   0.248589 -0.0934112   0.354486
point 35 295 26.0801 182.957  0.651691 0.0378549 -0.356312  0.360592 0.0840381 -0.252928 0.0660185  0.601042 -0.111057  0.231887
point 36 302 14.5185  168.83 -0.784119 0.0712907  0.582775  0.635975 -0.156497 -0.593196 -0.927903  0.236044  0.187921 -0.179261
point 37 303 347.881 164.421   0.186182  -0.792524  -0.550447   -0.92474  -0.113058   0.579092  -0.405192 -0.0551915 -0.0239951   -0.39348
point 38 304 567.232 103.912  0.495881 -0.542194 -0.364756 -0.388416  0.963298 -0.252617  0.669665  0.561811 -0.583899 -0.431399
point 39 307 231.269 226.056  0.161004  0.945816 -0.202791   0.63395   0.74721  0.923078 -0.112154 -0.466714 -0.835117  0.522209
point 40 310 570.165 168.357  0.586103  0.191184 -0.645546 -0.837075  0.622722 -0.177344 -0.887511 -0.295128  0.813245  -0.59697
point 41 320 490.813 231.618  -0.125856   0.610692   0.980079 -0.0359806   0.582748    0.17754 -0.0230524  0.0158623   0.182822   0.291505
point 42 346 317.169 168.943      -0.58   0.911085 -0.0594955  -0.739225  -0.130464   0.459865  0.0125277   0.903816   0.860317  -0.149635
point 43 362 125.292 174.638 -0.220957 -0.959616 -0.821787 -0.385719 -0.426339  0.706987  0.140865  0.466749  0.960222  0.814187
point 44 387 306.793 50.3139  0.704722 -0.673648  0.507294  0.906896 -0.784425 -0.177123 0.0639038 -0.938364  0.603425  0.643359
point 45 405 312.985 167.714 -0.170349 -0.974906   0.84511  0.664925 -0.196154 0.0236958  0.338393  0.284799   0.48499  0.731221
point 46 428 153.035 161.525 -0.452998  0.057616  0.613451 -0.898715  -0.23698  0.527723  0.281898 -0.425346 -0.175645  0.163319
point 47 441 138.394 183.629   0.86965  0.271602   0.71064  0.763327  0.806853 -0.156352 -0.719422 -0.996426 -0.842073  0.672737
point 48 449 606.474 154.198 -0.00024436   -0.347483    0.842744   -0.465075   -0.102705   -0.498476    0.498939 -0.00729348   -0.368509   -0.214308
point 49 454 550.822 95.4773 -0.856454   1.00703  0.689354 -0.434711   0.66859  0.769994  0.838178 -0.593128   0.40488  0.327823
point 50 458 464.438 207.447 -0.792166  0.219844 -0.828956  0.332247  0.533421    0.4512  0.754277 0.0909257   0.89583 -0.622634
point 51 460 10.3351 180.848  0.848765 -0.492896 -0.283023   0.42717 0.0765117 -0.154076 -0.376734  0.212193 -0.746271 -0.812888
point 52 486 120.905 214.957  -0.89712   0.55165  0.997071 -0.447843   0.97223  0.841115 -0.791744  0.963763 -0.968252 -0.410483
point 53 487 585.517 177.561    -0.834  0.997974 -0.747272 -0.916094 0.0644946  0.636671 -0.363345 -0.922072  0.384188 -0.186612
point 54 491 380.439 74.0407 -0.826251  0.866869 -0.314465  0.560834 -0.476291 -0.158593  0.557191 -0.333644 -0.273779   0.70984
point 55 494 130.758 157.175   0.429847 -0.0623841  -0.355419  -0.996621  0.0593194  -0.835342   0.474611   0.359539  -0.223182    -1.0043
point 56 495 413.902 87.0775    0.18906    0.62566 -0.0933867   0.427739  -0.474447  -0.648264    1.01799  -0.566262 -0.0403298   0.141748
point 57 496 169.308  234.18  -0.918235  -0.760518   0.597191   0.308244   0.916278  -0.055091  -0.857878  -0.432564 -0.0352505   0.257387
point 58 499 312.747 198.907  0.893532 -0.461099  0.389732 -0.597213  0.165315 -0.140774 -0.127403 -0.196625  0.705331  0.311168
point 59 506 444.704  168.41  0.0833687    0.31925 -0.0118235   -0.59155   -1.00163  -0.661974  -0.742245  -0.566211   0.696069   0.561209
point 60 527 142.204 235.804  0.814309  0.455866 -0.895801  0.930212 -0.520131 -0.434809 -0.139162  0.759764  0.598012  0.702563
point 61 539 260.992 162.381  0.858229    0.1182 -0.910544 -0.685199   0.50309 -0.334029  0.935063   -0.6595  0.194252  0.267394
point 62 544 318.285  209.72  -0.122234  -0.254292    0.70259  -0.171501  -0.741137    1.00301  -0.944904   0.326907  -0.437712 -0.0309808
point 63 563 79.2408 195.015 -0.0425126  -0.491807   0.295332  -0.384996    0.70985   0.443513   0.284535   0.518158  -0.710066   0.374496
point 64 578 429.598 181.061 -0.00549733   -0.180389   -0.278357    0.227096   -0.766555    0.481206    0.128209   -0.936356    -0.13258    0.126215
point 65 587 76.2738  171.61  0.805244 -0.410113 -0.343276  0.662605  0.234337  -0.25364  0.356799 -0.946028 -0.443624 -0.427978
point 66 591 568.074 131.709  0.995082 -0.686719  0.610339  0.103269 -0.436016 -0.247081  0.900469   0.26144 0.0156824 -0.545104
point 67 596 315.523 195.711  0.0593663  -0.532064   0.441567  0.0957178 -0.0404534  -0.408585   0.666589  0.0804866   0.559581    0.90155
point 68 599 374.113 201.553  -0.398796   0.288178   0.744512   0.170442 0.00493643   0.996549  -0.184306 -0.0528008 -0.0929263   0.573862
point 69 613  192.76 165.802  0.700698  0.863654   1.03303 -0.708143 -0.727886  0.184818 -0.232295 -0.363399 0.0706915  0.933501
point 70 622 378.663 129.145  -0.453865  -0.920718   0.489293 -0.0628582   -1.01513  0.0113789   0.636842   0.906156   -0.27203  -0.654509
point 71 627 559.348 154.217  0.116811  0.926617 -0.631098 -0.492585 -0.806908  0.338381 -0.803503 0.0330936   0.27453  0.605777
point 72 628 551.156 215.144 -0.697758 -0.143798  0.185379 -0.383245 -0.237814  0.879632  0.641506 -0.387782  0.488557  0.816233
point 73 631  165.75 228.884    -0.8223  0.0593557  -0.680043 -0.0606063   0.358933 -0.0955469  -0.237587  0.0494684  0.0465906   -0.27848
point 74 645 126.372 233.439 -0.923344  0.886575 0.0223895  0.267567   0.19134   1.00752  0.334934 -0.438168 -0.361519 -0.220151
point 75 654 9.25679 238.503  0.123127  0.713299  0.176573  0.093536  -0.37638  0.417875  0.746885 -0.881505 -0.351919  0.671924
point 76 662 213.555 212.383  0.322067 -0.293557 -0.363519   -0.8038  -0.23673  0.885129  0.499705  0.993144 -0.695687   0.68524
point 77 669 398.637 236.263   0.452685   0.641418  -0.759343  -0.456863   0.169612  -0.606911 -0.0769407    0.97941   -0.23211  -0.298385
point 78 687 0.739944  218.325  -0.345434   0.258576 -0.0154993  -0.276994   0.622186   0.415927   0.594769  -0.484107   0.195013  -0.478292
point 79 689 146.658 121.548   0.899415  -0.433395  -0.517744 -0.0542354   0.720767   0.189143   -0.80331  -0.274571   0.895656   0.941499
point 80 694   64.07 223.455  -0.706472  -0.745007 -0.0678912  -0.393171    0.96053  -0.397187  -0.185378   0.882529   0.696711   0.424307
point 81 704 558.136 197.859 -0.392769 0.0883812  0.408913 -0.145624 -0.534053  0.862321  0.535932  -0.89482  -0.54754  0.696266
point 82 725 257.175  205.71  -0.73678 -0.725932 -0.730001   -0.9638  0.228916  0.442519 -0.893804 -0.786453 -0.458172 -0.224252
point 83 726 203.894 151.156  0.917308  0.481166   0.50274 -0.712307  0.309804  0.611743 -0.738086 -0.874779 -0.930788 -0.868366
point 84 732 106.793 182.151   0.235292   0.699655  -0.938649  -0.282535   0.124252   0.854393  -0.900905 -0.0040293   0.678658   0.641894
point 85 736 80.4969 163.006 -0.0674884  -0.970436  -0.219647   0.149467  -0.300817  -0.216618   0.488655   0.669454  -0.939306    0.98711
point 86 798 229.418 173.234 -0.484157 -0.832196  0.974223  0.534368  0.442349  0.591284  0.680478  0.957336 -0.933011 -0.512864
point 87 800 226.838 173.457    0.550821    -0.99985   -0.570948  -0.0524615    0.874656 -0.00073742   0.0657691    0.795557   -0.495603   -0.473788
point 88 805 310.575 69.8528  0.328645  0.767749  0.581197  -0.16778 -0.867889  0.786146 -0.223564  0.869646 -0.802995   0.17916
point 89 806 465.104 236.832   0.851767 -0.0072414  -0.514618  0.0624808  -0.644589  -0.302365   0.399183  -0.355875   0.121038  -0.137987
point 90 832 326.302 189.145  0.667483  0.936359 -0.378152   0.69023  0.681632 -0.534221  -0.71122  0.825762 -0.769491 -0.880368
point 91 854 328.587 220.985   0.595631   0.189563   0.429477   -0.80412 -0.0928074   0.957243  -0.018233 -0.0754848   0.231715   0.901114
point 92 856 286.131  195.93 0.0668253  0.697437   0.42004 -0.584605 -0.569922 0.0414605  0.541532  0.808324  0.241443 -0.587009
point 93 858 267.09 144.48   0.466491   0.243959  -0.140013  -0.127865   0.717447   0.885505  -0.455211   0.154987   -0.75309 -0.0192902
point 94 868 571.562 201.753   0.620212  -0.368993  -0.872451  0.0193968  -0.627035  -0.439001    0.83118  -0.886132 -0.0496191   0.529553
point 95 873 51.4078 144.901  0.324175 -0.579948 -0.955126   0.95326  0.936707  0.349289  -0.78841 -0.792674 -0.519669  0.366194
point 96 878 638.948 222.495   -1.01502  0.0447003  -0.957648  0.0639547 -0.0570583   0.513851   0.380884 -0.0955309  -0.735785  -0.528396
point 97 881 440.057  115.59  0.292328  0.631295  0.428759  0.626317  0.384736 -0.810415  0.231846  -0.77411 -0.377922 -0.530669
point 98 883 252.616  159.64  -0.179425  -0.250576  -0.674821   0.952524   0.286098   0.633337    0.53147  -0.330063   0.197647 -0.0197715
point 99 896 88.1857  214.23   0.408634  -0.516997   0.406136  -0.786925   0.873154   -0.82355  -0.362251 -0.0868944   0.892752 -0.0333371
point 100 937 319.029 233.797 -0.489107  -0.59882  -0.47675 0.0263384  0.497199 -0.241819   0.15208 -0.280535 -0.320459  0.513441
point 101 946 158.313 183.771  0.254993  0.854311 -0.462219 -0.749487  0.524366 -0.849573 -0.261145 -0.750435 -0.464804 -0.634101
point 102 967 343.116 142.741   0.179909 -0.0872893   0.419856   0.970555  0.0804223   0.329315   0.540373  -0.316137  -0.782304  -0.400104
point 103 968 474.527 136.863  0.0435682  -0.371138  0.0886913  -0.100689   0.962964   -0.17382  -0.705351 -0.0550451  -0.603535  -0.942882
point 104 972 446.63 181.82 -0.662625 -0.489051   1.00012  0.036055 -0.957528  -0.57447  -0.72733  -0.29115 -0.667034  0.743446
point 105 980 238.777 215.042  0.532943 -0.253616  0.544619 -0.539405  0.539773  0.413358  -0.80999 -0.255289  0.341466 -0.716275
point 106 997  475.43 231.926   0.997495  -0.927887 -0.0242973   0.825267  -0.398203 0.00625288   0.616411  -0.864012  -0.203157   0.601253

