seq: 201
gt_pose:  2.34872  3.78892 0.289141
odom_pose:  2.46239  2.94875 0.247593
point 0 15  203.83 141.831  0.769094  0.669557  0.944988  0.523944  0.760753  0.984156  0.314183 0.0123503 -0.636715  0.653078
point 1 49 442.071 125.229 -0.738223 -0.408161  0.764832  -0.24172  0.826553  0.499267 -0.024069 -0.431921  0.919623  -0.73315
point 2 50 435.622 202.352  0.877334 -0.671262 -0.395109 -0.670897 -0.589273  0.208572 -0.652074  -0.73897 -0.513514  0.931294
point 3 53 333.881 65.0553  0.753801  0.297357 -0.322109  -0.88843  0.523658  0.605607  0.375625  0.384521  0.775155 -0.410573
point 4 61  266.26 121.028  0.120958  0.440808  0.507062  0.859301 -0.763083  0.572583  0.861018 -0.778611 -0.480804 -0.476868
point 5 71 297.996 155.711  0.171441  0.282823  0.482623  0.529815  -0.43899 -0.836625  0.747289 -0.616676 -0.674467 -0.311774
point 6 75 421.967 198.373 -0.623849 -0.917866  0.942021  0.520367 -0.820163  0.685373 -0.566288  0.970499   0.10575  0.371796
point 7 77 139.138 167.648  0.0779342   -0.94106  -0.508768  -0.651476   0.398151 -0.0638332  -0.514719   0.335731   -0.54529  -0.269387
point 8 79  381.59 192.031 -0.203355 -0.762297 -0.117268 -0.764076  0.188788  0.907443 -0.792521  0.763429 -0.721417   0.61178
point 9 82 396.247 145.498   0.969006 -0.0144126  -0.181735  -0.267038    0.81722   0.786857  -0.764178   0.826503   0.736472    -0.6036
point 10 87 524.486 232.349  0.724341  0.849942 -0.216552  0.926774 -0.605547 -0.653094  -0.49314 -0.270929  0.785867  0.234685
point 11 89 266.022 216.837   0.56717 -0.621561 -0.363693 -0.361638  0.280082 -0.612064 -0.520559 -0.907567 -0.724593 -0.162353
point 12 94 611.441 191.113  -0.722456   0.403683   -0.54729   0.193328   -1.02467   0.631294 -0.0516526  0.0843669   0.549641   -0.70887
point 13 106 202.203 228.485 -0.207603   1.00746 0.0849425 -0.159711    0.4286  0.174149 -0.199772  -1.01613  0.471245 -0.125059
point 14 120 523.903 123.614 -0.992017  0.174166  0.647385 -0.525932  0.664987  0.591048 -0.670328  0.259161 -0.899156  0.355751
point 15 130 186.763 146.346   0.814548   0.217851 0.00174762   0.960789   0.503205  -0.292772   0.973735  -0.951658  -0.487646  -0.503395
point 16 134 338.604 105.007 -0.274657  0.139491   0.43856  0.869563  0.741984 -0.286527  0.904209  0.751242   0.54317 -0.807315
point 17 135 218.695 204.084 0.502432 0.444722  0.42822 0.331401 0.187229 0.931094 0.583669 0.410822  0.33297 0.738295
point 18 136 218.969 184.026  -0.42008   0.10281  0.645511 -0.960573  0.347927 -0.618922 0.0882428 -0.159804 -0.755316 -0.183413
point 19 140 375.824 153.206  -0.473432 -0.0873717   0.634212  0.0677456   0.800357   -0.75717   0.343019  -0.599979  -0.325139   0.857848
point 20 157 182.723 235.354 -0.0299516   0.131306   0.649288   0.462105    -0.7635  -0.942698   0.229468   0.623131   -0.74935   0.505491
point 21 161 263.678 126.752   0.466653   0.955996 0.00206462  -0.416582   -0.39441  -0.759823   -0.44399  -0.264151  0.0700483   0.668387
point 22 162 527.576 182.086 -0.593477  0.247305 0.0374396 -0.793492   0.10938 -0.935101  0.605927 -0.729283 -0.643587  0.156071
point 23 170 411.229 234.404  0.162164 -0.338811  0.267491  0.126103  0.821292 -0.232285 -0.911711  0.698989  0.467867  0.698425
point 24 191 74.1471 203.524  -0.869404   -0.85728   -0.93208   0.722031 -0.0592313  -0.932651  -0.337434  0.0134108  -0.799569   0.640086
point 25 244 398.255 194.329 0.0295233 -0.848779  0.473376  0.671762 -0.808611  0.722848  -0.32835   0.30982  0.122097  0.239329
point 26 276  480.22 239.494   0.573968  -0.635486   0.119668 -0.0471899   0.244083 -0.0186448   0.336419   -0.63536  -0.408024   0.760983
point 27 310 162.436  120.63  0.624036  0.186985 -0.683599  -0.77514  0.689957 -0.233537 -0.856026  -0.29321  0.815707 -0.574318
point 28 315 602.442 100.742 -0.812479 -0.405338 -0.902854  0.148488 -0.412278  0.213526 -0.564547   0.83271 -0.726312  0.921118
point 29 317 633.365 236.833   0.537466 -0.0798444  -0.598541  -0.166645   0.636054  -0.402103   0.452138   0.685548   0.656441  -0.821727
point 30 325 615.885  165.85 -0.169211 -0.309276 -0.620391 0.0724805  0.184191  -0.35621 -0.280254 -0.453224 -0.599322  -1.03076
point 31 340 467.429  140.81   0.446422  -0.421089  -0.731239 -0.0910504    0.75574  -0.176585  -0.686297  -0.447176   0.584032  -0.319235
point 32 341 457.379  219.85  -0.757906  0.0949665   0.291393  -0.314367   0.283049  -0.381273  -0.793916    -0.6745   0.832724 -0.0330902
point 33 343 350.619 212.094 -0.0280468  -0.959373  -0.355193   -0.79491  -0.209114 -0.0536004   0.259643  -0.869828    0.58132  -0.419669
point 34 348 615.485 203.458   0.892467  0.0588558  -0.719999   0.272022   0.377158  -0.251649   0.120259  -0.700575 -0.0790679   -1.04866
point 35 357 308.694 235.352  0.349494  -0.22724  0.461819  0.447029  0.531639 -0.082233  0.292503  0.683099  0.415008 -0.206884
point 36 379 248.857  175.92  0.218519 -0.530873  0.107869 0.0808917  0.606518 -0.271266 0.0649669 -0.194988  0.184249  0.227257
point 37 386 108.814 215.722 -0.046625 -0.241764   0.29681  0.415302  0.981731  -0.13523 -0.484618 -0.663339 0.0858561 0.0671455
point 38 390 397.179 232.111  0.315383 0.0601704  0.223191 -0.541597  0.345991  0.860783  0.295873  0.188256 -0.577695   0.45346
point 39 396 514.068 70.3262  0.256327 -0.705454   0.84806   0.75179   -0.3833 -0.286375 -0.766131 -0.427455  0.397128  0.611426
point 40 401 434.308 215.652 0.00249059   0.530502   0.320631  -0.441893  -0.557423   0.172125   0.620405   0.866219  -0.885567  -0.545012
point 41 407 459.414 224.193  -0.703561   0.923291  -0.881223   0.684779  -0.758937 -0.0539159   0.675668  -0.949346  -0.392803  -0.442085
point 42 411  161.3 226.22   0.427455   0.957775   0.864027   0.973766   0.424227  -0.599942   0.861436   -0.30643   -0.83305 -0.0529011
point 43 418 532.874 228.473 -0.890162 0.0310443  0.325484 -0.621103  0.936915  0.760222  0.923669 -0.795621 -0.642467  0.645844
point 44 427 512.744 177.353   0.772396   0.943746   0.308501  -0.375184 -0.0827167    0.86055   0.194076  -0.687319   -0.67552   0.650408
point 45 440 26.3985 90.5986 -0.868151 -0.938752 0.0693685  0.879261 -0.496263  0.462123   0.70595  -0.19308  0.385069 -0.528944
point 46 449 204.454 112.589  0.0283259  -0.417859   0.837059   -0.49416 -0.0350525  -0.537326   0.493878  0.0243837  -0.307525  -0.217707
point 47 456 524.667 163.619  0.218354 -0.563656  0.529918 -0.485319 -0.347518  0.598483 -0.526648 -0.675014 -0.760611 -0.873184
point 48 487 179.634  149.36 -0.863883  0.992636 -0.730131 -0.924481 0.0389042  0.621262 -0.361011 -0.860056  0.371401 -0.180251
point 49 512 514.669 148.336 -0.620351 0.0864391  0.780036 -0.365403  0.570893 -0.890532 -0.214613  0.209157 0.0577173 -0.435199
point 50 516 169.678 207.647   0.211722  -0.610019  -0.811439  -0.837678  -0.100728   0.657238  -0.626622 -0.0155616  -0.822407  -0.564714
point 51 517 141.049 155.802  -0.390422 -0.0115762  -0.789722  -0.465658   0.323641   0.128112 -0.0905888  -0.782258   0.682859  -0.509797
point 52 521 286.591 179.253   -0.850921   -0.377079    0.665493    0.121937   -0.246746 -0.00964859   -0.367491   -0.692768   -0.802561    -0.69862
point 53 549 263.795 236.003    0.796666   -0.384069    0.898466    0.886725   -0.180615    0.296392 0.000605542    0.487693    0.362041    0.773699
point 54 564 473.745   203.1 -0.590201 -0.127311   0.24647 -0.442145 -0.109737  0.522553 -0.491014 -0.921672 -0.794302  0.993128
point 55 581 426.966 238.775  -0.635388  -0.498213  -0.276886    1.00328  -0.962593  -0.178626  -0.175785  -0.800824   0.860316 -0.0993488
point 56 582 623.037 177.031 -0.0250404  -0.840436  -0.511499   0.937647   0.155395   0.127715  -0.429434   0.214415 0.00838751   0.779453
point 57 586 277.259 202.025 -0.00808101   -0.977071    0.754573     0.24466    -0.35605    -0.15433   -0.720341   0.0653293   -0.113812     0.76049
point 58 603 321.112 6.48547   1.03887  0.547291  0.675379  0.279863 -0.767862  0.409449 -0.853979   0.74492  -0.53149  0.704618
point 59 605 435.685 217.134   0.959425   0.458678  -0.431675   0.337898   0.170245  -0.396855 -0.0933789  -0.144855   0.922342   0.134585
point 60 608  610.18 209.781   0.669566   0.956747 -0.0112006   0.741773 -0.0546018   0.722441   0.438054   0.787527   0.118746    0.91006
point 61 612  609.92 185.432  -0.72284  0.463297  0.152411  0.306037  0.422164  0.947773 -0.852491  0.118727  0.621289  0.563449
point 62 619 595.673 174.646 0.0109977  0.972058  0.413778  -0.96121 -0.949501 -0.603511 -0.735259  0.342792  0.558693 -0.277324
point 63 624 569.221 219.731 -0.0139124   0.674851  -0.774812  -0.674633   0.716459  -0.215967  -0.646724    0.16212   0.742893  -0.595701
point 64 628 133.956 191.919 -0.693073 -0.137302  0.202939 -0.360475 -0.162796  0.893113  0.617859 -0.356877  0.455366  0.853633
point 65 630 382.673 218.375 -0.0418731 -0.0162565  -0.329591   -0.34802   0.700198 -0.0711341    0.53963   -0.14033   0.634567  -0.710878
point 66 632 583.408 237.048 -0.0646709   0.182436  -0.347154   -0.69034  -0.543655   0.650624    0.29909  0.0458108  -0.655721 -0.0954347
point 67 668 417.676 158.676 -0.550728  0.782656 -0.829247 -0.428986 -0.468763 -0.129847  0.126537  -0.50102 -0.854022 -0.567536
point 68 675 113.227  168.66  -0.128873   0.801255   0.761971   0.230722  -0.128283  -0.714976 -0.0797988    0.81438 0.00612797  -0.527576
point 69 704 145.975 165.888 -0.343061  0.106101  0.347523 -0.135541 -0.545285  0.860565  0.536813 -0.990035 -0.467831  0.627075
point 70 717 301.868 136.919  0.962687  0.658405 -0.931275 -0.267633 -0.405465 -0.745383  -0.66471  0.695405 -0.376823  0.618483
point 71 723 189.595 237.276   0.129518  -0.905392 -0.0428341   0.123856  -0.366263  -0.367038  -0.415224   0.722931   0.129942  -0.644519
point 72 737 545.193 205.289 -0.365248  0.108239 0.0757928  0.585344 -0.796969 0.0741234 -0.869731  0.102932  0.473524 -0.186448
point 73 740 545.225 208.236   0.433055   0.775416  -0.934978   0.669005 -0.0688807   0.319647   0.636247  -0.480426   0.749501  -0.905827
point 74 749 453.174 213.405 -0.647204  0.233819  0.636899 -0.683434  0.567803 0.0544037  0.749447  0.174662 -0.271665 -0.205145
point 75 778 523.114 219.832 -0.134257 -0.600239 -0.785586  0.720385 -0.539591 -0.847899  -0.38217  0.336657 -0.421867 -0.693056
point 76 779 63.9642 226.109    0.210144   -0.843859   -0.944876   -0.765807    0.564162     -0.5697    0.859535    -0.72408 -0.00620992    0.455145
point 77 803 344.916 189.327 -0.724735   1.01323  0.708389 -0.589772 -0.575172  0.254601 0.0589683  0.753637 -0.256188   0.69325
point 78 804 560.604 154.126  -0.816008  -0.752863  -0.683918  -0.540274   0.547556   0.751612 -0.0904493   0.427534  -0.536785    0.10515
point 79 809  485.89 163.526 -0.221787 -0.870724 -0.971454 -0.227806 -0.516301 -0.193013  0.795871  0.772873 -0.219306 -0.216257
point 80 817 422.191 190.072  -0.23054  0.530775  0.796987  0.544502  0.654677 -0.057212 -0.589136  0.640221  0.648028 -0.909616
point 81 823 390.772 175.049  0.0566457  -0.786412  0.0928643   0.692232   0.616781  -0.549623 0.00114294   0.950074  -0.470121 0.00797251
point 82 846 449.841 224.717    0.50108   0.270198   0.428833  -0.890975   -0.94747 -0.0533691  -0.679892  -0.283513  -0.338305   0.220464
point 83 866 415.047 154.523   -0.49833 -0.0767523   0.721571  -0.643706   0.690852   -0.21198  -0.106745   0.409468  -0.418084   0.937817
point 84 868  164.51 172.123    0.642027   -0.405754   -0.830044  -0.0645795   -0.667271   -0.368868    0.867437   -0.893352 -0.00894678    0.577919
point 85 872 219.811  157.82  0.410946  0.837507 0.0368247  0.459338 -0.419445  0.775874   -0.4761 -0.298467 -0.818591 -0.935953
point 86 898  627.14 227.827   0.849014  -0.590346    0.23762  0.0762302   0.107251  -0.251145   0.553501  -0.498517 -0.0985235   0.443515
point 87 901 39.9837 192.901 -0.694559   0.47705 -0.897276  0.789679  0.839363 -0.425827 -0.741629  0.354692 -0.110489 -0.564192
point 88 911 386.992 174.879   -1.00254  -0.345547  -0.826417   0.710136  -0.975839 -0.0709652  -0.937857  -0.138919   0.441216   0.115776
point 89 920 448.711 184.777 -0.950379   0.73599 -0.348768 -0.375544 -0.396897 -0.197435  0.793698 -0.845454  0.953745 -0.497977
point 90 926 453.055 220.612 -0.706014 -0.793151  0.947086 -0.861085 0.0275145 -0.505892 -0.363591 -0.693254  0.026548  0.553391
point 91 951  386.95 210.095   0.170789  -0.828609  -0.140983   0.387486   0.175411 -0.0160422    -1.0318   0.525461  -0.131968  -0.695374
point 92 996 621.766 175.902  0.267175  0.557766  0.420126  0.906809  0.626257 -0.846398 -0.125326  0.680502 -0.435934  0.569723

