seq: 134
gt_pose:  -7.29347 -0.226652   1.97883
odom_pose: -6.46305 -1.60484  2.21104
point 0 4 491.294 129.967 -0.351694 -0.920819 -0.932593 -0.100454 -0.892316 -0.569422  0.921974  0.837035  0.687128 -0.490669
point 1 67 474.321  220.45 -0.201551  -0.84389  0.593852 -0.255549  0.509992  0.888988  0.684156  0.712376  0.384476  0.315037
point 2 86 477.372 126.701  0.886052  0.334564  0.741558 -0.418507  0.118028 -0.645548  0.607261 -0.553946 -0.756719 -0.065305
point 3 95 427.011 176.444 0.0735258 -0.399159 -0.473904   -0.5758 -0.984667 -0.814023  0.495641  0.214615 -0.532146    0.3327
point 4 100 520.899 175.805   0.137329   0.630506  -0.189391   0.235341 -0.0545936   0.733785  -0.367634  -0.944587  -0.732494   0.507459
point 5 125 439.565 200.729 -0.165592   1.00609 -0.593634  0.756292  0.921556  0.537936  0.932968 -0.314902 -0.155263  0.753155
point 6 144 251.665 69.9342 -0.468076 -0.211259 -0.884185 -0.788521 -0.711659  0.504557 0.0257928  0.316302 -0.694534 -0.799901
point 7 150 495.037  170.44  -0.917951  -0.558147   0.659664   0.334409  -0.568854  -0.451417  -0.925736   0.188827  -0.875848 0.00341711
point 8 171 314.176 184.872  -0.125039   0.734818 -0.0216575   -1.00078   0.128318   0.365223   0.542513   -0.17162  -0.825614  -0.525294
point 9 172 434.697 159.371  -0.336754   0.933875   0.372409    1.01302 -0.0045057  -0.481576     -0.322  -0.836186   0.659754  -0.590594
point 10 178 337.943 213.001   0.687744  -0.394397   0.720391  -0.156907   0.881875   0.974863  -0.310871  -0.278343 -0.0155165  -0.989095
point 11 208 614.872 198.278 -0.882458 -0.247473 -0.857851 -0.100383  -0.22269  0.804137  0.977218 -0.603347  0.754413 -0.784786
point 12 210 419.164 152.663  -0.273411   0.622664  -0.449344  -0.653613  -0.840708  -0.408386 -0.0029416  -0.740736   0.489607   0.772209
point 13 211 335.758 174.001   0.847631   0.640266  -0.170967   0.343662  -0.469631   0.543223  -0.555515   0.262927 -0.0753732  -0.448494
point 14 219 323.229 235.424  0.215693 0.0297577 -0.251963  0.955968  0.161156  0.365682   0.20306  0.173342 -0.441337 -0.517207
point 15 235 206.418 186.591 -0.773249 -0.989016  0.955845  0.439622 0.0784836 -0.180269  0.969113 -0.736908 -0.880376  0.316265
point 16 238  276.22 204.889 -0.909527 -0.368985 -0.565615 -0.676739  0.128286  0.632865  0.875672 -0.343499  0.278793   0.29303
point 17 249  230.83 98.7081   0.703703  -0.702473  -0.353884   0.978254  -0.129427  -0.682837   0.503673  -0.778036 -0.0371478  -0.413112
point 18 254 397.282 217.634  0.200128 -0.205226 -0.217566   0.55105 -0.581929  0.383096 -0.428988 -0.972743 -0.814642  -0.49412
point 19 260 432.248 197.128    0.290703    0.608612    -0.30182     0.44213   -0.476663    0.652328 -0.00681597   -0.152952  -0.0858862    0.280608
point 20 274 315.333 234.883  0.854342 -0.657746  0.155843  0.617561 -0.553799 -0.306711 -0.819916 -0.480194  0.499341  0.430295
point 21 281 544.667 220.811 -0.844927  0.390379 -0.163566 0.0839474  0.533065  0.365038  0.675426 -0.150948 -0.503983 -0.444235
point 22 283 468.631  229.83   0.302793   0.309348   0.671176  -0.145918  -0.922421   0.835927  -0.837923 -0.0469655   -0.20309     0.7154
point 23 295 269.149 117.239    0.71896  0.0212146  -0.309196   0.389905  0.0709319  -0.321684  0.0764136   0.601945 -0.0529888   0.286233
point 24 328 449.461 165.606 -0.276903  0.410341  0.261256  0.189563   0.68266 -0.276825  0.767281  0.297848  0.942012   0.83249
point 25 332 561.685 208.954  -0.256909  -0.116968  -0.101764   0.346826   0.754645   0.867485   0.755177 -0.0644871  -0.782323  -0.518831
point 26 338 455.854  222.81 -0.441178  0.396267 -0.203189 -0.367928 -0.715091  0.280801  0.618426 -0.859339 -0.463088   0.88541
point 27 362 498.446 93.1776 -0.189137 -0.996734 -0.806149 -0.362867 -0.491059  0.730261  0.143152  0.470487  0.944835  0.809757
point 28 388 269.761 74.9694 -0.366644 -0.164626  0.872724 -0.474652 -0.827385 -0.195505  0.336308  0.434248 -0.838738   0.27332
point 29 399 552.782  227.93  0.872142  0.143706  0.404665 -0.142459 -0.206456  0.144133  0.493668 -0.610785 -0.659985   0.15456
point 30 424 374.674 209.892 -0.0659459   -0.80447   0.469657    0.35461   0.584393  -0.547941  -0.142668  0.0693261   0.909405  -0.146177
point 31 453 630.359 235.719  -0.434413   0.359074 -0.0691603  0.0242447   0.357225  -0.572333  -0.832106  -0.234082   0.603434   0.312317
point 32 467 253.419 88.9712  -0.385747  -0.789266 -0.0964729  -0.361361   0.869818   0.232028   0.512251  -0.146752  -0.648882  -0.739803
point 33 489 321.413 214.068 -0.855091  0.930251 -0.852904  0.859198 -0.836409 -0.626123  0.853879 -0.548758 -0.536956 -0.128813
point 34 490 186.836 239.968  0.456188  0.930018  0.334699 -0.541006  0.979183  0.257332 -0.924447  -0.54182 -0.610418 -0.646144
point 35 496 566.463 227.377  -0.898905  -0.785824   0.625214   0.221778   0.876811  -0.057168   -0.86379  -0.439009 -0.0234512   0.222311
point 36 504 443.456 210.292  0.411077  0.908868 -0.651155  0.404086  0.259572  0.685052 -0.349933 -0.832838  0.076332  -0.53729
point 37 513 480.502 228.433  -0.40804 -0.642147  0.573135 -0.111646 -0.605799 -0.713907  0.392145  0.946577  0.655148 -0.421755
point 38 524 618.883 214.802 -0.304213  0.740798  0.294001 0.0764499  0.954841 -0.504731 -0.251983   0.20231  0.291542 -0.768974
point 39 534  561.67 208.898  0.258816  0.394874 -0.281386 -0.943721 -0.143358 -0.138162  0.411918 -0.288541 -0.273535  0.154795
point 40 589 282.543  27.041 0.0757316 -0.120518 -0.314436 -0.737792 -0.519967 -0.577506 -0.146044  0.183964 -0.864828 -0.949687
point 41 601  259.67 199.515  0.680211 -0.149134  0.608536 0.0657073  0.516983 -0.852373  -0.71144   0.22937  0.382185  0.334267
point 42 614 626.851 186.914  0.415552  0.604775 -0.601652  -0.73549  0.997778 -0.353273  0.775122  0.135445  0.962132  0.205218
point 43 616 635.426 225.547   0.792754   0.525696   0.548582   0.436474  -0.974499  0.0138831 -0.0176313  -0.584438   0.203364 -0.0276189
point 44 625 361.782 175.426 -0.0776017   0.716769  -0.144756   0.958275   0.404075  -0.653841  -0.569603  0.0634735 -0.0891659   0.167651
point 45 636 359.434 232.068   0.813991  -0.264824   0.422689   -0.85729 -0.0760872  -0.306596   0.104871 -0.0383253 -0.0871968   0.183681
point 46 643 298.686 201.232 -0.0367005  -0.992128   0.415772  -0.323397   0.390183 -0.0620296    -0.7327  -0.936285  0.0983661  -0.321922
point 47 645 496.875  225.35 -0.901667   0.80561 0.0610607  0.319522  0.174332   1.02661  0.351769 -0.446747  -0.33191  -0.27425
point 48 647 176.576 134.511  0.878238 -0.455908  0.911694  0.143966  0.440904  -1.00246 0.0635265 -0.517368  0.384552 -0.866744
point 49 649  425.97 226.793   0.614354  -0.123213 -0.0915628  -0.312341  -0.594996  -0.145575   0.246103  -0.605595   -1.01627  -0.290584
point 50 653 403.23 219.19   0.117002   0.676813   0.919156   0.603829   0.787036   0.767478   0.174009  -0.780096 -0.0383438   0.583583
point 51 654 517.059 234.414 0.0655007  0.658246  0.203829 0.0758919 -0.366703  0.365518  0.796755 -0.880015 -0.305089  0.667316
point 52 656 297.961 152.397  0.0372662 -0.0841792  -0.607778  -0.795726    0.93492   0.476404   0.869899  0.0714367  -0.401316   -0.45408
point 53 670 362.035 159.667   0.801065   -0.34732  -0.995997  0.0823014 -0.0767862  -0.523752  -0.151314  0.0990004  0.0508352   0.350688
point 54 680 100.844 47.5605 -0.000116802    0.0325741    -0.995223    -0.376306     -0.22695    -0.775917    -0.276711     0.462351    -0.183401     0.804654
point 55 683 566.828 110.019  0.294019    0.1176  0.539708 -0.787023  0.785808 -0.667587  0.802365 -0.113753  0.696826  -1.00117
point 56 690 347.022 199.324   0.311647    1.01084   0.180142   0.422604 -0.0590723  -0.733375  -0.778703  -0.306876   0.562824  -0.493998
point 57 694 349.802 204.161 -0.682911 -0.759254 -0.067056  -0.44492   1.01244 -0.402518 -0.188482  0.827771  0.699932  0.412451
point 58 705 588.574 238.835 -0.0960127   -0.67608  -0.127883   0.525151  -0.956922  -0.304172   0.862347  -0.624999   -0.39081  -0.428399
point 59 729 528.005 238.514  -0.382395   0.641346   0.424368   0.600831  -0.603119  -0.449931   0.730233   -1.01869 -0.0956373  -0.540596
point 60 732 430.709  116.12   0.183173   0.712574  -0.971642  -0.285798   0.177697   0.871797  -0.933271 -0.0110082   0.610089   0.652336
point 61 757 122.475 136.727  0.359163  0.705865 -0.735482  0.960197 -0.234542  0.338094  0.183447   0.72532  0.174963 -0.403316
point 62 761 464.554 218.611  0.631322 -0.875241 0.0923499  0.476963   -0.7627 -0.810946 0.0552123 -0.666236  -0.65487 -0.927636
point 63 816 568.004 165.566  0.563968 -0.300394 -0.833656  0.403695  0.296228 -0.373347 -0.482065   1.03488  0.463545 -0.269281
point 64 896 475.919 176.378   0.456312  -0.492734   0.397431  -0.819297   0.960338  -0.806415   -0.35753 -0.0601711     0.8982 -0.0248599
point 65 899 631.392 166.557 -0.492671 -0.502962  0.594171 -0.727122 -0.919497 -0.209642 -0.919435 -0.902697 -0.595691  0.276577
point 66 900 406.071 102.166  -0.612138   -0.44651    0.61089    0.46679   0.411826   0.396723   0.899843   -0.30011  -0.567941 -0.0351596
point 67 909 558.311 205.853   -0.308453    -0.73647   -0.259161   -0.385771   0.0735691 -0.00706896   -0.333172    0.153232   -0.367599   -0.187486
point 68 934  540.64 163.213  0.356595 -0.614774  0.781993  0.164365 -0.951035 -0.323954 -0.771184  0.840686  0.580406 0.0494131
point 69 955 481.358 217.226 0.0631289  0.363228 -0.785725 -0.212047  0.476808  0.250802 -0.724175  0.201716  0.665409  0.185247
point 70 960 509.326 188.949 0.0192301 -0.683494 -0.689656  0.958237 -0.632103 -0.198576 -0.921471 -0.461527  0.613322  0.123324
point 71 986 277.089 201.228   -0.28757  -0.245299   -1.01776  -0.551477  -0.153254   -0.38259  -0.359801 -0.0325069  0.0420566  -0.829033

