seq: 39
gt_pose: 3.22713 4.91806 2.07592
odom_pose: 3.77822 4.69396 2.00346
point 0 1 297.974 178.138   0.30131  0.405404  -0.71992  0.257505 -0.982615 -0.554149 -0.765748  0.562801 -0.646124 -0.186881
point 1 40 420.204 165.389  -0.319704   0.724901   0.173912   0.235287    0.54944   0.511081   0.620802  -0.484344   0.161898 -0.0845043
point 2 67 47.9503 221.186 -0.278222 -0.852638  0.574201  -0.23788  0.471252  0.824223  0.740663   0.62113  0.429531  0.290421
point 3 76 169.625 150.021   0.377465  -0.208912  -0.572191   0.676499  -0.716458   0.322903  -0.341692  -0.321698  0.0450825 -0.0843973
point 4 100 20.5844 177.952  0.173643  0.562817 -0.149492   0.18932 -0.132342  0.789039 -0.374042 -0.976966 -0.636606  0.498579
point 5 103 188.566 194.941  0.408761 0.0510079  0.487399 -0.121603 -0.256288  0.149591  0.672114 -0.879193  0.448544 -0.517469
point 6 173  260.18 163.381 -0.599655  0.550997 -0.803531  0.903925  0.207284  0.134695   0.54037  -0.86741  0.210793 -0.305694
point 7 180 426.446 110.302  -0.141967  -0.502352  -0.679602  -0.716886   0.084306  -0.964528 -0.0817512  -0.135833  -0.124963  -0.200868
point 8 189 128.468 221.766   0.915119 -0.0812577  -0.907966  -0.825123 -0.0927429   0.845739   0.712833  -0.393123  -0.361747   0.170872
point 9 190 415.774 223.868  0.409477  0.723678 -0.082046  0.743181  0.518162  0.559448  0.057005 -0.917799  0.417273 -0.515434
point 10 191 507.345 195.604 -0.881808 -0.845023 -0.935505  0.711804 0.0199949  -0.97548 -0.347812 0.0574558 -0.761219  0.648438
point 11 205 305.927 200.562 -0.798941 -0.282134 -0.236076 -0.746886  0.529456  0.153302  0.153741 -0.679067  0.370103   0.15591
point 12 208 80.0741 197.854 -0.887202 -0.320555 -0.869232 -0.121885  -0.30173  0.818068  0.917123 -0.611255  0.741478 -0.844719
point 13 214 435.354 165.278  -0.673273  -0.574121  -0.653206  -0.103067   0.167744 -0.0475298   0.725545  -0.803681 -0.0426972  -0.402734
point 14 229 192.703  168.18  0.938788 0.0621591  0.322004 -0.745173  0.934558  0.187236  0.498843 -0.398295  0.130981 0.0317864
point 15 239 396.208 173.448 -0.469774 -0.930597 -0.817851  0.217991  0.612914  0.156717  0.215037  0.305808  0.146255 -0.524998
point 16 264 414.367 171.722  0.931922 -0.188698 -0.397553 -0.151753   0.26918  0.692311 -0.732759  0.864765 -0.835929 -0.822066
point 17 275 238.002 131.634   0.856781 -0.0189917   0.506247  -0.827881 -0.0587464   0.184044  -0.267193   0.455396  -0.598979  -0.183429
point 18 283 8.55685 230.345   0.360879   0.290558   0.626306  -0.211599  -0.911963   0.827976  -0.814399 -0.0772406   -0.13045   0.763628
point 19 285  47.217 127.967  -0.51919 -0.215312 -0.486897   1.01332  0.916866  0.831096  0.252428  0.557087 -0.341005  0.432577
point 20 311 356.404 177.063  -0.457884   0.420548 -0.0738927   0.213336  -0.213643   0.369936   0.190952 -0.0955073   0.134479   -0.97627
point 21 320 84.2642 180.359 -0.0687316   0.640732   0.938953 -0.0454338   0.589407   0.136606 -0.0543377 -0.0294291   0.229084   0.332265
point 22 324 404.326 156.026   0.035944   0.358724  -0.672146  -0.391577   0.580173 -0.0231396   0.445476  0.0607619    0.23875   0.382346
point 23 332  109.86 208.825  -0.269689  -0.150627 -0.0741468   0.313726   0.680276   0.887477   0.788397 -0.0384559  -0.765726  -0.549569
point 24 377 267.779 226.949  0.536372 -0.982842  0.185216  -0.55849 -0.751704   0.75986 -0.397757  -1.03406 0.0213824  0.695541
point 25 386 553.762 206.781 -0.00746482   -0.252867    0.337581    0.461775     0.96713   -0.162067   -0.425683   -0.705194    0.040733   0.0887979
point 26 393 252.764 203.979  0.578807 0.0393777 -0.285872  0.283181   0.93708 -0.135945 -0.703923  0.114835  0.711451 0.0463263
point 27 402 152.682 209.726   0.308493  -0.299549 -0.0165573   0.955177   0.456729  0.0328628  -0.109496   0.491702   0.976603  -0.296949
point 28 404 151.758 159.275 -0.0719216  -0.950859   0.161279  -0.459143   -0.20508  -0.510906   0.275226   0.865446  -0.528093  -0.237807
point 29 435 318.674 224.095  -0.753252   0.285994 -0.0725411   -0.39375   0.549417    1.00206  0.0575822  -0.838327   0.224657  -0.968335
point 30 438 309.136 174.905 -0.674076   0.80406 -0.616214   1.02735 -0.262826  0.666165  0.829394  0.876896  0.324393   1.01173
point 31 439  417.32 188.859  0.249312 -0.466577 -0.725946  0.208711  0.347056  0.653963 -0.346998  0.240847  0.139908 -0.212102
point 32 440 467.291 95.2702 -0.869184 -0.922816 0.0782031  0.950086 -0.517937  0.461562  0.718885 -0.201626  0.416852  -0.57703
point 33 450 207.588 104.635   0.395718   0.196876   0.681063  -0.529078    0.93501   0.499132 -0.0440246  -0.843411    0.85587   0.660794
point 34 453 124.092 235.599  -0.426157   0.324528 -0.0874268  0.0293808   0.315416  -0.552501  -0.903243  -0.288192   0.508084   0.227702
point 35 458 254.182  128.04 -0.827848  0.211151 -0.766239  0.343068  0.548172   0.40938  0.749586  0.129133  0.947066 -0.633662
point 36 464 253.645 230.718  -0.0661499   -0.898308 -0.00360908    0.122452    -0.44919    0.137743    0.377804    0.497101   -0.584138    0.205713
point 37 477 229.496 157.785   0.86603 -0.713857  0.114894 -0.396943  0.154162 0.0702602  0.665776 -0.786237  -0.35176 -0.644611
point 38 478 75.0436 189.886  0.150382 -0.718604  0.537519  0.850665 -0.373866 -0.421944  0.219272  0.115119 -0.437705  0.808879
point 39 505 267.472 162.007 -0.667821  -0.25739  0.181151  0.248676 -0.844288 -0.437854  -0.80419  0.878216 -0.442835 0.0172606
point 40 513 69.1294 228.778  -0.374165  -0.549048   0.646372 -0.0756694   -0.59894  -0.714384   0.488414   0.987028   0.609821  -0.419304
point 41 517 619.993 71.2624  -0.359926 -0.0222744  -0.796448  -0.488751   0.371387   0.147886 -0.0199705  -0.828608   0.736833  -0.509882
point 42 520 145.895 130.105 -0.316111 -0.899189  0.351504  0.358875   0.88589  0.406071  0.393153  0.149051  0.286068 -0.225668
point 43 534  143.41 208.458  0.276138  0.375142 -0.298499 -0.984302 -0.177247 -0.104753  0.393141 -0.276948 -0.300452  0.146336
point 44 561 128.122 222.554 -0.919725 -0.275422  0.747583 -0.179396  -0.92194  -0.78248 -0.113754 -0.928655 -0.428218  0.709885
point 45 569 432.407  176.23 0.0325245  -0.72578  0.386635  0.187885 -0.191732  0.442885  0.427516  -0.59875  0.924416 -0.429331
point 46 585 296.464 211.594 -0.981612  0.648813  -0.12261  0.744857   0.31843  0.396795 -0.534203 -0.701519  0.259653 -0.847528
point 47 614 55.2367 186.594  0.502389  0.665267 -0.607079 -0.739273  0.998742 -0.332943  0.754842  0.163568  0.951652  0.152295
point 48 616 123.419 225.124   0.817121   0.567413   0.547418   0.376939  -0.955306 -0.0275805  0.0743356  -0.648334   0.249741 -0.0416726
point 49 628  606.06 137.009 -0.697866 -0.138157  0.213915 -0.332721 -0.168808  0.921316  0.590212  -0.37532  0.469673  0.870105
point 50 640 422.028 211.429 0.0235614  0.723656  0.920195  0.405402   0.17031 -0.356662  0.579338 -0.209689 -0.188814 -0.185975
point 51 669 17.7429 227.804   0.471823   0.680338  -0.703809  -0.502398   0.141358  -0.664901 -0.0549692   0.900401  -0.217021  -0.358365
point 52 674 239.601 233.079  0.835124 -0.813924  0.446491  0.707806 -0.369331 -0.472105 -0.740597  0.139656 -0.148751  0.245839
point 53 675 560.169 137.284  -0.122636    0.85587   0.755998    0.24135  -0.180289  -0.755865  -0.118613   0.863945 -0.0250328  -0.521898
point 54 678  295.62 79.5285 -0.758291  -0.89208 -0.359295 -0.403854 0.0558272 -0.938356 -0.870073 -0.139452   0.29431 -0.318744
point 55 704 639.893 70.5468 -0.373579 0.0821176  0.406408 -0.193244 -0.525408  0.850012  0.601209 -0.936081 -0.544875  0.640673
point 56 705 55.4093 238.841 -0.0952932  -0.739368 -0.0934829   0.573483  -0.985733  -0.343853   0.849442  -0.573169   -0.43392  -0.427629
point 57 711 344.031 213.181  0.138371  0.175213 -0.999665  0.907638  0.948987   1.01944 -0.999084  0.961553  -1.01375  0.573237
point 58 779  503.34 225.325  0.215996 -0.768497 -0.963962 -0.761204  0.575238 -0.547071  0.858648  -0.72383 0.0459538   0.46489
point 59 780 233.089 239.203  -0.99312 -0.168348 -0.365764  0.128692  0.995528   0.53179  0.503679 -0.783514  0.246174  0.983651
point 60 816 77.8987 165.837  0.586306 -0.207556 -0.822426  0.413715  0.259786 -0.386437 -0.479072  0.985831  0.449449 -0.239389
point 61 822 340.188 222.298    0.731838    -0.18031    0.871495   -0.320543     0.31572   -0.806069    0.742897 -0.00599394   -0.253258    0.228456
point 62 826 264.268  195.13   0.482589  -0.217192   0.239297    0.50421   0.978055  -0.443152 -0.0171444  -0.747476   0.753267   0.636807
point 63 847 86.0174 174.006  0.082456  0.493294  0.372984  0.994244 -0.712599 -0.691029 -0.374681 -0.885952 -0.825601  0.144552
point 64 853 410.572  151.42   -0.384531    0.898521   -0.572934 -0.00280502   0.0978745   -0.683892   -0.373191   -0.451719   -0.819584   -0.770844
point 65 877 164.198  122.81  -0.67539  0.858023  0.748105 -0.964478 -0.135579  -1.00238  0.894251 -0.574041  0.436835  0.405799
point 66 897 339.053 146.483  0.240069   0.90323   1.00882  0.536438  0.175171 -0.801535 -0.166285 -0.253059 -0.931963  0.256897
point 67 901 485.101 195.813 -0.730987  0.465558  -0.94167  0.764538  0.755853 -0.381913 -0.671942  0.339776 -0.107531  -0.52666
point 68 907 422.421 213.772 -0.757938 -0.947471 -0.914852  0.594246  -0.78285 -0.836187 -0.345536  0.678008 -0.227326 -0.691282
point 69 909 138.908 205.448 -0.282726 -0.721075 -0.175074 -0.420038 0.0531022 0.0686929 -0.371735  0.160462 -0.365278 -0.175804
point 70 924 302.967 222.838  -0.423041    -0.4671   0.241179   -0.44813 -0.0892856  -0.120029  -0.964291  -0.010782   0.819613  -0.220503
point 71 934 84.5763 163.918  0.371442 -0.528061  0.755728  0.140676 -0.931698 -0.381006 -0.747421  0.779984  0.638142 0.0736788
point 72 947 315.932 122.751  -0.37747 -0.921484  0.849831 -0.614323 -0.557939  0.865238  0.665922 -0.739335 -0.868664  0.753062
point 73 953 182.646 134.701  0.0840922   0.527438   0.793485  -0.636656  -0.139989 -0.0336436  -0.434322   0.805104  -0.665794   0.750337
point 74 955 63.2376  217.94 0.0637033  0.318561 -0.769512 -0.210711  0.430296  0.250307 -0.720506  0.185854  0.649041  0.150289
point 75 972 176.768 37.8092 -0.658828 -0.560871  0.995711 0.0108327  -1.01699 -0.601809 -0.721272 -0.340663 -0.684364  0.674954
point 76 984 294.355 137.972 -0.389288 -0.787956  -0.95098 -0.525766  0.527954  0.604942 0.0487922  0.469861  -0.51727  -0.69615
point 77 993 238.364   140.1 -0.190015   1.00214 -0.494004  0.767611 -0.055972  0.406924  -0.23368  0.100523   0.36008 -0.352288

