seq: 168
gt_pose:  -4.05099   3.61376 0.0621296
odom_pose: -3.98563  2.53375 0.106029
point 0 1 111.499 172.639  0.230437   0.43518 -0.703464  0.249676  -1.00142 -0.492129 -0.714875  0.616333 -0.673313 -0.153954
point 1 5 590.526 195.995 0.0444574  0.339529 0.0260842 -0.922645 -0.100414  0.817517  0.816046  0.443088 -0.480273  0.436648
point 2 31 402.996 217.062  -0.363033   0.789556 -0.0779686  -0.611463   0.188638  0.0959826   0.271892   0.167905  -0.582424   0.681513
point 3 39 288.426  175.96 -0.516704  0.812429 0.0753687  0.847229 0.0338285 0.0936029  0.830745  0.604968  0.674723  0.204809
point 4 58  513.69 166.793    0.695835   -0.483747   -0.517648   -0.840823 -0.00660928    0.823832    0.239374   0.0311185    0.638052    0.935606
point 5 63 370.548 189.326  0.179617 -0.766262 -0.857668 -0.246511 -0.753405  0.318736 -0.779099  0.718091  0.189393 -0.586027
point 6 68 381.088 239.578  0.186246  0.335233 -0.939524  0.462995  0.221354  -0.72546 -0.722547 -0.583777  0.507036  0.674577
point 7 76 172.422 155.561   0.414054  -0.187416  -0.661168    0.68611  -0.725824   0.313769  -0.347952    -0.2743  0.0505545 -0.0357855
point 8 78 572.263 210.464 -0.900067 -0.797202  0.592231  0.786827  0.934941 0.0387257 -0.453657 -0.636091 -0.278578 -0.169742
point 9 88 545.124 228.719  -0.196519 -0.0147803    0.38201  -0.966598   0.282784   0.204709   0.431329  0.0624586   0.830904   -0.47101
point 10 109 501.992 228.652  -0.517996   0.866601  -0.828597  -0.455502   0.539037 -0.0389092    0.69773   0.604203  0.0110121   0.282575
point 11 111 489.649 227.013 0.0590936   1.03033 -0.905432 -0.921692 -0.113021 -0.370012  0.910675 0.0879542  0.268039  0.462064
point 12 123 543.044 159.615  0.111123 -0.779957 -0.187616  0.352666   0.83755  0.670476  0.256161 -0.247212    0.3214 -0.605216
point 13 145 0.624472  236.879  0.540987  0.426248 -0.885081  0.620085  0.316089  0.800542  0.501243  -0.23231  0.628086  0.552433
point 14 156 396.655  205.85    0.23616   0.563853  -0.671131   0.356533  -0.854164   0.956355   0.170357  -0.733828  -0.940049 -0.0839145
point 15 165 447.413  205.28  0.437616 -0.781915  0.432242  0.560609 -0.678951  0.671932 -0.633333  0.825938   0.34638 -0.014866
point 16 166 629.951 160.039 -0.663854  0.333493 -0.586876 -0.441599 -0.711587  0.297993 -0.707186  0.116491   0.13966 -0.623024
point 17 173 146.004 167.509 -0.573647  0.495773 -0.782215  0.812759  0.238468   0.16259  0.569321 -0.822001  0.149861 -0.261214
point 18 175  454.65 159.165 -0.412078  0.542033   0.26839 -0.566647  0.711847  0.706521  0.927891  0.979355  0.619142  0.156955
point 19 176 418.314 215.744  -0.754263   0.786455  -0.163789 0.00197104    0.41753  -0.461904  -0.889674   0.259767    0.74172   0.166445
point 20 181 216.725 162.174    0.778987     0.53003   -0.202026   -0.133733   -0.158231    0.781037 0.000820537     0.97754    0.634425   -0.276781
point 21 184 542.397 218.468    -0.222713      0.53191    -0.439104 -0.000482065    -0.590545    -0.289337      0.10325    -0.403799    -0.425856     0.350551
point 22 186  418.03 107.025  -0.318213  -0.394572   0.318294   0.393952   0.887023  -0.936221 -0.0747547  -0.532082   0.149571   0.313876
point 23 189 130.562 214.582   0.915387 -0.0661833  -0.948498  -0.841651  -0.135366   0.885838   0.729579  -0.425562  -0.381859   0.164282
point 24 192 0.187767  140.278   0.464711  0.0559636   0.467589   0.249548  -0.818182 -0.0945168 -0.0165944   0.058263  -0.384314  -0.499734
point 25 200 540.229 180.335  -0.450239  -0.779824   0.665264   0.289515   0.200997   0.517444 -0.0887668   0.912636   0.969848  -0.109043
point 26 205 111.988 197.767 -0.865774 -0.236347 -0.174271  -0.75425  0.458714  0.172484  0.186476 -0.633063  0.356846 0.0685325
point 27 209 157.975 215.391 -0.251636  0.169102 -0.350718  0.373288 -0.846576 -0.259711   0.62427 -0.878082 -0.291593 -0.646377
point 28 216 602.768 179.685   -0.677622   -0.945659    0.866932   -0.851176   -0.573853   -0.829947   -0.377059   -0.223104 -0.00701438    0.841948
point 29 226 272.915 158.729 -0.0643357   0.482425   0.585797   0.645166    0.90108   0.532292  -0.945445  -0.804972 -0.0383201   0.456653
point 30 229 219.579 200.877  0.993259 0.0465701  0.243277  -0.76029    1.0114  0.202967  0.513141 -0.381257  0.149935 0.0893704
point 31 233 411.531 225.963 -0.205517 -0.444482  0.105713  0.301341   0.36327 -0.202452 -0.931875  0.224134 -0.929781  0.419607
point 32 245 560.776 181.828 -0.633073 -0.422633  0.445404  -0.72147 -0.444613    0.4299  0.852369 -0.659435  0.204342  0.742014
point 33 251 478.873 227.218 -0.0167485  -0.566004   0.153769  -0.839927  -0.431377  -0.140646  -0.501098   0.210283  -0.101696   0.374467
point 34 262 590.777 164.134  0.105944  0.349344 -0.305121 -0.513629  0.922002  0.967891 -0.955369 -0.335278  0.397441 -0.392634
point 35 275 198.038 170.666    0.92159 -0.0283427   0.480567  -0.803009  0.0319021   0.147936  -0.338877   0.395778  -0.613609  -0.122442
point 36 285 121.784 32.7288 -0.547354  -0.19351 -0.572158   1.01099  0.962398  0.785162  0.334081  0.644614  -0.37158  0.407312
point 37 301 491.606 219.598  0.135398  -0.49298 -0.943925  0.408803  -0.95032 -0.697362 -0.579726  0.529359 -0.689681 0.0312656
point 38 303 430.253 213.266   0.125285   -0.79677  -0.540811  -0.890953 -0.0497735   0.577996  -0.429811  -0.129197  -0.067616  -0.377075
point 39 307 379.206 130.659  0.159492  0.916262 -0.200969    0.6454  0.666444  0.865429 -0.120367 -0.463769 -0.877909  0.516402
point 40 321 226.319 121.391   0.100864  -0.650179 -0.0194887  -0.970005   0.930787  0.0705773   0.296047   0.602024    0.82008   0.574385
point 41 333 37.1618 189.175  -0.835182    0.43001   0.107567   0.127641  -0.710911   0.727527   0.984645 -0.0326629  -0.122922  -0.187818
point 42 337 4.49919 204.341 -0.187832 -0.203616  0.299356 -0.384455 -0.396707  0.541193 -0.255545  0.412713  0.758454    0.4177
point 43 346 324.027  141.15   -0.52558    0.95708 -0.0106524  -0.825515  -0.122271   0.544672 -0.0773952   0.938287   0.854976  -0.133744
point 44 352 585.143 199.475  0.601387  0.405956  0.448679 -0.782398  0.622497  0.712912 -0.679467  0.593622 -0.146043  0.794146
point 45 364 568.369 213.911   0.142896   0.784655   0.714445  -0.638445   0.912164  -0.494694   -0.53725  -0.848503   0.092939 -0.0416582
point 46 377 145.015 227.747  0.576562  -1.03966  0.209675 -0.552787 -0.830335  0.828135 -0.426358  -1.02377 0.0172822  0.664498
point 47 382 629.91 208.73 -0.665765  0.836485    0.9113 -0.903198  0.109181  0.502538  0.567117 -0.232337  0.286443 -0.211602
point 48 387 455.138 187.196   0.697538  -0.682522   0.553334   0.955333  -0.796267  -0.229112 0.00890461  -0.910029   0.672089   0.689468
point 49 402 196.226 216.241   0.264924  -0.266947 0.00544015   0.936067   0.495033  0.0762288 -0.0603304   0.501406    1.03027  -0.351883
point 50 404 139.478 139.551 0.00673879   -0.89396   0.194406  -0.463795  -0.145346  -0.474721   0.269567   0.813133  -0.557229  -0.172516
point 51 405 326.287 136.404 -0.142159 -0.935817  0.879341  0.731218 -0.198265 0.0806015  0.303631  0.305491  0.521871  0.796374
point 52 406 220.064 164.928  -0.13834  0.940928 -0.701959 -0.519966   -0.8165  0.232629 -0.470427  0.364974  0.812069  0.358308
point 53 425  532.6 239.96  -0.48044 -0.407803  0.333673 -0.462444 -0.599229 -0.625703 -0.126581 -0.973658    0.8546  0.872809
point 54 435 127.322 224.745  -0.820412   0.316872 -0.0544754  -0.337665   0.539412    1.00805  0.0425814  -0.857705   0.238933    -1.0108
point 55 475 637.153 226.797  -0.985069   0.134243 0.00694345   0.625315  -0.316358  -0.399208  -0.126208 0.00951608  -0.674648  -0.291891
point 56 477 103.382 133.565  0.865236 -0.621625 0.0782319 -0.427912  0.197845  0.105398  0.742316 -0.807759 -0.303512 -0.660662
point 57 478 198.725 192.954  0.196276 -0.677953  0.511151  0.775107 -0.404561 -0.442925  0.267166 0.0995011   -0.3896  0.872537
point 58 491 440.612 202.282  -0.83602  0.794599 -0.292857  0.562437 -0.512305 -0.175005   0.54435 -0.307895 -0.308703   0.70848
point 59 495 378.126 169.513  0.256261  0.633723 -0.127849  0.427675 -0.496318 -0.610408   1.03446 -0.623935  -0.12166  0.141733
point 60 499 344.068 187.627   0.853188  -0.389736   0.387605  -0.584844   0.113819   -0.11778 -0.0388363  -0.165881   0.678088   0.305382
point 61 506 376.932 211.203   0.0859518    0.315923 -0.00667469   -0.583213   -0.989967   -0.594603   -0.669372   -0.586272     0.71779    0.552276
point 62 508 633.394 182.276  0.676979  0.558059 -0.160504 -0.142064 -0.779067  0.827875 -0.848373  0.184559 -0.733251 -0.794852
point 63 514 629.502 145.235  0.376272  -0.76207 -0.907834  -0.42794 -0.909411 -0.533818  0.558348  0.833556  0.113227  0.173949
point 64 520 227.322 180.294 -0.315676 -0.820722  0.318342  0.324569  0.866988  0.379503  0.458234  0.114618  0.301153 -0.216539
point 65 539 361.128  43.564  0.805689 0.0969069 -0.972635 -0.712327  0.437362 -0.321327  0.930736 -0.706245  0.274369  0.251566
point 66 541 581.041 229.135  0.378221 -0.855089  0.856446 -0.266456 -0.610947  0.672522  0.732917 -0.560882 -0.926684  0.235763
point 67 542 105.573 198.542 -0.729492  0.175053 0.0441148 -0.446236 -0.118075  0.054139 -0.867884 -0.416729  0.476442 -0.211877
point 68 544 268.259 183.806  -0.123364  -0.325291    0.72865  -0.114624  -0.754168    1.03401  -0.948674   0.339247  -0.454959 -0.0475391
point 69 561 88.3126 209.357  -0.921376   -0.27761   0.748642 -0.0989866  -0.907817  -0.766697  -0.171288  -0.901287  -0.434178   0.655388
point 70 568 600.406 212.389  -1.00226  -0.66455   0.96774 -0.654755  0.390619  0.553795 -0.991722  -0.78378 -0.703002  0.126433
point 71 578 356.582 209.738 -0.055483 -0.248874 -0.279848  0.277689 -0.792341  0.531846  0.124855 -0.958062 -0.109576  0.137355
point 72 585 118.476 210.173 -0.926636  0.638081 -0.152864  0.727385   0.26916   0.44031 -0.585797 -0.662387  0.288135 -0.910809
point 73 596 378.134 198.568  0.0920652  -0.446818   0.451063   0.110903 -0.0596175  -0.379806   0.718909  0.0878541   0.616428   0.932161
point 74 599  336.16 208.838  -0.368942   0.296483   0.652286   0.151783  0.0907596   0.938361  -0.164509 -0.0584596  -0.120846   0.544457
point 75 610 608.062 97.2499 -0.237931 -0.251946  0.703914  0.648047  0.410171  0.464714  0.628375 -0.620746  0.153958 -0.393646
point 76 617 483.307  162.56 0.0628242 -0.841899  0.302722  0.117046 -0.533023  -0.96069 -0.235004   0.30794 -0.774486 -0.569577
point 77 622 339.228 154.544 -0.461817 -0.936102  0.486308 -0.103371 -0.990115 0.0407277  0.637983  0.922202 -0.213701 -0.633421
point 78 644 463.204 159.866   -0.529229   -0.100264   -0.607129 -0.00103796   -0.131035   -0.802172    0.806875   -0.950985    0.897463    0.436306
point 79 661 505.336 183.079  0.249744 -0.536407  0.459342  0.451695   0.12206  0.130728 -0.938004  -0.71522  0.271411  0.377445
point 80 669 267.257 236.166    0.51405   0.627006  -0.668875   -0.44868   0.186058  -0.672514 -0.0729612   0.986843  -0.285608  -0.365542
point 81 674 77.8415 230.041  0.882306 -0.793777  0.442295  0.761225 -0.388044 -0.472189 -0.758139  0.202481 -0.101889  0.272491
point 82 691 613.841  177.32  0.588005   1.01479  0.193376 -0.240547 -0.883595  0.127552  0.345312 -0.453918  -0.91458 0.0677055
point 83 695 578.913 217.553   0.696561  -0.222268   0.320043  -0.469695   0.423186 -0.0165582   0.918676  0.0521356   0.532501   0.811953
point 84 725 386.252  163.93 -0.749577 -0.776571 -0.704754 -0.932835   0.23887   0.40343 -0.899599 -0.781849 -0.454339 -0.201937
point 85 726 502.772 150.717   1.00744  0.478699  0.541386 -0.727642  0.284627   0.60358 -0.729583 -0.875772 -0.902782 -0.839186
point 86 752 487.444 177.714  0.820921  0.806551 -0.557753 -0.173245 -0.143034 0.0656567  0.319112 -0.680982 -0.619187 -0.419491
point 87 776 571.964 154.614   0.91785 -0.104081 -0.179021 -0.545644  0.723661 -0.855094  0.434665 -0.377443  0.822121 -0.769939
point 88 780 195.807 239.473  -0.96436 -0.201661 -0.292707  0.111377   0.99761  0.545705  0.503009 -0.794056  0.240806    1.0026
point 89 794 529.629 214.606 -0.419114  0.460714 -0.335198 -0.635056 0.0297476  0.609533   0.50782 -0.458715  0.110871  0.522449
point 90 797 527.469 203.696  -0.689043  -0.645276    0.70837   0.029979  -0.244397  -0.571641 -0.0513775   0.502961  -0.118652  -0.325256
point 91 805 426.347 148.818   0.37883  0.731001   0.58195 -0.193368 -0.867976  0.802039 -0.161275  0.939069 -0.779086  0.181123
point 92 806  350.61 238.544   0.870438 -0.0603391  -0.518221  0.0592678  -0.676249  -0.368218   0.342554  -0.376005   0.041253   -0.10557
point 93 826  126.33 192.265  0.495956 -0.172268  0.184869  0.553162  0.896124 -0.460701  0.036949 -0.721686  0.759259  0.608873
point 94 830 28.1228 167.644   0.800792  -0.394853  -0.928808   0.660733   0.826005   0.201063  -0.864618     0.9815  -0.892443 -0.0448914
point 95 832  243.64 142.769  0.668056  0.962468 -0.370457  0.638626  0.741476 -0.463575  -0.69586  0.844836 -0.807661 -0.870142
point 96 841 540.262 180.056  0.136264  0.927178 -0.922123  0.913007 -0.398512 0.0836821 -0.280089 -0.227467  0.188538  0.447583
point 97 847 237.908 204.734  0.131058  0.442161   0.33523  0.909913 -0.798572 -0.709285 -0.313976 -0.817771 -0.847704  0.191209
point 98 854 326.403 216.681    0.60659   0.159453   0.441878  -0.754817 -0.0711745    1.00426 -0.0355071  -0.139147   0.250781    0.99261
point 99 856 317.098 146.016 0.0507034  0.685614  0.423504 -0.642821 -0.562491 0.0837194  0.537405  0.804587  0.246206 -0.567081
point 100 858 370.126 45.0074   0.466154   0.264237  -0.128961  -0.137135   0.769047   0.901258  -0.514149   0.160806  -0.719687 -0.0369505
point 101 869 23.3036 231.073  0.398131  0.722868 -0.723243 -0.582784 0.0379551 -0.732674  0.585998 -0.919385  0.797319  -0.90758
point 102 876 523.104 135.839  0.407298 -0.705917  0.871135 -0.177874 0.0136476  -0.97463  -0.92887  0.375057  0.890381  0.255841
point 103 877 240.984 191.583  -0.696867   0.891337   0.787551    -0.9726 -0.0871214  -0.957068   0.835447  -0.566945   0.412568   0.398176
point 104 880 496.119 187.254 -0.636857 -0.490348 -0.301193  0.618791  0.597572 -0.194272 -0.379384  0.617552   0.77883  0.617261
point 105 881 401.246 200.539  0.279037  0.612437  0.392272  0.594161   0.36721 -0.801214  0.241028 -0.813121 -0.437309 -0.578229
point 106 883 472.625 216.956  -0.254558  -0.216179  -0.768348   0.928041   0.234289   0.645623   0.625971  -0.325786   0.256172 -0.0372702
point 107 908 590.367 123.826 -0.979604 -0.955789  0.930872 -0.675638 -0.717939  0.967013  0.607281  -0.81562 -0.518813  0.289701
point 108 924 141.171 224.492  -0.443906  -0.557443   0.253537  -0.371407 -0.0512068 -0.0877237  -0.992364 -0.0679033    0.84553  -0.173784
point 109 929 414.583 195.286 -0.841754 -0.325569 -0.248204  0.229739  0.210354  0.736814 0.0978637 -0.218417 0.0631001  0.207608
point 110 937 361.105 233.499 -0.461292 -0.589852 -0.494228 0.0206956  0.516967  -0.27902  0.128717 -0.269496 -0.279823  0.494012
point 111 942 516.461 224.963 -0.812819 -0.355704  0.618341 -0.496645  0.274798 -0.180872 -0.733385 -0.970106   0.93281  0.385625
point 112 944 574.556 155.899  0.498604   -0.4793 -0.308734 -0.537771  0.674656 -0.050142  0.128195  0.366747  0.486949 -0.617654
point 113 953 180.575 150.502 0.0466329  0.559167  0.767205 -0.617736 -0.108233 -0.108197 -0.441272   0.80517 -0.701733  0.727975
point 114 966 40.0668 202.759   0.685972   0.325719 -0.0171075   0.584069   0.777186 -0.0878167  -0.725294 0.00574359   0.713122  -0.574584
point 115 967 399.676 183.813   0.250885 -0.0864076    0.39231   0.910927  0.0702773   0.329901   0.561953  -0.349596  -0.735615  -0.451327
point 116 980 349.413 88.9812  0.486717 -0.235252  0.597319 -0.488695  0.527853  0.407948 -0.816126 -0.251179  0.342104 -0.712848
point 117 990 99.3074 190.326   0.58858  0.713019  0.844547  0.699792 -0.124358  0.212977  0.528744 -0.791111  0.787665 -0.735795
point 118 993 198.096 176.167  -0.192348   0.991412  -0.529523   0.768987 -0.0429427   0.331577  -0.277105   0.150632   0.404038  -0.346278

