seq: 73
gt_pose: -0.288221   2.26764    -1.431
odom_pose: 0.407836  2.15249 -1.38077
point 0 5 304.224 199.864 0.0598208  0.298407 0.0897724 -0.878043 -0.129504  0.894934  0.831847  0.404775 -0.426751  0.504949
point 1 14 241.797 198.445 -0.842594 0.0723941  0.474066 -0.356237   1.00759  0.190094  0.712236   0.50505  0.261481 -0.918515
point 2 17 85.3282 92.1248  -0.391994  0.0882588   0.447205  -0.813912 -0.0847809   0.144468   0.879357 -0.0937736  -0.320229   0.690004
point 3 28 528.388 205.736  0.247361  0.961508  -0.31592  0.841732 -0.742636 -0.225609 -0.961307  0.572006  0.514458 -0.430106
point 4 42 5.13225 135.261 0.0134202 -0.800893 0.0229361 0.0134986 -0.944017  0.645148 -0.251731  0.241305 -0.119878 -0.679423
point 5 57 186.163 193.968  0.433008 -0.360417 -0.592294   0.50372 -0.500451  0.368058 -0.972953  0.714292  0.660124  0.153286
point 6 64 12.8223 171.864   0.855125   0.511765  -0.762249  -0.897195 0.00183734  -0.172607  -0.547778 -0.0448594  -0.695441   -0.33873
point 7 72 382.227 215.468  -0.81625  -0.33102  0.707467  0.190896 -0.831294  0.589149  0.541578 -0.213139 -0.272845 -0.243505
point 8 78 317.559 208.561 -0.927144 -0.841162  0.610526  0.758606  0.978789 0.0676631 -0.479949 -0.689534 -0.282319 -0.165226
point 9 80 519.334 231.215 0.0166375  0.507885  0.922231   0.91304   -0.8288 -0.954871 -0.919527  0.769001  0.802995 -0.912005
point 10 90 626.193 183.752 -0.772662 -0.937345 -0.733989  0.476907 0.0231314 0.0339675 -0.491852 -0.596546  0.109273  0.751842
point 11 92 395.963 188.663   0.145258   0.799574 0.00762678   0.957637   0.305811   0.322455   0.959102   0.597195  -0.187043  0.0693936
point 12 94 7.75091 196.547  -0.715734   0.446177  -0.528672    0.23295   -1.00313   0.588545 -0.0610742  0.0508937   0.555416  -0.699602
point 13 109 301.725 219.686  -0.512236    0.87775  -0.793688  -0.425469   0.526646 -0.0067281   0.747766   0.601636  0.0660531   0.272872
point 14 110 72.7923 80.4221  0.852673  0.920497 -0.608834 -0.291934   0.11082 -0.663126  -0.56231  0.559776  0.721682   0.22116
point 15 111  629.89 181.064  0.0274098   0.941796  -0.901027  -0.920698 -0.0916331   -0.34615   0.965806  0.0243941   0.193701   0.487843
point 16 114 625.115 159.615   0.495372   -0.91544   0.969381  -0.573826   0.178711 -0.0494743  -0.360506   0.403243  0.0856103   0.206643
point 17 119 242.044 220.767 -0.445272 -0.478421  0.801224 -0.363783  0.817953  0.425472  0.911973 -0.496373 -0.789016  0.442397
point 18 123 297.344 142.646  0.198819 -0.812088 -0.284819  0.327181  0.827183  0.734084  0.276662  -0.18201  0.349084 -0.557717
point 19 159 73.7708 138.027  0.251831 -0.973251 -0.919517 -0.181509   0.07438 0.0617007  0.962716 -0.274691 -0.404797 -0.721736
point 20 165 195.312 143.436  0.427954 -0.779534  0.473584  0.584254 -0.772164   0.66177 -0.623534  0.819742  0.352215 0.0335092
point 21 166 576.057 121.938 -0.625063  0.304233 -0.595189 -0.483519 -0.693506   0.29208 -0.726929 0.0807045  0.179103 -0.629214
point 22 176 91.3801 98.9827  -0.770832   0.841073  -0.144938 -0.0424523   0.404173  -0.477767    -0.9127   0.218354   0.666393   0.164103
point 23 179 57.3864   186.7 -0.0419156  -0.874848   0.082123   0.848697   0.702811   0.365005  -0.313365  -0.846089  -0.164162   0.836359
point 24 184 276.402 215.813 -0.198567  0.489337  -0.42827 0.0292425 -0.557063 -0.287469 0.0693254 -0.387737 -0.393485  0.391531
point 25 198 205.973 237.281  0.860271  0.606904 -0.343871 -0.571405  0.957309 -0.823051  0.913277 -0.919667  -0.72017  0.349526
point 26 200 302.431 164.775  -0.434319  -0.745922   0.700258   0.302994   0.216035   0.551284 -0.0679904   0.851838   0.984363 -0.0851359
point 27 202  45.352 105.855 -0.593731 -0.203735  0.201781  0.311136  0.171912  0.841695  0.623487 -0.249197  0.114203 -0.183369
point 28 206 119.736 163.995  0.756405 0.0339335  0.594601  0.915857 -0.725787 -0.695316  0.736134 -0.237085 -0.897804  0.666898
point 29 216 374.422  175.54 -0.690642 -0.918999   0.84256 -0.829202 -0.533713  -0.83928 -0.321246 -0.262187 0.0228545  0.812276
point 30 245 374.532 160.293 -0.570237 -0.355683  0.435216 -0.743916 -0.534661  0.381921  0.924841 -0.630685  0.193749  0.755345
point 31 251 546.448 181.986  0.0666038  -0.552475   0.182993  -0.776245  -0.380906  -0.112925  -0.511555   0.241223 -0.0623493   0.313918
point 32 259 151.319 210.117  0.202037  0.643997   0.11644  0.523522 -0.422849 0.0403721 -0.704545  0.400435 -0.848129 -0.584364
point 33 262 365.236  155.77 0.0359819   0.37133 -0.322088 -0.535571   0.97968  0.973474 -0.975723 -0.329582  0.380707 -0.378346
point 34 280 41.7629 226.367 -0.291791  0.116797  0.503947  -0.12719 -0.347938 -0.338756  0.779562  0.833261 -0.102239  0.733606
point 35 286 185.285 189.511  -0.750814  -0.531775  -0.453992  -0.241114 0.00359687   0.379483   0.912281  -0.863197  -0.905536   0.735391
point 36 290 86.7182 179.522 -0.694907  0.801873 -0.773295 -0.470995 -0.628365    0.4921 -0.921341 -0.824769  0.533628 -0.972724
point 37 296  200.07 151.044 0.00588966  -0.631009  -0.341203   0.316431  -0.178566   0.648789  -0.664175   0.991321  0.0245453   -0.30158
point 38 301 246.421 206.998  0.147676 -0.452264  -1.04229  0.393441 -0.972145 -0.716477 -0.558578  0.457492 -0.705022  0.108886
point 39 303 250.693 50.2067   0.176792  -0.853947  -0.616426  -0.957833 -0.0649019   0.499962  -0.432748  -0.134656  -0.060399  -0.384179
point 40 309 413.867 213.699 -0.563742   1.00851 -0.959715  0.756903 -0.196914   0.13782  0.676196  0.619634 -0.172195  0.426636
point 41 313 136.811 121.115  0.157086  0.354985  0.166039  0.147498  0.502786  0.735089 -0.378445 -0.578699 -0.134019  0.431303
point 42 316 124.443  180.42  -0.584666  -0.705652  -0.910952  -0.462545  -0.510678 -0.0338955  -0.337418  -0.159848  -0.281505  -0.723228
point 43 319 147.354 167.152  -1.00252  0.202994  0.642431  -0.21579 -0.732034  0.145291  0.739616 -0.321518 -0.999127  0.403585
point 44 330 605.622 231.296 -0.0818171  -0.614247   0.247559  -0.623242  -0.316173   -1.00349   0.786154    0.94387   0.213048   0.496897
point 45 331 607.642 196.931  -0.341377  -0.191642  -0.275346   0.154523 -0.0582143   0.924999    0.82554  -0.533891   0.736035   0.889594
point 46 334 384.784 213.464  -0.31102 -0.389506  0.985008 -0.669171  0.292265 -0.383621  0.106489 -0.808466  0.998869 -0.138795
point 47 350 447.214 178.503 -0.706697 -0.862486  0.994725  0.177455  0.471921  0.863859 -0.692637  0.682884  0.101964  0.572547
point 48 352 397.961 189.069  0.594278  0.373465  0.455451 -0.748308  0.551031   0.69669 -0.590339  0.551864 -0.143551  0.789041
point 49 364 307.982 212.474  0.0796689   0.757925   0.650002  -0.655645   0.866041  -0.526687    -0.5816  -0.919648  0.0687184 -0.0497177
point 50 387 317.343 32.4224  0.706542 -0.663475  0.595732  0.928598 -0.771917 -0.177694 0.0945993 -0.985744  0.656266  0.714046
point 51 398 204.412 225.632 -0.858675  0.898112 -0.661682  0.384569  -1.02448  0.611391  0.720365  0.927252  0.269765   -0.7357
point 52 403 100.686 223.986  0.143406  0.663412  -0.50658 -0.564299 -0.587338  0.497476   1.01029  0.632007 -0.973857 -0.546958
point 53 425 286.785 239.949 -0.475549 -0.392817  0.411136 -0.511477 -0.561487 -0.679169 -0.103841 -0.937701  0.884595  0.850482
point 54 448 97.8175 204.536  0.834214 -0.422143 -0.848058 -0.621918 -0.268398  0.678323 -0.398216 -0.694862  0.588767 -0.370293
point 55 463 211.305 165.416  0.602807 -0.103515 -0.351848  0.546486 -0.806881  0.305283  0.905935 -0.842179 -0.722125 0.0948811
point 56 469  183.78 161.134 -0.135552 -0.786519  0.899053   1.00109 -0.164169 -0.460221 -0.827971  0.813606  0.151094 -0.888485
point 57 472 372.002 200.901  -0.903523 -0.0770532   0.616821  -0.230498   0.883062  0.0302915   0.715584   -0.67089 -0.0139709  -0.589763
point 58 491 240.761 75.7301 -0.819434  0.848538 -0.294263  0.588954 -0.507788 -0.175634  0.550177 -0.321026 -0.273928  0.710504
point 59 503 510.779 183.243   0.349085 -0.0954325   0.696674   -1.04432  -0.174263   0.171858  -0.265223    0.65805   0.961737  -0.930582
point 60 514 472.903 126.068  0.386395 -0.775442 -0.917273 -0.461446 -0.966659 -0.530515  0.603422  0.836264 0.0970254  0.156912
point 61 519 166.682  110.07  0.366838    0.4444  0.603177  0.111745  0.683614 -0.869275 -0.907817  0.913136 -0.349738  0.486301
point 62 529 333.115 202.427  0.422414 -0.399022 0.0348711 -0.308519  0.647574 -0.117217 -0.904043  0.843061  -0.20283 -0.388474
point 63 532 217.978 205.069 -0.834615  0.363866  0.761967  0.866768  0.751326  0.718853  0.164728 -0.498062  0.976333 -0.505688
point 64 533 56.0233   166.6  -0.690481  -0.224678   0.611532  -0.276925  -0.752167  -0.697229   0.594879  -0.252866   0.690078 0.00581749
point 65 541 426.575  224.94  0.335618 -0.777869  0.812281 -0.312583 -0.655286  0.695676  0.818276 -0.601355 -0.972572   0.21953
point 66 543 625.825 200.337 -0.312305 -0.794232  0.612075   0.70682   0.35619 -0.041569   0.81828  0.205411  0.689027 -0.833758
point 67 545  617.51 188.683   0.925729   0.490855  -0.858923  -0.220372  -0.752595  -0.177194 0.00602868   0.805455  -0.558533  -0.711932
point 68 555 577.733 225.925   0.320498   0.332884   0.355421   -1.01888 -0.0195498  -0.501412 0.00808491  -0.163213   0.779285  -0.398805
point 69 559 526.877 203.953  -0.46984    1.0065   0.96746 -0.671175 -0.167422  0.712153  0.564063 -0.643176 -0.609871  0.819816
point 70 568 327.725 214.122 -0.943715 -0.686239  0.972282 -0.696758  0.405179    0.5859 -0.959086 -0.863394 -0.689161  0.160189
point 71 573 138.913 144.843  0.864488 -0.206982  0.205117 -0.494249 -0.246411 0.0761488 -0.674816  -1.00223 -0.322347  0.579914
point 72 574 589.826  183.74  0.842285  0.298251 -0.683781 -0.173856 -0.505412 -0.731441 -0.591291  0.821797 -0.274003  0.200001
point 73 577 532.303   227.8  0.321854 -0.949029    0.5538   0.73294 -0.750487  -0.46768  0.809684  0.684824 -0.464326  0.601179
point 74 588 41.1693 229.057 -0.298391 0.0923299 -0.398723 -0.664078  0.599338  0.604116 -0.546031  0.286096 -0.139053 0.0803818
point 75 600 578.014 199.413  0.908141  0.395042  0.648418  0.548741    1.0239 -0.466622  0.209052  0.481262 -0.331887 -0.818613
point 76 607 445.908  236.04  0.838427  0.334309 -0.338102 0.0625866 -0.429186 -0.443492 -0.425308  0.261879  0.923404  0.793689
point 77 608 1.64648 212.809  0.722346  0.968174 -0.066475  0.692994 -0.115906  0.639595  0.411197  0.754574  0.129844  0.957622
point 78 610 460.407 54.9578 -0.221042 -0.184548  0.766535  0.674144  0.395666  0.465946  0.631559 -0.603187   0.14385 -0.489083
point 79 617 280.926 78.3737 0.0100328 -0.808888  0.233524   0.14391 -0.524865 -0.963636 -0.202246  0.359165 -0.855897 -0.588356
point 80 629 180.623 191.128 -0.401029  0.794269  0.614508 -0.944317   1.00115 -0.282006  0.980358 -0.654602  0.189779  -0.77608
point 81 646 50.8094 221.151 -0.365932  0.663815  0.789288  0.735776  0.357116 -0.710377 -0.308557  0.820006  0.254095  0.450926
point 82 648 552.681 218.985   0.125333   0.420608  -0.717701  -0.912664  -0.709893 -0.0895812   0.642869  -0.975337  -0.307731   0.023388
point 83 661 273.751   151.7  0.265577 -0.570904  0.446189  0.389251 0.0816806  0.154226 -0.879916 -0.740739  0.210783  0.405875
point 84 667 98.3972  141.96 -0.964614 -0.595835 -0.265379 -0.551299  0.756642 -0.724521 -0.505462  0.707858  0.515869  0.423232
point 85 679 522.421 211.934  0.977688 -0.225833  0.148636  0.661312  0.942279 -0.464337 -0.343643 -0.373214  0.880195  0.901641
point 86 681 104.353  203.22 -0.265635  0.595857  0.223636  0.431289 -0.799791  0.135031 -0.843105  0.469052  -0.10834 -0.863941
point 87 691 394.181 173.096     0.560726      1.02887     0.270288    -0.235021     -0.88822     0.097625     0.260474    -0.442532     -0.89185 -0.000745495
point 88 695 301.656 218.307   0.761935  -0.239066   0.399737  -0.388935   0.447377 -0.0415853   0.871903  0.0746242   0.565809   0.812762
point 89 697  159.72 208.167  0.183555 -0.767887 -0.516713  0.945378  0.535887 -0.777194 -0.261659 -0.100617  -0.21834 -0.836936
point 90 706 632.255 191.301  0.970885  0.661403 0.0610632  0.685719 -0.949188  0.752578 -0.135723  0.445551 -0.510097  0.342898
point 91 709 173.255 218.195  0.937832 -0.836739  -1.02454 -0.985084  0.530794  0.809426  0.808832  0.539197  0.159768 -0.459337
point 92 715 636.479 238.526 -0.807136  0.653779 0.0599602 -0.666964  0.302386  0.948737  0.414671   -0.9034  -0.18645 0.0236384
point 93 720 451.591  174.19  0.342498 -0.578052  0.469061  0.355747 -0.745441 -0.953059 -0.600768 -0.873595  0.484319 -0.756904
point 94 748 530.894  216.11 -0.975013  0.107972 -0.439736 -0.870982  -0.58244  0.172856 -0.164505   1.00328  0.722483 -0.423986
point 95 750 613.266 232.412 -0.373832 -0.452753  0.486959  0.298867   0.18518  0.564363 -0.692667  0.728345   0.70097 -0.224131
point 96 752 263.713 125.387  0.802325  0.765547 -0.506484 -0.231884  -0.13777 0.0781818  0.281369 -0.666851 -0.703739 -0.502054
point 97 754 45.1279 195.617  0.081903  0.445079 -0.278491  -0.97872  0.259045 -0.459683  0.874422  0.734153  0.336334 -0.348132
point 98 768 61.4179 199.611 0.0361086 -0.180336  0.166008  0.369557 -0.728864  0.242943 -0.248539  0.435669  0.739988  0.689563
point 99 769 502.493 171.238 -0.892633  0.664362 -0.559651 -0.301089 -0.342765  0.357826  0.803747  0.519093  0.676687  0.176147
point 100 770 613.434 148.281    0.740434   -0.490413    0.683579   -0.405808 -0.00975813   -0.253979    0.501828   -0.798105   -0.884766    0.757723
point 101 771 78.4345 223.314  0.222835 -0.416155  0.758965  0.972189 -0.594979  0.886718  0.720551 -0.286205 -0.447774 -0.628539
point 102 776  319.36 148.382  0.943639 -0.162386  -0.15485 -0.507815  0.665156 -0.830888  0.373541  -0.45664  0.844014 -0.804326
point 103 777 190.355 189.239  -0.660461   0.620677  -0.245356  -0.469516   0.582388  -0.280846  -0.275924   0.543854 -0.0236609  0.0400761
point 104 794 287.841 206.945 -0.453479  0.405852 -0.321315 -0.655893 0.0641447  0.652714  0.428919 -0.466406  0.146183  0.478325
point 105 797 271.655 194.833  -0.737464  -0.684176   0.705941   0.105729  -0.245468  -0.532576 -0.0514207   0.540766 -0.0587839  -0.303407
point 106 815 189.958 155.573  0.125064 -0.268089   1.00007 -0.283331  0.705787  0.575335 -0.427653 -0.640362  0.790877  0.891795
point 107 820 590.693 158.164  -0.722866   0.035541   0.744417  -0.434339   0.538023  -0.271828  -0.371533  -0.465911   0.312029 -0.0629316
point 108 836 538.429 212.961 -0.742121  -0.65145 -0.221266 0.0347927  0.585213  0.252262 -0.333055  0.658403  0.250526 -0.990246
point 109 841 298.731 165.452  0.186119  0.914143 -0.911897  0.929537 -0.401346  0.136835 -0.276051 -0.227022  0.197788  0.458997
point 110 843 200.244 98.4898   -0.38663  -0.182037 -0.0735452   0.473145    0.11403  -0.924121   0.340768   0.237589   0.997917   0.996852
point 111 844 618.724 222.218   0.541819   -0.87663  -0.372134   0.693429  -0.036169  -0.709697 -0.0273281  -0.866059  -0.905352   0.941808
point 112 848 617.328 184.159 -0.420403 -0.177395 -0.904962  0.827895   0.86909   0.58463  0.113176  0.245031  0.749162  0.207332
point 113 862 350.049 202.561  -0.820601  -0.316891  -0.690065  -0.241512   0.600838  -0.534997 -0.0505033   0.371064  -0.924111  0.0778098
point 114 863 537.313 138.678   -0.282047    0.297164  -0.0638579    0.411786 -0.00217384     1.01975   0.0545027   -0.195095   -0.174513    0.564844
point 115 867 81.4515 199.784     1.00406    0.141271   0.0639321     0.62447   -0.489555 -0.00969793   -0.774258   -0.410616    0.605895   -0.095799
point 116 871  628.67 203.906   0.293806    -0.7894  -0.663023   0.123734   0.165907   0.698607 -0.0952087   0.397246  -0.792964   0.905106
point 117 876 349.945  62.481  0.431823  -0.62331  0.930183 -0.230395 0.0163886 -0.952788  -1.00175  0.343439  0.896203  0.268272
point 118 880 334.022 127.197 -0.571646 -0.552209 -0.318666  0.618082   0.59897 -0.273995 -0.286123  0.569917  0.797847  0.595432
point 119 882 180.807  205.35  -0.47387  0.913288 -0.605369  0.549715  0.471648 -0.236016 -0.953238 -0.833886 -0.606434  0.572943
point 120 883 364.195 165.037   -0.212214   -0.242945   -0.680403    0.961317    0.312558    0.566358     0.55207   -0.362875    0.230785 -0.00712101
point 121 888 465.882 153.828 -0.698605  0.746545  0.514632  0.502444  0.416472 -0.851895  0.673034  0.943095  0.128646 0.0481947
point 122 894 454.186 203.533 -0.227521 -0.560046 0.0259587  0.709962 -0.607025 -0.709968  0.848445 -0.391296 -0.981322  -0.86236
point 123 908 360.887 112.378  -1.02382  -0.95864  0.927336 -0.748553 -0.688798  0.966673  0.560433 -0.765169 -0.585616  0.292323
point 124 927 138.069 134.808  -0.0143702    0.876727    0.572732    0.400562   -0.852167    0.344934 -0.00401345   -0.404723    0.778151     0.95649
point 125 936 333.897 163.534 0.000158267   -0.400451   -0.429122   -0.299483    -0.43182     0.88539   0.0569653    -0.72975   0.0699231     0.14078
point 126 942 277.856 218.805 -0.812895 -0.333154  0.661367 -0.504335  0.212318 -0.213767 -0.687756 -0.950852  0.962236  0.472623
point 127 944 406.017 124.998    0.53474  -0.543489  -0.279887   -0.51377   0.712092 -0.0666943  0.0943147   0.302543   0.468138  -0.685333
point 128 952 598.748 195.263  0.726012 0.0753249 -0.431762 -0.251019   0.66654 -0.244557  0.470876 -0.720153  -0.33766  0.775169
point 129 958 430.969 110.741 -0.475539 -0.840642 -0.826848 -0.246028 0.0384904 -0.333602 -0.176127 -0.197661  0.407118 -0.963683
point 130 962 433.432 194.743   -0.17291  -0.261631   0.835637  -0.800221  -0.813849 -0.0299435  -0.478905  -0.493383  -0.106779  -0.172403
point 131 963 46.1985 174.407 -0.0118478  -0.828917  -0.360103   0.390552  -0.848956   0.237239   0.962724  -0.899664  -0.149776   0.498849
point 132 965 346.358 176.637   0.915286   0.576459   0.542373 -0.0259707 0.00494564  -0.451408   0.123051   0.585968   0.952821   0.244237
point 133 971 121.059 195.126   0.643087 0.00722944   0.240047  -0.728952    1.03479 -0.0731379   0.389186   0.972768   0.754884  -0.211653
point 134 973 608.531 163.902  0.164568  0.210722  0.559146 -0.895434 -0.501036  0.234091  0.120579  0.849694  0.608191  0.101319
point 135 974 518.181 230.489  -0.48447  0.756569 -0.748037 -0.950961  0.486598 -0.509503 -0.389087  0.499532  0.488808 -0.397886
point 136 978 439.374 193.712  0.847102  0.658084  0.261193  0.949748 -0.817618  0.365965 0.0954076  0.415817 -0.551936  0.367492

