seq: 212
gt_pose:  4.46186  4.41727 0.289141
odom_pose:  4.71883  3.41862 0.187036
point 0 20 416.755 207.449 -0.533617 0.0677735 -0.776439  -0.44715   0.79768  0.407427 -0.767753 -0.750066 -0.320623  0.144397
point 1 50 564.569 160.359  0.816561 -0.634466 -0.463475 -0.707282 -0.626444  0.296032 -0.675611 -0.779363 -0.534419  0.941893
point 2 71 271.355 53.7528  0.217808  0.187515  0.571795  0.569797 -0.473561 -0.835446  0.726364 -0.617548 -0.639251 -0.296771
point 3 75 638.444 109.979 -0.664885 -0.905913  0.955982  0.532678 -0.787588  0.751992 -0.617746  0.969642 0.0790732  0.309732
point 4 79 446.535 141.432 -0.205137 -0.694998 -0.125574 -0.748996  0.233525  0.974307 -0.743527  0.692805 -0.725134   0.60369
point 5 83 212.721 178.291   0.59452  0.980001 0.0184316 -0.943611 -0.609361 -0.416926  0.263019 -0.445738  0.493059 -0.966249
point 6 96 317.627 203.219   0.41784 -0.358034  0.306676 -0.741021 -0.857187  0.520849  0.749041 -0.374317 -0.253674  0.721645
point 7 112 636.612 234.549  0.00716896   -0.826439   -0.790733   -0.931743   -0.382555   -0.855431   -0.993827 -0.00347331   -0.170755   0.0877104
point 8 135 129.754 172.559 0.471904 0.406889 0.425729 0.342109 0.275887  1.00835 0.589204 0.413089 0.363928 0.732383
point 9 136 137.096 138.675 -0.400608   0.16881  0.712587  -1.01235  0.397939 -0.595396 0.0921236 -0.189409 -0.809855 -0.181532
point 10 213 564.361 159.598    0.54339  -0.179009  -0.726668  -0.092168 -0.0338832  -0.880329  -0.371772   0.705175   0.408539   0.187829
point 11 222 340.529 233.159  -0.684536   0.994904  -0.867285  -0.465508   0.523385  -0.666259 -0.0367394   0.499115    0.39344  -0.448384
point 12 232 288.369 237.004   -0.144671   -0.383387    0.406943   -0.273976   -0.899658  -0.0769715    0.853315    0.765421   -0.924425 -0.00200507
point 13 244 494.514 138.135 0.0446684 -0.875761  0.521435  0.598297 -0.837102  0.719436 -0.319719    0.3227  0.165793  0.259833
point 14 255 536.973 207.067   -0.96117  -0.774259  -0.939124  -0.911715 -0.0356232   0.877358   0.183024  -0.312518   -0.12469   0.332364
point 15 270 460.249 223.928 -0.511773  0.481546 0.0427308 -0.675474 0.0253747  0.188572  0.427638 -0.205409 -0.910011 -0.797804
point 16 297 306.361 185.618   0.533162  -0.141194   0.826729  -0.231486   0.113139   0.482461   0.759817   0.795287 -0.0910894  -0.159793
point 17 341 588.335  200.64  -0.689589   0.126139   0.355733  -0.353049   0.250273  -0.402572  -0.796139  -0.656298   0.852864 -0.0205935
point 18 349 190.922 167.551  0.655251  -0.29726  0.635718 -0.857452 -0.746302  0.112301  0.499129 -0.541889 -0.356641 -0.658638
point 19 357 297.458  230.74  0.416197 -0.195388  0.451634  0.437361  0.587443  -0.11169   0.36021  0.715122  0.462177 -0.206001
point 20 361 160.536 189.159   0.828218   0.711768   -0.33576  -0.499616   0.732949   0.599895   0.282511   0.360379   -0.97523 -0.0397307
point 21 366 226.782 176.093  0.475385  0.809998  0.226201 -0.772853 0.0921327 -0.670327 -0.993202 -0.284195 -0.281967  0.968053
point 22 376 51.2102 150.764  -0.684464  -0.826586   0.632729  -0.311464   0.629871   0.199036   0.275281 -0.0955215   0.586136  -0.222858
point 23 379 192.559 125.226   0.197932  -0.581981   0.124212  0.0431051   0.607839  -0.315866 0.00192905  -0.247204   0.217702    0.23309
point 24 383 327.334 190.451 -0.640711  -0.28089  -1.02767 -0.661176 -0.773774 -0.179776  0.499196  0.505715  0.442915 -0.219394
point 25 390  489.37 222.685  0.363993 0.0651389  0.210693 -0.571144  0.356464  0.856618  0.325281   0.19898  -0.56135  0.427932
point 26 392 101.356 229.533   0.970298 -0.0430458  -0.383287   0.250373   -1.00757   0.897993   -0.69668   0.250047  -0.630554   0.638302
point 27 395 355.484 234.287  -0.699065   0.117964  -0.924378   0.980662   0.868769   0.650201  0.0734974  -0.370747  -0.125451 -0.0275561
point 28 401 579.632 184.692 0.0349822  0.494507  0.251165 -0.447938 -0.584159  0.230802  0.630516  0.795195 -0.881022 -0.629574
point 29 407 577.506 210.802  -0.689597   0.964197  -0.885835   0.643891  -0.762801 0.00208444   0.709961  -0.936786    -0.3912   -0.50141
point 30 426  297.35 187.262  0.913688  0.156794  0.883904  0.339554  0.831675 -0.205965  0.485675  0.325718 -0.877776   0.07086
point 31 445 291.338 146.641 -0.920061 -0.300309 -0.688021 -0.826355 -0.361437  0.742879 -0.313259  0.123396 -0.500988  0.555571
point 32 447 337.188 151.942   -0.36573  0.0901466  -0.899243  -0.808564   0.231079  -0.821989 -0.0864615   0.583382  -0.707114   0.609784
point 33 502 24.4243 199.008   0.248547   0.274418 -0.0535955   0.463921   0.815584 -0.0422366  -0.423516  -0.953149   0.245109   0.127393
point 34 521 229.657 75.7921   -0.821408   -0.357282    0.595062    0.133363   -0.197846 -0.00622541   -0.417256   -0.681883   -0.802489   -0.678735
point 35 526 359.432 169.635 -0.230147   0.93463 -0.318964 -0.807033 -0.232262  0.453134  0.922781  -0.89899 -0.533854  0.907865
point 36 549 215.256 232.552  0.727489 -0.393785  0.869924  0.900183 -0.163237   0.29855 0.0886503  0.511013  0.389475  0.781476
point 37 550 585.084 203.861   0.273378 -0.0512286  -0.732517   0.568318  -0.405832  -0.479096  -0.896565   0.175288 -0.0401166  -0.724593
point 38 556 476.265  206.15   1.02426    1.0405 -0.326474  0.530557  0.948554 -0.191522  0.433508 -0.697125  0.914707  0.268997
point 39 579 238.426 172.587  -0.798975 -0.0872521  -0.811297 -0.0155033   0.954091   0.553501  0.0757459   0.485052   0.234294   0.249014
point 40 586 241.116 169.928  0.0534484  -0.969918   0.716408   0.257301  -0.337351  -0.143132  -0.691806  0.0775883 -0.0549058   0.689796
point 41 590 364.278 181.052  -0.507066  -0.933823   0.720676   0.482848 0.00841885  -0.569276  -0.462205   0.513982  -0.180729  -0.840353
point 42 592 123.451 165.077  0.872056   0.97066  0.666316   0.29397 -0.824168 -0.823265  0.336925  0.835455  0.652998 -0.633301
point 43 605 578.634 188.874   0.953241   0.476217  -0.417723   0.293948   0.162986  -0.399218 -0.0797202  -0.149337   0.911468  0.0814062
point 44 630 461.843 191.048 -0.0776762 -0.0416771  -0.327488  -0.385445    0.69098 -0.0234284   0.516338  -0.205664     0.6146  -0.730554
point 45 668 586.926 17.7332 -0.612188  0.822268 -0.764633 -0.421992 -0.547358 -0.190282  0.124822 -0.521781 -0.844455  -0.51961
point 46 712 215.365 236.912 -0.0857162  -0.693327   0.467943   0.756314  -0.573255  -0.536831  -0.699783  -0.227502   0.822333  -0.145046
point 47 714 141.07 141.06  0.693722  0.463156  0.810879  0.537904 -0.496659  -0.25244  0.787975  0.955561  -0.46001 -0.841228
point 48 718 111.736 165.975 -0.415092 0.0939394  0.922041  0.496898  0.837675  0.868062 -0.487843 -0.649774  0.634472  0.476495
point 49 723 74.5887 234.874   0.128591  -0.951625 -0.0548797   0.168485  -0.363441  -0.372079  -0.383233   0.707385  0.0926489  -0.698503
point 50 730 345.871 199.235  0.720855  0.390552  0.885143  0.869081  0.530152 -0.187863  -0.32346 -0.538534  -0.13299  0.996398
point 51 739 509.185 218.583   0.976788     0.1184    -0.4266 -0.0302365   0.753771   0.173259  -0.920728  -0.247112  -0.175859  -0.682266
point 52 749 566.134 190.844  -0.616889   0.217448   0.651643  -0.665164   0.496061 -0.0280301   0.762675   0.134911  -0.269645   -0.12921
point 53 759 222.514 166.694 0.0782765  0.589356 -0.894688  -0.85347 0.0475592  0.490319  0.876439   0.25618  0.470952 -0.313627
point 54 765 425.522 172.164 -0.954746 -0.211689  0.591918 -0.578406 -0.415993 -0.324584  0.541567 -0.203585  0.420371  0.919445
point 55 785 202.717 173.948 -0.0645004  -0.151346  -0.505235   0.507586  -0.830109   -0.51903    -0.8973   0.678735  -0.702838    1.00237
point 56 803 369.507 139.278 -0.745753  0.996715   0.73239 -0.609704 -0.612824  0.247651  0.125128  0.781594 -0.232433  0.693205
point 57 813 309.995 234.069   0.601575   0.943949  -0.297185  -0.777121   0.309293  -0.803347   0.771697  -0.751041 -0.0172799   0.144761
point 58 817 600.852 102.766  -0.262999   0.484919   0.821435   0.559553   0.602063 -0.0881206  -0.598317   0.598414   0.574991  -0.882781
point 59 823 462.474 109.227  0.0276662  -0.725643  0.0619819   0.742257   0.592537   -0.53335  0.0335167   0.935392  -0.426446 -0.0466116
point 60 831  152.08 233.152  -0.134786   0.399814   0.656259   0.155497   0.397796  -0.828045 -0.0984028   0.535247  -0.718695 -0.0811541
point 61 865 302.682 199.429   0.880436  -0.302629   -0.92415  -0.352954  -0.338002  -0.145953  -0.996355   0.641216  -0.773665 -0.0316968
point 62 872 116.834 73.3709  0.457771  0.863632 0.0518416  0.474961 -0.458316  0.738425 -0.457584 -0.272854 -0.838987 -0.908695
point 63 874 415.922 214.701 -0.829374  0.285789 -0.673842  0.912162  0.288478  0.748107  0.757671 -0.637343  0.254677 -0.739801
point 64 889  602.29 227.103   -0.830885    0.201881    0.805828   -0.242164    -0.98585    0.416163 -0.00753607   -0.706508    0.727016   0.0984776
point 65 911 550.463 15.9252   -0.9866  -0.42091 -0.736203  0.741095  -0.93558 -0.119622 -0.944348 -0.180144  0.518173 0.0888892
point 66 914  152.34 233.869   0.295847  0.0848498 -0.0621337   0.400296   0.351911   0.395651  -0.665388 -0.0696699   0.235447   0.782073
point 67 932 203.839 189.141  -0.157435 0.00174074   0.777019 -0.0573309  -0.181955   0.732106 -0.0208396  -0.984558  -0.235832   0.490603
point 68 951 474.875 170.808  0.149107 -0.877103 -0.147716  0.356018  0.257876  0.017484  -1.01192  0.501436 -0.139667 -0.698541
point 69 964 151.748 178.661  0.903022 -0.268198  0.259606 -0.237673 -0.869238 -0.969118  0.498254 -0.956661 -0.776776  0.671027

