seq: 148
gt_pose: -7.64632  2.39724   1.0248
odom_pose: -7.41869 0.922446  1.18794
point 0 4 432.703  26.425 -0.264058 -0.921025 -0.960414 -0.111352 -0.894663 -0.566566  0.980104  0.754859  0.687375 -0.417672
point 1 8 233.447 217.806 -0.156849  0.281262   -0.4294  0.533811 -0.397854 -0.108443 -0.520347 -0.632103 -0.405472 0.0927949
point 2 13 125.964 150.086 -0.972949  0.852459  0.237719 -0.650505 -0.635347 -0.213235   0.81296  0.669848 -0.322607   0.14142
point 3 27 511.039 145.751 -0.0590104  -0.638098   0.803156   0.267006 0.00603184  -0.618084   0.137671  -0.188164    0.62655  -0.253138
point 4 29 201.917 199.905  -0.943241  -0.105873   0.923088   0.432734  -0.570511 -0.0648274   0.694768  -0.826998  -0.770666  -0.277744
point 5 30 531.484 145.262  -0.721525   -0.89804   -0.88037 -0.0695636    0.59943   0.385328   -0.14649  -0.787178   0.160906   0.134861
point 6 41 266.667 160.689  0.707093  0.326597 -0.200085  0.272095  0.157243  0.286755 0.0414752 -0.667321  0.163033 -0.953039
point 7 58 516.113 232.948    0.74008  -0.486156  -0.460594  -0.809295 0.00910374   0.764299   0.204441  0.0568102   0.662498   0.879748
point 8 63 567.885 205.506  0.202193 -0.755141 -0.826692 -0.280012 -0.676176  0.318226 -0.755913  0.729668   0.18797 -0.531472
point 9 67 320.916 216.016 -0.240331 -0.770897  0.610489 -0.204512  0.526809  0.876377  0.664938   0.70954  0.422873  0.291793
point 10 68 622.708  239.57  0.135276  0.331771 -0.956239  0.466492  0.181736  -0.70685 -0.722842 -0.594262  0.514713  0.647673
point 11 93 590.406 161.899  0.754165 0.0785249  0.162594 -0.814188  0.926866 -0.358561  0.187984 -0.922978  0.586625 0.0435405
point 12 95 273.308 137.274  0.100881 -0.459012 -0.511858 -0.581236 -0.907819 -0.801215  0.444203  0.277152 -0.605339  0.389983
point 13 97 230.246 220.522   0.88218  0.961646 0.0863329  0.368788   0.81727 -0.767528 -0.983202 -0.647531 -0.416458 -0.910096
point 14 100 359.029 172.522 0.0802296  0.645341 -0.189199  0.194325  -0.12301  0.743635 -0.335345 -0.963591 -0.681832  0.496366
point 15 101 443.407 182.511    0.65896  -0.172019   0.395005   -0.74357   -0.21849   0.866925  -0.329203 -0.0233538  -0.935465   0.861882
point 16 105 537.725 110.099  0.518874  -1.04447  0.489834 0.0408831  -0.26114 -0.024426 -0.810324 -0.713534  0.861941 -0.042359
point 17 124 244.882 200.952 -0.542677  0.649925  0.818334 -0.430166 -0.865853 -0.607357 -0.947077 -0.718158 -0.729311  0.806307
point 18 125 388.058 120.012 -0.149606  0.920288 -0.650164  0.680855  0.871708  0.480585  0.902482 -0.324612   -0.1513  0.789572
point 19 127 131.128 205.504  -0.650027   0.613639   0.748446   0.675001 -0.0746385  -0.393484    0.70673    0.25645  -0.698278    0.56681
point 20 142 235.891 194.265    0.431141   -0.149858 -0.00724068   -0.204695    0.211183    0.512047    0.706394   -0.160546    -0.39388    0.456266
point 21 149 139.579 228.212   0.158645  -0.867235  -0.137752    0.32181   0.762162   0.228261   0.673951  -0.657119    0.61113 -0.0334461
point 22 150 408.542 122.748 -0.876265 -0.547023  0.666718  0.318076 -0.615534 -0.408413 -0.962859  0.177041 -0.861611 0.0154214
point 23 153 198.383 201.516  -0.61896 -0.177842  -0.49513 -0.464957 0.0202352 -0.597927 0.0508946  0.326537  -0.83367 -0.686363
point 24 172 296.624 97.1052   -0.36774   0.959981   0.398444   0.992672 -0.0385547  -0.518784  -0.316269  -0.830649   0.712231  -0.533882
point 25 186 617.461 144.681  -0.396659  -0.381927   0.277566   0.414417   0.863736  -0.923886 -0.0360934  -0.489673   0.144592   0.324814
point 26 201 142.543 237.319  -0.607001   0.231471 -0.0697327 -0.0793496  -0.194806   -0.29297   -0.98894 -0.0219816  0.0674773   0.581223
point 27 209 448.038 234.221 -0.220055  0.213729 -0.364429  0.322844 -0.867439  -0.28194  0.586433 -0.869499 -0.299526 -0.693289
point 28 210 286.188 38.9831  -0.293039   0.674265  -0.399807  -0.687102  -0.833716   -0.40394 -0.0221333  -0.736809   0.546791   0.696662
point 29 228 147.623 79.6285   0.469891   -0.89114  0.0107162 -0.0379657  -0.968722   0.948148   -0.63204   0.581829   0.530321  -0.651155
point 30 233 595.34 231.22 -0.189156 -0.464346  0.156894  0.273084  0.356785 -0.229698 -0.885272  0.224442 -0.878781  0.387556
point 31 240 634.366 189.887 -0.570923 -0.652253  0.619771  0.857379  0.816304  0.755844  -0.56103 -0.692308  -1.03988  0.688959
point 32 254 234.519 179.173  0.181208 -0.220414 -0.223251  0.576758  -0.63866  0.417603 -0.415172 -0.946707 -0.766587 -0.442139
point 33 260 320.455 141.601   0.334246   0.642233  -0.297547   0.434154   -0.49276   0.630754 -0.0303688 -0.0651766  -0.141799   0.209933
point 34 268 220.168 196.918  -0.88782  0.169742  0.774193 -0.108347 -0.315845  0.658652  0.498912   0.51618  0.381163  0.825222
point 35 271 294.422 178.315  0.743932  0.495874   1.00856   0.71342  -0.71774  0.909211   0.46817  0.784156  0.805403 0.0163426
point 36 272  167.14 147.179  0.592033 -0.461191 -0.941475 -0.203905  0.295343 -0.430088 -0.720285 -0.573616 -0.140881  0.211607
point 37 281 379.316 220.708 -0.823396  0.327166 -0.196335 0.0132931  0.566737  0.376688  0.655184 -0.184308 -0.457413  -0.39066
point 38 283 323.414  226.42   0.34241  0.338523  0.646428 -0.178128 -0.897965  0.800004 -0.810296  -0.06814  -0.14934  0.712755
point 39 293 305.373 169.017 -0.953706  0.702864 -0.531579 -0.837603 -0.733783  0.735359   1.01366 -0.401093  0.751275  0.506102
point 40 307 510.527 219.789  0.0839498   0.911875  -0.216624   0.628581   0.711608   0.843503 -0.0783511  -0.488917  -0.828903   0.440621
point 41 321 456.339 190.607   0.124838  -0.693019  0.0294188   -0.89882   0.916365 0.00203669   0.301143   0.587307   0.739372   0.543668
point 42 322 435.502 179.082 -0.302382 -0.137557  0.494664 -0.694344  0.969554 -0.625295  0.955543  0.935318  0.336725  0.496995
point 43 328 336.257 98.6714 -0.185903  0.416157  0.295429  0.256238   0.66547 -0.308989  0.767196  0.307842  0.978686  0.813072
point 44 335 35.3433 131.963  -0.739219  -0.813386  -0.235577  -0.755877  -0.359608 -0.0221596   0.744079    0.74583  -0.864437   0.985309
point 45 338 321.447 213.356 -0.477177  0.386583 -0.244778 -0.294607   -0.7087  0.216809  0.647788  -0.92908 -0.468112  0.980915
point 46 342 196.591 230.843 -0.323292 -0.626727 -0.236884  0.872823  -0.72577 -0.799316 -0.482514 -0.426732 0.0686451  -0.68779
point 47 346 522.605 178.123  -0.580085   0.987792 -0.0690564   -0.79893  -0.154679   0.512358 -0.0154047   0.946843   0.833259  -0.140472
point 48 360  106.55 189.943   0.509395   -0.42229 -0.0775735  -0.791055  -0.270766  -0.448702 -0.0153044   0.567499  -0.452863  -0.841687
point 49 370 175.369 136.993   -0.398635     0.90864   -0.989159 -0.00588556   -0.159988    0.611833    -1.01282    0.757698  -0.0790144    0.198934
point 50 399 380.531 228.374   0.89049  0.101368  0.389624 -0.109315 -0.229997 0.0799123   0.49039 -0.691566 -0.644724  0.122291
point 51 405 523.962 176.041 -0.0982699  -0.999091   0.864951   0.714949  -0.207811  0.0273174   0.398872   0.317988    0.49575    0.72414
point 52 406 452.768 208.636 -0.158838  0.916385 -0.748635 -0.493264 -0.884426  0.217208 -0.454224   0.32176  0.874698   0.39248
point 53 424 144.119 104.552 -0.0782509  -0.870766   0.545698   0.336624   0.579379  -0.525536   -0.12899   0.120019   0.853911  -0.102867
point 54 473 159.819  148.49   0.571479   0.296758  -0.673232   0.664366   0.771697   0.213967  -0.601334   0.535269 -0.0529309  -0.212611
point 55 485 139.826 237.451  0.331292 -0.462875 0.0323439  0.677836 -0.903947 -0.817333  0.695368  0.242101  0.665707 -0.511982
point 56 495 621.425 166.713   0.191702   0.675172  -0.136488   0.487168  -0.455841  -0.627341   0.951839   -0.55894 -0.0944647   0.112615
point 57 496 469.653 223.383   -0.894712   -0.736645    0.600919    0.264754    0.871411 0.000946996   -0.842068   -0.439532    0.012361     0.27828
point 58 499 542.752 205.072  0.894144 -0.468873  0.334703 -0.592132  0.140581 -0.129182 -0.120214 -0.189431   0.70888  0.335285
point 59 504 351.963 170.971  0.432442   0.91891 -0.649935  0.336317  0.232595  0.620302 -0.311849  -0.77443 0.0592886 -0.542661
point 60 506 624.627 208.971   0.0370472    0.323328 -0.00706309   -0.635456   -0.972629   -0.683362   -0.668838   -0.565354    0.717595     0.52631
point 61 513 322.338 226.572   -0.37154  -0.642479     0.6219 -0.0492932    -0.5605  -0.621321   0.396275    1.02287   0.642394  -0.380104
point 62 524 428.031  218.13  -0.220828   0.749924   0.308902 0.00903328   0.964396  -0.556373  -0.219731   0.171714    0.29306   -0.77221
point 63 530 248.806 182.629   0.97157  0.342451 -0.215603 -0.808409  0.300389 0.0465645 -0.011684  0.164321 -0.257564  0.919527
point 64 536 140.201 232.658   0.782308  -0.205859    0.79346   0.444826  -0.794053   0.058096  -0.171071 -0.0460866  0.0917857   0.766393
point 65 539 534.334 152.041  0.883697 0.0749318 -0.968457 -0.679749  0.515863 -0.287335  0.952463 -0.706256   0.23169  0.216712
point 66 544 478.033 211.255 -0.0794722  -0.315985   0.704838  -0.169174  -0.694922    1.03029  -0.906924   0.326274  -0.389313 -0.0593599
point 67 558 147.698 170.522   0.84699 -0.522223  0.751836 0.0630342  0.121466  0.751092  0.127139  0.835728  0.311496 0.0317985
point 68 578 585.313 210.426 0.000578326    -0.22443   -0.241939    0.275259   -0.705146    0.530397    0.123066   -0.957547   -0.130145     0.15851
point 69 583 213.353 181.832  -0.44999 -0.284422 0.0726334  0.863964  0.638596  0.372869 -0.633724 -0.577206  0.381157 -0.597184
point 70 591 630.108 205.782   0.952207  -0.675653    0.66132  0.0992736  -0.463029  -0.261008    0.89656   0.173316 0.00421728  -0.518522
point 71 596 590.437 206.798  0.0509295  -0.537453   0.424109   0.123699 0.00231999  -0.464634   0.643761   0.118117    0.58234   0.881157
point 72 598 196.033 193.215  -0.172229   0.610275   0.459963  -0.912938 0.00609518  -0.470203  -0.345831  -0.596732   0.657316   0.603638
point 73 599 546.556 214.679  -0.399332    0.25228   0.728295    0.15584   0.100565   0.940323  -0.180767 -0.0419023  -0.152562   0.538429
point 74 613 511.681 91.1933  0.746472  0.894331  0.992514  -0.68018 -0.813476  0.187562 -0.166312 -0.437805 0.0719422  0.897122
point 75 614 397.274 201.294  0.448218  0.666403 -0.612515 -0.705737    1.0013 -0.317316  0.724432  0.156503   1.03712  0.146312
point 76 622 551.359 168.937  -0.46079 -0.964273  0.480421 -0.126334  -1.01423 0.0446459  0.616982  0.881831 -0.193226 -0.686138
point 77 633 109.978 171.268  0.688206 -0.877836 -0.512883 -0.156479  0.023001 -0.318859  0.928475  0.356862  0.561998  0.232225
point 78 636 98.5829 213.548   0.801476  -0.284525   0.357989  -0.880668 -0.0660346  -0.367771   0.117449 -0.0789618 -0.0273139   0.171249
point 79 641 118.105 197.888    0.57923   0.558873  -0.311829  -0.831962  -0.624723 -0.0790729   0.961466  0.0362011   0.488864   0.725241
point 80 645 529.923 201.969 -0.909942  0.882678 0.0373918  0.329158  0.129798   1.01903  0.343788  -0.46842  -0.36599 -0.234598
point 81 649 311.471 207.597    0.6039 -0.174245 -0.105298 -0.257176 -0.530209 -0.166709  0.201311 -0.551799 -0.945074 -0.264879
point 82 653 237.366 198.474  0.0479285   0.638785   0.937244   0.624547    0.84647   0.726117   0.178224  -0.755493 0.00831863   0.638433
point 83 658 633.785 227.487   0.361146  0.0404947 -0.0804804  -0.267489   0.210779    1.03736   0.656867   0.597463  -0.824751   0.499938
point 84 662  485.41 191.666  0.296942 -0.253277 -0.381002 -0.836389 -0.233579  0.884386   0.57183   1.03026 -0.694165  0.740033
point 85 683  446.01 83.8743   0.316998   0.158202   0.526736  -0.780573   0.761476  -0.749986   0.805226 -0.0921241   0.723358   -1.00534
point 86 690 31.2123 85.5844   0.380176   0.993602   0.161762   0.444431 -0.0414091  -0.759662  -0.811014  -0.316417    0.53024  -0.459342
point 87 705 384.242 239.056 -0.0227959  -0.707765  -0.134305   0.593213  -0.915951  -0.325195   0.925894  -0.576664  -0.433078  -0.397005
point 88 725 556.287 202.157 -0.768849 -0.726396 -0.725711  -0.90995  0.276399  0.368234 -0.827326 -0.768466 -0.463478 -0.261321
point 89 729   379.9 238.328 -0.387823  0.601334   0.48173  0.577022 -0.621303 -0.474905  0.680137 -0.969185 -0.130152 -0.523276
point 90 761 310.826 212.905  0.652464 -0.894377  0.115626  0.520243 -0.811805 -0.810769 0.0373048 -0.604678 -0.678609 -0.898075
point 91 793 231.124 165.282  -0.59972   1.02611  0.324017  -0.27363 -0.661166 0.0769615  0.131541 -0.484954  0.419115 0.0548276
point 92 798 512.447 142.308  -0.47612 -0.840237  0.958426  0.521529  0.509468  0.584151    0.6977  0.861275 -0.951929 -0.568391
point 93 800 519.418 142.204    0.604677   -0.986725   -0.560253  -0.0986072    0.801124 -0.00587963   0.0915919    0.783643   -0.458557    -0.49112
point 94 806  579.76 238.543    0.86858 -0.0440559  -0.587883  0.0387497   -0.68872  -0.340757   0.393563  -0.322621  0.0996247 -0.0602982
point 95 814 71.8681 192.492 -0.567827  0.162442 -0.284779 -0.215186  -0.82738  0.634376  0.923307  0.727047 0.0645301 -0.817358
point 96 816 372.162 177.193  0.592799 -0.280999 -0.859029  0.451255  0.286081 -0.355934 -0.481925   0.98934  0.373896 -0.229133
point 97 827 242.966 172.138 0.0882532 0.0530649 -0.157846  0.553052  0.322024 -0.839163  0.169533  0.288838 -0.122996 -0.307542
point 98 854 527.216 224.401   0.624373   0.124299   0.433478  -0.719565 -0.0812733   0.944814 -0.0669924 -0.0945024    0.20856   0.951106
point 99 856 510.034 194.248 0.0509085  0.648245  0.436565 -0.639813 -0.570105 0.0294365  0.561875  0.848224  0.316408 -0.546993
point 100 858 548.227 138.744  0.468919  0.248163 -0.137252 -0.067388  0.729051  0.864229 -0.486206  0.168415 -0.788164 0.0028101
point 101 859 175.349 226.034  0.476032 -0.801867 -0.264617   0.69472  0.485124  0.807404  0.875675 -0.910882  0.228672  0.878965
point 102 864 116.372 221.882 -0.023395 -0.540472  0.707388  0.766205 0.0775598  0.912829 -0.530995  0.336793 -0.259582  -0.92299
point 103 875 130.871  239.18   -0.7476  0.773373  0.481311  0.356655  0.535922 -0.150821  0.872355  0.622727 -0.184544  0.786922
point 104 893 263.553  234.42  0.055969 0.0253354   0.28339  0.470138 -0.691988 -0.287324 -0.015471  0.404806  0.128529  0.265398
point 105 899 411.061  183.87 -0.491363 -0.544948  0.611453 -0.726485 -0.891497 -0.185501 -0.917603 -0.860056 -0.659071  0.317397
point 106 913 280.713 211.265 -0.845884   0.06395 -0.829171   0.53153 -0.363082 -0.803864 -0.887535  -0.17445  0.948623  -0.76548
point 107 933 116.842 152.653 -0.781492  0.352904  0.492671 -0.277431  0.656237  0.194179 -0.506058  0.036261 -0.993343  0.827187
point 108 934 358.193 169.834  0.376815 -0.586948  0.739438  0.201867 -0.922572  -0.33851 -0.809541  0.870981  0.608491 0.0476748
point 109 937 566.421 235.146 -0.444923 -0.574054 -0.501219  0.014283  0.504559 -0.267353   0.11314 -0.235745 -0.284462  0.535193
point 110 945 129.333 181.138 -0.950881  0.194345  0.766816 -0.719702 -0.860041  0.782972  0.538311   0.83948 -0.898998  0.541698
point 111 946 563.616 86.2813   0.22298   0.87141 -0.449033  -0.83436  0.575179 -0.914797 -0.254446   -0.7761 -0.473722 -0.601762
point 112 955 324.025 213.452 0.0918815  0.282207  -0.74914 -0.271432  0.385773  0.327847 -0.691134  0.172359  0.674873  0.231542
point 113 960 380.587 173.712 0.0126595 -0.708857 -0.701657  0.971968 -0.649263 -0.169545 -0.920122 -0.487646   0.65297  0.175633
point 114 980 507.239 205.456  0.550315  -0.22005   0.60462 -0.556327  0.512056  0.449464 -0.875438 -0.233905  0.309112 -0.687384

