seq: 27
gt_pose: 3.74346 2.58473 1.70853
odom_pose: 4.04711 2.32589 1.57194
point 0 15 406.269 156.671    0.76072   0.695316    1.00093   0.532884    0.79173   0.924161   0.334577 -0.0105639  -0.711099    0.69282
point 1 22 551.809 200.222  0.403795 -0.804404   0.42004 -0.233952  0.554673  0.895782  0.842773  0.686317   -0.6136  0.614042
point 2 37 170.828     205   -1.0469  -1.01193  -0.34412 -0.430836  0.323861  0.764195 -0.671547 -0.334001  0.359088  0.768039
point 3 39 131.584 107.935  -0.523045   0.841736   0.096147   0.869616 -0.0273402   0.133395   0.888004   0.633954   0.601455   0.209705
point 4 53 276.101 142.082  0.796146  0.322245 -0.293015 -0.883737  0.510608  0.586807  0.373033  0.401276  0.801004 -0.369211
point 5 61 447.038  100.53  0.171386  0.466403  0.519013  0.854708 -0.817689  0.569968  0.901518 -0.791406 -0.422233 -0.538304
point 6 71 545.202  92.951  0.146468  0.223855  0.549167   0.55778 -0.389955 -0.891008  0.747191 -0.653343 -0.601879 -0.270077
point 7 76 161.433 175.166   0.395735  -0.181859  -0.623842   0.721915  -0.717046   0.363674  -0.376206  -0.306468  0.0688382 -0.0668004
point 8 77 246.018 222.776 0.0363283  -1.02034 -0.500432 -0.581132  0.414275 -0.110103 -0.546989  0.292356 -0.604354 -0.343087
point 9 89 322.668 225.004    0.5957 -0.673697  -0.35269 -0.341092  0.307717 -0.647571 -0.516583 -0.981771 -0.684137 -0.178164
point 10 103 214.346 217.801  0.461828 0.0562783  0.525016 -0.137646 -0.292549 0.0840425  0.716587 -0.881483  0.423928 -0.569854
point 11 106 353.415 232.433  -0.257055   0.999801  0.0732652  -0.157073   0.442001   0.143825  -0.166951  -0.934965   0.518361 -0.0859801
point 12 130 397.305  166.55  0.830443  0.250563 0.0616505  0.986061  0.527692 -0.260539  0.994339 -0.933065 -0.425243 -0.510957
point 13 133 594.681 178.366  -0.468065  -0.684647  -0.789209   0.382667  -0.856968   -0.72044  -0.540178   -0.42653 -0.0922737   0.348146
point 14 134 463.387 28.7308 -0.351213 0.0775849  0.395339  0.881329  0.682716 -0.316346  0.885651  0.724795  0.594518 -0.778756
point 15 135 448.315 202.767 0.515064 0.456577 0.432425 0.330975 0.270596  0.93149 0.597821 0.430193 0.333534 0.692821
point 16 136 451.772 181.215 -0.424249   0.18773  0.669987  -1.01981  0.373739 -0.654995 0.0718721 -0.218544 -0.819215 -0.212237
point 17 157 378.374  236.69 0.0262966  0.105494  0.651247  0.514834 -0.789455  -1.01086  0.250722  0.567462 -0.765793  0.455218
point 18 161 430.155 116.217    0.494597    0.971267 -0.00383808   -0.472313   -0.387522   -0.796084   -0.458908   -0.333412   0.0240326    0.612875
point 19 180 326.229 180.965 -0.131338 -0.511965 -0.710382 -0.654941  0.158902  -0.96717 -0.153729 -0.198191 -0.205225 -0.266321
point 20 181 27.2554 179.963   0.786028   0.583967  -0.191849  -0.208064  -0.130617   0.814663 -0.0460887   0.902396   0.627046  -0.335644
point 21 189  115.32 225.507    0.89946 -0.0421398  -0.908671  -0.841711 -0.0762524     0.8632   0.661599   -0.40396  -0.363995   0.150146
point 22 208 40.9714 200.935 -0.962614  -0.29534 -0.846546 -0.111313 -0.280924  0.851238  0.917249 -0.616428  0.776829 -0.836855
point 23 226 85.2756 117.464   0.009921   0.454004   0.509689    0.60506   0.910354   0.497149  -0.904737   -0.83819 -0.0611478   0.433036
point 24 229 197.278 196.563  0.967401  0.095364  0.321537 -0.722213  0.956118  0.169139  0.430415 -0.381082  0.148007 0.0999755
point 25 232 605.483 236.516 -0.0934441  -0.341732   0.376957  -0.297684  -0.938913 -0.0408195   0.832352   0.725403  -0.981355 -0.0462623
point 26 241 558.316 189.816  0.291674  0.128634   0.63612  0.113008  0.652203   -0.8628  0.179633  0.841823  0.356127 -0.250623
point 27 275  220.2 171.24     0.92896 -0.00594974    0.513236   -0.756169  -0.0227451    0.112593   -0.313578    0.422969   -0.553216   -0.112787
point 28 285 34.6252 144.534 -0.551486 -0.176732 -0.534253  0.996869  0.911233  0.795229  0.263239  0.615171 -0.342932  0.400231
point 29 310 380.219 158.035  0.545606  0.206373 -0.659779 -0.781641  0.677693 -0.176946 -0.811201 -0.357245  0.763121 -0.625381
point 30 320  243.12 227.677  -0.106365   0.701966    0.97858 -0.0127862   0.606175   0.197303  0.0211337 -0.0413615   0.174486   0.298908
point 31 332 59.7882 210.102  -0.263299  -0.147644 -0.0494268   0.307824   0.687455   0.814015   0.772668 -0.0647753  -0.768835  -0.511945
point 32 343 460.087  194.86 -0.012101 -0.940247 -0.364887 -0.787586  -0.21008 -0.112978  0.316113  -0.90872  0.584043 -0.483278
point 33 357 596.686  230.46   0.407201  -0.263073   0.528522   0.412747   0.580665 -0.0945706    0.29281   0.745418   0.462163  -0.234869
point 34 366  530.51 175.164  0.397861  0.777712  0.168465  -0.77677 0.0979909 -0.715437 -0.992562 -0.260195 -0.312761  0.983238
point 35 379 486.244 158.349   0.227986  -0.587728   0.122644  0.0806649   0.556988  -0.257457 0.00536224  -0.188049   0.159166   0.270375
point 36 391 618.306 226.976  -0.810771  0.0191149   0.219185 -0.0639098  -0.302424  -0.408222  -0.293193   0.350554  0.0684076  -0.989685
point 37 393 241.269 221.008     0.542277    0.0886595     -0.24324     0.293581     0.967489    -0.109862    -0.638948     0.167844     0.753039 -0.000787183
point 38 402 156.258 219.158   0.305676  -0.239057 -0.0181643   0.932251   0.481285  0.0493188 -0.0544209   0.476635   0.984478  -0.339365
point 39 404 137.994 177.634 -0.0585119  -0.938814     0.2089  -0.447032  -0.183319  -0.529478   0.349032   0.859623  -0.567827   -0.25304
point 40 411 394.513 229.922    0.42115   0.922597   0.869934    1.01403   0.448969  -0.593374   0.878519  -0.274972  -0.876604 -0.0800678
point 41 445 616.967 125.483  -0.95535 -0.267747   -0.6644 -0.840213 -0.316766  0.785324 -0.267712  0.131622 -0.510482  0.564955
point 42 449 392.136 138.139  0.0328386  -0.381014   0.851047  -0.496902 -0.0517835  -0.585344   0.575962 -0.0156395  -0.287928  -0.261885
point 43 450 223.932 173.718   0.446382   0.274994   0.662132  -0.603297    1.01005   0.508256 -0.0168104  -0.830009   0.830057   0.684954
point 44 453 92.6545 236.143  -0.369552    0.31496 -0.0295146   0.079757   0.343046   -0.56455  -0.903548  -0.221692   0.516799   0.258277
point 45 458 256.655 195.882 -0.828651  0.154587 -0.743531  0.393095  0.570572  0.425268  0.717922  0.103383  0.870484 -0.540543
point 46 464 238.217 234.812 -0.0128615  -0.924225  0.0676283  0.0568102  -0.449326   0.184023   0.421285    0.42418  -0.624456    0.22338
point 47 478  90.655 203.104  0.176288 -0.743203  0.551463  0.810793 -0.379478 -0.383122  0.195794  0.187594 -0.416718  0.815239
point 48 487 396.109 170.441 -0.849727  0.989489 -0.734467 -0.946395 0.0168571  0.586627 -0.319579 -0.906066  0.346601 -0.168192
point 49 505 247.485 197.811 -0.654912 -0.258198  0.214181  0.232822 -0.810739  -0.50496 -0.873764  0.955247 -0.482862 0.0073683
point 50 517 380.651 184.676  -0.372118 -0.0856408  -0.782663  -0.486999   0.368148   0.156059 -0.0793966  -0.755326   0.717481  -0.448321
point 51 520 168.703 173.011 -0.336468  -0.91502  0.334255  0.360485  0.836931  0.424678  0.403419  0.182721  0.231057 -0.239119
point 52 521  496.85 150.842 -0.793696 -0.332804  0.605884  0.139636 -0.199457 0.0293931 -0.394677  -0.71436 -0.818577 -0.640412
point 53 549  503.19 234.407   0.782618  -0.428531    0.93308   0.929956 -0.0955551   0.296447  0.0324794   0.465783    0.38137   0.717064
point 54 561 107.431 225.563 -0.943087 -0.326752  0.733807 -0.160576 -0.900739 -0.740269 -0.101299 -0.963271 -0.394491  0.735764
point 55 579 529.254 180.998  -0.862826  -0.137962  -0.816692  0.0143011   0.987376   0.498481 0.00908326   0.565417   0.202346   0.297004
point 56 581 449.512  237.32 -0.656801 -0.535737  -0.33403  0.991758 -0.936638 -0.171173   -0.1539 -0.805307  0.877875 -0.116238
point 57 586 529.125 180.464 -0.000731026    -0.950928     0.705534     0.221024    -0.277759   -0.0808288     -0.67123     0.109177    -0.102967     0.727514
point 58 603 326.105 56.5604   1.01567  0.585481  0.717539  0.233899 -0.761935  0.444445 -0.875424  0.757625 -0.530843  0.686101
point 59 614 16.0686 190.058  0.495601  0.637264 -0.614371 -0.771342  0.932457 -0.330606  0.730224  0.151222   1.01067  0.165576
point 60 616 93.1198  227.03    0.804251     0.58845    0.480926    0.386967   -0.988325   0.0178928   0.0185395    -0.63384    0.268243 -0.00359147
point 61 627 309.988  119.25 0.0998786  0.896114 -0.668649 -0.551777 -0.793472  0.295255 -0.834245 0.0772419  0.256059  0.579598
point 62 628 365.082 211.163 -0.670983 -0.192236  0.182923  -0.37606 -0.245088  0.916524  0.645925 -0.416254  0.490957  0.839153
point 63 669 134.134 234.052  0.512289   0.68304 -0.714564 -0.428424  0.154089 -0.608675 -0.035522  0.957336   -0.2463 -0.320416
point 64 678 268.431   167.3  -0.821935  -0.935596  -0.336504  -0.421583  0.0338754  -0.971181   -0.92509 -0.0934535   0.249801  -0.326674
point 65 704 374.999 192.108 -0.429177   0.17345  0.397382 -0.159559   -0.5161  0.853703  0.563053  -0.95465 -0.455301  0.625479
point 66 705 3.32903 238.867 -0.00511699   -0.695509   -0.109596    0.541383   -0.947313   -0.354776    0.882621   -0.609219   -0.382357   -0.380827
point 67 712 512.262 237.248 -0.0973126  -0.668166   0.451954   0.810698  -0.621823  -0.528381  -0.750534  -0.181216    0.81094  -0.148766
point 68 717 449.806 104.118  0.944057  0.671017 -0.898967 -0.221498 -0.376098 -0.749369 -0.636102  0.764938 -0.389037  0.670188
point 69 759  523.58 168.814  0.121207  0.572773 -0.893913 -0.821754 0.0856626  0.414669   0.92555  0.273907  0.442896  -0.33635
point 70 780 216.184 239.488  -1.01807 -0.210281 -0.328371  0.114134   0.96206  0.566397  0.544291 -0.801859  0.258862  0.971399
point 71 785 500.875 182.788 -0.0952312  -0.102909  -0.537188   0.586871   -0.88189  -0.526798  -0.824897   0.708605  -0.664763   0.966583
point 72 792 618.475 187.026 -0.00767211    0.104067    0.501589    0.539246    -1.00763    0.743128    0.591785  -0.0808043   -0.463583   0.0921582
point 73 816 23.8796 167.273  0.606849 -0.285187 -0.884115  0.467866  0.268923 -0.360027 -0.447601  0.978952  0.397767 -0.212096
point 74 831 459.895 235.703  -0.150946   0.456702   0.691895  0.0857113   0.357273   -0.85213 -0.0218848   0.579278  -0.680807  -0.108338
point 75 832 10.6417 150.015   0.71144  0.949626 -0.339732  0.687218  0.705788 -0.472484 -0.701306  0.787661 -0.761004 -0.882883
point 76 847 132.334 199.567  0.161237  0.468146  0.368186  0.911335 -0.783596 -0.686691 -0.331179 -0.825479 -0.828141  0.236371
point 77 868 372.579 194.872    0.683727   -0.392548   -0.860154   -0.063093   -0.636788      -0.444    0.906378   -0.888293 -0.00248671    0.541503
point 78 872 443.112 156.159  0.453961  0.847809  0.106481  0.491775 -0.461292  0.751433 -0.507423 -0.277251 -0.845218 -0.963354
point 79 877 192.665 176.336 -0.653832    0.8756  0.750717 -0.957751 -0.124876  -0.95764  0.854122 -0.643903  0.421985  0.472332
point 80 897  285.82 191.647   0.200767   0.842703   0.954875   0.593943   0.130056  -0.785789 -0.0945402  -0.239923  -0.889466   0.244111
point 81 932  502.08 195.628 -0.0876997 0.00647297   0.822621 -0.0288613  -0.132946    0.66053 -0.0148141  -0.894405  -0.235184   0.516436
point 82 934 23.1202  163.42  0.297889 -0.567357  0.778485   0.19004  -1.00913 -0.375836 -0.792764  0.824471  0.606379   0.02637
point 83 947 275.046 181.391  -0.35124 -0.914511  0.816351    -0.559 -0.539108  0.941025   0.63343 -0.781189 -0.907188  0.675867
point 84 953 174.303 166.318  0.0369528   0.581919    0.73929  -0.623194  -0.135502 -0.0257387  -0.454943   0.722564  -0.647742   0.729443
point 85 968 36.0867 18.1242   0.0710292   -0.351761   0.0978925  -0.0860407    0.927818   -0.191857   -0.701158 -0.00550133   -0.680588   -0.986338
point 86 972 224.152 157.252  -0.657618  -0.527774   0.923944 -0.0214366   -1.02857  -0.554745  -0.777755  -0.284736  -0.679154   0.679947
point 87 975 583.782 215.848  -0.77801  0.433666  0.679918 0.0173799  0.711964  -0.13795 -0.819094  0.326573 -0.011756 -0.302784
point 88 984 257.737 179.203 -0.384682 -0.845561 -0.957462 -0.535821  0.484017  0.611871 0.0287948  0.440469 -0.520566  -0.65753
point 89 992 551.836 179.953  0.413245  -0.67659 -0.166363  0.376176  0.897106 -0.627931 0.0125243  0.778058 -0.831619  0.956426
point 90 993 220.464 176.644 -0.200851  0.943108 -0.438967  0.737303 -0.110605  0.364179 -0.230588  0.100978  0.369591 -0.305496

