seq: 159
gt_pose:  -5.85131   3.50015 0.0629517
odom_pose: -5.74157  2.29855 0.156212
point 0 27 396.311 39.0492 -0.0284471  -0.719445   0.752362   0.273724  0.0690534  -0.594875  0.0975634  -0.147017    0.62937  -0.252581
point 1 30 371.574 105.983  -0.765172  -0.934683  -0.910096 -0.0669419   0.575209   0.431571 -0.0778674  -0.735706   0.138835   0.148354
point 2 58 344.739 230.658    0.685809   -0.545771   -0.500066   -0.876424 0.000587026    0.782775    0.181288   0.0823528     0.61015    0.927288
point 3 63 349.456 210.558  0.190689  -0.72586 -0.812085 -0.218012 -0.739506  0.328764  -0.80565   0.78039  0.124492  -0.59335
point 4 72 590.678 214.286 -0.770963  -0.36756  0.736104  0.175925 -0.743008  0.572274   0.45758 -0.166793 -0.229639 -0.243818
point 5 88 405.837 235.701  -0.265662 -0.0197521   0.359695  -0.949786   0.303813   0.232275   0.354752  0.0523849    0.75433  -0.532313
point 6 92 512.112 207.235  0.144595  0.755191 0.0787429  0.990543  0.286841  0.274651  0.975874  0.592165 -0.266017 0.0465717
point 7 93 400.017 155.557   0.758065  0.0997387   0.215101   -0.82384    0.94481  -0.307322   0.140556   -0.96206   0.605218 0.00980965
point 8 101 258.004 152.875   0.60438  -0.25458  0.385918 -0.718855 -0.218469  0.832551 -0.285624 0.0543849 -0.903053  0.897994
point 9 111  419.69 232.375  0.0384444    1.02535  -0.880989  -0.966817 -0.0998954  -0.327901   0.954973  0.0292119   0.201267   0.458083
point 10 146 633.506  170.23  0.952908 -0.567818 -0.687724 0.0850664 -0.679167 -0.159527  0.990412 -0.485696 0.0761961 -0.706059
point 11 160 49.0144 144.031  0.0418539    0.35701   0.182175  -0.672085   0.615979  -0.357744   0.764722 -0.0783557   0.309263   -0.38395
point 12 166 476.183 199.727 -0.590954   0.36285 -0.641414 -0.500382 -0.632314  0.306602 -0.758907  0.118341  0.140773 -0.667852
point 13 181 261.742 196.034    0.76179   0.548065  -0.201601  -0.148328  -0.142601   0.836031 -0.0488328   0.940209   0.606755  -0.305394
point 14 186 374.181 166.617  -0.396517  -0.421061    0.36788    0.38237   0.914566  -0.878214 -0.0632588  -0.526408   0.137077   0.286073
point 15 189 211.929 225.488   0.936828 -0.0323388  -0.923496  -0.855979 -0.0475419   0.881145   0.687915  -0.477495  -0.408846   0.184802
point 16 192 121.358 178.032   0.478953  0.0731522   0.438959   0.303182  -0.855752  -0.140883 -0.0347057  0.0663555  -0.310432  -0.505895
point 17 193 17.4902 168.861    0.99286  -0.724972   0.965769   0.808016   0.453132  -0.942557   0.955835   0.628728   0.827946 -0.0831595
point 18 208 165.654 180.122 -0.905585 -0.265817 -0.849802 -0.105194  -0.30169  0.850614  0.918006 -0.622625  0.775747 -0.812456
point 19 209 263.911 231.473 -0.265098  0.148125  -0.37252  0.331196  -0.91392 -0.319083  0.635812 -0.863537 -0.342873 -0.660953
point 20 216 494.178 202.867  -0.669238  -0.896993   0.847934  -0.775442  -0.575655  -0.864948  -0.306433  -0.217368 -0.0465243   0.813142
point 21 233 367.667 232.702 -0.193622 -0.441519  0.186412  0.242611  0.322954 -0.236836 -0.887035   0.20898 -0.885703  0.401963
point 22 245 470.495 203.662 -0.622373 -0.370484    0.3968 -0.688513 -0.446001  0.365029  0.905634 -0.640985  0.228012  0.737506
point 23 251 416.342 232.256 -0.0224754  -0.565612   0.209074   -0.82161   -0.46194   -0.13955   -0.53231   0.272359  -0.159045   0.313633
point 24 262  489.69 192.483  0.109014   0.30389 -0.362992  -0.52986  0.917818  0.969704 -0.905984 -0.394622  0.384101  -0.39917
point 25 281 74.4951 174.069  -0.813866   0.373264  -0.246186 0.00354954   0.544143    0.28587   0.666813  -0.240821  -0.434272   -0.47693
point 26 285 225.968 141.597 -0.568281 -0.136562 -0.538561   1.04537  0.937663  0.788196  0.269557  0.588667 -0.406469  0.385438
point 27 307 333.915 214.371   0.131051   0.900925  -0.252561   0.618491   0.666386   0.875308 -0.0381258   -0.46612  -0.847245   0.462585
point 28 321 270.707 177.489  0.0929308  -0.692012 -0.0589166  -0.967625   0.967001 0.00573688   0.282702   0.589378   0.775067    0.53757
point 29 322 247.012 147.136  -0.22709 -0.151542  0.518042 -0.770174   0.93645  -0.66727  0.930815  0.940286  0.345414  0.547413
point 30 331 621.728 204.593  -0.341585  -0.278073  -0.305121   0.106174 -0.0777783   0.894943   0.870714  -0.549431   0.734736   0.838093
point 31 332 90.1567 177.113  -0.268616  -0.175872 -0.0597449   0.365464     0.7405   0.856361   0.711766 -0.0846447  -0.804508  -0.530606
point 32 334 584.385  213.16 -0.382129 -0.403614  0.994021 -0.745852  0.229269 -0.362896   0.11496 -0.800849   0.93016 -0.104442
point 33 337 125.067 217.958 -0.111219  -0.20183  0.338043 -0.471146 -0.459366  0.528752 -0.257044  0.397839  0.812224   0.39732
point 34 344 88.7365 227.162 -0.423705  -0.22181   0.14373 -0.657496  0.873824  0.785484  -0.37916 -0.341505  0.680828  -0.08356
point 35 346 322.504 180.733   -0.560117    0.956767  -0.0196164   -0.802783   -0.150442    0.545728 -0.00685254     0.98039    0.856908   -0.137696
point 36 352 479.639 215.614  0.575819  0.387449  0.425097 -0.734854  0.613386  0.692539 -0.596321  0.531424 -0.151933  0.860941
point 37 399 95.7611 204.456   0.935238   0.110453   0.408481 -0.0895085  -0.274234  0.0955145   0.501585  -0.677185  -0.609122   0.122766
point 38 404 211.418 179.531 -0.019267 -0.955135  0.175196 -0.432514 -0.161339  -0.55692  0.293133  0.799603 -0.485244 -0.248633
point 39 405 323.812 178.652 -0.0849725  -0.945547   0.903905   0.695558  -0.207123  0.0832098   0.328154   0.271666   0.456825   0.760576
point 40 406  266.76 199.946 -0.149154   0.93712 -0.661448 -0.539788 -0.863524  0.301379 -0.450708  0.339317  0.812502   0.38185
point 41 428 464.766 96.7448 -0.506547  0.108763  0.614692 -0.845078  -0.31215  0.512577  0.291936 -0.419601 -0.154429  0.122613
point 42 453 168.709 234.694 -0.385146  0.333953 -0.108358 0.0671448  0.277925  -0.58952 -0.886227 -0.255877  0.536872  0.263176
point 43 472 539.606 208.312  -0.840844  -0.104286   0.616948  -0.191923   0.913204  0.0951703   0.733673   -0.73989 -0.0597123  -0.561671
point 44 478 246.762 211.553  0.171028 -0.712481  0.533917  0.779813 -0.450907  -0.45079  0.230746  0.165841 -0.408501  0.881728
point 45 494 481.569 133.061  0.379308 -0.152357 -0.324318 -0.989965 0.0775178 -0.826387   0.55434  0.382709 -0.205883  -1.00083
point 46 496 491.508 117.074  -0.941226  -0.719052   0.559225   0.254987   0.898134 0.00664873  -0.881029  -0.437386  0.0205695   0.221459
point 47 499 334.558 208.517  0.841996  -0.43375   0.41395 -0.573269  0.174511  -0.13778 -0.135127 -0.241608  0.724428   0.29019
point 48 514 487.668 188.688  0.378262 -0.829321 -0.878405 -0.456429 -0.912841 -0.460507  0.645655  0.817305   0.17515  0.201708
point 49 524 233.186 191.268 -0.241894  0.701261  0.295872 0.0727806  0.948514 -0.481536 -0.191836  0.178744  0.216361 -0.764806
point 50 527 522.268 226.315   0.756254   0.440786  -0.910063   0.997197  -0.532974   -0.45204 -0.0858564    0.71098    0.66636    0.70632
point 51 534 84.6298 180.881   0.314944   0.342489   -0.21249  -0.983711  -0.126934 -0.0958285   0.390172  -0.334985  -0.302651  0.0914785
point 52 539 338.915 149.991  0.802727  0.100372  -0.98599 -0.673749  0.505051 -0.320749    0.9333 -0.689173  0.205306  0.220849
point 53 541 472.978 233.636   0.32591 -0.832919  0.881257 -0.332164 -0.671199  0.664436  0.814505 -0.623557 -0.963958  0.288918
point 54 544 290.248 207.594  -0.165578  -0.304103   0.723903 -0.0910774  -0.706542   0.976736   -0.92759   0.387769  -0.402547 -0.0100361
point 55 561 196.923 223.711 -0.940027 -0.283313  0.758277 -0.162164 -0.954315 -0.765877 -0.100265  -0.92574 -0.367702  0.655837
point 56 596 356.386 214.134 0.0130339 -0.459492   0.44738   0.17751 0.0013881 -0.408947  0.642403  0.114162  0.619959  0.929562
point 57 607 515.578 237.642  0.877731  0.403389 -0.350179  0.117441 -0.346731  -0.35803 -0.363704  0.221738  0.977857  0.795276
point 58 610 480.537 160.487 -0.233538 -0.170489  0.749627  0.680667   0.41261  0.489706  0.685985 -0.651237  0.168526 -0.446665
point 59 614 181.288 166.747   0.43771  0.647932 -0.667313 -0.694903  0.965043 -0.358042  0.762732  0.167476  0.956522  0.139288
point 60 616 172.499 222.551   0.824397   0.573707   0.489026   0.407644  -0.998207 -0.0719647  0.0272307  -0.643704   0.247662 -0.0299641
point 61 631 439.284 227.675     -0.8452   0.0375891   -0.680241 -0.00907985    0.322494  -0.0827641   -0.237303   0.0510773   0.0240523   -0.322817
point 62 662 323.474 159.731  0.326966 -0.329633 -0.307584  -0.80857 -0.221187  0.847858  0.570528  0.979097 -0.748968   0.76743
point 63 689 459.146 105.805    0.88053  -0.435292  -0.473022 0.00707338   0.717209  0.0988246  -0.728581  -0.239895   0.893624   0.882157
point 64 691 495.264 202.633  0.555223  0.988749  0.262012 -0.229474 -0.929945 0.0461019  0.268837 -0.451492 -0.885762 0.0716546
point 65 705 144.125  237.91 -0.065501  -0.74134 -0.186698  0.523926 -0.921706 -0.265196   0.92008 -0.583723 -0.424241 -0.457622
point 66 725 351.428 203.997  -0.74851 -0.726723 -0.698841 -0.930808  0.289434  0.370121  -0.85113 -0.751205 -0.495894 -0.183611
point 67 726 417.243 192.537  0.993213  0.504361  0.533669 -0.673229  0.221362  0.649513 -0.756619 -0.915513 -0.854422 -0.837405
point 68 750 584.413 234.769 -0.418829 -0.506037  0.563586  0.232932  0.201068   0.58919 -0.679845  0.734426   0.69546 -0.196091
point 69 798 336.129 116.151 -0.465267 -0.873738  0.944809  0.524611  0.511359  0.633559   0.65731  0.884647 -0.908276 -0.525486
point 70 800 342.083 118.697   0.532976  -0.991122  -0.584514 -0.0765168   0.778571 -0.0346079  0.0408325   0.813276   -0.45939  -0.492225
point 71 816 108.022 88.0233  0.597294 -0.231196 -0.857388  0.417482  0.224654 -0.329238 -0.471998  0.959911   0.38813 -0.199143
point 72 832 275.324 183.001  0.690649  0.975232 -0.371659  0.619629  0.759684 -0.547091 -0.735761  0.790931 -0.811087 -0.865573
point 73 854 324.072 225.509   0.588597    0.14601    0.43039  -0.795436  -0.144262    1.02465 -0.0517704   -0.11485   0.251209   0.981729
point 74 856 318.582 191.548 0.0496267  0.695388  0.416989 -0.639453 -0.556734 0.0484333  0.488931  0.871522  0.305975 -0.605703
point 75 858 344.989 143.083   0.522206   0.231657  -0.119834  -0.165656   0.734545   0.883736  -0.505873   0.147544  -0.789689 -0.0115474
point 76 862 527.872 210.537  -0.854628  -0.363633  -0.769084  -0.170418   0.609165  -0.528971 -0.0686995   0.396911  -0.924246  0.0403847
point 77 869 139.101 234.554  0.446642  0.779116 -0.783748 -0.571995 0.0554384 -0.748853  0.591664 -0.947377  0.813658 -0.875848
point 78 899 204.199 130.821 -0.486559 -0.559478  0.545017 -0.759991 -0.919304 -0.161196 -0.826262 -0.928795 -0.624703  0.227916
point 79 908 490.553 166.756 -0.966895 -0.923022  0.932536 -0.677733  -0.70466   1.01799   0.63745 -0.824221 -0.557975  0.283278
point 80 909 78.9479 172.668  -0.29451 -0.712383 -0.224351 -0.379275 0.0787819 0.0234095 -0.340831  0.168324 -0.416888 -0.210094
point 81 916 579.699 171.089  -0.394775   0.254272   0.198115  -0.410336  -0.651461  -0.540117   0.624123   0.305577    0.86418 -0.0120165
point 82 934 43.5562 36.2345  0.383601 -0.529696  0.790801  0.154303 -0.945887 -0.372321 -0.834457  0.840929  0.616322 0.0786743
point 83 937 345.613 235.964 -0.492803 -0.633836 -0.482882  0.106743  0.495165 -0.245026  0.127734 -0.191902 -0.239783  0.532743
point 84 944 472.797 189.548   0.493158  -0.448805  -0.286828  -0.596109   0.667606 -0.0695104   0.102753   0.301835   0.424498  -0.637476
point 85 958 529.031 152.981 -0.431106 -0.932228 -0.805128 -0.189919 0.0373931 -0.375022 -0.224204 -0.256952  0.479576 -0.874998
point 86 962 607.951 193.553  -0.162755   -0.28434   0.855061  -0.747437  -0.832072  -0.051671  -0.510469  -0.491237 -0.0664024  -0.170246
point 87 965 552.613 181.286   0.886358   0.606773   0.499152 -0.0410022  0.0253685  -0.498078  0.0775825    0.66175   0.950265   0.199093
point 88 966 143.738 216.538    0.690683    0.353509 -0.00700959    0.596101    0.737614  -0.0423578   -0.776061  -0.0291054    0.756685    -0.54601
point 89 974 621.568 231.063 -0.490473  0.775901 -0.807806 -0.892993  0.498713 -0.483957 -0.467263  0.492459   0.46696 -0.405279
point 90 978 499.594 215.403  0.798527  0.660449  0.244284  0.903607 -0.854634  0.419576  0.133558  0.391517 -0.566414  0.365263
point 91 980  328.41 197.045  0.488285 -0.246143  0.611298 -0.517808   0.56275  0.391984 -0.898705 -0.165952  0.379846 -0.637516

