seq: 12
gt_pose:   2.3863 0.154783 0.351162
odom_pose:   2.39195 0.0539931  0.251416
point 0 0 527.291 175.661   0.616694   0.828278  -0.586794  -0.372185   0.501907  -0.486223  0.0823275 -0.0858726   0.294039  -0.300789
point 1 3 364.521 170.248 -0.234742  0.805812 -0.453436 -0.271421  0.633485  0.807412 -0.890535  0.861055 0.0769597 -0.807567
point 2 15  108.61 171.212  0.739084  0.699054  0.962407  0.533217  0.779567  0.954503  0.298441 0.0140355 -0.629685  0.681165
point 3 42 366.904 69.4291    0.031965   -0.762511  -0.0442555 -0.00933227   -0.883439    0.620275   -0.252486    0.319262    -0.09485   -0.747542
point 4 49 263.624  156.32  -0.725736  -0.398516   0.801656  -0.274418    0.78823   0.500559 -0.0355036  -0.444704   0.910965  -0.767494
point 5 53 9.10976 175.322   0.75833  0.253649 -0.342202 -0.866482  0.489222  0.604328   0.36792  0.334343   0.77556 -0.411248
point 6 61  145.51 156.417  0.198866  0.491976   0.51252  0.812909  -0.76817  0.569912  0.902208  -0.82982  -0.46163 -0.561116
point 7 64 307.543 83.9614   0.868158    0.53858  -0.729879  -0.954509  0.0755666  -0.236084  -0.552625 -0.0861206  -0.655038  -0.391578
point 8 75 262.791 208.869  -0.60274  -0.95626  0.921587  0.521382 -0.736608  0.730504 -0.566552  0.946349  0.100703  0.371937
point 9 82 244.927 169.658   0.895932 -0.0295573  -0.225809  -0.237634   0.899589   0.827897   -0.80299    0.79901   0.762623  -0.587356
point 10 87 357.077  233.93  0.721112  0.862152 -0.245392  0.895631  -0.68964  -0.64765 -0.506939 -0.243338  0.870333  0.229123
point 11 89 37.1979 229.041  0.554724  -0.61471 -0.372001 -0.301553  0.229057 -0.670886 -0.524555  -0.92867 -0.750707  -0.19781
point 12 94 450.648  198.84 -0.714011  0.404495 -0.497891  0.157699 -0.994449  0.663062 -0.046242 0.0757712  0.553916 -0.777308
point 13 99 607.78 129.71 -0.497635 -0.580568 -0.782306 -0.757069  0.132941 -0.904785 -0.867199 -0.703751   0.49878  0.932274
point 14 106 51.8302 233.466 -0.174334  0.967857  0.101674 -0.158906  0.404864  0.197944 -0.205378 -0.964003  0.508476 -0.108678
point 15 115  314.48 133.043  -0.688992   -0.79194   0.497037   0.504809 -0.0762882  -0.592253   0.912581  -0.430864  -0.503511   0.460015
point 16 120 265.945 163.112   -1.0174  0.184363  0.675798 -0.575056  0.645536  0.578137 -0.669085  0.314973 -0.943679  0.318446
point 17 130 96.9513 174.793   0.82123  0.308509 0.0602508   1.01506  0.457441 -0.324536  0.973329 -0.921891 -0.450622  -0.56101
point 18 134 150.025 154.652 -0.281556 0.0993088  0.421347  0.888974  0.651466 -0.314419  0.893541  0.763727  0.599742 -0.826492
point 19 140 201.963 180.097  -0.531009 -0.0815998   0.589195   0.092112   0.863133  -0.735998   0.419232  -0.620519  -0.353526   0.842011
point 20 157 75.0871 236.991   0.05346  0.122079  0.591942  0.524293 -0.777996 -0.999318  0.205338  0.627911 -0.721832  0.525955
point 21 161 133.132 163.064   0.494153    0.92495 -0.0374211  -0.454473  -0.425909  -0.814405  -0.471012  -0.307777  0.0769915   0.633904
point 22 170 205.373 236.296  0.155306 -0.319101    0.2124  0.166917  0.755625 -0.221865 -0.867889  0.698135  0.449324  0.673862
point 23 177 491.738 192.468  -0.751694  -0.135288  -0.501172   0.389874   0.120424   0.130464 -0.0366067  -0.602629   0.513125  -0.266399
point 24 179 300.238  14.771 -0.0213879  -0.865176  0.0561057   0.796092   0.707443    0.36206  -0.314176  -0.792948  -0.174517   0.787219
point 25 185 422.714 156.784 0.0480447 -0.571759 -0.549555  0.331593 -0.272233   0.86912 -0.635246  0.940064  -0.20874 -0.158028
point 26 191 18.7603 216.187   -0.927839   -0.827419   -0.845896    0.752417   0.0211418   -0.957611   -0.329892 -0.00334666   -0.762928     0.61271
point 27 206 575.902 68.1754    0.662147 0.000972925    0.671262    0.897543   -0.761765   -0.686557    0.739931   -0.265397    -0.90358    0.722643
point 28 212 565.981 219.416   -0.362344   -0.134811 -0.00397364    -1.02872   -0.208366    0.748669    0.651072    0.329367   -0.947448    0.797836
point 29 217 556.592 128.324 -0.366057  0.329259 -0.953512  0.224675  0.191675 -0.972663  0.702928 0.0995579 0.0953099 -0.732007
point 30 276 297.112 239.623   0.486629  -0.636567   0.102039 -0.0445975   0.227711 -0.0723168   0.256644  -0.591195  -0.450474   0.687523
point 31 280 366.574 206.413   -0.23908   0.114663   0.508231  -0.115565  -0.349265   -0.36962   0.809593   0.856417 -0.0615054   0.729315
point 32 289  482.19 181.999  0.900866 -0.488177  0.366831  0.950142 -0.888695  0.848664 -0.742689 -0.387564   1.00328 -0.352389
point 33 290 495.111   105.5 -0.654866  0.837776  -0.81003 -0.497514 -0.683496    0.4973 -0.874588 -0.776048  0.557123  -1.00257
point 34 305 615.126 177.033  0.114291  0.324638 -0.221703 -0.723595 -0.425225  0.948643 -0.575803  0.030858  -1.01493  0.317688
point 35 310 72.8988  160.01  0.630689  0.131472 -0.646737 -0.801011  0.656177 -0.202763 -0.839061 -0.320455  0.802579 -0.648868
point 36 315 93.4447 188.041 -0.808705 -0.386775 -0.915094  0.151667  -0.34659  0.142724 -0.584125  0.780786 -0.696136  0.912114
point 37 316 592.795 79.2636   -0.595592   -0.757022   -0.958797   -0.447748   -0.425654 -0.00660899   -0.371708   -0.207434   -0.265243    -0.64508
point 38 325 246.956 197.753 -0.240131 -0.276639  -0.57636  0.138422  0.190957 -0.345959 -0.283538 -0.429493 -0.616315 -0.947169
point 39 329 587.647 176.412  0.161329 -0.333366  0.487124  0.900358 -0.948233 -0.780113  0.844194 -0.275072 -0.974687  0.234434
point 40 340 302.453 164.008  0.453657  -0.36388  -0.71278 -0.142818  0.821584 -0.169242 -0.643956 -0.465485  0.510504  -0.34666
point 41 343  147.62 222.803 -0.0435258  -0.967196  -0.376531  -0.866358  -0.250994 -0.0681728   0.298446  -0.914992   0.590478  -0.397861
point 42 348 428.987 210.412   0.83089  0.117195 -0.711411  0.212595  0.372437 -0.253101   0.12867 -0.639158 -0.110137  -1.02433
point 43 353 251.239 123.583  -0.498874  -0.205253    1.01578  -0.335923  -0.264213   0.341506 -0.0804061  -0.520092  -0.469639   0.125822
point 44 354 617.256 236.591   0.32449 -0.256882  0.923176 -0.659641  0.456982  0.390609  0.665892 -0.165605  0.694263  0.204323
point 45 372 502.746 221.595  -0.247017   0.908085 -0.0628375  -0.487367   0.911207     0.6503  -0.617083   -1.03154  -0.370902   0.276022
point 46 396  237.34 133.746   0.23267 -0.713198  0.887203  0.696995 -0.361547 -0.311574 -0.830829 -0.441362  0.372919  0.586977
point 47 401 295.74 220.78 0.0243369  0.512145  0.277092 -0.466928 -0.615008  0.238174  0.674927  0.847711 -0.943416 -0.606699
point 48 403 535.207 211.219  0.238019  0.641091 -0.464237 -0.598168 -0.629376  0.540405   1.03053  0.634663    -1.035 -0.565282
point 49 411 89.7708  230.14   0.511328   0.923127   0.854454   0.996782   0.434784  -0.587762   0.859253  -0.260571  -0.834776 -0.0792923
point 50 417 565.527 195.005 -0.850341  0.525909 0.0709277 -0.456393  0.284675  0.520498 -0.779207  0.392686  -0.73429  0.262311
point 51 418 364.507 230.823  -0.883114 -0.0499333   0.339824  -0.608796    0.86539   0.724802    1.00083  -0.800393  -0.665959   0.655872
point 52 421 619.669 203.722 -0.782617 -0.851542 -0.197313 -0.764214   0.81138 -0.608434  0.290964  0.183733 -0.374449 -0.151653
point 53 442 524.446 233.347 -0.193066  0.562671 -0.733866 -0.347723  0.576258 -0.526463  -0.33777 -0.379653 -0.646207  0.134263
point 54 448 483.965 82.6017  0.868682 -0.439395 -0.804678 -0.644465 -0.320514  0.740029 -0.384221  -0.75427  0.664735 -0.362953
point 55 449 94.0749 155.232   0.038335  -0.370539   0.861642  -0.524705 -0.0349472  -0.515755   0.533555 -0.0277043   -0.36188  -0.211118
point 56 456 330.281 182.408     0.181 -0.568169  0.551109 -0.512793  -0.35209  0.609613 -0.550705 -0.677678 -0.833901 -0.870338
point 57 487 94.5589 176.507 -0.868253   1.02703  -0.72573 -0.896352 0.0186711  0.656538  -0.35182 -0.940163  0.365487 -0.223565
point 58 512 338.979 168.864 -0.591394 0.0905341  0.784043 -0.311864  0.544443  -0.88642 -0.239502  0.222383 0.0097414 -0.414443
point 59 517 68.6851 181.844  -0.423856  -0.047377  -0.823699  -0.475513   0.389903   0.179088 -0.0202894  -0.811461   0.714997  -0.508077
point 60 518 638.819 142.721 -0.982833 -0.923806  0.320167  0.870991  0.397929 -0.573805 -0.747269   0.64333 -0.388942 0.0841221
point 61 521 174.231 195.214  -0.852277  -0.335225   0.669336   0.124588  -0.251352 -0.0322554  -0.360729  -0.622263  -0.811941  -0.639833
point 62 533 466.773 130.893 -0.660141 -0.160796   0.58539 -0.285299 -0.714279 -0.762448  0.576062 -0.246819  0.668505 -0.075689
point 63 581 139.877  239.34 -0.657935  -0.47983 -0.258716  0.992377 -0.987444 -0.143571  -0.17227 -0.768122  0.863337 -0.121223
point 64 582 429.446 189.389 -0.0141943  -0.807843  -0.564632   0.977057   0.170392  0.0904382  -0.445981   0.198486 0.00960021    0.71163
point 65 588  438.49 223.173 -0.272744 0.0471632 -0.449697  -0.60606  0.570013  0.635095 -0.540125  0.340187 -0.184838 0.0925801
point 66 603 57.2991  130.14   1.02397  0.553379  0.747787  0.283139 -0.772675  0.357006 -0.915649  0.843622  -0.55123  0.645969
point 67 608 446.342 214.695   0.725243   0.957011 -0.0238468   0.743916  -0.077487   0.659807    0.35651   0.773852   0.160953   0.955472
point 68 619 418.485 186.843  0.029496  0.973904  0.388522 -0.938562 -0.938316    -0.624 -0.781885  0.305657  0.599388 -0.282149
point 69 628 47.1291 209.113 -0.673294  -0.12677  0.214962 -0.369982 -0.217066  0.908236  0.609589 -0.398074   0.52397  0.797587
point 70 632 396.734 237.653 -0.0655737   0.197797  -0.313178  -0.718685  -0.589453   0.620299   0.301578  0.0814168  -0.691674 -0.0717691
point 71 646 455.924 211.338 -0.294095  0.677149  0.792089  0.795369  0.386421 -0.758368  -0.30256  0.771986  0.280742   0.52129
point 72 668 268.198 178.086 -0.525796  0.778791 -0.777938 -0.392031 -0.482135 -0.132808  0.178615 -0.522661  -0.89818 -0.546854
point 73 681 535.787 149.671 -0.284277  0.526535  0.233711  0.471878 -0.750656  0.141815 -0.762838  0.425327 -0.119165  -0.87802
point 74 698 516.901 221.303   0.305279  -0.459356   0.396495   0.428376    0.43113     0.5785    -0.8608  -0.352196 -0.0780111  -0.987165
point 75 703 577.563  176.18  0.855915 -0.623668 -0.647778  0.883586 -0.283903  0.795149   -1.0181 0.0539404  0.753144 0.0305152
point 76 704 62.7489 190.549 -0.339795  0.153712  0.380759 -0.137624 -0.502856   0.78429  0.513309 -0.947945 -0.498669  0.684533
point 77 717 145.437 171.836  0.995607  0.670159 -0.945059  -0.21248 -0.379522 -0.727284  -0.61788  0.681864 -0.411082  0.682696
point 78 753 516.587 187.957  0.571579  0.535275  0.223378 -0.913047 -0.774064  0.863536  0.167594   -0.1769  0.754524  0.527865
point 79 754 474.707 189.223 0.0654106  0.456259 -0.338356  -1.00628  0.211049 -0.469928  0.807304  0.698627  0.278052 -0.293869
point 80 768  480.32 183.319 0.0380572 -0.135381  0.212616  0.363715  -0.68458  0.285914 -0.194054  0.450349  0.764775  0.692257
point 81 771 486.053 207.721  0.206062 -0.443344  0.811003     1.009 -0.680972  0.910103  0.650076 -0.283061 -0.449095 -0.590168
point 82 778 340.903 224.451 -0.136221 -0.688511 -0.786065  0.741729 -0.558775 -0.928756 -0.395091  0.310286 -0.406607  -0.69815
point 83 789 519.285 192.587  -0.679031  0.0510593   0.621729  0.0189951   0.103284  -0.616198  -0.714802  0.0802233 -0.0347063   0.347079
point 84 790 629.073  231.94  -0.720258  -0.844947 -0.0295038  -0.235649   0.452287   0.352347   0.240803  -0.162391  -0.869135  -0.713937
point 85 804 210.191 192.375 -0.766252 -0.737288 -0.663333 -0.590998  0.584475  0.753014 -0.122031  0.451533 -0.561755 0.0888286
point 86 809 314.818 181.328 -0.202883  -0.86009 -0.918942 -0.273249 -0.496334 -0.231876  0.881981  0.801845 -0.291656 -0.255866
point 87 817 271.173 201.976 -0.306432   0.54857  0.838601   0.63664  0.605103 -0.103035   -0.6018   0.62363  0.574145 -0.904741
point 88 837  292.61 84.1514 -0.0982556   -0.19089  -0.461968  -0.370482  -0.817844   0.218934  -0.485407  -0.362631  -0.851715  -0.426108
point 89 839 508.753 214.175  0.0173009   -0.24121  -0.801412  -0.860561  -0.180337  0.0948662 -0.0784276   0.307888   0.715836   0.130622
point 90 846 215.738 230.147   0.503067   0.292665   0.392484  -0.855985  -0.929698 -0.0345737  -0.670017  -0.300744  -0.378344   0.267204
point 91 866 250.965 177.165  -0.502254 -0.0624366   0.800109  -0.577547   0.625105  -0.287287  -0.118391   0.375759  -0.422219   0.872918
point 92 867 377.886 31.3491   0.959991  0.0906076  0.0704271   0.633275  -0.410923 -0.0739497  -0.746684  -0.383899   0.694111  -0.015678
point 93 868 64.2527 196.229    0.634207   -0.350682   -0.872589 -0.00842864   -0.662188    -0.36542    0.855761   -0.910505  -0.0544633    0.561138
point 94 886 232.875 132.979  -0.390339  -0.801111  -0.454065 0.00905338     0.3583    1.01378   0.864591   0.867172  -0.762829  -0.810628
point 95 892 412.603 120.544  0.318683 -0.920565 -0.750632  0.751407 -0.758062  0.639714  -0.72594  0.181467  0.859271  0.013629
point 96 898 326.842 231.883   0.824969  -0.583453   0.299896 -0.0109322  0.0586896  -0.324827   0.570221  -0.505533  -0.112614   0.492755
point 97 901 10.2485 207.623 -0.699755  0.457114 -0.886386  0.765144  0.819751 -0.380062  -0.67036  0.405507  -0.16085  -0.53223
point 98 905 78.6508  58.696 -0.945183  0.134969  0.444756 -0.345013  0.674563  0.260558 -0.793277  0.657191 0.0173862  0.153194
point 99 910 37.9306  113.37 -0.927631  0.646429     0.432 -0.023335   0.65785  0.486063 0.0789704  0.596282  0.752617  0.330816
point 100 911 232.391  192.31   -0.98457  -0.365927  -0.735654   0.696047  -0.902276 -0.0634656  -0.937503  -0.143145   0.501854   0.141521
point 101 920 235.297 202.606 -0.903875   0.68288 -0.331822 -0.331818 -0.452808 -0.216394  0.867997 -0.882082   1.01589 -0.490531
point 102 926 270.815 225.846  -0.739259  -0.822089   0.921544  -0.842855 0.00676391  -0.566042  -0.394179  -0.761609  0.0794587    0.59588
point 103 928 260.867 147.628 -0.174654  0.865442 -0.821965 -0.920535  -0.25792 -0.599824 -0.739053 -0.356692  -0.42549  0.326108
point 104 939 295.881  188.73 -0.423875  -0.76022  0.518954  0.850254  0.253851 -0.948573 -0.756941  0.728831  0.126012  0.822998
point 105 963  363.77 65.2691 0.0206406 -0.859107 -0.426361  0.421213 -0.851171  0.280377  0.973008 -0.925161 -0.154246  0.501417
point 106 969 545.033 239.879    0.61454  0.0110893    1.02205  -0.105177   0.484844   0.193979   0.740748 -0.0970796  0.0989331 -0.0687655
point 107 994 593.657 137.755  -0.381448 -0.0496134   -1.00419  -0.574444  -0.283397   0.411947  -0.242072     0.5326  -0.220151   -0.26131

