seq: 32
gt_pose: 3.58579  3.5724 1.72987
odom_pose: 4.00433 3.34743 1.61718
point 0 15 445.823 123.842   0.706653   0.652076    1.00561   0.528944   0.794551   0.944897   0.323738 -0.0165094  -0.634933   0.625253
point 1 22 628.694  187.91  0.421439 -0.766038  0.388979   -0.2422  0.594192  0.906323  0.803306  0.712705 -0.633045  0.588166
point 2 39  11.782 19.0972 -0.550854  0.877802  0.081153  0.826274 0.0310388 0.0709992  0.888415  0.566611  0.601772  0.142453
point 3 61 541.574 4.27506  0.137408  0.456529  0.480914  0.822069 -0.832265  0.606563  0.897501 -0.782136 -0.479955 -0.529597
point 4 76 124.116 157.824  0.453945 -0.145925 -0.579577  0.673512 -0.706902  0.376379 -0.384536  -0.30117 0.0329821 -0.107902
point 5 77 149.573 197.913  0.0375688  -0.987452  -0.510362  -0.633183   0.397036 -0.0673106  -0.527861   0.276626  -0.599876  -0.278439
point 6 83 572.633 165.609   0.615762   0.928786 -0.0258841  -0.973177  -0.604582  -0.444176   0.253684  -0.502676   0.543705  -0.908107
point 7 89 336.598 203.807  0.591777 -0.620206 -0.337204 -0.333217  0.249834 -0.589876  -0.53511 -0.959066 -0.723217 -0.168885
point 8 103 180.735 209.575   0.451801   0.100565   0.527551 -0.0845762  -0.210649    0.12334   0.697775  -0.876254   0.434539  -0.530663
point 9 106 382.085 227.471 -0.247633  0.930274 0.0364821 -0.153333  0.454235  0.198429 -0.183469  -1.00437  0.460334 -0.113485
point 10 130  430.29 140.344   0.821671   0.288613 -0.0123627   0.992774   0.473617  -0.292435   0.958747  -0.905668  -0.434435  -0.485628
point 11 135  492.96 191.312 0.435943 0.463287 0.463044 0.351964 0.207021  0.97092 0.597309 0.452405 0.384832 0.672183
point 12 136 496.051 163.745 -0.394071  0.187301  0.673704 -0.951225  0.333987 -0.678154  0.140278 -0.183823 -0.805581 -0.154049
point 13 157 409.103 235.272 -0.034946 0.0860331  0.662219  0.463273 -0.736329 -0.912865   0.27642  0.654997 -0.719156  0.513225
point 14 161 517.859   25.59   0.496621   0.938784 -0.0391217  -0.439671  -0.399016  -0.794942  -0.386836  -0.345417  0.0473865   0.636244
point 15 173   212.1 174.818 -0.570252  0.474759 -0.769449  0.874942  0.174048  0.154055  0.586896 -0.778823  0.155339 -0.270779
point 16 180 332.793 165.926 -0.109624 -0.547804 -0.651283 -0.689305  0.125784  -1.00388  -0.11321 -0.171113 -0.168183 -0.277102
point 17 189 64.9629 221.578   0.988273 -0.0573684  -0.936841  -0.888183 -0.0588389   0.823537   0.716269  -0.414474  -0.415664    0.12817
point 18 190 328.032 230.439  0.361614  0.699164 -0.100987    0.8294  0.464665  0.507271 0.0625838 -0.824769  0.353684 -0.465309
point 19 191 371.384 216.783 -0.853862 -0.876269 -0.930832  0.768068 0.0163291 -0.929329   -0.3309 0.0223316 -0.750347   0.62213
point 20 193 54.4365 206.871    1.00526  -0.734873   0.940615   0.789378   0.453214   -0.86408   0.957437   0.629997    0.84644 -0.0400338
point 21 214 341.763 193.622  -0.689814  -0.504215  -0.708378  -0.193239   0.206837 -0.0671337   0.758452  -0.814854 -0.0507955  -0.418586
point 22 229 164.948 183.259     1.015 0.0616621  0.226317 -0.765152  0.936142  0.196783  0.492126 -0.390575  0.146792 0.0814953
point 23 239  318.15 197.875 -0.389615 -0.945382 -0.797175  0.224467  0.589262  0.161461  0.249649  0.299872  0.152008 -0.597506
point 24 241 637.006 174.325   0.26784  0.214912  0.562824  0.109327  0.706106 -0.803361  0.170347  0.853545  0.397016 -0.270939
point 25 243 593.399 166.968   0.930464   0.610951   0.832601   0.777891    0.94126   0.101237 -0.0608781   0.516531  -0.801801  -0.363657
point 26 275  199.58 153.569   0.868263 -0.0262129    0.47394  -0.766484 0.00509566   0.177102  -0.334916   0.421786  -0.542991  -0.155869
point 27 310 406.334 129.781  0.610537   0.16718   -0.6702 -0.790007  0.634819 -0.233464 -0.860127 -0.309406  0.818325 -0.633417
point 28 320 203.924 220.347 -0.0788417    0.70109   0.959031 -0.0392811   0.553998   0.123303  0.0206446 -0.0171958   0.207746   0.314932
point 29 324   321.8 189.363    0.122103     0.39387   -0.711871   -0.434045    0.614923 -0.00332116    0.410029    0.112907    0.302941    0.329614
point 30 332 6.24408 203.382  -0.346589   -0.17112 -0.0890392   0.316818    0.68884   0.898947   0.761498 -0.0292968  -0.761508  -0.545268
point 31 344 104.183 231.876  -0.422473  -0.238864  0.0883812  -0.716998   0.904164   0.781873  -0.369176  -0.340842   0.706135 -0.0313383
point 32 349 538.256 163.917  0.633958 -0.244937  0.699404  -0.84934 -0.832733 0.0508541  0.458768 -0.500169 -0.400442 -0.584282
point 33 366 601.067 155.019  0.444696  0.725102  0.178308 -0.769547 0.0543746 -0.704209  -1.00041 -0.314981 -0.266055  0.982719
point 34 377 219.046 228.977   0.567167  -0.952581   0.155475  -0.500876  -0.829496   0.768613  -0.418981  -0.992333 -0.0130213   0.664745
point 35 379 554.854 127.337  0.235054 -0.545221  0.150708 0.0237828  0.598025 -0.266753 0.0610285 -0.213307  0.155951  0.271694
point 36 392 466.672 233.045  0.945159 -0.112292 -0.372749  0.304798  -1.00177  0.893846 -0.739631  0.260261 -0.658341  0.595185
point 37 393 222.297 215.166  0.519368  0.117992 -0.314529  0.289752  0.960104 -0.156789 -0.645011  0.170038  0.784435 0.0445742
point 38 402 112.901 212.974   0.335778  -0.300593 -0.0302951   0.990417   0.462867  0.0782257  -0.105552   0.413882   0.988126  -0.293711
point 39 404 95.8495 161.455 -0.0199458  -0.974625   0.229442  -0.418291  -0.126857  -0.544054    0.33427   0.784511  -0.528426  -0.166064
point 40 411 420.204 227.131   0.441217   0.939089   0.886243   0.962807   0.361631   -0.58445    0.88037  -0.268372  -0.865486 -0.0468207
point 41 438 257.898 190.938 -0.670115  0.859929 -0.638468   1.01757 -0.271717  0.650049   0.86498   0.87195  0.330456  0.958838
point 42 440 354.543 159.166 -0.840554 -0.901577 0.0656073  0.943502 -0.566911  0.372907  0.770611 -0.151011   0.35956 -0.558716
point 43 449 431.217 91.2378  0.0277949  -0.397211    0.77342  -0.495831 -0.0423754   -0.58365    0.57753 -0.0147759  -0.286995  -0.258922
point 44 450 194.87 149.88   0.482903   0.226553   0.618934  -0.564148    0.95491   0.528113 0.00478934  -0.887926   0.879905   0.715672
point 45 453 42.639 235.21  -0.423564   0.346855 -0.0745106  0.0553158   0.304199  -0.540694  -0.875743  -0.266101   0.577827   0.275831
point 46 458 237.451 178.594 -0.772784  0.210571 -0.742174  0.371335  0.527627  0.436033  0.797856 0.0620049  0.882113 -0.559675
point 47 464 219.801 233.316  -0.0512762   -0.976075 5.39485e-05    0.075197   -0.462028    0.161305    0.459529    0.433078    -0.60509    0.211473
point 48 477  178.09 164.729  0.956884 -0.632217 0.0429807 -0.393173  0.161737   0.08713  0.681353 -0.751162   -0.3128 -0.659291
point 49 478 16.7562 190.334  0.133585 -0.724579  0.522259  0.757935 -0.451574 -0.357749  0.253195  0.185682 -0.440638  0.877849
point 50 480 2.61476 219.411   0.249281  -0.954985  -0.930236  -0.158569   0.437343   0.304155  0.0903795 -0.0638162   0.135646   0.644783
point 51 487 426.827 147.214  -0.85336   1.04117 -0.749355 -0.918732 0.0280181  0.628817 -0.298792 -0.865459  0.294676 -0.179925
point 52 505 231.638 185.586  -0.603353  -0.256824    0.17849   0.258602   -0.81705  -0.509759  -0.841153   0.864351  -0.511855 0.00404165
point 53 515 590.093 187.784 -0.000845316    -0.521946     -0.18282     -0.38953     0.632116     0.487481   -0.0122175     0.205831    -0.638246     0.395053
point 54 516 431.809 208.205    0.19468  -0.570847  -0.779723  -0.776331  -0.185344   0.588544  -0.626746 -0.0665503  -0.880331  -0.546274
point 55 517 402.579  169.29 -0.366058 0.0056041 -0.795053 -0.470259  0.361959 0.0921157 -0.110385   -0.8221  0.660605 -0.499696
point 56 520 122.677 150.232 -0.263419 -0.908697  0.323635  0.406028  0.822308  0.460531  0.423514  0.161673  0.272506 -0.239961
point 57 534 57.2273 204.731   0.275602   0.367682  -0.238816   -1.00401  -0.150085 -0.0747659   0.389157  -0.304413  -0.223266    0.11235
point 58 549 593.666 231.822   0.733176  -0.393435   0.865898   0.868125  -0.143719   0.323076 0.00670537    0.48663   0.441226   0.734414
point 59 561 57.7042 221.841 -0.873614 -0.293847  0.757481 -0.101724 -0.922292  -0.73122 -0.106593 -0.964728 -0.406489  0.671919
point 60 569 338.921 201.279 -0.0143028  -0.687339   0.357361   0.271952  -0.181131   0.471204   0.450833   -0.58946    0.96199  -0.377119
point 61 579 639.605 151.568   -0.84479 -0.0660846  -0.831199  0.0346565     1.0432   0.553118   0.050432   0.492217   0.209528   0.275451
point 62 592 479.357 185.339  0.825023  0.939926  0.647254  0.342346   -0.8884 -0.785905  0.357023  0.872889  0.607834  -0.64669
point 63 616 42.6832  223.86   0.797886   0.533152   0.515382    0.42843    -1.0055 -0.0490148  0.0541464  -0.675212   0.237597 -0.0242878
point 64 627 309.992  35.544   0.0834957    0.937161   -0.644785   -0.494215   -0.795932    0.317226   -0.789703 -0.00877789    0.276058    0.583436
point 65 628 385.423 201.551 -0.672857 -0.118813  0.148662 -0.321652 -0.183061  0.860119  0.646636 -0.421815  0.465628  0.793409
point 66 640 334.619 221.806 0.0608265  0.743501  0.900344  0.402777  0.141652 -0.339376  0.556254 -0.296703 -0.139822  -0.17748
point 67 669  47.715 231.089  0.483701  0.652934 -0.690226 -0.435562  0.175266 -0.681124 -0.109669  0.912949 -0.254121 -0.323732
point 68 677 20.8197 225.369    0.37568 0.00939787  -0.338623   0.314844   0.258854   0.536778     0.1772 -0.0145796  -0.250644   0.954675
point 69 678 256.831 143.434 -0.844248 -0.950051 -0.358622 -0.401608 0.0169676 -0.915185 -0.929817 -0.180635   0.21979 -0.367358
point 70 704 397.747 176.863  -0.42923  0.127292   0.39426 -0.148286  -0.52401  0.781529  0.509462 -0.947209 -0.531434  0.657076
point 71 712 582.164 236.323 -0.00534132    -0.70509    0.478382    0.744667   -0.629717    -0.56505   -0.753967   -0.230557    0.773883   -0.166969
point 72 714 490.484 161.408  0.697792   0.40586  0.773092  0.439045 -0.506619 -0.231671  0.824848  0.919764 -0.454269 -0.769297
point 73 723 457.763 236.967   0.110585  -0.977802 -0.0216827   0.187321  -0.344572  -0.376808  -0.321525   0.752335   0.115362  -0.687632
point 74 756   14.43 190.054 -0.732592    0.2056 -0.785799  0.125285  -0.16166  0.271609 -0.395717  0.555125  0.205702  0.740244
point 75 759 593.092 146.317 0.0418835  0.576926  -0.88833 -0.833254 0.0430745  0.435222  0.904553  0.281954  0.429032 -0.324546
point 76 780 194.575 239.357  -0.99737 -0.193074 -0.306841  0.178525  0.985277  0.542243   0.52868 -0.808168  0.254682  0.929444
point 77 785 557.873 166.358 -0.0423718  -0.105646  -0.515601   0.553717  -0.912709   -0.48709  -0.870511   0.706439  -0.640789   0.985454
point 78 826 214.281 201.199  0.484068 -0.174923  0.175136  0.546614  0.944781 -0.440701 0.0195749 -0.776714  0.806144  0.597375
point 79 831 506.337 234.433 -0.0793064   0.422011   0.751335  0.0951784   0.322552  -0.863121 -0.0261424   0.529138  -0.726758  -0.131464
point 80 847 65.1566 183.875 0.0859912   0.44273  0.367042  0.967585  -0.73943 -0.726448 -0.337353 -0.884789 -0.813279  0.170423
point 81 868 398.575  177.33  0.698538 -0.366889  -0.90143 0.0179454 -0.680502 -0.386011  0.860077 -0.931242 0.0183829  0.507982
point 82 872 489.294 128.302  0.408248  0.850799 0.0647074  0.475546 -0.394429  0.795792 -0.446807 -0.271023 -0.835486 -0.962901
point 83 877 152.345 153.426 -0.680231  0.910087  0.725754 -0.985293  -0.13414  -1.03844  0.886821 -0.659341  0.381878  0.419895
point 84 897 281.948 179.073  0.219381  0.817407    1.0281   0.57128  0.185799 -0.856281 -0.159214 -0.230481 -0.902907  0.300307
point 85 909 50.026 201.01 -0.309336 -0.680062 -0.230402 -0.381911  0.109835 0.0164418 -0.349256   0.20291 -0.358688  -0.19117
point 86 932 559.545 182.857 -0.0676004  0.0503671   0.745788 -0.0669959  -0.111991   0.708949  -0.071496  -0.924958  -0.240584   0.529939
point 87 947  267.36 164.678 -0.292643 -0.897874  0.830877 -0.527182 -0.545133  0.911293  0.594757 -0.751888 -0.827478  0.723753
point 88 953 140.557 146.679 0.0224504  0.537551  0.728023  -0.57851 -0.145723 -0.012388  -0.48421   0.79085 -0.649157  0.732453
point 89 964 501.283  189.17  0.891282  -0.27136  0.235181 -0.269346 -0.813657 -0.985168  0.517813  -1.00936 -0.803646  0.666809
point 90 972 189.014 121.918   -0.69287   -0.57092   0.931313 -0.0421623    -1.0399    -0.5534  -0.728212  -0.334736  -0.748508   0.709201
point 91 982 586.398 214.504  0.540358 -0.416589   1.02012 -0.093605  0.260741   0.45258  0.699715 -0.168123   1.01776  0.193917
point 92 984 247.766 164.649 -0.450111 -0.846086 -0.974634 -0.492362  0.462741  0.539697 0.0594764  0.511902 -0.567815 -0.628591
point 93 992  634.01 160.024   0.37541 -0.659091  -0.18057  0.345711   0.89388 -0.553464 0.0834033  0.824374 -0.807152  0.957951
point 94 993 199.921 160.368 -0.225281  0.965461 -0.521299  0.697759 -0.101632  0.342674 -0.295468   0.10992  0.379647 -0.327424
point 95 995 594.728 196.572 -0.935579  0.836038  0.544917   0.78535   1.01993 -0.642482  0.748847 -0.511604 -0.927798 -0.418656

