seq: 67
gt_pose: -0.278802   3.46492  -1.70874
odom_pose: 0.379026  3.33726 -1.68004
point 0 14 207.047  205.54 -0.813502   0.10628   0.47368 -0.362031   1.00374  0.175257  0.712287  0.472297  0.213873 -0.929692
point 1 17  59.285 107.745  -0.390195   0.112251   0.411763  -0.765216 -0.0372586   0.166791   0.846804  -0.121008  -0.335069   0.723144
point 2 31 161.257  159.09  -0.376964   0.799521 -0.0341864  -0.658292   0.175729  0.0221816   0.275679   0.216057  -0.502395    0.61052
point 3 57 146.133 197.548  0.416395 -0.366705 -0.525384  0.537531 -0.436887  0.381996 -0.977216  0.644194  0.746349  0.198007
point 4 60 539.423 170.212 -0.909796  -0.78993 -0.543764  0.449351  0.221953  -0.77799  0.881483  0.742576 -0.704361 -0.047524
point 5 68 126.852 237.457  0.143039  0.371598 -0.968392  0.559949  0.179396 -0.743072 -0.743371 -0.640393  0.507411  0.737601
point 6 70 544.922 187.542  0.841413  -0.70315 -0.444248 0.0862974  0.270767  0.710266 -0.505174  0.370148  0.226106  0.685766
point 7 78 271.632 215.574   -0.93043  -0.790558   0.630614   0.743181    0.97073 0.00389641   -0.45999  -0.633932  -0.262494  -0.137118
point 8 88 631.132 230.152  -0.286025 -0.0419029   0.350999  -0.984972   0.252616    0.23174   0.395343  0.0114661   0.801319   -0.50662
point 9 92 326.675 205.854   0.143341   0.781191 0.00286069   0.930453   0.351129   0.293915   0.970214   0.620151  -0.243621   0.048706
point 10 109 262.925 226.263  -0.482837   0.881846  -0.838363  -0.460284     0.5293 -0.0159874   0.687849   0.561571   0.008422   0.306181
point 11 110 94.7834 125.128  0.839778  0.947058 -0.568809 -0.319942  0.102413 -0.668908 -0.530949  0.570185  0.687346   0.22951
point 12 111 371.568  223.27   0.110039   0.971152  -0.898928  -0.971105  -0.114183  -0.381552   0.969949 0.00926415   0.275603   0.395455
point 13 123 255.278 163.227  0.197799  -0.82488  -0.24009  0.333958  0.850521  0.666189  0.207571 -0.211511   0.34718 -0.602319
point 14 156 87.5973 101.297  0.275622  0.568036 -0.741894  0.359868 -0.868153  0.990609  0.128396 -0.769392 -0.970601 -0.103577
point 15 159 119.302 175.676  0.227711  -1.02712 -0.869339  -0.10756 0.0230675  0.111487  0.950156 -0.363701 -0.381741 -0.790419
point 16 165 188.444 173.521   0.428979  -0.767945    0.44209   0.599497  -0.683689   0.594751  -0.598732   0.772609   0.404901 -0.0544846
point 17 166 392.178 188.769 -0.614285  0.317244 -0.571761 -0.471512 -0.660702  0.307766 -0.730063  0.164144   0.21034 -0.648735
point 18 175 308.184   99.34 -0.384156  0.573569  0.289252 -0.611706  0.727814  0.763101  0.945945  0.974595  0.623361  0.130523
point 19 176 170.516 173.646   -0.78439   0.787085  -0.170822 -0.0230027   0.378591  -0.495419  -0.883757    0.23554   0.658763   0.119109
point 20 179 37.1657 192.919 -0.00766434   -0.828297    0.113068    0.761416    0.674263    0.361793   -0.288783   -0.787425   -0.217412     0.83756
point 21 198 159.699 237.393  0.867063  0.620865 -0.327043 -0.538006  0.952161 -0.825159  0.921971 -0.894139 -0.753773  0.344506
point 22 200  260.08 182.231  -0.455058  -0.779702   0.682547   0.347576   0.250584   0.536126 -0.0696128   0.887695   0.996561 -0.0800958
point 23 202 16.7689 117.131 -0.503879 -0.152176   0.22426  0.367995 0.0862587  0.793621  0.580156 -0.256375 0.0924428 -0.143451
point 24 206  45.252 156.495  0.658937 0.0189648   0.64848  0.935217 -0.807356 -0.646585  0.753387  -0.20996 -0.923544  0.750548
point 25 216 312.553 196.497  -0.668538  -0.965477    0.89243  -0.824809   -0.53561  -0.854861   -0.33201  -0.265706 -0.0568694   0.813709
point 26 217 21.6571 168.551  -0.331816   0.357441   -1.02899   0.193723   0.237161   -1.03825   0.683575   0.145269 0.00857192  -0.726328
point 27 218 474.038 234.166 -0.153607  0.627748  -1.03963  0.729732 -0.791543 -0.707177  0.872974 -0.953549 -0.430545 -0.718129
point 28 245 311.032 189.682 -0.624993 -0.410929  0.453521 -0.712928  -0.48181  0.384902  0.918589 -0.687917  0.221073  0.822608
point 29 251 352.851 222.092 -0.00547318   -0.525743    0.212731   -0.847059   -0.374445  -0.0920095   -0.501157     0.25105  -0.0962153    0.337691
point 30 259 92.3824 209.076    0.18736   0.641849  0.0879639   0.469961  -0.431171 0.00888911  -0.727562    0.41543  -0.860541  -0.607188
point 31 262 306.503 182.488 0.0969914  0.304162 -0.300158 -0.556256  0.943501  0.948255 -0.893428 -0.372013  0.398255 -0.368728
point 32 280 4.99319 227.128  -0.266959   0.162269   0.540298   -0.17262  -0.273281  -0.395943   0.855048   0.818316 -0.0495997   0.775225
point 33 286 133.576 189.605 -0.741985 -0.493812  -0.41452  -0.26076 0.0879978  0.310633  0.861151 -0.901813 -0.959391  0.671849
point 34 290 23.0978 177.004 -0.656347  0.809027 -0.804004 -0.510505 -0.641897  0.525212 -0.886071 -0.756005  0.624309  -1.01991
point 35 296 163.635 160.854 -0.0157282  -0.615497  -0.342912   0.331164  -0.208483   0.621738  -0.706629   0.936889  0.0825493  -0.391394
point 36 301 212.591 213.226  0.134864 -0.485431 -0.994145    0.4201 -0.924959 -0.683928 -0.600769  0.453549 -0.711088   0.11284
point 37 302 604.659  169.65 -0.841013 0.0710007  0.520909  0.646426 -0.103174  -0.64329 -0.940603  0.190136  0.209691 -0.160208
point 38 303 259.379 178.799    0.13043  -0.835428  -0.532485  -0.979001  -0.140715   0.522697  -0.412485  -0.125314 -0.0260892  -0.368797
point 39 313 98.3414  129.31 0.0842722  0.298935  0.143189  0.122833  0.473396  0.659426 -0.470561  -0.65028 -0.113626  0.433121
point 40 316 59.0313 176.899   -0.652293   -0.752743    -0.97664   -0.519065   -0.455963 -0.00659924   -0.396363   -0.170215   -0.325955   -0.715834
point 41 319 106.394 171.469 -0.987287  0.239618  0.594546 -0.259447 -0.716046   0.15686  0.707155 -0.353217 -0.970557  0.327886
point 42 331 423.386 218.564  -0.332784   -0.20629   -0.29616   0.119043 -0.0900945   0.951496   0.848086  -0.557819   0.810307   0.877967
point 43 352 325.013 208.663  0.529777  0.398948  0.363995  -0.74842  0.542315  0.691736 -0.662045  0.559808  -0.17173  0.817806
point 44 364 263.434 218.004   0.129006   0.772952   0.698949  -0.650088   0.929629  -0.524678  -0.551205  -0.909493   0.102304 -0.0358786
point 45 367 40.9868 50.4065 -0.697462 -0.904828  0.849369 -0.421883 -0.459766  0.683194 -0.337539 -0.082644 -0.514074 -0.796667
point 46 387 278.535 147.986  0.728132 -0.745377  0.526058  0.990005 -0.755025 -0.186429 0.0452949 -0.929287  0.582687  0.693708
point 47 397  500.62 181.853  0.688164 -0.330979  0.527375  0.264531  0.616214  0.892696 -0.685359  0.649117  0.877366 -0.730756
point 48 398 166.409 227.096 -0.785244  0.865383 -0.681312  0.466318 -0.926698  0.635357  0.678552  0.882048  0.259872 -0.725004
point 49 403  13.494 221.698  0.229486  0.708033 -0.504968 -0.583028 -0.574053   0.44944   1.00858  0.656221 -0.962822 -0.565886
point 50 410 606.941 168.988 -0.183742  0.532869 0.0630177 -0.196295  0.384415  0.674948 -0.493843  -1.01687    0.7456  0.664939
point 51 425  246.28 239.959 -0.487401 -0.408048  0.402084 -0.495932 -0.600214 -0.625325 -0.147649 -0.929243  0.869615  0.840676
point 52 448 61.3151 206.932  0.899512 -0.470382 -0.830013 -0.649332 -0.314682  0.671475 -0.392789 -0.760841    0.6124 -0.404069
point 53 460 607.325 181.803    0.833592   -0.567401   -0.348794    0.387825 -0.00376525   -0.149096   -0.364024    0.271216   -0.780245   -0.793238
point 54 469 146.809 168.731  -0.13595 -0.840023  0.900271  0.991639 -0.102128 -0.497731 -0.783578  0.731839  0.222043 -0.859072
point 55 472 312.901 211.316  -0.895096 -0.0408073   0.597994  -0.204026   0.891894  0.0651806   0.735207  -0.656631 -0.0450616  -0.646506
point 56 488 623.421 147.306  0.917966  0.533469 -0.532353  0.190222 -0.731117 -0.426675 -0.251059 -0.772746  0.194188  -0.31345
point 57 491 241.849 163.213 -0.864901   0.87555 -0.291592  0.527749 -0.444713 -0.146109   0.52445 -0.299995 -0.259624  0.678889
point 58 494 584.376 122.511  0.380336 -0.059569 -0.275982   -1.0042 0.0914263 -0.853556  0.547179  0.341776 -0.278158 -0.998614
point 59 503 391.641 206.224  0.298357 -0.110232  0.693179 -0.975582 -0.120408  0.194672  -0.32401  0.681534   1.01256 -0.907709
point 60 514 360.994 178.792  0.381365 -0.753414 -0.838171 -0.413211  -0.87953 -0.489398  0.598914  0.795419   0.10871  0.233594
point 61 519 143.436 131.755  0.369847  0.440652  0.605042  0.125646  0.747024 -0.821301 -0.901599  0.898856 -0.284118   0.45592
point 62 541 338.425 231.473  0.396528 -0.811863  0.865426 -0.332136 -0.671975  0.708871  0.814523 -0.622386 -0.971732  0.282873
point 63 543 441.842 218.988  -0.383742  -0.742969   0.626034   0.613878   0.325194 -0.0106308   0.874342   0.113733   0.718524  -0.752143
point 64 552 561.388 151.678   0.902991  -0.221304   0.815427 -0.0797104   0.422077  0.0546917   0.780976   0.769042  -0.350712  -0.585146
point 65 555 417.913 232.438     0.254331     0.371887     0.355212    -0.931906 -9.99972e-05     -0.51831   0.00825776    -0.147516     0.741356    -0.397792
point 66 568 279.558 219.761 -0.960237   -0.6371   1.00015 -0.675004  0.393601   0.51862 -0.927659 -0.851061 -0.757809  0.174208
point 67 572 638.319 227.645  -1.04173   0.55106  0.324974 -0.614272 -0.243867 -0.423447  0.711084 0.0301963 -0.416692  0.723117
point 68 573 108.526 155.278  0.851238 -0.228332  0.235334 -0.507708 -0.280783  0.025816 -0.705173  -1.03642 -0.356983  0.611628
point 69 607  353.18 237.623  0.816838  0.373597 -0.363613  0.141384 -0.350161 -0.392258 -0.449605  0.249686  0.964788  0.758108
point 70 610 354.592 140.017  -0.19108 -0.186886  0.751657  0.689916   0.41442  0.477659  0.637981 -0.570155  0.157661 -0.419088
point 71 617 249.487 132.863 0.0478773 -0.818446  0.246367  0.187134 -0.535272 -0.903406 -0.237365  0.329637 -0.774522 -0.652857
point 72 623 491.466 176.444  0.527392 -0.491527  0.642852 -0.512749 -0.230436  0.448661  0.448716 -0.166579 -0.811734 -0.344164
point 73 629 126.554 190.508 -0.447401  0.806195  0.633698 -0.861271  0.955272 -0.271088   1.03144 -0.643364  0.187179 -0.818739
point 74 631 592.732 220.807   -0.809159 -0.00645953   -0.634623  -0.0049846    0.312122    -0.10799   -0.245008  -0.0220098  -0.0474501   -0.298898
point 75 644 299.611 110.837  -0.522979  -0.139469   -0.55834 -0.0407339  -0.169958  -0.797875   0.852293   -0.93145   0.843731   0.466501
point 76 650 580.719 221.091  0.805182  0.234431  0.661163 -0.583763  0.969545 -0.273812  0.899058 -0.785465 -0.139792 -0.899152
point 77 661 237.856 172.233   0.29736 -0.538559  0.407597  0.388706 0.0808138  0.127521 -0.893716 -0.706537  0.238373  0.437946
point 78 667 91.3431 160.503 -0.946594 -0.554012 -0.288455 -0.536073   0.70413 -0.728559 -0.523017  0.744894  0.586143  0.397309
point 79 680 625.085 224.302 0.00453774 0.00652168  -0.938535  -0.369321  -0.183711  -0.790428  -0.258686   0.411899  -0.168363   0.759523
point 80 681 40.5866 201.522 -0.257162   0.53984  0.226063  0.401169 -0.756352  0.136591 -0.799929  0.398691 -0.172578 -0.893175
point 81 689 575.378 63.9597    0.9137 -0.463349 -0.536158 0.0215982  0.719545  0.105063 -0.765409 -0.264844    0.9376  0.880884
point 82 691 324.387 196.791  0.534339  0.983708  0.264711 -0.196425 -0.878397  0.106658  0.276674 -0.420341 -0.974214 0.0656945
point 83 697 100.005 206.854  0.205266  -0.74411 -0.532205  0.969516  0.529544 -0.749248 -0.235961 -0.163785 -0.160755 -0.775476
point 84 709 120.312 218.088  0.930901 -0.852916 -0.992348 -0.976225  0.515708  0.843346  0.791703   0.47083  0.174579 -0.481687
point 85 716 617.869 224.544   0.942174 -0.0144289  -0.550948   0.829856 -0.0216952  -0.755368   0.221913  -0.220411   0.669447   0.690025
point 86 719 471.474 177.185 -0.746217 -0.375116  0.734884  0.737427 -0.616922  0.689152  0.354328 -0.539116 -0.537402  -1.02189
point 87 726 436.906 136.268  0.971134  0.500425  0.582339 -0.644727  0.308319  0.637838  -0.75036 -0.881921  -0.85269 -0.879249
point 88 727 546.186 222.564 0.0325153 -0.937438  0.628569 -0.651721 -0.240866  0.810106 -0.428318 0.0274779  0.866176  0.867181
point 89 735 506.913 231.949 -0.882932  -0.41361 -0.149991 -0.585583 -0.301391  0.474307 -0.319761 -0.686342 -0.321098  0.829954
point 90 736 639.743 135.961 -0.0964554  -0.987646  -0.201692   0.159906  -0.328006   -0.21132   0.466202   0.614363  -0.988361   0.994486
point 91 750 421.707 236.347 -0.401187 -0.485629  0.545454  0.224148  0.208931  0.549753  -0.65353  0.762417  0.654434  -0.18792
point 92 752 232.764 156.132  0.845128  0.766898 -0.540731 -0.230825 -0.128152  0.117256  0.307621 -0.680848 -0.642499  -0.50904
point 93 771 6.88816 222.144  0.202722 -0.391035  0.779498  0.918441 -0.614079  0.899236  0.694424 -0.250937 -0.374625 -0.590788
point 94 776  273.15 169.315  0.944495 -0.121857 -0.179738 -0.517963  0.688434 -0.815926  0.355344 -0.464285  0.800146 -0.781018
point 95 777 160.122  196.61  -0.600274   0.628397  -0.289039  -0.415985   0.594694   -0.27602  -0.275593   0.586162 -0.0361088  0.0813658
point 96 794 247.653 213.899 -0.380835  0.473291 -0.354905 -0.662715 0.0778361  0.700025  0.434615 -0.478842  0.128761  0.457171
point 97 796 635.881 211.225   0.632192  -0.924641  -0.571284   -0.45005   -0.16317 -0.0225922   0.976941      0.431   0.346776 -0.0419275
point 98 797 231.416 202.108  -0.719746  -0.621327   0.728629  0.0220712  -0.162745   -0.60233 -0.0742659   0.564111 -0.0732952  -0.272343
point 99 805  311.51 22.9463  0.329786  0.787086  0.555155 -0.197274 -0.807303  0.789696 -0.216201  0.857041 -0.805377  0.246031
point 100 815 148.107 161.259 0.0731918 -0.181262   1.00693 -0.280016  0.740744  0.633577 -0.335698 -0.603231  0.822146  0.856797
point 101 820 420.834 197.353  -0.664105 0.00822114   0.690285  -0.471519   0.481846  -0.310272  -0.349845  -0.388189    0.37033  -0.109803
point 102 841 256.769 181.932  0.172323  0.874518 -0.860245  0.907951 -0.372583  0.135754 -0.346605 -0.165194  0.179711  0.471575
point 103 843 183.181 133.761 -0.417072 -0.209178 -0.128827  0.451885  0.178572 -0.992036  0.334941  0.265089  0.989503   1.03495
point 104 848  435.56 210.761 -0.480453 -0.212646 -0.904139  0.844296  0.821521  0.597029  0.154752  0.276692  0.712677  0.223142
point 105 867 55.8019 204.035    1.04023  0.0666993   0.101222    0.63444  -0.449774 -0.0690933  -0.723052   -0.38464   0.611424 -0.0245873
point 106 873 613.859 131.714  0.352811 -0.520238 -0.991364  0.944678  0.863385  0.288321 -0.843129 -0.812731 -0.491998  0.361183
point 107 876 295.212 129.982  0.407902 -0.696855  0.886813 -0.216069 0.0439465 -0.985202 -0.997124  0.304923  0.836828  0.309092
point 108 880 285.386 173.893 -0.594567  -0.47542 -0.252417   0.63245  0.585729 -0.267965 -0.331149  0.607882  0.829853  0.655934
point 109 881 149.493 95.7531  0.315832  0.624208  0.396576  0.612184  0.399047 -0.806093  0.208118 -0.749613  -0.39398 -0.569696
point 110 882 133.279 206.333 -0.446354  0.915672   -0.5984  0.535522  0.478104  -0.25329 -0.939723 -0.778885 -0.587158  0.614336
point 111 883 299.894 205.704     -0.2495    -0.20938     -0.7337     1.01162    0.238726    0.568529    0.545967   -0.296547    0.245146 -0.00131964
point 112 902 636.608  199.76 -0.451761  -0.74073 -0.201467  0.848276 -0.632878  0.155231 -0.675531  0.920114 -0.258833  0.864784
point 113 908 303.703 151.732  -0.95389 -0.911165  0.997906 -0.708925 -0.686913  0.996371  0.597313 -0.841288 -0.592161  0.287939
point 114 916 434.343 191.264 -0.347813  0.240225  0.270303 -0.345253 -0.686729  -0.54928  0.632428  0.292114   0.91153 0.0431852
point 115 927  143.85 165.101 -0.0253298    0.83274   0.554796   0.338237   -0.85645   0.333951 -0.0450024  -0.335156   0.731017   0.893467
point 116 929 151.573 110.164 -0.818848 -0.316934 -0.225346  0.246628  0.245534  0.705837 0.0711595 -0.223261 0.0981632  0.210342
point 117 942 239.783 223.298 -0.813055 -0.348404  0.594987 -0.451622  0.189969 -0.190805 -0.656003 -0.978129  0.968437  0.449744
point 118 944 328.409 171.954   0.516895  -0.448247  -0.246751  -0.549551   0.645009 -0.0378422   0.147551    0.29447   0.466557  -0.679231
point 119 957 545.116 184.543 -0.494972  0.986548 -0.242472 -0.911612  0.270568  0.910499  0.466201   0.56748 -0.414571  -0.14559
point 120 958 347.117 158.286 -0.485316 -0.910463 -0.798431 -0.222185 0.0213821 -0.327535 -0.229322 -0.283016  0.485908 -0.910676
point 121 963 11.9582 178.677 -0.00155845    -0.84458   -0.383134    0.417699   -0.869111    0.272893    0.902371    -0.92845   -0.153111    0.503682
point 122 967  276.71 33.5128   0.207609 -0.0973268   0.374994   0.982076   0.123435   0.301647   0.582708  -0.363337  -0.701512  -0.385811
point 123 971  81.904 197.889   0.718372 -0.0366916   0.249828  -0.702742    1.00464 -0.0951586   0.303998   0.995452   0.778723  -0.118481
point 124 974 393.082 234.497 -0.502672  0.719975 -0.815311 -0.876367  0.514904 -0.448075 -0.447745  0.493968  0.479096 -0.453045
point 125 978 348.233 212.666  0.850052  0.686652    0.2759  0.946824 -0.821844  0.352988   0.16458  0.399867 -0.572662  0.411359
point 126 991 539.675  236.67   -0.17741 -0.0050989  -0.807791  -0.989679    1.01192  -0.430624   0.352536   0.494014 -0.0494023  -0.780635

