seq: 289
gt_pose:  5.81175 -4.40473 -2.35821
odom_pose:  3.78083 -5.36247 -2.55063
point 0 23 541.044 142.531   0.78764  0.785096 0.0163771  0.172105 -0.673272 -0.485806  0.695463 0.0320705 -0.103641   0.73242
point 1 24 523.701 179.724   0.33199  0.453666 -0.687318   0.21313 0.0236674   0.69164  0.483869 -0.627926 -0.565204 0.0255885
point 2 26     473 145.972 -0.848923 -0.754852  0.261493 -0.244282 -0.380662 -0.302376 -0.796368 -0.158137   0.83661  0.135756
point 3 35 423.861 109.664 0.0871835  0.825156  0.327725  0.572211  0.351377 -0.369131  0.260789    -1.016   0.07016  0.675865
point 4 48 456.102 142.214 -0.355796  -0.96398  0.883996   0.24394  0.516157   0.79983  0.873005 -0.693721 -0.112942 0.0227659
point 5 56  331.39 121.879  0.305857  0.123432 -0.939923  0.818802 -0.279305 -0.568996 0.0858751 -0.201091  -0.42888  0.318046
point 6 62 76.6014 156.862  -0.430019  -0.664065   0.869641    0.54303  -0.814663   0.962111    0.66882  -0.305935   0.406807 -0.0544577
point 7 66 401.814 178.203 -0.731919 -0.195607   0.19277  0.312462  0.420167  0.103999 -0.175692  0.620799  0.190679  0.795275
point 8 69 266.359 177.987  -0.400749  -0.764838    0.82612  -0.845485 -0.0106708  -0.434501  -0.580929  -0.404134   0.287082   0.920409
point 9 80 626.037 233.531 0.0933148  0.527366  0.905825  0.890351 -0.814288 -0.951268 -0.871116  0.832695  0.767743 -0.925949
point 10 116 595.528  224.11   0.913066   0.555239   0.354022   -0.47793   0.539365 -0.0642044  -0.299387   0.585146   0.321711    0.84334
point 11 118 371.723 157.023    0.90602     0.8734   0.656123  -0.467605 -0.0313256   0.529521   -0.90524  -0.680698  -0.947846   0.702545
point 12 137 209.751 195.281 0.0977446 -0.625228 -0.799563 -0.213042   0.76823  0.644898 -0.699773  0.302822 0.0370038  0.546542
point 13 138 551.396 225.755  -0.416811  -0.708923  -0.381575  -0.603774  -0.455104   0.104177   0.534887  -0.768836   0.173875 -0.0720709
point 14 141 159.955  117.61  -0.286291  0.0903452  -0.290091 -0.0657566  -0.116074   0.449808  -0.964375  -0.976189   -0.58942   0.677559
point 15 146 566.412 167.058   0.94759 -0.532239  -0.69722  0.133108 -0.666943 -0.156086  0.951826 -0.549807 0.0571699 -0.729999
point 16 182 312.823  230.71  -0.85792 -0.940358 -0.803472  0.910723 -0.705853 0.0319918 -0.615456 -0.460247  0.410134  0.468737
point 17 187 322.384 170.153   0.84663  0.549432  0.690341 -0.207644  0.475713  -0.23085  0.149518  0.897289 -0.960435  0.935292
point 18 204  61.318 203.907  -0.301083   0.766571  -0.509405   0.774787    1.01628 -0.0171678  -0.477359    0.22428  -0.670371   0.678019
point 19 234 462.904 164.282  0.136837 -0.169592   0.62379 -0.364588   0.78884 -0.400358  0.289451  0.177267  0.213723  0.474561
point 20 242 524.136 144.262 -0.778869 -0.029928  0.153621  0.436269 -0.334253  0.682069  0.802885 -0.796119  0.400562  0.618968
point 21 246 228.918 210.057    0.558825    -0.17988 -0.00626467  -0.0904053    0.309764   -0.992572   0.0767123   -0.237663    0.661698     0.18547
point 22 256 276.961 210.071  -0.687254  -0.712971 -0.0358752   0.728158   0.530026  -0.849717  -0.516338  -0.649469   0.741833  -0.118581
point 23 261 224.204 119.792  0.878784  0.405371   1.03116 -0.362141 -0.172065  0.220372    -0.697   0.94824 -0.381777  -0.11398
point 24 273 114.051 11.2029  0.660787 -0.555197 -0.534671  0.251316 -0.854087 -0.813656 -0.224525  -0.89358  0.899055 0.0631109
point 25 277 620.223 144.166 -0.500959 -0.893292  0.296269 -0.797716 -0.942693   0.15472 0.0839148  0.484299  0.439498 -0.878947
point 26 287 110.335  165.11   -0.48463  -0.666977  -0.558606  -0.937621  -0.604778  -0.118537 -0.0124045  -0.127247  -0.124674  -0.144095
point 27 299 335.759  185.46  -0.672053 0.00378226   0.428279   0.916064  -0.284904 0.00663521  -0.142466  -0.523582   0.745164   0.931661
point 28 309 574.926 211.512 -0.567017  0.979079  -1.00792   0.74037 -0.219191  0.193438  0.680252  0.551582 -0.259616  0.373503
point 29 323 385.721 203.974 -0.687041  0.590033  0.314682  0.773071  0.261558 -0.516323 -0.974792 -0.749212 -0.517067 -0.970582
point 30 326 461.636  186.85   0.43851 -0.556864  0.584312  0.247836 -0.954366 -0.335264 -0.428382 -0.598569  0.274091 -0.831273
point 31 336 140.802 229.076  -0.561941 -0.0370764   0.813718   0.221562   -0.72345  -0.511025   0.934082  -0.755033  -0.282006  0.0881302
point 32 350 583.417 182.213 -0.714091 -0.945734  0.953659  0.160564  0.483837  0.841642 -0.755115  0.748038  0.102943  0.635476
point 33 359 613.441 115.442 -0.0832372  -0.269607   0.675352  -0.494489   0.646966 -0.0258247   0.220085   0.169691  -0.497233   -0.24171
point 34 374 304.701 167.393  0.593121 -0.407569  0.304871  -0.66377   0.39579 -0.957613  -0.78389 -0.630923 -0.427548 -0.807232
point 35 382 551.385 187.829 -0.749321  0.847517   0.95742  -0.95232  0.138506  0.519453  0.585315 -0.187633  0.199541 -0.147077
point 36 414 228.951 148.516  0.603767 0.0986445 -0.625891  0.435546  0.243315  0.818094  0.187877  0.577886 -0.644372 -0.111668
point 37 429 322.467 178.008  0.451794  0.344753  -0.70595 -0.449931  0.552046 -0.966752 -0.541531 -0.162418 -0.363182  0.330751
point 38 437 17.4092 214.253  0.436036  0.399464  0.844534  0.409844 -0.778598 -0.869544 -0.258172  0.161277 -0.248129 -0.717759
point 39 444 294.449 98.5893   0.579209  -0.881299   0.442904  -0.642518 -0.0261013  -0.702788   0.966303   0.298055 -0.0882826   0.581499
point 40 452 361.555  104.97 -0.916765  0.279207 -0.167637  0.712319  0.602193 -0.788876 -0.126632  0.263165 -0.391091 -0.114852
point 41 468 366.491 83.9671  0.493484  -0.31776 -0.443715  0.532955  0.191789  0.540199 -0.396805 -0.261677 -0.813008 -0.307316
point 42 470 600.821 237.514  0.420443 -0.110756 -0.587387  0.903987 -0.312033  0.920608 -0.406534  0.242423  0.378948  0.724369
point 43 481 201.069 203.692 -0.844975  -0.82914  0.331088 -0.526665 -0.318725  0.126346 -0.214451  -0.85462  -0.40208  0.191513
point 44 482 204.908 154.076  0.534894  0.373808   0.24858  0.206421 -0.330502 -0.544679  0.249376 -0.288242  0.305732 -0.372838
point 45 484 418.579 167.481  0.876872  0.646694  0.971735 -0.759267 -0.599566  0.529374  0.625492  0.593304 -0.293289 -0.718673
point 46 492   552.6 146.523  0.490385  0.527275 -0.757054 -0.409798 -0.487045  0.703873 -0.522744   0.83422 -0.789939 -0.610607
point 47 498  57.143 142.869 -0.510072  0.423457  0.833112  0.869304  -0.68039  0.901679 -0.841744  0.962215  0.168446 -0.960481
point 48 500 37.4086 167.776  0.939844 0.0898238 -0.779945 -0.730792 -0.480421 -0.252447  0.661144 -0.605743 -0.451282  -1.02985
point 49 508 563.892 146.687   0.62909   0.62255 -0.182819 -0.105661 -0.789666  0.824739 -0.857015  0.222734 -0.687428 -0.825897
point 50 540 214.185 133.402  0.995784  0.513064   0.71847 -0.523892 -0.315929   1.01353  0.384182  0.884781  -0.87672  0.386704
point 51 560 448.777 195.343   0.917234   0.441623   0.610489   0.741523   0.311954   0.444969  -0.695004 0.00556212  -0.455121   0.330347
point 52 565 421.174 238.496 -0.958332  0.880157  0.455157   0.29481 -0.509742   -0.6419  0.768943  0.853878  0.045054  0.492085
point 53 566 347.787 237.133  0.603446  0.692796 -0.263934 -0.272281  0.151724  0.159001  0.577413 -0.646837  0.727469 -0.544833
point 54 584 312.474 212.747  0.120971 0.0137019 -0.581163 -0.954991  0.408913  0.365599 -0.801502  0.971239  0.343849  0.420806
point 55 597 512.964 161.932  -0.666721   0.715264    0.86787 -0.0688855  -0.328521   0.541337      0.883   0.911318   0.426324  -0.310178
point 56 620 317.165 107.232  0.563896 -0.296395  0.848427  0.761704 -0.293033 -0.409987 -0.841594  0.358967 0.0339905   0.53085
point 57 638 405.075 202.959  -0.240265  -0.919858   0.633922  -0.801204   0.223424   0.305591 -0.0470692  -0.391864   0.503004   0.862278
point 58 639 594.195 197.226 -0.829666  0.852747 -0.401504 -0.346846  0.802555  0.645797 0.0274356 -0.819858  0.128948 -0.695309
point 59 651 467.457 143.345  0.828465  0.562439 -0.537079  0.220179 -0.509491 -0.974158 -0.900158  0.413499 -0.242941 -0.385822
point 60 665 370.769 205.796   0.553466  -0.939198   0.925997   0.330864 -0.0696863   0.910956   0.795618  -0.167869  -0.170242  -0.453091
point 61 673 230.921 236.032  -0.500644   0.715106 -0.0131087  -0.287804   0.564239 0.00942421   0.419271  -0.507014   -0.36776   0.119467
point 62 720 630.479 178.456  0.380271 -0.620342  0.406987  0.315368 -0.797413   -1.0376 -0.617916 -0.879079  0.569878 -0.737493
point 63 722 418.735 158.799   0.509871  -0.538919  -0.286755    -0.7222  -0.807714  -0.852657  -0.351465   0.634772   0.467664 -0.0371639
point 64 731 392.393 197.607 -0.291052  0.406704  0.366289 -0.851636 -0.681101  0.917461  0.800997  0.831658  0.587395  -0.77685
point 65 743 273.172 195.164  0.158904 -0.569441  0.919089  0.305243  0.713172 -0.296962 -0.439081 -0.126064 -0.214274 -0.420082
point 66 745 352.256 165.742   1.01392 -0.466389  0.126537 -0.722263  0.317641 -0.730044  -0.19908  0.190524  0.545213 -0.538331
point 67 755 545.837  237.94   0.152212   0.133229 -0.0670814   0.814343   0.471899  -0.471528   0.333394  -0.313387  -0.433508   0.567872
point 68 763 395.032 148.485   0.148109  0.0596257   -0.83415  -0.262303  -0.586636   0.906632 -0.0950742   0.496741   0.396086   0.115247
point 69 775 287.377 167.071  -1.00937 -0.811176  0.913836 -0.752828 -0.574791 -0.838676 -0.876316  -0.86518  0.238647  0.247656
point 70 782 114.332 233.041  -0.39661  0.491456  0.999987 -0.648422 -0.539999  0.979231 0.0954343  0.130034  0.078952 0.0095178
point 71 791 270.925 122.269  0.743693 -0.606397 -0.844283 -0.635821  0.942321 -0.448649  0.458215  0.637373  0.464829 -0.426592
point 72 801 267.997 187.359  0.474587  -0.38177   0.36014  0.513754 -0.383312  0.631256 -0.469706   0.59879 -0.262134 0.0313056
point 73 818 332.037  199.31  0.015556  -0.86502 0.0681504 -0.408105  -0.72526 -0.282615   0.38001 -0.616793  -0.92396 -0.342179
point 74 819 610.075 191.016   -0.562868    0.468921   -0.751595    0.734892    0.893479 -0.00786332    0.329583    0.797501   -0.418711   -0.134739
point 75 855 351.679  152.46 0.0499331  0.904609 0.0805704  -0.12534 -0.843494  0.646188 -0.225532 -0.506359 -0.336907  0.916386
point 76 861 573.867 185.309   0.123778   0.672131   0.796516  -0.172078  -0.550106   0.313603  0.0892318    0.21248 -0.0808252  -0.428449
point 77 887 487.643 224.657  0.601677 -0.763236 -0.737584 -0.635861  -0.81554 -0.874305 -0.336899 0.0664862 0.0755776  -0.82919
point 78 888 621.202 163.923 -0.652589  0.716674   0.44144  0.565073  0.377082  -0.84919  0.724113  0.950044  0.131818 0.0624918
point 79 894 616.096 206.374  -0.259747  -0.617245 0.00238851   0.754077  -0.674069  -0.683265   0.855573  -0.310241  -0.994961  -0.847423
point 80 903 579.985  109.92   0.823453   0.588209   0.951208   0.787669  0.0256491  -0.670364    0.20332  0.0601995  -0.894082 -0.0359126
point 81 918 511.369 215.724 -0.829743  0.145302  0.565333  0.208531 -0.393618 -0.754731 -0.558437  0.837971 -0.169141 -0.324103
point 82 925 427.095 180.254   0.750709   0.633036  -0.540497  -0.624137 -0.0598965  -0.269964    0.36158  -0.376816    0.49352  -0.236216
point 83 931 435.796 165.331  0.764525  0.788014   0.39374 -0.165939  0.319872  0.525528  0.534451 -0.903192 -0.218638  -0.17904
point 84 935 568.214 21.7024  -0.708369  -0.935353   0.287481    1.00916  -0.670692   0.469394   0.322225    0.86676  -0.796133 -0.0880246
point 85 943 256.563 231.365  0.997939   0.25776  0.796781  -0.58031   1.01679 -0.349069  0.122726 -0.790103 -0.294191 -0.433897
point 86 949 150.934 231.535  -0.871234  -0.381903  -0.724877   0.774512  -0.645387 -0.0424238   0.867987  -0.812474    0.34152  -0.687869
point 87 961 417.519 140.249  -0.352919  -0.427511   0.964512   0.533842   0.591546   0.624694  0.0394083 -0.0673568  -0.776863  -0.137914
point 88 977 433.438 186.342  -0.472817 -0.0223837   0.663673  -0.721021  -0.756136   0.844845   0.685013   0.976032  -0.179882   0.450207

