seq: 241
gt_pose:  3.92864  3.75406 -1.19085
odom_pose:  4.20774  2.99266 -1.40715
point 0 3 309.36 181.93 -0.197741  0.780171  -0.48117 -0.331237  0.616076  0.849599 -0.903473  0.927006 0.0446078 -0.825776
point 1 5 531.837 197.833 0.0213894   0.33596 0.0815083  -0.95858 -0.135035  0.826478  0.849735  0.490688 -0.395149  0.519261
point 2 14 533.704 199.123 -0.826446 0.0364542  0.484783 -0.389565   1.00131  0.178113  0.755543  0.484039  0.239301 -0.929047
point 3 17 460.917 116.693   -0.464538    0.125497    0.485761    -0.79586 -0.00990434     0.18293    0.927761    -0.14402   -0.351095     0.67711
point 4 42 390.881 159.734   0.0363557   -0.752183   0.0118741 -0.00474897    -0.86762    0.600646   -0.243322    0.248809   -0.125028   -0.738411
point 5 44 607.655 52.8248  -0.594736   0.255487   0.845489   0.461761 -0.0274503  -0.157555   0.661227   0.902485   0.901564   0.789707
point 6 49 135.423 6.81118  -0.642055  -0.385102   0.739227  -0.223448   0.755561   0.467222 -0.0560426  -0.408203   0.869373    -0.7368
point 7 50 107.137 170.164  0.826644 -0.599518 -0.444363 -0.705851 -0.637144    0.2287  -0.66576 -0.752398  -0.54495  0.896338
point 8 57 445.751 198.001  0.424261 -0.318581 -0.523463  0.484769 -0.532258  0.411483 -0.985972  0.651819  0.696318  0.236941
point 9 64 440.409 186.855   0.889552   0.525179  -0.741292  -0.895544  0.0131358  -0.180166  -0.526996 -0.0690904  -0.662619  -0.407541
point 10 75 74.1269 138.009 -0.655015 -0.865919  0.877747  0.585343 -0.819631  0.687746 -0.623809  0.974595 0.0817087  0.347441
point 11 78 609.949 205.899 -0.860375 -0.833992  0.595968  0.794206  0.967007 0.0212988 -0.400924 -0.614334 -0.291157 -0.150008
point 12 87 221.509 232.369   0.72446  0.862482 -0.215883  0.887566 -0.630344 -0.580571 -0.459086 -0.258414  0.854442  0.269396
point 13 110 625.142 103.522   0.89981  0.912809 -0.600666 -0.364413  0.124359 -0.698809 -0.603003  0.545849  0.772419  0.256324
point 14 115 312.292 128.723  -0.691211  -0.723238   0.409889    0.54287 -0.0348772  -0.575472   0.904561  -0.466604   -0.49165   0.470269
point 15 120 257.884 100.238 -0.950208  0.197619  0.699972 -0.559297  0.593453   0.56075  -0.68358  0.241821 -0.951479  0.262973
point 16 123 590.146 137.172  0.182068 -0.865323 -0.271889  0.338041  0.810314   0.65259  0.288465 -0.247641  0.342009 -0.564206
point 17 146 599.513 177.849  0.954854 -0.475569 -0.652837 0.0980874  -0.61422 -0.143905  0.959585 -0.529969 0.0449267 -0.690997
point 18 162 217.394 185.057 -0.551037  0.303587 0.0577721 -0.741269 0.0859839 -0.930806  0.640558 -0.737423 -0.687687  0.212212
point 19 169 563.073 147.113 -0.576658  0.501656  0.771575 -0.239806 -0.128206  0.442382  0.371834  0.421577 -0.713935 -0.570587
point 20 170 25.5766 216.359  0.175809 -0.356574  0.182836  0.160567  0.793198 -0.146826 -0.892267  0.711118  0.411725  0.703151
point 21 179 467.345 196.564 -0.025331 -0.871738 0.0582569  0.751888  0.726596  0.362649 -0.294018 -0.785727 -0.162635  0.836544
point 22 184 510.683 215.458  -0.23911  0.498607 -0.363999 0.0345592 -0.627118 -0.248249  0.103632 -0.418613 -0.367515  0.389198
point 23 185 272.229 173.572   0.04049 -0.551431 -0.548731  0.294474 -0.258255  0.907517 -0.697325  0.929664  -0.25736 -0.157706
point 24 200 617.981 159.616  -0.474016  -0.755296   0.661188   0.339431   0.209853   0.535999 -0.0339096   0.865002    1.02944 -0.0495278
point 25 202 443.519 132.385 -0.580383   -0.1992  0.246659  0.388757  0.181763  0.816518  0.640328 -0.205039  0.158151 -0.140559
point 26 213 163.764 177.529   0.493556   -0.16482  -0.749366 -0.0251237 -0.0323899  -0.944458  -0.413883   0.704455   0.445241   0.156108
point 27 255 138.256 210.841  -0.978957  -0.839244  -0.901662  -0.871643 0.00758118   0.859306   0.155707  -0.293399  -0.149195   0.343569
point 28 270 37.6645 217.931  -0.476403   0.457983  0.0815762  -0.743783 0.00727291   0.174809   0.503484  -0.217627  -0.954901  -0.828032
point 29 276 193.279 239.291   0.488526   -0.68424  0.0661808 -0.0703202   0.222715 -0.0615091    0.30761   -0.61378  -0.455299   0.748681
point 30 277 541.732 183.286  -0.53399 -0.808019  0.322555  -0.84212  -0.92597  0.199402   0.12126  0.464826  0.388968 -0.855596
point 31 280 424.943 229.142 -0.268564  0.093539  0.547679 -0.106814 -0.354462 -0.426183  0.809601  0.790233 -0.107312  0.774714
point 32 290 369.006 190.554  -0.66263  0.826054 -0.723599 -0.541136 -0.720941  0.478735 -0.907402 -0.762527  0.615973 -0.940213
point 33 296 472.643 157.227 -0.0258498  -0.614035  -0.344388    0.27037  -0.198004   0.608342  -0.638342    1.00725  0.0492248  -0.388382
point 34 301 553.588 207.238  0.141388 -0.463429  -1.03317  0.398246 -0.934361 -0.693876 -0.635452  0.452298 -0.754895 0.0737186
point 35 313 436.953 136.698  0.120781  0.370668  0.110972  0.105572   0.50938  0.651122  -0.41063 -0.628042 -0.062381  0.406491
point 36 316 358.884 189.722 -0.644579 -0.781476 -0.921581 -0.467935 -0.494035 -0.076661 -0.399031 -0.216984 -0.337228 -0.637569
point 37 319 430.545 176.168  -1.00404   0.26807  0.636522 -0.264892 -0.675078  0.167345   0.69421 -0.366732 -0.962864  0.391207
point 38 325 326.412 176.171 -0.190626 -0.323309  -0.60609  0.137355  0.230306 -0.338354 -0.236782 -0.493264 -0.553429 -0.979456
point 39 340  171.95 92.0512   0.460476  -0.346609  -0.677953 -0.0987833   0.818667  -0.102797  -0.669973  -0.495725     0.5674  -0.344663
point 40 341 146.635 210.091  -0.769057   0.161631   0.303444  -0.297619   0.248815  -0.396482  -0.818404  -0.662268   0.813112 -0.0412376
point 41 353 398.802 141.303   -0.55087  -0.283589   0.952316  -0.348091  -0.282774   0.274929 -0.0544756  -0.556443  -0.437153    0.10745
point 42 364 579.573 210.653  0.0574116    0.75497   0.644726  -0.607919   0.937824  -0.558019  -0.573848  -0.893907  0.0526119 -0.0336224
point 43 367  619.77 26.7734  -0.722912  -0.941426   0.869248   -0.43027  -0.431825    0.67439   -0.29262 -0.0481195  -0.507814   -0.79688
point 44 396 267.957 6.20439  0.258877 -0.747613  0.855101  0.759736  -0.40813 -0.362237 -0.834665 -0.362015  0.385905  0.615626
point 45 398 466.036 226.593 -0.848014  0.913218 -0.644708  0.429979  -0.98306  0.575349  0.695777  0.920873  0.328348 -0.696644
point 46 401 105.509 193.179 -0.030124  0.585048  0.305549 -0.495834 -0.576485  0.212388  0.675956  0.821636 -0.941442 -0.553163
point 47 407 148.032 217.278  -0.671291   0.985956  -0.947342   0.645873  -0.769808 -0.0422249   0.711394   -0.90444  -0.365004   -0.48367
point 48 418 226.405 229.023  -0.94373 0.0168671  0.260334 -0.600457  0.890784  0.766951  0.949324 -0.801844 -0.639112  0.574328
point 49 425 574.262 239.947 -0.415188 -0.363678  0.423718 -0.476413 -0.514171 -0.650994 -0.152883 -0.910332  0.941563  0.845214
point 50 427 204.452 176.648  0.729024  0.936571  0.234456 -0.384675 -0.128797  0.775634  0.196276 -0.697673 -0.615529  0.680408
point 51 448 434.439 210.276  0.809061 -0.466923 -0.806173 -0.683575 -0.339704  0.763928 -0.381183 -0.724969  0.587182 -0.433067
point 52 456 229.933 160.465  0.195941 -0.555827  0.560442 -0.507751 -0.370956  0.663775 -0.490015 -0.698167 -0.803317 -0.870227
point 53 469 460.048 167.978 -0.0490982  -0.880534   0.975021   0.926099  -0.101344  -0.417786  -0.818767   0.729305   0.218542  -0.928645
point 54 475 532.817 229.269    -0.964776     0.127104    0.0333513     0.552108    -0.362351    -0.355882    -0.124575 -0.000582735    -0.676467    -0.301412
point 55 512 218.024  141.66 -0.599858 0.0443408  0.705333 -0.342791  0.610762 -0.922407 -0.280654  0.236131 0.0878357 -0.425113
point 56 519 519.65 121.71  0.407959  0.475002   0.59106  0.159867  0.663982 -0.825285 -0.882265  0.866603 -0.329867  0.447239
point 57 529 572.215 198.869  0.456108 -0.405849 0.0310723 -0.274662  0.663261 -0.162645 -0.873279  0.822432 -0.137014 -0.406611
point 58 533 325.915 182.156  -0.734176  -0.178233   0.606331  -0.301457  -0.756534  -0.746907   0.598915  -0.259731   0.639335 -0.0343142
point 59 556 61.7545 197.916   0.95953   1.03376 -0.322132  0.592918  0.930889  -0.23422  0.468922 -0.609385  0.929569  0.191939
point 60 564 171.795 190.736 -0.660809 -0.183195  0.226786 -0.487056 -0.166007  0.536368 -0.471849 -0.966303  -0.75556  0.957913
point 61 568 605.712 211.636 -0.952653 -0.618771    1.0264 -0.677782  0.426018  0.510719 -0.960308 -0.837009  -0.71779  0.161313
point 62 573 467.535  156.58  0.921531 -0.198987  0.260025 -0.504361 -0.240342  0.102011 -0.684512 -0.997658 -0.267062  0.559822
point 63 581 284.592 226.944 -0.683156 -0.527664 -0.327666   1.00185 -0.963159 -0.160129  -0.11836 -0.730292  0.894044 -0.157261
point 64 588 346.917 231.443 -0.280423 0.0557542 -0.363896 -0.650896  0.568035   0.63711 -0.583772  0.264798  -0.20908 0.0760008
point 65 605   108.5 196.871      0.944   0.521457  -0.439208   0.316511   0.224453  -0.353696 -0.0944496   -0.12734   0.857908  0.0896387
point 66 632 251.587 237.758  -0.103535   0.233355  -0.315133  -0.721645  -0.547528   0.690097   0.283494  0.0741715  -0.662927 -0.0983354
point 67 646 335.611 225.179 -0.325616  0.668759  0.795064  0.790431  0.327369 -0.766884 -0.346212  0.806492   0.23524  0.496477
point 68 661 611.415 148.647  0.292374 -0.501042    0.4138  0.403677  0.066735  0.125974 -0.922589 -0.757491  0.252052   0.43774
point 69 667 531.993 155.967 -0.930041 -0.640158 -0.233962 -0.535616  0.760062 -0.762685 -0.471471  0.707787  0.553571  0.400308
point 70 668 57.0896 37.2009  -0.54882  0.772041 -0.799057 -0.452506 -0.481191 -0.189266  0.140829 -0.541341 -0.853229 -0.558961
point 71 681 366.224 209.472 -0.266251  0.548931   0.15503  0.398283  -0.73229  0.151479 -0.804362   0.39388 -0.108644  -0.88393
point 72 695  538.76 217.238  0.770544 -0.241053  0.338626 -0.438368  0.430054 0.0114591  0.933971 0.0880059  0.502512  0.774493
point 73 737 228.718 209.659  -0.363017   0.165504 0.00213693    0.60286  -0.803996    0.15352   -0.90097  0.0962717   0.556212  -0.127461
point 74 739 111.366 218.241    1.04056   0.165178  -0.473628 -0.0356407   0.768583   0.247419  -0.887312   -0.25547  -0.256242  -0.696549
point 75 749 138.214 199.766 -0.657256  0.277187  0.637985 -0.693381  0.525151 0.0204701  0.734191   0.19051 -0.262341 -0.142157
point 76 771 354.749 226.502  0.174298 -0.464015  0.808674  0.942748 -0.613364  0.914493  0.646546 -0.207557 -0.420211 -0.665717
point 77 776  617.63 140.258  0.922353 -0.115125 -0.137827 -0.511721  0.686584 -0.870855  0.395014 -0.474325  0.791007 -0.765508
point 78 777 502.277 192.903   -0.65676   0.661253  -0.291717  -0.465327   0.569916  -0.220094  -0.345498   0.585678 0.00846361   0.101678
point 79 778 225.114 219.237 -0.125765 -0.688819 -0.773445  0.709343 -0.550353 -0.891793 -0.404903  0.310786 -0.446139 -0.675222
point 80 794 586.777 205.469 -0.386823   0.47659 -0.343112 -0.641105 0.0459242  0.699597  0.505684 -0.522717  0.192711  0.466359
point 81 797 528.119 194.222  -0.689039  -0.712244   0.756977  0.0501014  -0.203003  -0.598761 -0.0903098   0.553947 -0.0702096  -0.343814
point 82 804 329.343 137.371 -0.814178  -0.73124 -0.720965 -0.526302  0.558137  0.703804 -0.120372  0.415383 -0.610465  0.150955
point 83 809 194.293 140.635 -0.216104 -0.874887 -0.954915 -0.309075 -0.552187 -0.229846  0.795387  0.760514 -0.257029 -0.260838
point 84 815 438.096 162.819 0.0960573 -0.253048  0.934389  -0.32549  0.712902  0.630212 -0.390009  -0.58535  0.776871  0.856052
point 85 817 73.5306 122.588  -0.228705   0.537819   0.832794   0.554287   0.640774 -0.0956295  -0.616459   0.552992   0.598013  -0.899907
point 86 837 340.891 84.3226 -0.0771561  -0.261452   -0.50505  -0.370802  -0.805753   0.216104  -0.471093  -0.379399  -0.869347  -0.433112
point 87 841 602.664 160.926   0.15777   0.91815 -0.870121  0.935504 -0.339499 0.0857256 -0.315208 -0.227532   0.20169  0.505834
point 88 843 615.268 104.079 -0.422883 -0.213423 -0.120015   0.42297   0.10906 -0.901602  0.366918  0.262519   1.02237   1.02235
point 89 846 184.521 203.185     0.4728   0.311292     0.3523  -0.900867  -0.883593 -0.0669365  -0.749709  -0.295621  -0.339711    0.19051
point 90 861 635.981 187.282    0.143337    0.642471    0.840357  -0.0949281    -0.54902    0.280653   0.0353716    0.173148 -0.00653798   -0.464063
point 91 862 638.253 197.607 -0.863667 -0.341312 -0.709051 -0.231048  0.626241 -0.458953  -0.11752  0.322617 -0.923137   0.03525
point 92 866   47.3359 0.0105672 -0.495641 -0.108918  0.717388 -0.567598    0.6709 -0.203058    -0.166  0.405373   -0.4754  0.877469
point 93 867 460.738 206.581    1.02969   0.067941  0.0818947   0.600594  -0.403276 -0.0424822  -0.785794   -0.41584   0.683208 -0.0955032
point 94 882 410.268 208.802 -0.440664  0.998049 -0.603996  0.568622  0.444981 -0.252744 -0.954636 -0.795412  -0.59067  0.584197
point 95 886 358.366 90.3717 -0.326511 -0.874998 -0.457507 0.0901604  0.294363  0.956132  0.929927  0.855625 -0.690863 -0.798474
point 96 889 178.446 231.186  -0.816967   0.236269   0.782289  -0.246912   -1.00325   0.375102 -0.0542788  -0.753137   0.714595  0.0959855
point 97 892 310.727 157.985   0.315555  -0.851717   -0.75481   0.669869  -0.742293   0.670428  -0.706723   0.169355   0.890557 -0.0358236
point 98 898 292.411 231.241  0.837753 -0.586364  0.283134 0.0216161 0.0810591 -0.275733  0.537478 -0.535726 -0.154041  0.438188
point 99 920 166.673 119.441 -0.924167  0.707039 -0.386912 -0.365326 -0.422417 -0.200469  0.804813 -0.802195   1.01751 -0.532093
point 100 926 157.799 204.854  -0.784188  -0.822452   0.910097  -0.902592 -0.0228628  -0.514521  -0.383255  -0.730505  0.0359725   0.565211
point 101 928 399.485 167.885 -0.111232  0.848297 -0.848028 -0.883436 -0.273067 -0.539354 -0.699527 -0.407971 -0.483877  0.313907
point 102 936 571.939 156.224 0.0380668 -0.407982 -0.456746 -0.339001 -0.429433  0.937292  0.111555 -0.749588  0.109988  0.114019
point 103 939 329.872 186.297 -0.397466   -0.7132  0.578418  0.866656  0.161965  -0.88592 -0.772749  0.701942  0.124628   0.77868
point 104 942 586.547 218.096 -0.799167 -0.327726  0.634381 -0.491262  0.181353 -0.257262 -0.712434 -0.961314  0.934549  0.439486
point 105 963 430.995 187.491 0.0202083 -0.811584 -0.425118  0.372329  -0.84442  0.312021  0.963785 -0.896026 -0.220245  0.472027
point 106 965 593.447 169.251   0.864893   0.649684   0.497302 -0.0420211 -0.0117205  -0.521111    0.13532   0.610802   0.962087     0.2822
point 107 971 431.207 201.619   0.712875 -0.0437166   0.259703  -0.706216    1.00262 -0.0980784   0.339446    1.01478   0.812554  -0.166967
point 108 989 565.172 233.922  -0.682208   0.326534   0.522134  -0.581097 -0.0453936  -0.521967  -0.141499   0.518163    0.54267  -0.470069

