seq: 183
gt_pose:  -1.14245   2.99585 -0.109586
odom_pose:   -1.14015    2.13521 -0.0295875
point 0 6 544.655 209.021 -0.619287 -0.117079  0.801156  0.706206 -0.312612 -0.508481  0.743537 -0.284321  0.338601  0.886272
point 1 7 288.572 143.707  -0.117905   0.807503  -0.171072   0.602335   0.417334    0.81098 -0.0325593  -0.593451    0.91244   0.820025
point 2 14 541.296 194.213 -0.784095   0.04804  0.503551 -0.384283  0.989962  0.153609  0.708799  0.461799  0.298007  -0.88991
point 3 17  417.96 160.039  -0.440301   0.131165   0.430497  -0.782818 -0.0202786   0.153754   0.862839 -0.0546186  -0.293665   0.684833
point 4 21 276.694 184.749   0.518416  -0.436633  -0.341689  -0.571562   0.978136  -0.994919   0.642754  -0.375173  -0.600775 -0.0770985
point 5 31  417.98 179.749  -0.399792   0.766894 -0.0604992  -0.629759   0.266032  0.0933314   0.218118   0.142537   -0.57467   0.630071
point 6 36 306.776 235.968 -0.159189 -0.268059   0.39714  0.585147  0.403877 -0.648089 -0.934187 -0.900424   0.41115 -0.641107
point 7 37  241.61 224.693  -0.98583  -1.03199 -0.369254 -0.515913  0.266261  0.694788 -0.628807 -0.323794  0.326227  0.739712
point 8 38 557.632 181.274 -0.634066 -0.652539 0.0280626   0.68765  0.365092  0.826054 -0.596204 -0.166906  0.429992  0.767438
point 9 39 105.943      55 -0.569257  0.860403 0.0901079  0.840751 0.0274187 0.0906112  0.848329  0.587924  0.636207  0.148771
point 10 44 348.579 188.119 -0.538132  0.230335   0.81339  0.468438   -0.0935 -0.150987  0.723411  0.944991  0.913207  0.761956
point 11 53 254.427 209.305  0.750047  0.252213 -0.270068 -0.857164  0.571928  0.617411   0.40764  0.373942  0.813176 -0.396048
point 12 57 474.276 201.083  0.396061 -0.314909 -0.535628  0.545327 -0.440559  0.391077  -1.00526  0.653533  0.667384   0.22184
point 13 64  395.64 210.287   0.859508   0.571266  -0.715664  -0.934042 0.00728714  -0.230442  -0.565551  -0.045047  -0.719051  -0.406803
point 14 68 366.587 238.682  0.121063  0.325666 -0.955554  0.472296  0.173898  -0.74798 -0.690962 -0.573505  0.588938  0.664519
point 15 77 230.985 231.968  0.0450513   -1.01451  -0.417368  -0.568643   0.337456 -0.0733248  -0.505254   0.269274  -0.609922  -0.266764
point 16 89 236.179 233.981  0.609878 -0.671855 -0.330204 -0.308391  0.290073 -0.589137 -0.468408  -0.97527 -0.677262 -0.209512
point 17 106 203.256 235.696  -0.207086   0.938914  0.0536509 -0.0838096    0.40591   0.171161  -0.221371  -0.930192   0.494214 -0.0636189
point 18 110 421.774 164.309  0.820052  0.958099 -0.639207 -0.357221 0.0825178 -0.741074 -0.622547  0.564357  0.707051  0.179068
point 19 113 347.108  209.34 -0.0652678  -0.600138   0.565566  -0.858318   0.565884  -0.305736  -0.874405   0.678747  -0.320027  -0.012991
point 20 119 544.701 216.716 -0.355327 -0.413792  0.855628 -0.386782  0.792342  0.414729  0.952222 -0.471634 -0.732894  0.380812
point 21 132 371.251 192.459   0.247284  -0.964076  -0.879705 -0.0407396  -0.756261   0.862937  -0.859458   0.260058   0.886266   0.671177
point 22 138 603.966 233.508 -0.407333  -0.67917 -0.423225 -0.589505 -0.461927  0.149677   0.54872 -0.790549  0.139985 -0.059044
point 23 148 345.302 141.973  -0.125189  -0.291232  -0.209436   0.512418 -0.0740166  -0.155446   -1.00291   0.231615   0.945973  -0.664984
point 24 156 393.928 161.847  0.299022   0.53422 -0.702305  0.387585 -0.866844   0.98173  0.115144 -0.755327 -0.984699 -0.149804
point 25 157 176.307 237.687 0.0225923  0.115104  0.684714  0.454329 -0.695309 -0.938965  0.267498  0.603919 -0.741574  0.547605
point 26 158 282.592 167.516   0.455685   0.447928    0.29072  -0.314488 -0.0784744  -0.384588  -0.765182   0.154893   0.923236   -0.63257
point 27 159 427.237 194.301  0.206471 -0.957957 -0.894138 -0.119071 0.0414563  0.133794  0.983391  -0.29935 -0.357019 -0.755346
point 28 165 487.704 169.377   0.493101  -0.769354   0.468414   0.612372  -0.693627   0.667644  -0.640024   0.814825   0.360376 0.00580013
point 29 169 383.127 199.788 -0.589304  0.473286  0.708468  -0.24825 -0.130259   0.45866  0.317779  0.481117 -0.710876 -0.542743
point 30 176  444.51 183.026  -0.700863   0.862131  -0.169695 -0.0471039   0.387668  -0.435448  -0.945258   0.222524   0.684053  0.0793233
point 31 179 409.038 213.835 0.0286445 -0.792041  0.107523  0.814087  0.713736  0.368941 -0.342101 -0.751654 -0.165143  0.815784
point 32 180 62.4501 158.987 -0.135874  -0.53968 -0.716538 -0.655287   0.16626  -1.01608  -0.15847 -0.176821 -0.116475 -0.240873
point 33 184 619.387 203.409 -0.235341  0.526166 -0.411948 0.0563872  -0.62689 -0.243784 0.0837219 -0.385326 -0.449399  0.366617
point 34 190 46.4383 228.731   0.379449   0.717901 -0.0666657   0.764456   0.477962   0.489409   0.084467  -0.833718   0.337285  -0.471392
point 35 191 88.1868 217.721  -0.872141  -0.818918  -0.928791   0.784534 0.00769845  -0.986813  -0.326629  0.0684407  -0.813539   0.578109
point 36 198  493.35 237.357  0.897566  0.622325 -0.290168 -0.545053   1.00093 -0.825307  0.908844 -0.987912 -0.697833  0.338387
point 37 202 404.145 175.735 -0.534972 -0.237604  0.242859   0.32059  0.113551  0.831079  0.610292 -0.254627  0.155588 -0.138717
point 38 214 17.3086 178.051   -0.69144  -0.549686  -0.689433   -0.11452   0.164909 -0.0960538   0.802759  -0.785333 -0.0802363   -0.47784
point 39 239 8.87733 181.958 -0.415078 -0.877538 -0.835342  0.198358  0.598722  0.185934  0.262741  0.220661  0.211106 -0.575464
point 40 240 350.822 143.323 -0.506662 -0.618478  0.614056  0.779457  0.820832  0.751944 -0.568692 -0.747735  -0.95742  0.674175
point 41 280 402.029 233.473  -0.198447   0.152151   0.511265  -0.143366  -0.329424  -0.395078   0.847543   0.817998 -0.0658214   0.728752
point 42 296 488.048 160.583 -0.00693802   -0.584467   -0.343175    0.314715    -0.22586    0.568159   -0.678275    0.924969  0.00563513   -0.383278
point 43 301 548.277 203.153  0.122033 -0.456466 -0.984267  0.387541 -0.990707 -0.688522 -0.566221  0.461107 -0.727601 0.0874741
point 44 303 529.282 149.671    0.18859  -0.811003  -0.601694  -0.884466 -0.0480418   0.559724  -0.453843 -0.0660009 -0.0775325  -0.426824
point 45 304 260.339 141.848  0.530382 -0.563545 -0.396189 -0.391378  0.951255 -0.179935  0.705725   0.53323  -0.50292 -0.396601
point 46 310 155.516 173.781  0.602494  0.166541 -0.628183 -0.842513  0.645627 -0.175475 -0.851489 -0.364766  0.751009 -0.659483
point 47 313 439.665 160.283   0.16543  0.375735  0.166135 0.0844506  0.510361  0.697132 -0.374365 -0.634873 -0.115065    0.3578
point 48 315  298.54 218.465 -0.860704 -0.316235 -0.943677  0.152324 -0.379855  0.183739 -0.536265  0.833109 -0.762384  0.918801
point 49 319 445.401 188.579 -0.945508  0.265413  0.645907 -0.243469 -0.670711  0.148412  0.676298 -0.324925 -0.961737  0.348871
point 50 320 161.002 228.973  -0.109861   0.674664   0.963343 -0.0539692    0.63126   0.128949 0.00594302   0.044105   0.178455   0.339674
point 51 324   38.52 178.211    0.128966    0.380505   -0.671111    -0.43411    0.629875 0.000767634    0.379106   0.0835758    0.251037     0.32999
point 52 367   401.1 138.192  -0.636896  -0.863548    0.93481  -0.393669  -0.502799   0.720223  -0.353577 -0.0388288  -0.574833  -0.834311
point 53 387   621.6 54.2797  0.737513 -0.669814   0.56409  0.922951 -0.798579 -0.171816 0.0313686 -0.923524  0.636976  0.706458
point 54 398 492.421 226.763 -0.805256  0.886791  -0.66273  0.432652 -0.927423  0.549206   0.72346  0.837193  0.300194 -0.756767
point 55 440 68.3397 153.969 -0.907148 -0.933791  0.139354  0.876815 -0.548993  0.389137  0.771413 -0.163287   0.42633 -0.576149
point 56 448 421.245 219.612  0.883862 -0.419129 -0.843133 -0.650938 -0.265786  0.691475  -0.43804 -0.744479  0.587757 -0.373301
point 57 454 300.817 141.377 -0.852458  0.998567  0.624008  -0.45569  0.619371  0.706808  0.791102 -0.604798  0.407619  0.309117
point 58 458  88.146 181.761 -0.794361   0.19545 -0.777837  0.337706  0.559199  0.466726  0.771799 0.0926876  0.942752 -0.601971
point 59 463 499.57 164.95   0.581063 -0.0525888  -0.372268   0.588555  -0.843173   0.306319   0.918616  -0.834062   -0.80263  0.0430079
point 60 469 472.671 174.968 -0.045951 -0.787535  0.899528  0.927058 -0.139716  -0.46456 -0.803464  0.818023  0.234036 -0.879118
point 61 484 631.748 197.473  0.888783  0.657719  0.958233 -0.765809 -0.617779   0.52237  0.631329  0.589572 -0.347815 -0.752394
point 62 491 527.968 132.635 -0.802831  0.875638 -0.287312  0.585137 -0.438619 -0.104976  0.547396 -0.339176 -0.295152  0.727218
point 63 495 356.046 39.9623   0.209435   0.636724  -0.109039   0.432637  -0.490036  -0.615091    1.02414    -0.5693 -0.0471313   0.139365
point 64 506 351.477 166.605  0.0557682   0.319539 -0.0700498  -0.572812   -0.98693  -0.599315  -0.709408  -0.590503   0.707279   0.528974
point 65 519 461.634 146.108  0.410002  0.475307  0.567848   0.16186  0.710705 -0.835435 -0.887043  0.837445 -0.334049  0.485851
point 66 532  508.01 203.332 -0.841088  0.403438  0.835201  0.804941   0.68186  0.717194  0.164221  -0.42818  0.885935  -0.43074
point 67 569 31.5289 191.233 0.0402687 -0.710627  0.348246  0.270855 -0.249791  0.447529  0.454443 -0.550536  0.922009 -0.345315
point 68 573  442.33 176.996  0.849679 -0.290153   0.28191 -0.448916 -0.274733 0.0346265 -0.717627  -1.03665   -0.3248  0.612201
point 69 578 299.076 158.317 0.00805033  -0.184731  -0.302899   0.231811   -0.78939   0.498895   0.101949  -0.989114 -0.0943402   0.185499
point 70 581 282.382 239.663 -0.642157 -0.519651 -0.322887  0.963819 -0.997712 -0.146969 -0.173204 -0.732729  0.914757 -0.149395
point 71 591 340.958 179.885   1.02065 -0.606008  0.609177   0.10857 -0.442498  -0.22563  0.987491  0.220476 0.0613833 -0.559091
point 72 599 188.988 105.187  -0.460373   0.273991   0.666518   0.137302  0.0223897   0.955544  -0.111941 -0.0497351  -0.134715    0.51226
point 73 603 251.524 182.383   1.00918  0.562619  0.711253  0.304175 -0.791994  0.410203 -0.898011  0.823369 -0.562639  0.615026
point 74 617 601.209 51.4704 0.00623616  -0.842417   0.301824   0.150152  -0.499176  -0.949395  -0.203293   0.342478  -0.772398  -0.623892
point 75 627 198.473  165.01     0.028755     0.954168    -0.665058    -0.558635    -0.812498     0.321874    -0.810558 -0.000130498     0.261088     0.656933
point 76 628 144.129 214.595 -0.692584 -0.114758  0.128551 -0.325805 -0.184018  0.902506  0.606963 -0.347388  0.497988  0.783551
point 77 639 580.794 224.493  -0.737536   0.834757  -0.376988  -0.327161       0.76   0.618077 -0.0503657  -0.796967  0.0376541  -0.710344
point 78 640 0.455086  214.076 -0.0100591    0.71223   0.855144   0.398613    0.15578  -0.380754   0.556637  -0.204602  -0.166552   -0.19059
point 79 655 347.764 221.649 -0.0738414   0.744577   0.478086   -0.54833  -0.533425  -0.458581  -0.931041  -0.687667  -0.869959   0.822513
point 80 658 336.505 221.246   0.37352 0.0507161 -0.141569   -0.2815  0.140844  0.970757  0.571421  0.590397 -0.843002  0.492268
point 81 661  599.9 124.95  0.281344 -0.560313  0.388972  0.398164  0.107825  0.148427 -0.879735 -0.783545  0.240661  0.402836
point 82 664 534.068 217.487 -0.412714  -0.89504  0.289667   0.91695 -0.257913 -0.375085 -0.428769  0.364738 -0.145398  0.346847
point 83 667 426.617  186.77 -0.934537 -0.617184   -0.2164 -0.572842  0.713855 -0.700031 -0.460641  0.692262  0.514127  0.443732
point 84 678 50.3712 128.915 -0.822775 -0.909281 -0.416388 -0.410652   0.06749 -0.952131 -0.954289 -0.108512  0.288059 -0.309141
point 85 704 143.751 198.108 -0.416715  0.142987  0.358195 -0.173755 -0.521874  0.854628  0.590925 -0.942221 -0.550689   0.68715
point 86 752 574.432 108.801  0.857526  0.815582 -0.569144 -0.177921  -0.18928 0.0534733  0.329355 -0.688979 -0.675336 -0.457393
point 87 777 479.568 198.135   -0.578175    0.657709   -0.336566    -0.41623    0.553006   -0.307769    -0.29816    0.525875 -0.00164468   0.0620348
point 88 779 40.8922 229.507  0.291282 -0.766681 -0.867313 -0.834131  0.596543 -0.546888  0.890336 -0.712808 0.0399964  0.490765
point 89 797 603.676 176.173  -0.770501  -0.636638   0.724182  0.0166659  -0.206812   -0.53713 -0.0965481   0.491317 -0.0807951  -0.303736
point 90 806 290.018 236.523   0.850683 0.00146056  -0.576877   0.107746  -0.674902  -0.366991   0.389925  -0.405835  0.0722739 -0.0929577
point 91 815 477.456 166.622 0.0955396 -0.245782  0.966274 -0.315696  0.699183  0.654201 -0.353742 -0.632887   0.77013  0.894625
point 92 821 556.066 213.713  0.375705  0.288355 -0.642715 -0.901447   0.90562  -0.12757  0.490364   -0.8177 -0.367716  0.403977
point 93 843 490.674 127.356   -0.47027   -0.17188 -0.0634481   0.428532   0.108806  -0.948051   0.360667   0.172695   0.987682    1.01875
point 94 867 416.555 218.542    1.00032  0.0650802  0.0398917    0.64199  -0.448941 -0.0456277  -0.714742  -0.410797   0.676302 -0.0903591
point 95 868 164.996 205.564   0.704067  -0.430905  -0.870425 -0.0340579  -0.619594  -0.377501   0.858394  -0.900072 -0.0370874    0.51809
point 96 878 320.583 231.813   -0.951617 -0.00503559    -0.92087   0.0465553  -0.0242301    0.439397    0.334793  -0.0830763   -0.777191   -0.560433
point 97 881 412.115 138.359  0.341296  0.636109  0.439939  0.637554    0.3986 -0.827205  0.174986 -0.774473 -0.419762 -0.522012
point 98 882 468.433 210.652 -0.436659  0.953002 -0.560205   0.55043  0.498842 -0.183641 -0.894081 -0.841194 -0.592727  0.582805
point 99 901 20.4565 204.247   -0.70084   0.468447  -0.928475   0.788367   0.778397  -0.344945  -0.707421   0.353903 -0.0816986  -0.563102
point 100 905 298.672 167.023  -1.01125  0.130868  0.460405 -0.351059  0.656675  0.231444 -0.877325  0.653839 0.0754513  0.164245
point 101 910 309.133 196.392  -0.934256   0.616992   0.408011 -0.0134574   0.643074   0.501404  0.0479459   0.584086   0.809921   0.369322
point 102 918 583.606   230.7 -0.829459  0.145413  0.572382  0.226296 -0.356604 -0.742612 -0.544379  0.928342 -0.192678 -0.247549
point 103 927 449.367  178.17 -0.0231352   0.847248   0.560491   0.426484  -0.928148   0.392014  0.0288505  -0.414172   0.708315   0.928066
point 104 929 432.687  138.64 -0.830964 -0.272715 -0.220306  0.238743  0.194868  0.696226 0.0882426 -0.199162  0.119543  0.190084
point 105 942 613.214 210.515 -0.819762 -0.327565  0.646486 -0.495885  0.215147 -0.238844 -0.722326 -0.975785  0.948441  0.427498
point 106 947 9.62568 136.984 -0.378951 -0.908386  0.846286 -0.576976 -0.506266  0.938369  0.589182 -0.727149 -0.815189  0.706957
point 107 963 403.636 208.272 -0.0480593   -0.79048  -0.336138   0.379186  -0.894758   0.228452   0.942877  -0.965622  -0.179344   0.470987
point 108 968 236.491 115.668   0.064409  -0.376219   0.108023  -0.106902   0.885585  -0.252518  -0.739395 -0.0658032  -0.663601  -0.965187
point 109 971 431.277 211.714   0.707368 -0.0154543   0.262532  -0.695928    1.02544  -0.120947    0.32654    1.01441   0.819338  -0.190798
point 110 972 72.5605 118.787 -0.727436 -0.568272   1.00688 -0.034818  -1.01399 -0.569157 -0.761396  -0.27113  -0.71056  0.751661
point 111 979 365.061 134.279 0.00641879   0.502284   -0.14328   0.495515   0.251149   0.367338  -0.507131  -0.175238   0.662327  -0.311253
point 112 989 362.638 237.886 -0.649916  0.315911  0.496719 -0.622787 -0.118173 -0.560225 -0.167837  0.497008  0.528639 -0.530492
point 113 997 263.695 231.017  0.965894 -0.923792 -0.063238  0.833469 -0.387334 0.0132489  0.676708 -0.883415 -0.253632  0.605365

