seq: 197
gt_pose:  1.58119  3.56047 0.289141
odom_pose:  1.67228  2.71499 0.319057
point 0 3 594.188 165.946 -0.209555  0.785078 -0.404565 -0.296907  0.587497  0.887484 -0.828934  0.871991 0.0712179   -0.7966
point 1 15 227.557 161.886   0.78572  0.637211  0.946796  0.499809  0.758782  0.928884  0.319155 0.0239983 -0.661776  0.616105
point 2 37 268.094 169.433 -0.967446  -1.03387 -0.373279  -0.51525  0.350556  0.700619 -0.650554 -0.346537  0.383957  0.724895
point 3 49 415.798 149.925    -0.719335    -0.424958     0.783304    -0.219146     0.836303     0.536218 -0.000159781     -0.43503     0.857561    -0.737892
point 4 50 417.032 208.404  0.849363  -0.67841  -0.39284 -0.627457 -0.578401  0.296892 -0.597618 -0.795623 -0.520773  0.904042
point 5 53 326.506 157.828  0.735807   0.29785 -0.302131 -0.876301  0.549438  0.611385  0.356298  0.317003  0.833852 -0.415973
point 6 61 277.628 146.207  0.127261  0.518394  0.484865  0.884075 -0.762924  0.560136  0.922745 -0.754543 -0.496359 -0.477204
point 7 71 301.642 169.692  0.190767  0.239297   0.57514   0.55141 -0.439077 -0.833236  0.757204 -0.662307 -0.627731 -0.309118
point 8 75 401.768 206.617 -0.696733 -0.889125  0.945169   0.56746 -0.779293  0.714302 -0.613417  0.992042  0.067161  0.383364
point 9 77 260.008 216.008  0.0940774  -0.973346  -0.419614   -0.65753    0.39064 -0.0745207  -0.533219   0.289947  -0.531909  -0.303443
point 10 82 381.226  164.11    0.90303 -0.0599388  -0.278941  -0.307989   0.903987   0.828087  -0.754715   0.791258   0.787842  -0.613362
point 11 87 487.654 233.727  0.724427  0.858099 -0.252152  0.898734 -0.645309 -0.605325  -0.47738 -0.251182  0.807728  0.228976
point 12 89 288.673 226.562  0.602499  -0.61195 -0.311462 -0.312915  0.319759 -0.643911 -0.506606 -0.962842 -0.697916 -0.178554
point 13 94 564.615 198.967  -0.686394   0.364384  -0.509017   0.232184   -1.00491   0.656334 -0.0715672  0.0135806   0.539436  -0.777414
point 14 106 240.264 232.207  -0.188151   0.997337  0.0245553 -0.0758592    0.39044      0.174  -0.168151  -0.938532   0.490843 -0.0715776
point 15 115 556.016 123.961  -0.757168  -0.791836   0.474978   0.537838 -0.0206025  -0.560155   0.912835  -0.476507   -0.51372   0.414049
point 16 120 467.054 156.059 -0.946002  0.200656  0.654079 -0.540017  0.659103  0.572798 -0.690212  0.243234 -0.892566  0.294284
point 17 130 214.157 165.605   0.765276   0.245805 -0.0344313   0.981988   0.477784  -0.333642   0.916313  -0.864321  -0.434258  -0.535658
point 18 134 333.384 142.832 -0.286886  0.147497  0.446802  0.861586  0.732683 -0.333278   0.89825  0.745198   0.63524 -0.831991
point 19 140 362.602 173.753  -0.495505 -0.0747068    0.59999   0.105897   0.805065  -0.711637   0.327678  -0.599715  -0.400902   0.901571
point 20 157 216.694 236.504 0.0501028  0.118749  0.688798  0.526253 -0.714399 -0.982119  0.298193  0.634493 -0.747063  0.535175
point 21 161 276.666  152.88  0.426086  0.894389 0.0199869 -0.397085 -0.383858 -0.775779 -0.432484 -0.261016 0.0970874  0.607931
point 22 170 387.121 235.882 0.0965678 -0.363502  0.193319  0.118973   0.82501 -0.199014 -0.891471  0.775967   0.39298  0.702903
point 23 177 630.022 192.884  -0.714302 -0.0949895  -0.475461   0.424121   0.162683   0.119773  0.0148396  -0.567515   0.509015  -0.340184
point 24 180 71.0573 124.982 -0.132629 -0.525414 -0.725983 -0.705559  0.107751  -0.96633 -0.159769 -0.123763  -0.14019 -0.282205
point 25 185 574.594 155.346 0.0458102 -0.546032 -0.533492  0.310278 -0.294449  0.854568  -0.63371  0.894266  -0.24546 -0.112836
point 26 190 51.5002 224.109     0.4218   0.714891 -0.0522562   0.809782   0.465162   0.529812  0.0290325  -0.910712   0.363598  -0.494265
point 27 191 130.334 211.861  -0.919087   -0.88936  -0.837398   0.728143 -0.0130155  -0.953928  -0.333273  0.0464281  -0.827596   0.647749
point 28 214 53.0309 163.729  -0.683116  -0.551619  -0.664867  -0.171039   0.200778 -0.0278881   0.772301  -0.797562 -0.0536045  -0.418845
point 29 239 4.49335  158.89 -0.465231 -0.905019 -0.793514  0.225507  0.565242  0.189121  0.231934  0.243695  0.222218 -0.618645
point 30 244 385.187 201.953 0.0706743 -0.939102  0.477931  0.651201 -0.867842    0.7397 -0.400445  0.313378  0.150278  0.236543
point 31 276 446.848 239.599   0.528426  -0.706656  0.0910888  -0.104158   0.257293 -0.0708856   0.263841  -0.675156  -0.435344   0.759581
point 32 289 603.754 182.617  0.917973 -0.456265  0.310035  0.942481 -0.817187  0.872186 -0.740199 -0.448708   1.00538 -0.353384
point 33 310 197.883 147.489  0.576606  0.162425 -0.684151 -0.813331  0.614257 -0.205004 -0.882346 -0.366099  0.762528 -0.601629
point 34 315 449.921 175.935 -0.833036 -0.348304 -0.899672 0.0841247 -0.330077   0.16973 -0.556978  0.748113 -0.713781  0.876338
point 35 320 43.4045 204.676 -0.0895778   0.656042    1.03514  0.0227984   0.626466   0.186623 -0.0446988 -0.0382178   0.149831   0.321198
point 36 324 34.8426 151.022  0.0572711   0.356556  -0.750229  -0.439272   0.663093 -0.0028723   0.470209  0.0663678   0.282802   0.327201
point 37 325 508.854  192.67 -0.164728 -0.335376 -0.594826  0.153884  0.194533 -0.332044 -0.280593 -0.439488 -0.568445 -0.941779
point 38 340 439.253 159.763  0.382029 -0.391938 -0.699917 -0.147915  0.789162 -0.158268 -0.658528 -0.438145  0.523462 -0.326609
point 39 343 341.568 220.335 -0.0307018  -0.945602  -0.375942  -0.837097  -0.258179 -0.0993643   0.302224  -0.953196   0.584221  -0.465209
point 40 348 561.505 210.133   0.821615  0.0831113  -0.774216   0.270721   0.325949  -0.278906    0.17071  -0.671044 -0.0717957   -1.03105
point 41 372 639.139 221.828   -0.198558    0.890338 -0.00529857   -0.491398    0.964532    0.569689    -0.68097    -1.00815   -0.386039    0.241247
point 42 386 143.938  219.76 -0.073678 -0.287889  0.273386   0.44376  0.993545 -0.139399 -0.409048 -0.681233 0.0477172 0.0592884
point 43 390 384.433 233.413   0.315939 0.00487189   0.207403  -0.541413   0.314838   0.847425   0.281301   0.190081  -0.530182   0.461949
point 44 396 454.842   122.1  0.294911  -0.73035  0.842302  0.724459 -0.400765 -0.294859 -0.770565 -0.391673   0.33668  0.607381
point 45 401 414.988 219.766 -0.0241101      0.543    0.27046  -0.491917  -0.616467   0.233767   0.666212   0.782746  -0.941819  -0.537344
point 46 411 190.717 228.774   0.477451   0.942233   0.844906    0.98619   0.390351  -0.552855   0.810008  -0.279188  -0.834806 -0.0907267
point 47 418  494.68 230.541 -0.919361  -0.02251   0.30427 -0.605467  0.851121  0.714728  0.997062 -0.736964 -0.614439  0.568389
point 48 439 18.3198 179.035  0.166618 -0.401228 -0.769429  0.244835  0.352603  0.714895 -0.365642  0.209261  0.121891 -0.161552
point 49 440 101.604 128.871 -0.830919 -0.949292 0.0721257  0.897372 -0.594379  0.431005  0.771147 -0.242623  0.381192 -0.565503
point 50 449 231.586 142.514 -0.0590429  -0.350936   0.846946  -0.502743 -0.0524934  -0.513233   0.539801 -0.0196643  -0.324775  -0.243757
point 51 456 482.036 179.527  0.196851 -0.574219  0.501261 -0.454827 -0.392605  0.639198  -0.52506 -0.701695 -0.803034 -0.932131
point 52 487 207.839 167.577 -0.872265  0.987445 -0.699618 -0.930105  0.051824  0.653659 -0.297754 -0.881938  0.354255  -0.22087
point 53 512 477.503 165.834 -0.678792 0.0819242   0.70634 -0.313957  0.557795 -0.881669 -0.239074  0.241982 0.0225324 -0.476909
point 54 516 195.078 213.115   0.118497  -0.566707  -0.763712  -0.859559  -0.126924   0.659879  -0.607789 -0.0401693  -0.846447  -0.588304
point 55 517 177.532  172.97  -0.373977 -0.0439977  -0.818502    -0.5187   0.385595   0.112252  -0.111234  -0.757047   0.645116  -0.447588
point 56 521 292.809 190.567 -0.866328 -0.373263  0.623186  0.132834 -0.191484 0.0349469 -0.347732 -0.661967  -0.82514 -0.714045
point 57 564 448.918 209.057  -0.604437  -0.138262   0.283608  -0.458875 -0.0934318   0.512561    -0.4658   -0.96837  -0.721243    1.01743
point 58 569 57.5876 177.203 0.0132356 -0.694594  0.329961  0.187111 -0.261416  0.395473   0.41608 -0.593616   0.99072  -0.40092
point 59 581 387.298 239.229  -0.653339  -0.443457  -0.297894   0.943021   -0.99694  -0.144372 -0.0914469  -0.815412   0.925371   -0.13759
point 60 582 566.113 188.858  -0.0550532    -0.78629   -0.565544    0.935521     0.14636    0.135984   -0.429869    0.244839 -0.00219488    0.756102
point 61 603 320.626 106.106   1.01437  0.615037  0.695894  0.223708 -0.777904  0.385435 -0.895717   0.76264 -0.568788  0.628517
point 62 605 416.337 220.957   0.928879     0.4487  -0.426617   0.289787   0.170003  -0.419988 -0.0833291  -0.124117   0.853089   0.101581
point 63 608 562.749  214.72   0.746807   0.985671  -0.101495   0.764569 -0.0903637   0.658127    0.42271   0.777088   0.105626   0.909877
point 64 619 546.823 186.225 -0.0227959   0.961841   0.400757  -0.968143  -0.906825  -0.579113  -0.753704   0.276684   0.584914  -0.352098
point 65 627 215.776 81.6176 0.0436922  0.897741 -0.643752 -0.551411 -0.803039  0.366519 -0.804509 0.0662144  0.251252  0.658465
point 66 628 179.722 203.749 -0.721344 -0.102118  0.157052 -0.400488  -0.16039  0.925317  0.606285 -0.360067  0.475451   0.85074
point 67 630 372.103  222.02 -0.00329908  -0.0299643   -0.342701   -0.322468    0.679557  -0.0415683     0.48958   -0.179416    0.598026   -0.734707
point 68 632 533.906 237.603  -0.078531   0.228533  -0.296459  -0.679795  -0.596452   0.706181   0.280397   0.119411  -0.653214 -0.0502737
point 69 640 30.9632 207.814 0.0370251  0.793203  0.930736  0.372577  0.126206 -0.342864  0.498704 -0.235505 -0.166911 -0.238435
point 70 668 399.385 173.902 -0.578436  0.803323 -0.757368 -0.388416 -0.538359 -0.177788  0.141609 -0.503359 -0.837338 -0.513478
point 71 675 149.366  181.13   -0.0887151     0.829711     0.743398     0.158071    -0.150886    -0.712738    -0.168675     0.777644 -0.000512946    -0.526044
point 72 704 185.175 182.585 -0.336266 0.0916376  0.413092  -0.15031  -0.53759  0.873506  0.558182 -0.965963 -0.488498  0.626938
point 73 717 306.413 162.794  0.986915  0.610029 -0.910745 -0.271527  -0.31327 -0.694449 -0.616545  0.702672 -0.428228  0.683332
point 74 737 508.774 210.902 -0.393299  0.132225 0.0055344  0.603059  -0.75248  0.133458 -0.859049  0.123482  0.543759 -0.209197
point 75 754 606.482 189.497 0.0583166  0.475316 -0.337777 -0.981045  0.217421 -0.504084  0.821759  0.649872  0.325878 -0.369243
point 76 778 483.341 223.781 -0.164111 -0.656611 -0.827446  0.743822 -0.515207   -0.9253 -0.409561  0.304519 -0.433664     -0.73
point 77 779 111.322 228.678   0.227602  -0.813348  -0.872299  -0.798735   0.569979  -0.515923   0.818681  -0.675905 0.00261428   0.400011
point 78 789 639.755 193.632    -0.650642   -0.0174857     0.650252    0.0174134     0.146868    -0.620871    -0.751736   0.00486253 -0.000249869     0.295149
point 79 804  471.72 185.846 -0.821415 -0.704748 -0.701414 -0.587541  0.519107    0.6585 -0.115117  0.471695 -0.562036  0.168686
point 80 809 453.865 178.287  -0.21457 -0.878517 -0.977408 -0.248011 -0.557021 -0.193149  0.829443    0.7913 -0.271267 -0.173861
point 81 817 403.003 199.444  -0.267247   0.566256   0.780676   0.583373   0.661177 -0.0506344  -0.597881   0.565753   0.655719  -0.940394
point 82 837 580.585 67.1596 -0.126114 -0.264479 -0.465081 -0.336422 -0.787975  0.150452 -0.445861 -0.325849 -0.800035 -0.486842
point 83 846 413.114 229.039   0.494965   0.310464    0.44959  -0.903043   -0.92741 -0.0733316  -0.692096  -0.229881  -0.339841   0.256298
point 84 853 6.52352 129.677   -0.3812  0.853394 -0.592332 0.0605348  0.151233 -0.701337  -0.30871 -0.395624 -0.762119 -0.714319
point 85 866  395.39 172.196  -0.498464 -0.0571215   0.797268  -0.576871    0.66448  -0.260258  -0.186196   0.354681  -0.458408   0.956794
point 86 868 203.025 188.939   0.644288  -0.419798  -0.855778 -0.0412414  -0.678362  -0.446321    0.88419  -0.848758  0.0354982    0.52807
point 87 886 532.542 118.046 -0.339498 -0.811198 -0.439693 0.0526726  0.361772  0.994525  0.861332  0.868584 -0.756492 -0.806404
point 88 892 636.243 115.487   0.278979  -0.937197  -0.684157   0.757576  -0.680566   0.670574  -0.701931   0.208717   0.849532 -0.0233766
point 89 898 539.257  231.31   0.851232  -0.583112   0.293775  0.0321405  0.0262187  -0.347122   0.532392  -0.509574 -0.0731628   0.444888
point 90 901 93.7614 201.948 -0.736865  0.447407  -0.94434  0.842406  0.753663 -0.434545  -0.71235   0.33616  -0.11392 -0.567883
point 91 905 455.524 13.4408  -1.01031  0.142194   0.49247  -0.34366  0.687957  0.285769 -0.861064  0.694595  0.069848  0.175668
point 92 907 28.0323  209.95 -0.737927 -0.939768  -0.89698  0.540014  -0.76957 -0.858498  -0.33277  0.657591 -0.277824 -0.665293
point 93 910 522.442 73.1338 -0.897114  0.602848  0.500412 -0.048485  0.592657   0.43087 0.0314177  0.582581  0.752661    0.3833
point 94 911 373.261 188.221 -0.934233 -0.398627 -0.789948  0.726757 -0.950387 -0.134191  -1.00941  -0.14996  0.532071  0.116211
point 95 920 415.682 198.945 -0.933766  0.695226 -0.377458 -0.330966   -0.3967 -0.225404  0.792434  -0.88195   0.98956 -0.550484
point 96 926 424.311 224.799  -0.759318  -0.817907    0.91801  -0.894501 -0.0142035  -0.534769  -0.401019  -0.730129  0.0970305   0.589085
point 97 939 565.121 183.525 -0.456675 -0.694624  0.530474  0.895276  0.215974 -0.934534 -0.720704  0.712692  0.174782  0.787855
point 98 951 375.498 215.208  0.175392 -0.879726 -0.168382  0.405101   0.24524    0.0356 -0.977632  0.526439 -0.125967 -0.705308

