seq: 245
gt_pose: 4.25989 3.02559 -1.0591
odom_pose: 4.32958 2.24748 -1.3497
point 0 3 334.284 163.617 -0.154246  0.786735 -0.470882 -0.333505  0.634553  0.788558 -0.904928  0.935805 0.0636463 -0.841264
point 1 6 496.452 208.322 -0.650424  -0.10274  0.750237  0.657422 -0.310669 -0.542441  0.797369 -0.347916  0.365914  0.893452
point 2 17 588.544 33.8405  -0.467424  0.0873083   0.437317  -0.811697 -0.0591067   0.195207    0.92266  -0.111292  -0.354365   0.732093
point 3 23 582.014 173.119   0.854513   0.716188 -0.0133117   0.200114  -0.694678  -0.492673   0.777378 -0.0298318 -0.0260207    0.70776
point 4 42 456.08  120.5  0.0520928  -0.760422 -0.0434528 -0.0172205  -0.939698   0.584287  -0.218979   0.299239  -0.138808  -0.757758
point 5 50 79.2549 151.836  0.803521 -0.652428  -0.43606 -0.662447 -0.602864   0.29955 -0.684173 -0.771455 -0.560724  0.880131
point 6 57  529.86 179.803  0.368303 -0.364817  -0.56644  0.520748 -0.516662  0.401469  -0.95581  0.655581  0.674514  0.210015
point 7 64 557.788 149.776   0.911655   0.578098  -0.783055  -0.971332 -0.0163603  -0.215325  -0.619147 -0.0792285  -0.719674  -0.418837
point 8 87 229.968 230.966  0.733402  0.783468 -0.232553  0.881345 -0.634063 -0.589323 -0.539242 -0.248656  0.795287  0.256354
point 9 115 339.079 77.8366  -0.746255  -0.788404   0.472282    0.51508 -0.0338938  -0.539683   0.932315  -0.484302   -0.51592   0.477364
point 10 116 538.06 232.37   0.938706    0.61516   0.398512  -0.479905   0.615781 -0.0854342  -0.340459   0.608206   0.340005   0.826947
point 11 119  523.15 214.872 -0.443368 -0.477225  0.847434 -0.367861  0.760257  0.453848  0.894804 -0.499091 -0.804268  0.387561
point 12 162 230.505 178.317 -0.551787  0.263043 0.0405537  -0.73421 0.0801691 -0.986133  0.601155  -0.71823 -0.615866  0.170425
point 13 179 613.183 163.636 0.00441361  -0.818248  0.0643294   0.767417   0.742369   0.326534  -0.301804  -0.805166  -0.164339    0.76147
point 14 184 637.111 203.102 -0.288586  0.545207  -0.40969 0.0674416 -0.602692 -0.276774 0.0789541 -0.344695 -0.356488  0.359636
point 15 185 290.818 163.155 0.0500526 -0.543196 -0.574448  0.365425  -0.26335  0.841284 -0.686512  0.844041 -0.175468 -0.095097
point 16 198 479.369 236.686  0.906794  0.569984 -0.319695 -0.533881   0.99023 -0.787452  0.940883 -0.947552 -0.753817  0.362663
point 17 202 557.628 61.5483 -0.536077 -0.236244  0.289206  0.387371  0.177602  0.783491  0.610416 -0.233878 0.0990412 -0.159444
point 18 206 369.638 163.733  0.739829 0.0295624  0.632992  0.956102 -0.793695 -0.625612  0.671991 -0.248812 -0.894756  0.758689
point 19 213 179.394 173.831    0.49163  -0.197037  -0.766012 -0.0854115 -0.0925943  -0.864592  -0.400417   0.726489   0.378256   0.161885
point 20 234 606.271 170.377 0.0726537 -0.126545  0.696532  -0.35795  0.844802 -0.425075  0.327781  0.200845   0.28377  0.442035
point 21 242 629.587  155.64 -0.755385 0.0357077  0.209442  0.417961 -0.369575  0.595615  0.797838 -0.754554  0.446367  0.591234
point 22 255 150.336 208.751 -0.964208 -0.772344 -0.923755 -0.877202 0.0320008   0.84488  0.211509 -0.298561 -0.156174  0.340161
point 23 259 411.452 207.589  0.178373  0.670663  0.047728   0.43711 -0.406839  0.088084 -0.694354  0.400283 -0.895565 -0.562479
point 24 270 46.0941 216.627 -0.466218  0.424407 0.0747795 -0.686463 0.0068681   0.13167  0.503553 -0.176638 -0.886716 -0.848645
point 25 276 172.842 239.011   0.579465  -0.698057  0.0539245 -0.0612992   0.232126 -0.0696426   0.311727  -0.677897  -0.404304    0.68911
point 26 280 517.412 222.859 -0.274137  0.123535   0.56033 -0.165893 -0.328439 -0.404749  0.790162  0.812404 -0.109415   0.78347
point 27 286 440.051 182.307 -0.710483 -0.520209 -0.404394 -0.222786 0.0900433  0.335904  0.895543 -0.862638  -0.98474  0.711207
point 28 290 412.668 174.906  -0.71021  0.796082  -0.74299 -0.500972 -0.641892  0.468755 -0.875372 -0.779361  0.541876 -0.957188
point 29 296 581.055 115.045 -0.00225417   -0.605108   -0.318929     0.26467   -0.191368    0.590563   -0.681929    0.989119   0.0454623    -0.32651
point 30 313 523.439 87.0769  0.0918991   0.342906   0.194718  0.0634821   0.431605   0.720401  -0.426822  -0.579662 -0.0869698   0.424004
point 31 316 395.616 177.357  -0.637203  -0.723875   -0.90757  -0.453972  -0.511285 -0.0254518  -0.336449  -0.141706  -0.322546  -0.728534
point 32 319 508.963  148.07 -0.974015  0.265522  0.586437 -0.250132 -0.682206  0.199062  0.719732 -0.357007 -0.968785  0.349662
point 33 325 370.894 112.304  -0.16615 -0.258112 -0.575396  0.145577  0.253414 -0.385435  -0.25928 -0.486348 -0.552131  -1.02654
point 34 326 629.513 185.872  0.400927 -0.558768  0.603024  0.264803 -0.892476 -0.306703 -0.409633  -0.60684  0.239488 -0.776937
point 35 340 150.938 42.1438  0.475381 -0.345716  -0.68916 -0.115962  0.776173  -0.15422   -0.7126 -0.499386  0.532173 -0.330868
point 36 341 143.817 205.029  -0.737647   0.104473   0.327611  -0.358727   0.247241  -0.369488  -0.830236  -0.657778   0.773488 -0.0357634
point 37 348 278.539 212.558  0.878579 0.0464187 -0.780683  0.221934  0.295427  -0.32677  0.137224 -0.676334  -0.11752 -0.979784
point 38 353 504.605 54.0607   -0.55346  -0.290912   0.978496   -0.26689  -0.323015   0.358808 -0.0963513  -0.547538  -0.386237   0.131545
point 39 382 567.371 207.534 -0.713963  0.832521   1.00833 -0.969069  0.132043  0.514118  0.578748 -0.177159  0.275648 -0.133894
point 40 398 565.747 220.209 -0.869054  0.884072 -0.613468  0.399823 -0.934198  0.634643   0.67914  0.841008  0.305345 -0.714544
point 41 401  65.734 178.202  0.029825  0.584079  0.280639 -0.497507 -0.553637  0.224636  0.625982  0.862955 -0.916152 -0.612593
point 42 403 346.421 224.651  0.191058  0.708003 -0.516161 -0.552657 -0.642166  0.540203   1.00248  0.718705 -0.955208  -0.59702
point 43 407 150.183 214.116  -0.686322   0.904102  -0.872655   0.678663   -0.81681 -0.0151522   0.718107  -0.908521  -0.324351  -0.495509
point 44 418 236.556 227.115  -0.940908 0.00203188   0.260775  -0.611842   0.852287   0.799299   0.985441  -0.774672  -0.606654   0.577032
point 45 427 217.868 170.047   0.725764   0.875996   0.210651  -0.359521 -0.0734982   0.778296   0.265682  -0.737718  -0.609963   0.690816
point 46 448 526.379  194.46  0.877034 -0.416827 -0.775803  -0.63673  -0.31384  0.684104 -0.406603 -0.664043  0.680527 -0.410619
point 47 456 232.974 138.516  0.168927 -0.607213  0.490708 -0.523675 -0.391982  0.600184 -0.572001 -0.676586 -0.810738 -0.876956
point 48 463 476.955 149.363   0.589666 -0.0193776  -0.360138   0.582684  -0.764768   0.308701   0.997038  -0.776055  -0.783563    0.11285
point 49 469 559.086 132.671 -0.0767475  -0.786344   0.956484   0.956449  -0.112985  -0.419331  -0.777419   0.738905   0.240704  -0.880381
point 50 492 616.758 166.439  0.486772  0.479736 -0.680071 -0.419132  -0.48958  0.657347 -0.517156  0.823281  -0.79565 -0.538226
point 51 508 580.908 179.221   0.63242  0.613972 -0.168314 -0.108117 -0.766146  0.879255  -0.82295  0.196552 -0.723216 -0.751792
point 52 512 221.846 119.064 -0.648257 0.0386285  0.770829 -0.299765  0.609069  -0.92185 -0.210057  0.205475 0.0466088 -0.405595
point 53 532 478.564 197.404 -0.885342  0.417173  0.762213  0.803153  0.706209  0.754567  0.175544 -0.439148  0.906693 -0.422059
point 54 533  354.21 169.084  -0.659442  -0.174062    0.60259  -0.249633  -0.741596  -0.683303   0.589005  -0.216917   0.668309 -0.0734611
point 55 550 192.776  212.58    0.267836   -0.067934   -0.705171     0.52101   -0.339231   -0.557364   -0.835342    0.213785 -0.00782955   -0.792294
point 56 556 67.5518 194.735   1.00243   1.01718 -0.328033  0.567632  0.970745 -0.207552  0.447378 -0.608151  0.912434   0.23738
point 57 564 170.908 181.559  -0.595998  -0.171206   0.219018  -0.480415 -0.0765928   0.514647  -0.477547  -0.970609  -0.762717    1.01037
point 58 573 588.439 106.285   0.88397 -0.268838  0.262549 -0.437955 -0.268016 0.0402298 -0.640675 -0.998022   -0.3506  0.595901
point 59 582 281.914 193.545 -0.00585604    -0.78407   -0.567439     1.01617    0.162087    0.137908   -0.452365    0.241279   0.0556229    0.784227
point 60 588 382.916 228.886 -0.269733 0.0994549 -0.436284 -0.613208  0.530078  0.576218 -0.604149  0.308788 -0.168386  0.140373
point 61 597 616.767 173.171  -0.738318   0.750609   0.900198 -0.0598151  -0.304276   0.562838   0.825443   0.911976   0.498367  -0.331942
point 62 605 73.0914 183.825   0.955693   0.498945  -0.432987   0.378225   0.189034  -0.391474 -0.0428586  -0.148997   0.854587   0.132341
point 63 619 270.411 187.386 -0.0160191   0.936148   0.350939  -0.970664  -0.983221  -0.601518  -0.772864   0.296728   0.590471  -0.356677
point 64 629 427.125 185.353 -0.474329  0.740349  0.606775 -0.861943  0.910506 -0.258091   1.00401 -0.691771  0.149892 -0.792279
point 65 632 267.088 237.411 -0.0777243   0.154248  -0.326145  -0.706091  -0.516369   0.695605   0.230611   0.118604  -0.634481 -0.0835025
point 66 646 367.006 221.369 -0.346783  0.588828  0.742599  0.805098  0.365998 -0.752762 -0.370348  0.860583  0.277419  0.444585
point 67 664 475.973 216.944  -0.50561 -0.895206   0.26678  0.857383 -0.258883 -0.390251  -0.36015  0.343454 -0.182972  0.399908
point 68 681 407.317 200.666 -0.266713  0.527997  0.137996  0.476475   -0.7366  0.219184 -0.782935  0.468417 -0.104609 -0.840924
point 69 697 405.481 205.778  0.160907  -0.80734 -0.468272  0.942376   0.53248 -0.795518 -0.257675 -0.097315 -0.232754 -0.851705
point 70 709 434.984 215.332  0.985767 -0.914816 -0.963973  -1.01525  0.468245  0.779177  0.755145  0.456602  0.149066 -0.459754
point 71 737 243.094 205.897 -0.401587  0.149444 0.0610896  0.534945 -0.765227  0.116294 -0.906905 0.0701921  0.504091 -0.137604
point 72 739 122.268 216.759   1.04001  0.194128 -0.398646 0.0169472  0.740472  0.230178 -0.849552 -0.163608 -0.192278 -0.617008
point 73 749 137.809 193.876  -0.672049   0.250022   0.603702  -0.673182    0.56729 -0.0132981   0.777348   0.101142  -0.289833  -0.205566
point 74 768 332.383 202.535  0.100712 -0.194383  0.259757  0.392691 -0.733785  0.266591 -0.239246  0.421826  0.767914   0.67004
point 75 771 392.311 222.677  0.177423 -0.383933  0.780056   1.00816 -0.641035  0.893544  0.690146 -0.263535 -0.399794 -0.652153
point 76 778 230.22 214.38 -0.167073 -0.603619 -0.743503  0.694682 -0.519986 -0.857141 -0.392009  0.313205 -0.382851 -0.685256
point 77 809 185.603 111.444 -0.223911 -0.887497 -0.998129 -0.252701 -0.549863 -0.194836  0.816657  0.797433 -0.201777 -0.248034
point 78 815 514.587 131.897 0.0738652 -0.266011  0.921051 -0.286853  0.662541  0.607755 -0.382281 -0.594739  0.815702  0.854514
point 79 821  494.98 214.417   0.35196  0.346486 -0.679593 -0.981121  0.877584 -0.151554  0.516633 -0.822452  -0.43309  0.443599
point 80 867 589.221 183.916   0.967903  0.0654412  0.0735736   0.573254  -0.416014 -0.0131408  -0.727325  -0.422435   0.634914 -0.0387082
point 81 882 467.748 198.672 -0.475955  0.968087 -0.587233  0.567855  0.449075 -0.192929 -0.903822 -0.774418 -0.569414  0.621184
point 82 885 424.991 171.996   0.908274  -0.659799  -0.127276 -0.0809225   0.554537   0.646078   0.738555   0.811036   0.654645 -0.0635464
point 83 889 191.721 230.442  -0.768191   0.175586   0.798911  -0.306457  -0.991277   0.378986 -0.0844825  -0.782691   0.711884   0.117489
point 84 892 335.717 137.943   0.342796   -0.88972  -0.763269   0.713873  -0.681063   0.666062  -0.702904     0.1814   0.807187 -0.0107478
point 85 898 311.155 227.896  0.786785 -0.657324  0.241947 0.0477418 0.0306665 -0.273204  0.483471 -0.483431 -0.157312  0.485287
point 86 926 88.0028 182.507    -0.80104   -0.835754    0.951431   -0.909156 -0.00970118   -0.567992   -0.419513   -0.730825   0.0349361     0.56015
point 87 928 499.541 109.024 -0.115561  0.851769 -0.872808 -0.851397 -0.253554  -0.53482  -0.71279 -0.316558 -0.445282  0.293652
point 88 939  367.21 156.063 -0.408235 -0.706162   0.55401  0.930499   0.20185 -0.926747 -0.709799  0.680333  0.122823  0.813543
point 89 963 529.443 156.055 -0.0402227  -0.824076  -0.349481   0.390236  -0.882441   0.240792   0.940082  -0.881765  -0.163047   0.523968
point 90 971 515.283  183.08  0.665016 0.0137448  0.229568 -0.709465   1.00943 -0.063187  0.323523    1.0143  0.799189 -0.127268

