seq: 79
gt_pose: 0.0765525   1.12715  -1.20103
odom_pose: 0.83675 1.05131 -1.1002
point 0 5  353.47 185.504 -0.0198453   0.315285   0.043194  -0.950842  -0.136117    0.82766   0.812846   0.420439  -0.388466   0.509097
point 1 6 277.469 210.322  -0.651945 -0.0735869   0.761841   0.653709  -0.347176  -0.587984   0.822638   -0.29561   0.368038    0.94757
point 2 10 580.014 225.948 -0.542009 -0.719883  0.421691 -0.777158  0.574978 -0.649944  0.515113 -0.847436  0.890894 -0.941729
point 3 14 267.958 180.881 -0.841387 0.0573862  0.497638 -0.402096   1.00082    0.1756  0.758531  0.513213  0.208013 -0.932908
point 4 17  66.546 42.2622  -0.440293   0.108513   0.430992  -0.822125 -0.0954271   0.219684    0.84403  -0.050666  -0.339024   0.695462
point 5 23 358.103 181.119   0.851418   0.755398  0.0217179   0.191925  -0.645155  -0.488711   0.740536 -0.0109006 -0.0557044   0.649949
point 6 24 399.202 190.954   0.375871   0.481404  -0.724049   0.246782 -0.0495391    0.64047   0.460727  -0.624664  -0.524272 0.00946637
point 7 42 4.13437 116.387 -0.00473029   -0.793283  -0.0416654   0.0283244   -0.920266    0.619024   -0.238452    0.263442   -0.107936   -0.681531
point 8 43 463.931 226.337  -0.926865   0.405145   0.135387   0.639546   0.124842  -0.139239 -0.0181587    1.01119  -0.860976  -0.857389
point 9 57 208.261  183.23  0.429293 -0.355124 -0.600559  0.489172  -0.51412  0.353159 -0.982687  0.722125  0.659754   0.16828
point 10 72 482.769 200.277 -0.804333 -0.378474  0.737055   0.23821 -0.763922  0.642489  0.462768 -0.232489 -0.297368 -0.210373
point 11 78 378.163 191.009 -0.948602 -0.854099  0.639811  0.746435    0.9942 0.0731011 -0.425754 -0.641697 -0.280071 -0.144755
point 12 92 575.212 124.338  0.215194   0.72622 0.0360543   0.90615  0.302631  0.315038  0.968484  0.627481 -0.212773 0.0345206
point 13 109 367.576 194.058  -0.429409   0.838351  -0.803247  -0.420585   0.523658 -0.0505851   0.697084    0.64781  0.0379889   0.265442
point 14 112 5.14605 236.011 -0.00736181    -0.76011    -0.74985   -0.946489    -0.47204    -0.92635   -0.916912  -0.0252777   -0.198268    0.109843
point 15 116 324.935 233.083  0.936699  0.600782  0.398155 -0.448327  0.611778 -0.144448 -0.368943  0.545006  0.395589  0.846355
point 16 119 276.617 216.725  -0.36778 -0.394567  0.854586 -0.362821  0.768792  0.468532  0.865843 -0.481068  -0.78207  0.419353
point 17 123 346.846 91.4549  0.114005 -0.778437 -0.240889  0.363931  0.902443  0.694676   0.27478 -0.184904   0.33919 -0.605639
point 18 129  639.29 134.041  -0.547248   0.757838   0.915541  -0.741133   0.205959  -0.627667    0.91688 -0.0496362   -1.00731  -0.150138
point 19 146 450.749 161.349    1.0191   -0.4796 -0.638595  0.140267 -0.666519 -0.169282  0.911171 -0.508024  0.125327 -0.716868
point 20 155 572.541 229.194 -0.631124  0.810613  0.353805 -0.744579 -0.750284  0.700265 0.0295586  -0.30051   -0.8138 -0.909638
point 21 165   130.5 19.8648   0.508324  -0.747709   0.436365   0.647237  -0.689687   0.605268  -0.587648   0.866753   0.340431 -0.0580322
point 22 179 21.0028 166.552 -0.0418577  -0.804955    0.13048    0.84841   0.696156   0.356878  -0.363158  -0.786233  -0.174903   0.752365
point 23 184 316.652 207.839 -0.265254  0.452937 -0.431278 0.0696632 -0.575191  -0.27274 0.0921139 -0.327002 -0.362903  0.393794
point 24 185 45.3151 155.168 0.0689655 -0.559148 -0.502721  0.377731 -0.244052  0.879792 -0.691537   0.90205 -0.213024 -0.164567
point 25 195 558.685  158.43  0.359731 0.0229612 -0.262324 0.0743756  0.602336 -0.227917  0.240895  0.618482 -0.458933 -0.172064
point 26 198 237.278 236.833   0.94374   0.57882 -0.295784 -0.618209  0.970698 -0.779223  0.906731 -0.909749 -0.693425  0.322771
point 27 200 356.071 119.087  -0.429638  -0.682777   0.633663   0.334263   0.278361   0.607832  -0.127658   0.856842   0.999942 -0.0887284
point 28 202 20.4992 64.2541 -0.557833 -0.220669  0.209975  0.349134  0.168295  0.810503  0.572661 -0.174137  0.126264 -0.177101
point 29 206 160.092 161.582  0.728137 0.0294635  0.672785  0.935676 -0.777061 -0.703743  0.699781 -0.194905 -0.896312   0.75729
point 30 216 520.636 99.8159 -0.675217 -0.912826  0.896096 -0.780372 -0.596271 -0.823418 -0.315867 -0.284413 -0.056279  0.833233
point 31 242 387.389 167.874   -0.77498 0.00609448   0.167257   0.470633  -0.426795   0.620386   0.821551  -0.801784   0.415172   0.660572
point 32 245 578.508 15.9155 -0.618579 -0.353858  0.405976 -0.716539 -0.487657  0.398744  0.871855 -0.616709  0.195504   0.76724
point 33 259 185.078 207.555   0.223093   0.709104   0.044068   0.498115  -0.408911 0.00544212   -0.71409   0.419751  -0.905284  -0.573043
point 34 262 495.541 62.5519 0.0762549  0.388356 -0.354002 -0.591275  0.979082  0.936324 -0.931021 -0.378996  0.387493 -0.358178
point 35 277 385.211 168.669 -0.554788 -0.815331  0.304243 -0.833101  -1.00333  0.161892  0.166002  0.505044  0.366652 -0.903591
point 36 280 28.3606 222.862  -0.20592  0.183722  0.531481 -0.101335 -0.307246  -0.33567  0.772078   0.81386 -0.120869  0.755666
point 37 286 218.124 183.558  -0.719592  -0.444963  -0.461513  -0.272071 0.00980494   0.302142    0.84886  -0.873591  -0.971432   0.719896
point 38 290 113.713 173.477 -0.683071  0.825798 -0.789204 -0.535104 -0.643859  0.503152 -0.914392 -0.762859  0.618656 -0.980741
point 39 292 483.803 219.348  -0.275924   0.173702  -0.283203   0.688642  -0.278652   0.107432   0.509732 -0.0477597   0.540552   0.861808
point 40 296 220.401  125.14   0.0325943   -0.623401   -0.372917    0.268253   -0.230489    0.603278   -0.695443    0.948994 -0.00191333   -0.345523
point 41 301 272.501 191.255  0.149573 -0.498138 -0.943922  0.392538 -0.943646  -0.64011 -0.604541   0.53611  -0.73456 0.0526982
point 42 309 534.795 197.029 -0.581397  0.980484   -1.0071  0.798157 -0.156333  0.187192   0.71705  0.531902 -0.233554   0.44769
point 43 313 147.924 92.7386  0.122413  0.304955  0.198516  0.152696  0.456564  0.648031 -0.427169 -0.598455 -0.104033  0.418263
point 44 316 159.187 176.343  -0.643851  -0.774117   -0.97647  -0.537236  -0.493503 -0.0160016  -0.343108  -0.145982   -0.27325  -0.698007
point 45 319 163.533 151.327  -1.00693  0.193595   0.63963 -0.267585  -0.70018  0.183071  0.737194 -0.348809 -0.949079  0.339804
point 46 334 490.684 196.013 -0.389668 -0.380281  0.942876 -0.649847  0.228557 -0.321872 0.0944297 -0.817936  0.965668 -0.145792
point 47 339 566.215 179.742  0.300151  0.522845 0.0426178  0.207792 -0.177693  0.915528  0.944312 -0.881952 -0.544365 -0.398425
point 48 348 53.4574 209.597   0.896966   0.089129  -0.701879   0.261126   0.365384  -0.275617   0.174174  -0.673377 -0.0308261    -1.0148
point 49 350  617.35 128.405 -0.697366 -0.854118   1.00099  0.172974  0.506528  0.790699 -0.757151  0.756673  0.100652  0.628244
point 50 359 378.778 151.411 -0.100381 -0.276135  0.617924 -0.511972   0.72185 0.0470818  0.229894  0.137219 -0.570811 -0.272049
point 51 364 361.588  199.24  0.0610828   0.747493   0.670608   -0.66419   0.958674  -0.530547   -0.54825   -0.88617    0.13797 -0.0017631
point 52 369 559.051 231.809     0.414619    -0.436368    -0.860337      -0.5009    -0.431706    -0.554228    -0.397085    -0.517496 -0.000406499     0.104833
point 53 382 348.078 211.148 -0.671692  0.879195  0.969898  -0.88563  0.129638  0.540459  0.571521 -0.261219   0.24458 -0.121002
point 54 398 227.368 221.727 -0.871872  0.889183 -0.697669  0.432002 -0.963365  0.543239  0.725272  0.866165  0.303975 -0.681791
point 55 403 146.425  223.98  0.235122  0.654917  -0.50127 -0.551396 -0.557939  0.510348   1.03988  0.679118 -0.948781 -0.596291
point 56 409 514.843 201.416 -0.391003  0.921907   0.25906   0.73449  0.132707  0.602933  0.725707  0.193454  0.272138  0.871772
point 57 425 330.919 239.924 -0.437169 -0.341632   0.41055 -0.462057 -0.568113 -0.653527 -0.105892 -0.950422   0.92553  0.826536
point 58 448 98.0091 195.552  0.821546 -0.408832 -0.797269 -0.623599 -0.321499  0.720333 -0.406148  -0.73636  0.584155 -0.403388
point 59 463 243.655 153.456   0.573745 -0.0251146  -0.348413   0.576557  -0.819913   0.229269   0.945044   -0.83976   -0.74329  0.0348896
point 60 469 201.871 139.854 -0.0909957  -0.869305   0.990247   0.945059 -0.0975339  -0.475654   -0.75836   0.778191    0.22294  -0.877939
point 61 470 377.186 238.252  0.455647 -0.016104 -0.611442  0.872563 -0.283646  0.910004 -0.359887  0.169526  0.363334  0.804218
point 62 472 475.835 172.573  -0.870375 -0.0476403    0.67464  -0.184288   0.912267  0.0422151   0.757228  -0.651977 -0.0504723  -0.591568
point 63 475 372.373 226.463   -1.02869   0.133008  0.0731282   0.530171  -0.335585  -0.346214  -0.103114 -0.0570788  -0.756407   -0.30564
point 64 492  372.83 176.476  0.528388  0.542541 -0.751015 -0.431558 -0.521824  0.656582 -0.561281  0.765295 -0.845232 -0.621187
point 65 497 493.854 207.217   0.583272  -0.418704   0.663169  -0.185651  -0.585338  -0.156551  -0.499336   0.300531  -0.714116 -0.0406347
point 66 508 352.288 186.367  0.623702  0.584456 -0.235127  -0.15229 -0.777582  0.850326 -0.796858  0.234755 -0.720269 -0.742217
point 67 519 159.707 50.9404  0.340746  0.439882  0.578322  0.137176  0.740679  -0.79834 -0.900773  0.922801 -0.297662  0.481348
point 68 529 395.517 186.238  0.502274 -0.348612 0.0757075 -0.287092  0.672511 -0.135441 -0.904065  0.801723  -0.20012 -0.400751
point 69 532 251.202  199.45 -0.813555  0.389849  0.813392  0.798425  0.755417  0.793805  0.214385 -0.462442   0.96364 -0.496856
point 70 533 98.5848 165.209  -0.689625  -0.163463   0.615847  -0.300925   -0.76552   -0.73585   0.641814  -0.259175   0.661123 0.00482813
point 71 568 392.438 200.387  -1.00585 -0.653352  0.993822  -0.63192  0.353406  0.516279   -1.0113 -0.856595 -0.704689  0.118032
point 72 573  139.16 114.445  0.888137 -0.220961  0.294872 -0.504252 -0.255832 0.0826448 -0.719833  -1.01275 -0.314722   0.63811
point 73 575 633.288  177.96   0.0109414   -0.875716    0.490957    0.954424    0.752287    0.399742   -0.238603 2.75786e-05    0.889563    0.516723
point 74 582 54.4764 188.631 0.0106313 -0.819197 -0.549191  0.977038  0.119431 0.0850683 -0.422642  0.173226 0.0234777  0.750207
point 75 588 72.9633 228.347 -0.262354  0.125605 -0.428311 -0.638284  0.522611  0.565107 -0.613742  0.264352 -0.188587  0.120296
point 76 597 384.145 182.498 -0.684867  0.734259  0.853242 -0.103467 -0.282066  0.563095  0.822917  0.910687  0.461739 -0.316168
point 77 619 35.6178 181.175  0.013006  0.927597   0.40449 -0.940611 -0.993079 -0.552084 -0.825892  0.349188   0.60285 -0.313957
point 78 621 6.87461  182.34   0.82058  -0.10514  -0.94974 -0.201612   0.24848 0.0747012 -0.265918 -0.375615  0.120786 -0.276085
point 79 624 46.7978 220.815 -0.0307981   0.640464  -0.782349  -0.638075   0.752916  -0.130949  -0.651477   0.222672   0.729868  -0.565836
point 80 629 214.652 186.168 -0.431696  0.800678  0.644924 -0.926965  0.947904  -0.28417  0.972352 -0.678486  0.159234 -0.823807
point 81 642 530.992 161.397 0.824801 -0.13911 0.269095 0.642343 0.590854 -0.74524 0.438238  0.47749 0.745361 -0.45124
point 82 646 88.8048 220.412 -0.323904  0.602373  0.801669  0.796041  0.417891 -0.731794 -0.330216  0.789241  0.264685  0.533724
point 83 657 590.753 213.619  0.164094 -0.928104  0.911305 -0.588975  0.185459 -0.260852 -0.949143 -0.334814  0.182791  -0.49941
point 84 661 310.762 95.9876  0.302175 -0.543635  0.375674  0.371358  0.133283  0.143899 -0.922782 -0.733109  0.176332  0.399845
point 85 664  271.35 218.162  -0.41097 -0.884953  0.307458   0.91335 -0.282426 -0.357973  -0.43533  0.419233 -0.153415  0.342841
point 86 667 40.6538 85.4462 -0.920374 -0.559177 -0.264647 -0.595949  0.750047 -0.742198  -0.50725  0.731052  0.580711  0.440273
point 87 681 134.624 199.951 -0.234719  0.559257  0.157189  0.491689 -0.754284  0.220186 -0.793031  0.471693 -0.115555 -0.848318
point 88 691 600.065 71.7203  0.557337  0.995265  0.193488 -0.205882 -0.935839 0.0886676  0.282916 -0.425579 -0.954624 -0.015766
point 89 695 350.436 210.116   0.754051  -0.172858   0.307387  -0.385546   0.437917 -0.0297944   0.907281  0.0600885   0.484524   0.774942
point 90 697 195.189 205.753  0.175303 -0.818256 -0.491134  0.970679  0.545918 -0.806109 -0.251203 -0.140512 -0.144613 -0.833695
point 91 709  205.42 215.718   0.89903 -0.901873 -0.937956 -0.997484  0.457256  0.781111  0.801412  0.500225  0.177845 -0.531863
point 92 740 25.6485 206.706  0.421069  0.745914  -1.01073  0.629562 -0.141268  0.272863  0.640635 -0.450626  0.653044 -0.946766
point 93 752 291.119 29.9236   0.83048   0.81254 -0.549068 -0.228411 -0.175252 0.0553709  0.301063  -0.68846 -0.637235 -0.497946
point 94 755 524.337 237.006   0.102349   0.204669 -0.0691227   0.781647   0.422906  -0.472055   0.293298  -0.282637  -0.471805   0.603263
point 95 760 594.488 174.129  0.860785  0.202732 -0.430682 -0.682765  -0.56321   0.38649 -0.740321 -0.717595  0.928785   -0.3301
point 96 768 111.358 200.228 0.0710782 -0.159942   0.25009  0.403675  -0.68611  0.226013 -0.162121   0.38961  0.701444  0.676777
point 97 771 110.361 222.113  0.191204 -0.407948  0.788476  0.983986 -0.601141  0.888556  0.656828 -0.254529 -0.406404 -0.644284
point 98 774 526.325 220.965   0.291026 -0.0624711   -0.14625   0.661918  -0.147752  -0.372105   0.192169   0.231817     0.1744  -0.254055
point 99 776  381.69 95.2791  0.883772 -0.142859 -0.146456 -0.572618  0.723833 -0.850578   0.36632 -0.381624  0.815934 -0.775574
point 100 777 200.212 169.982  -0.602602   0.688315   -0.33686  -0.492296   0.613248  -0.215586  -0.259728   0.610396 -0.0520034  0.0966897
point 101 783 575.691 214.171  0.969419 -0.405273  0.506573  0.869076  0.814405 -0.554545 -0.917392 -0.474144  0.280338 0.0947757
point 102 794 332.668 189.484 -0.454037  0.403081 -0.314916  -0.61695  0.011519  0.665042  0.450117 -0.485816  0.150857  0.535718
point 103 797  309.98 177.746 -0.762204 -0.699941  0.753399 0.0317932 -0.217669 -0.559006  -0.10411  0.525051 -0.105737 -0.318081
point 104 815 214.649 137.571  0.148866 -0.182035  0.923549 -0.330738  0.694255   0.58008 -0.410678 -0.654147  0.775957  0.839936
point 105 819 375.817 205.907  -0.534745   0.413095  -0.771086   0.720786    0.90839 -0.0180551   0.303411   0.757822  -0.467275  -0.115382
point 106 821 284.407 216.068  0.387546  0.278077 -0.643558  -0.96039  0.910469  -0.13927  0.509546 -0.820412 -0.445681  0.398216
point 107 825 530.122 183.743   0.410517   0.636585   0.949573  -0.242473   0.453067  0.0357583 -0.0732227   -0.46112  -0.219502  -0.472926
point 108 841 349.525 123.481  0.176148  0.867607 -0.874712  0.962612 -0.409048 0.0450747 -0.307424 -0.166196   0.22832  0.488301
point 109 861 483.079 171.972 0.0626459  0.695604   0.83302 -0.119271 -0.539389  0.219717 0.0540623  0.219271 -0.049017 -0.447352
point 110 862  430.17 180.279  -0.865635  -0.348237   -0.69242  -0.256431   0.594592  -0.527857 -0.0944293   0.351855  -0.919498  0.0134622
point 111 867 61.0502 186.137    1.02836   0.115969  0.0522249   0.608106  -0.445842 -0.0545555  -0.740065  -0.341527    0.62496 -0.0929907
point 112 882 209.502 199.962 -0.464109  0.950952 -0.657986  0.546822  0.521557 -0.256267    -0.969 -0.805413 -0.521017  0.633864
point 113 885 229.801 173.253   0.819461  -0.613277  -0.162138 0.00416632   0.509595   0.638069   0.676751   0.841778   0.639916 -0.0689856
point 114 892 36.8404  129.46   0.335461  -0.893852  -0.699433   0.749982  -0.756518   0.655994   -0.70797   0.189629   0.817923 -0.0375518
point 115 927 25.0686  16.836 0.00823882   0.883196   0.611958   0.425985  -0.859462   0.410757 -0.0603163   -0.33634   0.720031   0.874837
point 116 936  396.53 130.711 0.0537499 -0.419002 -0.370744 -0.325499  -0.48297  0.877702  0.130215 -0.720713  0.118767  0.135808
point 117 942 317.682 207.339 -0.764446 -0.322898  0.591727 -0.516528  0.208289 -0.232655 -0.704397 -0.952729  0.935683  0.440564
point 118 962   630.3 146.444   -0.156608   -0.216322    0.853395   -0.743604   -0.766025 -0.00791502   -0.465888    -0.55217  -0.0277457    -0.18253
point 119 963 30.3421 156.554 -0.0723374  -0.811294  -0.388364   0.365786  -0.930628   0.295238   0.897651  -0.963574  -0.208155   0.514672
point 120 965 416.607 146.777   0.919134   0.639251   0.502743 -0.0343368 -0.0286736  -0.494005  0.0842807   0.628537   0.970205   0.201457
point 121 971 129.813 184.697  0.644225 0.0409157  0.242575 -0.710057   1.02509 -0.122786   0.33011  0.976088  0.746449 -0.191697

