seq: 255
gt_pose:   5.57242   1.52522 -0.788258
odom_pose:  5.05146 0.414839 -1.17037
point 0 0 413.754 177.263   0.637647   0.862511  -0.581888  -0.315897   0.555745  -0.467497   0.148394 -0.0942669   0.219727     -0.264
point 1 35 565.228 210.872 0.0697883  0.878972  0.419522  0.642953   0.37682 -0.354941  0.261981 -0.962876 0.0754507  0.688245
point 2 45 529.739  231.41  -0.573602 -0.0189929   0.854277  -0.107544   0.719137   0.974647  -0.596017 -0.0909992   0.513608   0.574467
point 3 54 548.842 174.101 -0.659041  0.226147 -0.862333 -0.761251 -0.677866 -0.511629 -0.764865  0.176275 -0.882883  0.753886
point 4 56 568.916 198.444  0.221639 0.0925188  -1.00213  0.815055 -0.315358 -0.592878 0.0684342 -0.188276 -0.414856  0.342515
point 5 59 598.152 199.746   -0.95199   -0.94334   -1.03123 -0.0606764  -0.395177   0.375639   0.595201  0.0203238 -0.0630212  -0.885416
point 6 69 552.769 214.752  -0.376944  -0.773979    0.72886  -0.817669 -0.0397361  -0.449781  -0.572614  -0.411024   0.272902   0.872952
point 7 87 224.818 219.949  0.751935  0.781109 -0.181543  0.865075 -0.687625 -0.639945 -0.507118 -0.242391  0.879212  0.275114
point 8 94 321.695 188.414  -0.752322   0.365201  -0.556583   0.172827   -1.01482   0.685543 -0.0661944  0.0197822   0.584683  -0.706638
point 9 99 410.458 163.008 -0.524656 -0.560185 -0.739894 -0.813366   0.14778 -0.923752 -0.790882 -0.759699  0.556983  0.930662
point 10 112 252.764 235.454 -0.0123677  -0.774709  -0.788397  -0.927478  -0.422196  -0.921706  -0.943811 -0.0825735  -0.254375    0.12593
point 11 152 545.345 158.786 0.0852812  0.448912 -0.609013 -0.631748    0.9454  -0.49065  -0.14627  0.580939  0.747474  0.297247
point 12 162 251.579 137.921 -0.553323  0.258305 0.0323086  -0.75112  0.138008 -0.941352  0.602468 -0.722558 -0.601955  0.138128
point 13 174 507.944  176.09  0.706006  0.102271  0.906585  0.185307 0.0312144 -0.491102 0.0516899 -0.605119 -0.500406 -0.959966
point 14 177 363.939 189.796  -0.690011  -0.167138  -0.490404   0.412674   0.106042  0.0931948 -0.0436125   -0.61665   0.506164  -0.317013
point 15 185 351.398 97.5256  0.120132 -0.616499 -0.506137   0.32726 -0.253563  0.867434 -0.679896   0.85514 -0.253646 -0.174571
point 16 194 447.405 169.398  0.859462 -0.811201 -0.168279   0.74383 -0.650263 -0.624582 -0.142789  0.847042  0.567677 0.0878517
point 17 206 522.906 73.8284  0.660085 0.0909162  0.610189   0.93493 -0.775063 -0.671983  0.756861 -0.229266 -0.910938  0.678657
point 18 207 417.392 236.998 -0.915081 -0.719524  0.980792  0.977457  -0.31363 -0.780076 -0.314427   0.52752 -0.635325 -0.803985
point 19 213 199.105 151.272   0.516104  -0.205294  -0.798178  -0.086911 -0.0748823  -0.885922  -0.462453   0.697514   0.391837   0.115278
point 20 217 422.712  142.81 -0.336116  0.303414  -1.01492  0.180065  0.170708  -0.99047  0.669387    0.1462 0.0141005   -0.7685
point 21 224 443.576  192.43  0.897516 -0.608114 -0.797904  0.434727  0.390242  -0.44732  0.377882  0.483254   0.13808 -0.123491
point 22 237 421.488 201.823 -0.00581899   -0.980829    0.697797   -0.936497    0.187113    0.854265   -0.943015    0.169078    0.334155    0.203121
point 23 255 151.505 195.648  -0.963011  -0.827422  -0.946407   -0.89307 -0.0210805   0.896468   0.159317  -0.362139  -0.136523   0.369443
point 24 256 585.115 221.673  -0.710499  -0.699365 0.00352354    0.70544   0.481612  -0.881569  -0.514917  -0.670399   0.761363  -0.178603
point 25 261 525.307 205.718   0.90902  0.446162  0.986231 -0.283317 -0.189969  0.211911 -0.675759  0.859183 -0.375105 -0.057222
point 26 270 5.65842 206.636 -0.536557  0.477438  0.122741 -0.706811  0.006191  0.165188  0.425829 -0.171736 -0.914322 -0.825867
point 27 279 268.98 177.96 -0.491555 -0.318215  0.214546  0.231997 -0.141694   0.70403  0.390241 -0.792836  0.933037  0.402203
point 28 289 344.866 177.968  0.846874 -0.466148  0.298868  0.968349 -0.841181  0.901689 -0.711442  -0.40845   1.01298 -0.293025
point 29 341 43.4387 163.664  -0.733755   0.138997   0.308798  -0.350399   0.258475  -0.424759  -0.783275   -0.69196   0.862572 -0.0230033
point 30 348 328.949 194.765   0.899662  0.0524423   -0.77967   0.198324   0.375716   -0.28676   0.171098  -0.684112 -0.0729701   -1.01799
point 31 372 365.582  221.66     -0.159    0.90332 -0.0661016  -0.484848   0.942642   0.621086  -0.645894  -0.958143  -0.421579   0.200584
point 32 373 479.318 237.117 -0.429549  0.848497  0.024848 -0.380822  0.387592  0.505208 -0.082016  0.769416  -0.32498 -0.881094
point 33 374  594.48 198.977  0.555932 -0.372407  0.265917 -0.651301  0.434495 -0.954936 -0.810149 -0.633599 -0.436987 -0.804063
point 34 403 455.719 210.639  0.178115  0.671101 -0.545423 -0.561335 -0.596847  0.490654   1.03815  0.638382  -1.01136 -0.608339
point 35 407 95.9955 191.676  -0.732734    0.99213  -0.863844   0.626138  -0.753495 -0.0894702   0.681678  -0.974988  -0.315119   -0.44297
point 36 418 244.108 213.055  -0.946871 -0.0411478   0.260025   -0.64055   0.916766   0.780031    0.98062  -0.738337  -0.607498   0.586939
point 37 427 237.418 131.751  0.691573   0.86221  0.283656 -0.422975 -0.095962   0.79662   0.25268  -0.72451 -0.671961  0.621664
point 38 429 636.939 193.984   0.50455  0.398918 -0.721236  -0.46497  0.585991   -1.0013 -0.557135 -0.227838 -0.393053  0.343105
point 39 442 401.155 233.593 -0.167733  0.594501 -0.740669   -0.3431  0.610773 -0.548498 -0.311005 -0.332106 -0.660564  0.116838
point 40 444 568.339 178.733   0.60453 -0.915186  0.447348 -0.642039 0.0553044   -0.6938   0.99212  0.342424 -0.122921  0.498731
point 41 446 583.159 155.674   0.566199  -0.787949   0.604558    0.95893  -0.954392   0.163741    1.03067   0.491483   0.528869 -0.0458669
point 42 452 604.233 177.517  -0.914828   0.206203  -0.219299   0.699219   0.523335  -0.792117  -0.101174   0.237551  -0.312611 -0.0893494
point 43 468 607.423  167.19  0.523585 -0.281857 -0.509368  0.489589  0.211951  0.483277 -0.322772 -0.246596 -0.867031 -0.347715
point 44 509 501.622 206.319  0.337119  -0.86053 -0.321384  0.692409  0.849949  0.826175 -0.392823 -0.298069 -0.364592  0.921256
point 45 518 433.157 175.819 -0.910223 -0.954392  0.282732  0.847539  0.352525 -0.547938 -0.706569  0.582483 -0.416924  0.128979
point 46 533 520.211 57.1206   -0.736688   -0.243012     0.56058   -0.279363   -0.762203    -0.77275    0.612395   -0.291119    0.708892 -0.00434946
point 47 550 216.898  203.34   0.251308 -0.0818517  -0.666889   0.575315  -0.400591  -0.507586  -0.886346   0.151106 -0.0220427  -0.788363
point 48 556 20.6543 172.098   0.98719  0.979215 -0.263309   0.50376   0.95902 -0.173741  0.493229 -0.662584   0.89054  0.186463
point 49 564 83.2727  102.41 -0.585859 -0.170346   0.19915 -0.512285 -0.105463  0.474172 -0.498864  -0.97609 -0.777394  0.929639
point 50 571 524.036 133.958  0.754727  0.828206  0.306052  0.660481  0.315661 -0.664714  0.910226 -0.411319  0.575952 -0.259999
point 51 582  334.52 161.884 -0.0298293  -0.818001  -0.567928   0.956919   0.164285   0.125694  -0.477804   0.189328 -0.0110239   0.736895
point 52 608 321.592 207.216   0.686396   0.949073 -0.0267009   0.699676   -0.13155   0.667371   0.394539   0.779971    0.16537   0.996561
point 53 612 319.506 185.413 -0.700848  0.520024   0.22227  0.279877  0.391083   1.01297 -0.857216  0.156707  0.700438  0.570562
point 54 619 315.878 153.027 0.0323563  0.909867  0.330129 -0.939998 -0.930928 -0.581591 -0.784653  0.356176  0.589445  -0.30722
point 55 620 614.589 155.234    0.556646   -0.304653    0.902853    0.731314   -0.324611    -0.33046   -0.785034    0.429145 -0.00192287    0.468136
point 56 621 265.643 168.889   0.867281 -0.0767348  -0.982097  -0.202549   0.250736  0.0934476  -0.303578  -0.397936   0.121486  -0.263643
point 57 624 295.336 215.301 -0.0322647   0.618386  -0.717074  -0.674603   0.752171  -0.189962  -0.584406   0.141578   0.714553  -0.575411
point 58 632 308.467 235.173 -0.0643658   0.212223  -0.254401  -0.727605  -0.532022   0.648862   0.247308  0.0842202  -0.695513 -0.0692889
point 59 646 605.037 180.733 -0.308613  0.610929  0.762534  0.824865  0.331568 -0.678331 -0.325349  0.821788  0.272177  0.452335
point 60 698 362.643 222.821  0.388429 -0.440575  0.389897    0.4218  0.423469  0.582875 -0.849714 -0.443891  -0.16543   -1.0079
point 61 731 587.817  225.55 -0.279895  0.400576  0.360865 -0.822415 -0.668123  0.940765  0.722974  0.805934  0.603357 -0.815118
point 62 737 271.949 183.654   -0.3821  0.138092 0.0655228  0.579652 -0.765952  0.156343 -0.864934 0.0610054  0.509888 -0.123359
point 63 739 112.558 206.989    0.974721     0.15172   -0.427488 -0.00371858    0.809622    0.222077   -0.894194   -0.170845   -0.195884   -0.666017
point 64 740 276.912 198.692  0.462739   0.77082 -0.992305  0.640889 -0.132457  0.284414  0.648813 -0.458131  0.654459 -0.957912
point 65 743 562.831 219.289  0.109112 -0.591793  0.900477  0.329339  0.721622 -0.280339 -0.424429 -0.113434 -0.237728 -0.454307
point 66 749 62.4866 150.142 -0.676659  0.272769  0.676169  -0.68954  0.520887  0.035078  0.704194  0.157866 -0.256846 -0.137622
point 67 754 351.579 182.164 -0.00421145    0.459415   -0.324058    -1.00634    0.194754   -0.483474    0.843232    0.693625    0.269131   -0.309821
point 68 768 433.336 165.719 0.0778949 -0.211047  0.259405  0.367422 -0.764582   0.28051 -0.177954  0.473567  0.772281  0.646488
point 69 778 186.567  161.36 -0.153951 -0.591059 -0.813863   0.68027 -0.523784 -0.873904 -0.358044  0.336254  -0.44289 -0.718303
point 70 791 556.398 190.484  0.717794 -0.636166 -0.842607 -0.639798  0.981592 -0.481761  0.438312  0.565603  0.547107   -0.4197
point 71 839 370.161 214.823  0.0468348  -0.215877   -0.78376  -0.822883   -0.16663  0.0290322 -0.0803515   0.305218   0.779975   0.119934
point 72 860 438.803 236.211  -0.812837  -0.907976   0.751148   0.538938  -0.871209   0.217517   -0.27271 -0.0532184  -0.816047  -0.518942
point 73 889 205.656 226.087   -0.820212     0.23579    0.840193   -0.291173    -0.95837    0.394123 -0.00771138   -0.763061     0.73625    0.149796
point 74 935  525.83 227.714  -0.761806  -0.927313   0.227572   0.914925  -0.652492    0.48842   0.262338   0.870167  -0.808482 -0.0958559
point 75 994 419.372 163.566  -0.346079 -0.0937286  -0.993414  -0.587059  -0.296487   0.450173  -0.265166   0.499308  -0.175259  -0.325716
point 76 996 325.851 177.209   0.293672   0.564094    0.49029    0.95244   0.657911  -0.888795 -0.0897812   0.675335  -0.398187   0.546033

