seq: 324
gt_pose:  1.08008 -1.57414  1.95864
odom_pose: -0.661098  -1.68569   1.89675
point 0 7 431.765 173.958  -0.110927    0.85485  -0.174391   0.638719   0.374375    0.77764 0.00195487  -0.576654   0.919855   0.848724
point 1 21 434.868 202.423  0.588793 -0.404267 -0.384136 -0.643873  0.963943 -0.962135  0.674659 -0.319783 -0.638227 -0.165591
point 2 31 368.831 208.946  -0.414862   0.783684 -0.0155966  -0.702024   0.203614  0.0719521   0.190446   0.149624  -0.508391   0.696212
point 3 36 471.297 236.095 -0.191616 -0.291442   0.43124  0.589495  0.399058 -0.644805 -0.942818 -0.842472  0.362583  -0.66402
point 4 37 453.273 229.092  -1.00887  -1.01018 -0.359801 -0.481404  0.315759  0.690049 -0.661515 -0.342391  0.376878  0.769553
point 5 44 540.111 156.911  -0.57411   0.22925  0.814797  0.443426 -0.097196 -0.120949  0.739179  0.885019   0.90698  0.810475
point 6 53 498.308 210.047  0.744977  0.259548 -0.270484 -0.889868  0.535228  0.646646  0.406665  0.407066  0.828767 -0.423742
point 7 60 16.0044 157.676   -0.95924  -0.871911  -0.531507   0.456402   0.227205  -0.780484   0.881761   0.765824  -0.709113 -0.0972776
point 8 61 559.296 166.973  0.149645  0.467938  0.457046  0.855335 -0.794629  0.571976  0.854988 -0.796471 -0.423821 -0.500082
point 9 68 359.122 239.551  0.120496  0.386358 -0.903647  0.471314  0.201886 -0.732772 -0.662709 -0.646492   0.53727  0.708363
point 10 70  65.935 188.588  0.834789 -0.729343  -0.38173  0.112882  0.259152  0.730618 -0.559637  0.326735  0.223395  0.648475
point 11 71 627.996 162.152  0.160385   0.24226  0.555907  0.548027 -0.464135 -0.855551  0.805871 -0.675151 -0.600516 -0.258188
point 12 77 469.356 233.785 0.0329597  -1.03393 -0.447715 -0.578658  0.350545 -0.144416 -0.549973  0.269386 -0.582589 -0.291595
point 13 88 245.472 237.398   -0.209389  -0.0051375     0.43436   -0.951924     0.33219    0.205229    0.433255 -0.00303784     0.78574   -0.556623
point 14 89 501.966 234.289  0.566554 -0.622084 -0.332003 -0.363497  0.249578 -0.601065 -0.503531 -0.981229 -0.759439 -0.163749
point 15 92 85.0445  129.31   0.214933   0.716878  0.0350034   0.950412   0.260614   0.308135   0.994125   0.577814  -0.188344 -0.0156699
point 16 109 298.653 211.241    -0.436073     0.901498    -0.832349    -0.379248     0.475876   -0.0753578     0.673801     0.582569 -1.85661e-05     0.268152
point 17 110 496.577 107.329  0.836422  0.972332  -0.63666 -0.368471  0.117125 -0.715478 -0.537349  0.586351  0.739166  0.176831
point 18 111 269.615 230.136 0.0165795  0.994564 -0.915919 -0.932421 -0.170812 -0.389058  0.922852 0.0765452   0.22576  0.403635
point 19 113 501.574 199.488  0.0126361  -0.577675   0.611974  -0.905398   0.501106  -0.396173  -0.891825    0.62206  -0.312755 0.00632065
point 20 132 473.439 181.586   0.257907  -0.921217  -0.904868 -0.0275701  -0.724652    0.87238  -0.820692   0.276865   0.817704   0.642058
point 21 134  573.7 167.92 -0.323157 0.0670396   0.44998   0.86838  0.715107 -0.303865  0.957256   0.81753  0.608714 -0.828377
point 22 148 483.935 123.419  -0.152519  -0.251154  -0.179059   0.572735 -0.0251336  -0.157026  -0.947885   0.254189   0.903268  -0.683467
point 23 156 395.406 186.283   0.282201   0.502138  -0.677929     0.3456  -0.785757   0.937715   0.182603  -0.735475  -0.911908 -0.0509066
point 24 158  500.42 162.616   0.491713   0.403286   0.285736  -0.351243 -0.0812072  -0.366914  -0.818142   0.205995    1.00113  -0.582786
point 25 159 438.955 183.715  0.262227   -0.9463 -0.915308 -0.135145  0.066666 0.0927145  0.992612 -0.310583  -0.36088 -0.722287
point 26 161 548.691 177.466  0.467417   0.93561 0.0306652 -0.453211 -0.372974 -0.755454 -0.413883 -0.286032 0.0347378   0.60351
point 27 165 412.338 141.991   0.488146  -0.743604   0.431498   0.626084  -0.765703   0.620604  -0.613682   0.780123   0.332505 -0.0148176
point 28 166 204.187 189.844 -0.588706  0.292146 -0.607343 -0.513992 -0.657972  0.228469 -0.719586 0.0984981  0.177695 -0.659552
point 29 169 558.138  160.63  -0.607736    0.45598   0.770023  -0.295399 -0.0741006   0.509721   0.291794   0.439849   -0.71138  -0.542354
point 30 175 303.422 155.527 -0.377345  0.608232  0.244506 -0.632658  0.743521  0.695886  0.910552   0.93068  0.562692  0.125741
point 31 176 380.853 198.976   -0.70289   0.805152   -0.13635 -0.0671233   0.363834  -0.480849  -0.928293   0.293671   0.704782   0.165862
point 32 186 285.661 176.178  -0.382718  -0.381957   0.298952   0.403929   0.922301  -0.883733 -0.0292455  -0.465488  0.0694367   0.306944
point 33 216 132.727  102.58  -0.698303  -0.911559   0.831778  -0.808982   -0.53519  -0.909626  -0.315455  -0.283411 -0.0199813   0.811436
point 34 233 280.942 234.425 -0.144378 -0.507519  0.132074  0.246147  0.320456 -0.172863 -0.953031  0.204328 -0.888672  0.396173
point 35 240 409.003 174.506  -0.50569 -0.579382  0.610224  0.766571  0.757059   0.70477 -0.472426 -0.765863  -1.02026  0.614202
point 36 245 211.122 138.868 -0.630102 -0.401013  0.465656 -0.678688 -0.456068  0.397456  0.898064 -0.645619  0.215923  0.738971
point 37 251 278.432 229.204  0.0345511  -0.567213   0.151648  -0.781686  -0.430802 -0.0854451  -0.475121   0.249591  -0.110794   0.310035
point 38 262 143.128   51.42 0.0524297  0.314381  -0.27175 -0.519812  0.928149  0.923919 -0.962357  -0.37716  0.363708 -0.388473
point 39 302 134.121 196.694 -0.809795 0.0774523  0.584775  0.642283 -0.163129 -0.574741 -0.952736  0.239453  0.161138 -0.198716
point 40 303  331.78 208.069    0.185356   -0.858474   -0.560445   -0.965139  -0.0470273    0.498592   -0.393666  -0.0819765 -0.00349339   -0.399337
point 41 304 460.269  162.79  0.524646 -0.598287 -0.394733 -0.374143   0.94517 -0.166494  0.710738  0.513519 -0.566975 -0.404746
point 42 315 548.401 209.684 -0.819272 -0.347091 -0.979568  0.122003 -0.330317  0.147821 -0.568606  0.800312 -0.767295  0.936447
point 43 331 85.6962 207.493 -0.323038 -0.191295 -0.246722  0.163538 -0.125559  0.942529  0.886469 -0.506798  0.750056  0.865822
point 44 343 572.768 225.801 -0.0327863  -0.914921  -0.341742  -0.786632  -0.209493 -0.0593073   0.324223  -0.941505   0.530437  -0.469687
point 45 352 190.527 179.178  0.589436  0.386562  0.438193 -0.688628  0.566129   0.68932 -0.662077  0.588371 -0.162893  0.807269
point 46 367 511.212 64.8309  -0.675357  -0.927761   0.863905   -0.45034  -0.438204   0.662265  -0.374963 -0.0226981  -0.583982  -0.794343
point 47 387 315.308 172.592  0.675934 -0.700924   0.53117   1.00529 -0.747643 -0.147891 0.0713439 -0.951403  0.679088  0.711557
point 48 397 61.2879 172.149  0.743139 -0.328094  0.583762  0.213277  0.594631  0.925391 -0.707328  0.580955  0.867529 -0.785403
point 49 425 208.164 238.835 -0.462515 -0.379193  0.373662 -0.480479 -0.531653 -0.660147  -0.10442  -0.89296  0.858204   0.89639
point 50 454 438.547 165.776  -0.90827  0.959883  0.654194 -0.422042  0.614538  0.699097  0.800055 -0.624979  0.447928   0.36657
point 51 460 131.077 203.912  0.857296 -0.551453 -0.341627  0.419501 0.0689925 -0.153279 -0.382294  0.296637 -0.803007 -0.846911
point 52 488 63.7797 167.248  0.902452  0.565143 -0.475422  0.190379 -0.677808 -0.392915 -0.332854 -0.721711  0.163503 -0.323493
point 53 491  340.11 184.782 -0.811163  0.875176 -0.303897  0.529852 -0.457576 -0.190953  0.521043 -0.314996 -0.289204  0.763029
point 54 494 205.604 189.933   0.43668 -0.132576 -0.335687  -1.01035   0.10299 -0.864961  0.521806  0.332127 -0.193097 -0.945648
point 55 495 369.187 159.898   0.250231   0.623095  -0.143593   0.449358  -0.460822  -0.694479   0.951432  -0.576759 -0.0518965    0.13469
point 56 506     383 203.834   0.100385   0.281018 -0.0141655   -0.57982  -0.957458  -0.647365  -0.681927   -0.57707   0.757927   0.559221
point 57 514  184.77 153.711  0.426696 -0.783789 -0.916121 -0.419363 -0.887696 -0.472751  0.644146  0.809916  0.112323  0.212985
point 58 521 593.837 193.477  -0.856382  -0.290321   0.657272   0.151545  -0.241209 0.00870206  -0.396492  -0.664191  -0.862214  -0.712276
point 59 541 206.361 227.241   0.34014 -0.848998  0.848086 -0.253742 -0.624565  0.738868  0.758321 -0.613218 -0.957057  0.209918
point 60 552 94.6964 166.493  0.824943 -0.224158  0.841382 -0.139629  0.385076 0.0841058  0.750752  0.786489 -0.343213 -0.595325
point 61 555 26.0061 225.407   0.311288   0.310437   0.286578  -0.965892 -0.0458596  -0.466968  0.0530319  -0.139637   0.724865  -0.386348
point 62 578 381.908 206.708 -0.0550305  -0.231095  -0.307477   0.238284  -0.752302   0.549244  0.0848217  -0.920505  -0.112206   0.134082
point 63 581 572.852   239.5  -0.652531  -0.495026  -0.296511   0.962843  -0.933796  -0.121523  -0.088301  -0.729193   0.891269 -0.0920999
point 64 586 623.278 202.931 -0.00547552   -0.970618    0.696345    0.220069   -0.272618   -0.129552    -0.75071    0.122681  -0.0869194    0.726914
point 65 591 430.778 191.643   0.942445  -0.650194   0.655549  0.0785139   -0.48812  -0.293198   0.922011   0.226337 -0.0337727  -0.531886
point 66 596 317.277 213.051   0.083286  -0.458257   0.403375   0.110262 -0.0713406  -0.399931   0.712671  0.0486645   0.598354   0.899779
point 67 599  354.29 215.638  -0.448886   0.297945   0.725276   0.122309  0.0453464   0.997448  -0.122906 -0.0817054  -0.113449   0.493507
point 68 603 513.844 179.503   1.04235  0.597443  0.715157  0.300284 -0.769611  0.406253 -0.909858   0.76044 -0.595538  0.622788
point 69 607 126.142 235.066   0.87813  0.407939 -0.274974  0.131205 -0.412267 -0.429104  -0.41477  0.184386  0.928948  0.727811
point 70 610 194.947 100.816 -0.194939 -0.214058  0.685215  0.652238  0.464573  0.437883  0.705577 -0.618334  0.115816  -0.44152
point 71 617 327.337 54.2082 0.0488052 -0.870545  0.219019  0.108555 -0.507475  -0.89197 -0.182173  0.348682 -0.851024 -0.585858
point 72 622 356.754 170.548  -0.388928  -0.939006   0.473401 -0.0456421  -0.974462  0.0594942   0.603118   0.952745  -0.272506   -0.67738
point 73 623 53.8607  161.08  0.513639 -0.538092  0.664202  -0.52695 -0.228933  0.465424  0.426391 -0.179907 -0.816199  -0.33605
point 74 631 225.745 233.207  -0.831597  0.0608095  -0.655633 -0.0547702   0.400812  -0.101204  -0.283358  0.0218725 -0.0216185   -0.31375
point 75 644 302.104 147.874  -0.512098  -0.138049  -0.588401 -0.0285117  -0.204313  -0.753324   0.803751  -0.938424   0.897731   0.391894
point 76 650 93.8002 225.105  0.789748  0.267582  0.656633 -0.534829   1.01541 -0.245944  0.862514 -0.766671  -0.21193 -0.869356
point 77 655 507.281 214.955 -0.156769  0.692127  0.442668 -0.582623 -0.548321 -0.472243  -1.00106  -0.72982 -0.812081  0.827073
point 78 658 475.972 219.385    0.36844  0.0615927 -0.0803239  -0.296477    0.19089    1.02388   0.608977    0.63676  -0.841127   0.497703
point 79 667 611.571 84.1958 -0.898296 -0.582945 -0.196319  -0.57125  0.726335 -0.696979 -0.540164  0.734998  0.534842  0.384862
point 80 680 29.2205 226.201 -0.0419227 -0.0195475  -0.951002  -0.351736  -0.157076  -0.768959  -0.230599   0.373852   -0.16732   0.785052
point 81 687 117.564 226.256   -0.37527   0.219767 -0.0473665   -0.28588    0.69074   0.435473   0.606672   -0.48862   0.193091   -0.47363
point 82 689   215.7 168.727   0.847414  -0.474451  -0.490493 -0.0525514   0.773267   0.172932  -0.807979  -0.328269   0.895574   0.887013
point 83 691 145.887 130.354     0.558467     0.995221      0.24477    -0.284764    -0.949299     0.113353     0.309803    -0.363157    -0.905566 -0.000132858
point 84 717 564.664 182.334  0.990087  0.621513 -0.925456 -0.230566 -0.390395 -0.743795 -0.652282  0.676241 -0.404955  0.700128
point 85 719 8.37436 141.773 -0.726993 -0.325867  0.678108  0.703595 -0.620602  0.647367  0.343374 -0.525402 -0.608198 -0.970235
point 86 726 258.155 192.676  0.929074  0.516674  0.517995  -0.65461  0.278384  0.614485  -0.77075 -0.917523 -0.901115 -0.871339
point 87 727 72.7031 223.402  0.0680399  -0.967058   0.597513  -0.584542  -0.232201   0.847666  -0.336345 -0.0204765   0.926849   0.864093
point 88 736 169.213 191.526 -0.0848806  -0.972167  -0.192971   0.104618  -0.267759  -0.219024   0.468849    0.62109   -0.97546    1.03865
point 89 750 112.607 234.999  -0.35088  -0.47061  0.513853   0.22463   0.19448  0.510045 -0.639254  0.803408  0.665835 -0.143898
point 90 752 362.584 3.67748  0.794542  0.844895 -0.568701 -0.164774 -0.133278  0.118144  0.327288 -0.623589 -0.702837 -0.502714
point 91 796 19.0012  214.59   0.662834  -0.918152  -0.557547  -0.474051  -0.180208  0.0254073   0.919377   0.461571   0.405025 -0.0102626
point 92 805 315.331 155.705  0.338097  0.803713  0.495876 -0.160326 -0.899069  0.777887   -0.1607  0.915076 -0.782484  0.207478
point 93 806  401.11 238.229   0.855212  0.0248651  -0.575674   0.105594  -0.666862   -0.29845   0.367316  -0.406021  0.0937913 -0.0866428
point 94 820 51.6276 165.638  -0.723041  0.0260498   0.750017  -0.420031   0.459758  -0.277015  -0.337951  -0.429606   0.365904 -0.0901397
point 95 843  461.02 1.03965 -0.377713 -0.213572 -0.117672  0.417317  0.176201 -0.960336  0.381354  0.259328  0.925111   0.95612
point 96 873 154.632 181.449  0.282609 -0.522226 -0.992713  0.968501  0.884317   0.35677 -0.834375 -0.759187 -0.500567   0.36051
point 97 876 257.146 55.7637   0.424056  -0.692837   0.877399  -0.242403 0.00667267  -0.983007  -0.935104   0.373947   0.920159   0.315487
point 98 878 463.109 232.145 -0.979137 0.0480252 -0.927575 0.0648116 0.0176162  0.500087  0.340765 -0.120543 -0.729868 -0.617033
point 99 880 287.361  153.71 -0.588007 -0.485685 -0.243903  0.676426  0.519186 -0.273211 -0.336757  0.582815  0.856664   0.62582
point 100 881 372.327 185.776  0.289766  0.607028   0.41391  0.611153  0.397272 -0.786551  0.249644 -0.789292 -0.423755 -0.539836
point 101 883 296.733 212.252  -0.271083   -0.21841  -0.712523    1.00294     0.2702   0.599502   0.596853  -0.308462   0.167356 -0.0565401
point 102 902 25.1039 205.204 -0.415982  -0.69315 -0.232996   0.82976 -0.661277  0.171216  -0.62741  0.984187  -0.28658  0.833087
point 103 905  540.99 140.475 -0.989025   0.16389  0.429101 -0.354868  0.663296  0.298812  -0.84048  0.635117 0.0279998  0.197097
point 104 910 529.545 181.675  -0.970803   0.603196   0.483266 0.00998787    0.60158   0.454436  0.0376349   0.619737   0.815918   0.342417
point 105 916 127.404 181.699  -0.393212   0.250728   0.196988  -0.412957  -0.725864  -0.494223   0.675875   0.298095   0.889352 -0.0272839
point 106 927  463.14 137.789 -0.0474212   0.903213   0.544345   0.370894  -0.875992   0.382488 -0.0593716   -0.42517   0.780067   0.892393
point 107 929 390.545 161.474  -0.80911  -0.33751 -0.269776  0.235853  0.253518  0.705263 0.0383838 -0.150823 0.0642297  0.246222
point 108 937 319.387 236.081 -0.518294 -0.632145  -0.50892  0.039715  0.526955 -0.214363  0.181493 -0.267838 -0.275496  0.503175
point 109 942 353.547 79.8797 -0.769575 -0.273788  0.602677  -0.46796  0.209004 -0.175798 -0.716401 -0.966536   1.01728  0.404492
point 110 944 206.268 126.398     0.548174    -0.462181    -0.301808    -0.509773     0.697889 -5.25966e-05     0.124642       0.3305     0.504632    -0.620077
point 111 957 5.08666 173.646 -0.480503  0.960737 -0.270392 -0.916635  0.289857  0.881073  0.390009   0.53627 -0.343866 -0.127612
point 112 958 78.6059 20.8757 -0.437291 -0.896278 -0.805838 -0.166469 0.0192291 -0.315907 -0.158599 -0.245567   0.40913 -0.891107
point 113 967 332.303 188.238   0.225593 -0.0604866   0.424953    0.99256   0.124196   0.285777   0.593676  -0.399229  -0.715986   -0.40192
point 114 968 414.156 177.157  0.0989797  -0.393797   0.131669 -0.0363797   0.951278  -0.220809  -0.723169 -0.0206581  -0.628644  -0.979468
point 115 974 18.5457 227.352 -0.501172  0.745923 -0.743823 -0.879596  0.485435 -0.435706 -0.431909  0.434304  0.496373 -0.408719
point 116 978 156.781 189.117    0.8954  0.621913  0.257066  0.942132 -0.776099  0.334916  0.144018  0.456581 -0.626627  0.376323
point 117 979 453.878 128.746 0.0536425  0.511262 -0.106644  0.466385   0.23065  0.369667 -0.504552 -0.179512  0.609801 -0.273717
point 118 989 557.866 236.155   -0.66847   0.320167   0.436316  -0.595976 -0.0823596  -0.562414  -0.159321    0.56028   0.557232  -0.469227
point 119 997 410.551 235.296   0.974705  -0.923362 -0.0105254    0.78822  -0.456427  0.0330624   0.597324  -0.919075  -0.232294   0.600389

