seq: 271
gt_pose:   7.1674 -1.16719 -1.48322
odom_pose:  5.79605 -2.71173 -1.74666
point 0 11 607.036  198.42   0.54691  0.488862  0.362709  0.977536  0.306884  0.496709 -0.839383 -0.706998 0.0402961  -0.84238
point 1 26 636.955 156.452 -0.897337 -0.776476  0.289064  -0.25433 -0.415996 -0.294896 -0.807197 -0.154959   0.90402  0.128644
point 2 35  473.46 206.325  0.133652  0.798144  0.375853  0.591185  0.390241 -0.332599  0.256467  -1.01893 0.0773886   0.65641
point 3 45 521.653 225.255   -0.60146 -0.0321145   0.941785  -0.107813   0.774145   0.954665   -0.64538 -0.0547566   0.553756    0.56986
point 4 46 289.424 186.937  0.907331 -0.335427  -0.20045   0.14654 0.0782508   0.19659 -0.600641 -0.014218 -0.287147  0.310094
point 5 47 289.836 222.972  0.772231 -0.808783 -0.241592  -0.60675  0.286317  0.141225  0.341852  0.200646 -0.907381  0.071957
point 6 54 491.508 150.148 -0.595317  0.167387 -0.880125 -0.778392 -0.690434 -0.543197 -0.738848  0.210342 -0.836224  0.811226
point 7 56 456.556 196.324  0.286239  0.054343 -0.983698  0.826898 -0.351945 -0.586216 0.0113757 -0.177762 -0.403448  0.368569
point 8 59 624.486 174.268  -0.939568  -0.978694  -0.959425 0.00840593  -0.395405   0.390224   0.680031 -0.0276125 -0.0333943  -0.878847
point 9 66 603.128 171.425 -0.823169 -0.215788  0.192185  0.297597  0.377599  0.123645 -0.147486  0.660583  0.182279  0.880057
point 10 69 430.745 214.567   -0.37617  -0.792855   0.741813  -0.764682 -0.0305919  -0.491448  -0.617345  -0.398555   0.353464   0.909425
point 11 91 349.884  224.65   0.463667 -0.0855214   -0.77601   -0.10796   0.927162   0.769277   0.269052  -0.432745  -0.555123  -0.473472
point 12 99 326.038 72.1018 -0.457997 -0.586928 -0.715776 -0.798898  0.163951 -0.923424 -0.841173 -0.732182  0.559538  0.949679
point 13 118 498.747 192.367   0.859587   0.850914   0.668378  -0.498345 -0.0730088   0.521854  -0.892927  -0.658798  -0.949934    0.68124
point 14 152 439.697 150.574  0.106132  0.451025 -0.620488 -0.550182  0.934068 -0.526866 -0.104216  0.670747  0.771349  0.251852
point 15 174 524.584 111.121  0.648137  0.107981  0.913705  0.192512 0.0559877 -0.499997  0.136785 -0.601133 -0.484578 -0.918529
point 16 188 298.771 177.302 -0.410814  0.299486 -0.321584  0.811501  0.414455  0.314508 -0.566813  -0.21427 -0.324011 -0.677769
point 17 194 363.615 128.805  0.836586 -0.874705 -0.136282   0.79596 -0.709254 -0.694515 -0.180947  0.822623   0.57021 0.0353049
point 18 196 348.418 175.191  0.556479  0.446143 -0.903808 -0.911936  0.396063  0.950851 -0.727377 -0.770014  0.756548 -0.431852
point 19 207 326.854 234.444 -0.920699 -0.772204  0.967362  0.987741 -0.302062 -0.839726 -0.262154  0.545732 -0.639195  -0.74439
point 20 212 208.925 208.223  -0.43428 -0.123251 0.0731745  -0.95217 -0.183814  0.688153  0.609304  0.389234 -0.954723  0.817721
point 21 215 188.173 125.102   0.96766 -0.587806  0.892306 0.0946942 -0.400873  0.416608   0.84719  -0.17509 -0.609903 -0.258036
point 22 221 265.678 239.796 -0.556017 -0.231429  0.168469  0.662993  0.768441   -0.6368 -0.347847 -0.569988 -0.750569   0.77999
point 23 224 384.287 147.403  0.973106 -0.583658 -0.751835  0.476191  0.329914 -0.437096  0.428886  0.421511 0.0924245 -0.124784
point 24 237 337.648 167.111 -0.0624197  -0.961069   0.673431  -0.939264   0.199293   0.843171  -0.936054   0.225457   0.363781   0.160801
point 25 252 397.505  188.36  -0.458778 -0.0298566   0.675674  -0.149567   0.967957   0.921765   -0.13916  -0.151326  -0.874864  0.0549253
point 26 261 415.254 202.568  0.827978  0.468088   1.00551 -0.302159 -0.172594  0.201343 -0.607018  0.909106  -0.31595 -0.113672
point 27 305 237.852 168.504  0.0610375   0.256242  -0.209795  -0.717285  -0.379932   0.983872  -0.497489 0.00195135   -0.95351   0.381367
point 28 317 71.1183 230.233  0.529232 -0.109525 -0.640752 -0.132996  0.680503 -0.438412  0.493545  0.753683  0.645939 -0.875499
point 29 323 571.942 202.982  -0.74976  0.618709  0.285028  0.799063  0.243233 -0.524545 -0.926553 -0.776875 -0.515583 -0.989311
point 30 329 218.932 156.634  0.154052 -0.286004  0.533695  0.866492  -1.02789 -0.803915  0.887379 -0.283958 -0.975969  0.193661
point 31 347 332.962 197.453  0.433039    0.3706 -0.694985  0.629903 -0.072658 -0.809492 -0.926049  0.817522  0.501437  0.346061
point 32 354 271.184 235.788  0.336361 -0.264969  0.878297 -0.662083  0.420499  0.448225  0.687256 -0.105295  0.715946  0.209974
point 33 372 206.358 162.675 -0.229481  0.916476 0.0119799 -0.504923  0.950608  0.663844 -0.668775  -1.04052 -0.439419  0.228644
point 34 373 426.391 235.187  -0.431038   0.874407  0.0152758  -0.373854   0.475225   0.560258 -0.0612535   0.735791  -0.271016  -0.851735
point 35 374 453.698 202.393  0.591101 -0.341816  0.302446 -0.685013  0.438437 -0.884439 -0.732077 -0.599108 -0.437822 -0.804975
point 36 394 336.316 179.871 -0.171395 -0.466819  0.965888 -0.300256  0.422851  0.947752  0.631175 -0.942678  0.223826  0.665538
point 37 417 245.751  161.43 -0.813415  0.535947  0.100834 -0.486159  0.239895  0.533234 -0.739575  0.407635 -0.736362  0.282551
point 38 421 276.584 195.212 -0.845716 -0.787452   -0.1784  -0.70648  0.812332 -0.611086  0.300572  0.213105 -0.324142 -0.225665
point 39 429 471.016 201.717  0.440977  0.364729 -0.720599 -0.500647  0.590528 -0.936586 -0.630653 -0.198703 -0.349479  0.342389
point 40 442 361.924 213.138 -0.145885   0.65312 -0.739033 -0.370635  0.536942  -0.57641 -0.347946 -0.379337 -0.681205  0.122015
point 41 444 444.186  179.16   0.622512  -0.937404   0.417206  -0.645074 -0.0187728  -0.687217   0.974509   0.348278 -0.0984797   0.500549
point 42 446  478.34 148.978   0.478784  -0.727081   0.572188   0.872151    -1.0292   0.135908    1.00861   0.443156   0.530172 -0.0243534
point 43 451 268.044 155.005   0.457179  0.0595541   0.413014  0.0812674  0.0937566  -0.582283   0.742766 -0.0734474  -0.088913  -0.305249
point 44 452 478.496 178.687  -0.920703   0.216967   -0.24966   0.693684   0.591053  -0.789801 -0.0882791   0.209983  -0.377155 -0.0618645
point 45 468 481.303 168.689  0.482982 -0.313634 -0.472045  0.551916  0.141252  0.537932 -0.329756 -0.319299 -0.867343 -0.341696
point 46 482 409.854 215.047  0.486951  0.356591  0.282866  0.185141 -0.399248 -0.488318  0.282904 -0.230876  0.219821 -0.356121
point 47 484 557.537 186.392  0.835128  0.666702   1.01494 -0.756225 -0.599338  0.496517  0.680648  0.589323 -0.294005  -0.76118
point 48 509 434.159 191.615  0.285041 -0.942201 -0.333166  0.642413  0.851222  0.855459 -0.402175 -0.298206 -0.305073  0.972008
point 49 518  373.22 104.598 -0.978703 -0.915487  0.319497  0.816644  0.393673 -0.604861 -0.687304  0.593962 -0.367501  0.164635
point 50 531 282.725 202.599 -0.298951 -0.176408 -0.541208  0.414803    0.3914  0.906183  -1.02172 -0.547758 -0.375817  0.714282
point 51 537 260.271 185.181 -0.367691  0.657852 -0.127774 -0.386464  0.310232  0.219521 0.0607851 -0.494154 -0.523312  0.258021
point 52 565  598.62 238.564  -0.904041   0.963548   0.392789   0.275184  -0.488861  -0.580445   0.837529   0.846932 -0.0185407   0.537798
point 53 571 497.923 67.1679  0.827213   0.83149  0.298064  0.600094  0.280002 -0.723393  0.919568 -0.373441  0.563274 -0.332461
point 54 604 14.8095 213.335  0.298073 -0.918836 -0.860543  0.482111 -0.660505 -0.780411  0.191118 0.0251526 0.0175993 -0.568256
point 55 620   463.7 165.404  0.545082 -0.295038  0.893841  0.758469 -0.283651  -0.36452 -0.836353  0.388156 0.0124032  0.451498
point 56 637 289.284 162.557 -0.0418776  -0.693848  -0.641104    0.44758   0.330095   0.151134  -0.180581  -0.557033   0.670194    0.88869
point 57 638 583.737 204.195  -0.245201  -0.877601   0.537374  -0.786521    0.24832   0.349259 -0.0959055  -0.360682   0.460908   0.820537
point 58 665 526.462 212.661  0.506051 -0.888816  0.951383  0.245901  -0.12471  0.877051  0.765781  -0.20877 -0.190981 -0.532303
point 59 698 204.612 183.858  0.350001 -0.438848  0.399387  0.430381  0.449435  0.549061 -0.908657  -0.43229 -0.142897 -0.971727
point 60 703 238.526 142.818   0.85883 -0.705605 -0.603372  0.937765 -0.287739  0.840684  -1.00955 0.0279436  0.748794 0.0567005
point 61 722 621.211 151.003  0.472104 -0.550002  -0.25196 -0.734582 -0.803759 -0.872886 -0.297751   0.60889  0.406534 -0.104189
point 62 724 601.708  180.58 -0.896165  0.920279 -0.117011 -0.463785  0.898126 -0.683239 -0.091139  -0.32164 -0.398722 0.0887707
point 63 731 480.154 224.624 -0.365013  0.331749  0.370557 -0.811032 -0.604463  0.938496  0.756003  0.756564  0.574849 -0.783414
point 64 743 434.547 219.848   0.185732  -0.536611   0.893146   0.268833   0.671693  -0.254678  -0.507124 -0.0521575   -0.27069  -0.482914
point 65 745 498.766  188.76  0.922099 -0.410019   0.12641 -0.636461  0.312316 -0.696193 -0.282435  0.135695    0.5465 -0.551007
point 66 753  160.15 107.017  0.556018  0.484115   0.22763   -0.9958 -0.756162  0.884838  0.117543 -0.120476  0.745867  0.500582
point 67 763  541.86 170.338  0.164481  0.100367 -0.752714 -0.271874 -0.582304  0.846588  -0.16236  0.533029  0.409949 0.0915457
point 68 764 344.048 202.573 -0.933642 -0.505264  0.239116 -0.739471  0.995979 -0.525852  0.143952  -1.02998 -0.654399 -0.546196
point 69 789 190.133 110.895  -0.662385  0.0541532   0.576196 -0.0531289   0.170664  -0.616764  -0.715884  0.0322047 -0.0182352   0.321399
point 70 790  257.97 231.109  -0.742576    -0.8968 -0.0348175  -0.243643   0.446787   0.313124   0.256961  -0.183815  -0.940464  -0.723488
point 71 791 432.957 190.536  0.749742 -0.573062 -0.782654 -0.607964  0.961281  -0.46057   0.43171  0.605387  0.524898 -0.471463
point 72 811 320.464 202.512   0.544813   0.604207 -0.0374527  -0.261309   0.336369   0.702682  -0.127441    0.34871  -0.533194   0.264211
point 73 833 610.224 174.911 0.0663516  0.326323   0.75997 -0.165122 -0.672219 -0.292049 -0.675788  -1.00308  0.780125  0.694962
point 74 839 227.457 140.156  0.021153 -0.233778 -0.804332  -0.88034 -0.192921   0.03629 -0.051033  0.255559  0.758535  0.126037
point 75 855 500.094 178.123  0.0443677   0.899058   0.150746 -0.0661721  -0.864865   0.683862  -0.197215  -0.497047  -0.282568   0.869474
point 76 860  362.86 233.283 -0.776802 -0.926598  0.710133    0.5691 -0.873642  0.258274 -0.229173 0.0286952  -0.85223 -0.466101
point 77 879 634.978 184.556  -0.204236   0.573829  -0.194533  -0.632215    0.24063   0.175588  -0.744529 -0.0195624   0.147345  0.0996341
point 78 903 605.442 174.125   0.771424   0.562994   0.959885   0.743991 -0.0312437  -0.679162   0.214176   0.116813  -0.931932 -0.0389683
point 79 904 351.466 190.759 -0.474526 -0.157975 -0.494172  0.548508  0.343902 0.0923201  0.882003  -0.80797 -0.091552 -0.820182
point 80 918 613.069 223.743 -0.811245  0.200461  0.603392  0.219879 -0.391199 -0.786535 -0.556892  0.897429 -0.119396 -0.232531
point 81 931 613.658 168.785  0.758974   0.73463  0.406327 -0.162813  0.322811  0.581222  0.528778 -0.889398  -0.20633 -0.222563
point 82 935 451.282 223.834  -0.697631  -0.963628   0.287715   0.993795  -0.652785   0.497262   0.270326   0.788529  -0.784736 -0.0668131
point 83 961 581.091 152.489   -0.34333  -0.425692    0.93649   0.525931   0.589806   0.602686  0.0619254 -0.0545881  -0.722874  -0.135457
point 84 969 197.111 239.773  0.656709  0.080266   1.00146  -0.15685  0.448004  0.231912  0.751465 -0.131228  0.150477 -0.151358
point 85 994 358.704 53.2627  -0.359659 -0.0790098   -1.01472  -0.562987   -0.34493   0.433386  -0.220252   0.460701  -0.182511  -0.252042

