seq: 90
gt_pose: 0.124018 -1.01534 -1.97825
odom_pose:  1.09093 -1.11902 -1.85222
point 0 5 77.6314 30.3044 0.0308607  0.368353 0.0203709 -0.951055 -0.140163  0.822276  0.909493  0.437807 -0.391536  0.456637
point 1 11  226.16 200.118  0.580325  0.455384  0.330254  0.939378  0.235589  0.498619 -0.791359 -0.687273 0.0750132 -0.853811
point 2 23 162.792 110.939   0.793509   0.761897 -0.0479929   0.124829  -0.684846  -0.414598   0.723083   0.022543  -0.111277   0.656158
point 3 24 251.124 157.418   0.322865   0.472289  -0.680704   0.167884  0.0224168   0.652009   0.418776  -0.608138  -0.534425 -0.0427998
point 4 26 73.7786 138.813 -0.889895 -0.827931  0.294639 -0.240663 -0.412521 -0.330332 -0.856413 -0.162725  0.868808  0.213023
point 5 28 486.688 200.102  0.299653  0.993732 -0.313692  0.823184 -0.681378 -0.128962 -0.973539  0.556961   0.58598 -0.385601
point 6 34 623.375 197.281 -0.133312 -0.496292 -0.234272 0.0555423  -0.73717    0.0926 -0.955249 -0.265916 -0.268415 -0.401948
point 7 43 324.549 224.212  -0.981283   0.417459   0.141051   0.659922   0.129771  -0.151967 -0.0543526   0.966026  -0.895386  -0.810736
point 8 48 165.637  129.67   -0.340738    -1.02234    0.862171    0.234254    0.578948    0.785653    0.897408   -0.650651   -0.152381 -0.00648739
point 9 66 221.282 173.494 -0.800688  -0.22368   0.20217  0.301313  0.440857 0.0919961 -0.230472  0.650621   0.19218  0.816651
point 10 72  387.78 173.446 -0.755624  -0.37795  0.744694  0.201814 -0.836996  0.631799  0.490599 -0.206869  -0.22049 -0.183193
point 11 80 562.781 226.211 0.0510072  0.457513  0.977926  0.868616 -0.774047 -0.933565 -0.881485  0.825526   0.77768 -0.906542
point 12 90 586.439 179.468  -0.742842  -0.964776  -0.745756   0.447927  0.0444988 0.00201983  -0.485233  -0.561021  0.0937847   0.801722
point 13 114 530.948 166.382  0.525528 -0.893326   1.01294 -0.570976  0.197322  0.020557 -0.282581  0.386422 0.0588674  0.281171
point 14 116 28.596 218.87  0.853031  0.602305  0.333695  -0.40051  0.601896 -0.155123 -0.321722  0.548968  0.384605  0.764321
point 15 129 436.061   156.7  -0.488818   0.772416   0.960968  -0.735504   0.178723  -0.624635   0.914776  -0.131531  -0.988896 -0.0842761
point 16 137 53.2139 208.045  0.0751363  -0.611826  -0.824665  -0.173152   0.777845   0.651058  -0.734705   0.228978 -0.0126876   0.521384
point 17 146 325.134 124.567   1.03635 -0.517067 -0.713766  0.174673 -0.658067 -0.112702  0.986439 -0.529525 0.0501145 -0.709508
point 18 182 98.5401  232.09 -0.916295 -0.978446 -0.818715   0.91486  -0.78364 0.0688042 -0.618789  -0.46571  0.374787  0.433174
point 19 195  392.28 166.357   0.390958 -0.0178268  -0.265945  0.0343981   0.608365  -0.258529   0.275645   0.625292  -0.446335  -0.178112
point 20 197 432.457  189.67 -0.820297  0.608568 0.0749679 -0.235601  0.752126 -0.527031  0.767631 -0.479523  0.462295  0.381894
point 21 234 245.246 147.937  0.134745 -0.181727    0.6839 -0.281923  0.780842 -0.418035  0.308929  0.165935  0.190583  0.458691
point 22 242 230.381 110.786 -0.825763 0.0556383  0.207529  0.418196 -0.414235  0.634788  0.831194  -0.76776  0.429908  0.659757
point 23 246 61.6022 217.922   0.589093  -0.172119 -0.0642371 -0.0430557   0.279394   -1.00774  0.0500191   -0.16278   0.623946   0.205016
point 24 256 40.3933 216.954  -0.714174  -0.752815 -0.0284649   0.761348   0.572846  -0.850306  -0.500826  -0.687171   0.729913  -0.126208
point 25 277 220.255 81.0432 -0.560217 -0.833725  0.309648 -0.864995  -0.91916  0.227618  0.132094  0.503024  0.396362 -0.849051
point 26 292 338.565 218.256  -0.244672   0.171159  -0.250694   0.699197  -0.300942   0.109751   0.548487 -0.0141924   0.594853   0.901701
point 27 299 105.607 191.718  -0.662401 -0.0748276   0.400065   0.960774  -0.371352 -0.0576363  -0.200018  -0.476546   0.692178   0.975866
point 28 306 439.732 184.895   0.513516   0.171109   0.484018  -0.144072   0.279161 -0.0135106    0.28126   0.924923   0.652275   0.311877
point 29 308 471.958 201.183   -0.527605    0.997706 -0.00952863  0.00762505   -0.783646   -0.469264   -0.812248    0.798686    0.396434    0.451224
point 30 309 400.748 191.561 -0.532778  0.964663 -0.986726  0.816081  -0.22941  0.155572  0.740254  0.544971 -0.241027  0.380095
point 31 323 207.896 202.601 -0.701965  0.657451  0.314291  0.791022  0.255744 -0.523362 -0.900856 -0.730301 -0.477699 -0.989238
point 32 326 265.612  174.52  0.408461 -0.488688  0.565273  0.225413 -0.967221 -0.320449 -0.439248 -0.632664  0.241829  -0.75334
point 33 334 405.233  164.06 -0.311002 -0.380277  0.931116 -0.731921  0.214189 -0.360844  0.148303 -0.896282  0.988587 -0.100229
point 34 336 12.1387 233.069  -0.552661 -0.0357968   0.813066   0.272486  -0.745173  -0.506886   0.898462  -0.810106  -0.253906   0.130837
point 35 350 449.129 136.537 -0.731763 -0.888331  0.944545  0.223456  0.426777  0.819794 -0.728872  0.702972  0.113837  0.568949
point 36 358 574.527   159.9  0.697991 -0.226734 -0.124153   1.01257  0.228146 -0.808531  0.356134   0.45172 -0.944531  0.782955
point 37 359 205.462 39.1601 -0.0986997  -0.228933    0.62593  -0.589799   0.679074  0.0125767   0.273664   0.220471  -0.548127  -0.228487
point 38 369 394.664 232.496  0.366609  -0.41338 -0.910515 -0.505358 -0.358237 -0.584158 -0.372447 -0.515747 0.0159632  0.142655
point 39 382 131.578 171.199 -0.729238  0.904666  0.964502 -0.918522  0.148872  0.551473  0.520183 -0.177468  0.296315 -0.140832
point 40 389 587.755 180.012  0.419685  0.787041 -0.368549 -0.443297  0.313868 -0.636307 -0.215449 -0.141044  -0.68869 0.0740971
point 41 400 553.718 220.677  -0.913705  -0.123447     1.0191 -0.0246245   0.782075  -0.829135  -0.221862  -0.895786   0.617309  -0.139177
point 42 409 362.269 202.197 -0.462199  0.861776  0.303742  0.757897  0.139684  0.566849  0.660128  0.149093  0.219805  0.857928
point 43 422 325.608 206.952  0.0188998   0.577587   0.537959   0.354088     1.0082    1.00147 -0.0292393  -0.893943    0.43814     0.7967
point 44 429 59.9406 188.263  0.433264  0.430373 -0.624436 -0.454254  0.587087 -0.943781  -0.58911 -0.152129 -0.310684  0.306088
point 45 470 202.963 236.118  0.420254 -0.104406 -0.592046  0.931309 -0.280094  0.891185 -0.427658  0.146649  0.428426   0.75317
point 46 472 449.721 60.2473  -0.916355 -0.0621354   0.630092  -0.206439   0.953159  0.0530924   0.709058  -0.737818 -0.0349099  -0.589046
point 47 475 183.768 205.538  -0.938906   0.102466  0.0515118   0.624022  -0.318727  -0.371696 -0.0927736  0.0220285  -0.753011  -0.278174
point 48 484 53.1716 170.273   0.83531  0.669553   1.00693 -0.805488 -0.649386  0.496507  0.649849   0.62236  -0.32193 -0.744839
point 49 492 197.97 109.55  0.448242  0.530095 -0.693249 -0.422289 -0.501638  0.726948 -0.499967  0.845519 -0.791359  -0.61007
point 50 497 348.442 205.646   0.535388  -0.432233   0.662531  -0.258134  -0.591401  -0.162132  -0.555804   0.251992  -0.718328 -0.0234995
point 51 501  558.55 166.348  0.498022 -0.270606 -0.140581 -0.194845  0.337766 -0.325791  0.425652 -0.331223 0.0157284 -0.471207
point 52 508 141.728 112.517  0.627216  0.560503 -0.243474 -0.143729 -0.764204   0.84949 -0.872008  0.170972 -0.751378 -0.742311
point 53 523 572.357 170.784   0.479197   0.552596   0.485099 0.00425893   0.967676   0.642983   0.697741   0.534006  -0.154221  -0.515218
point 54 529 241.187 102.101   0.477628  -0.369641  0.0357961   -0.29559   0.623285 -0.0987585   -0.90414   0.754436  -0.125309  -0.421661
point 55 545 547.018 189.261   0.878024   0.520583  -0.871527  -0.218717  -0.732133  -0.168624 -0.0316401   0.880587  -0.487627  -0.681888
point 56 553   595.5 189.469   0.217601 -0.0560562   0.836568   0.214355   0.628885  0.0840035     0.4953    1.00524  -0.968458  -0.237158
point 57 559 541.014  189.04 -0.512647  0.958015  0.957202 -0.651232 -0.141288  0.725664  0.524902 -0.626395 -0.579863  0.812427
point 58 560 162.548 190.383   1.00244  0.502957  0.577409  0.748093  0.284168  0.424655 -0.709956 0.0565717 -0.494664  0.375862
point 59 565 150.232 238.422 -0.872172  0.953282  0.450935  0.233793 -0.577706 -0.633858   0.79824  0.837385 0.0596452  0.562544
point 60 566 123.696 237.377  0.532238     0.653 -0.184275 -0.295696  0.129216   0.16215  0.577749 -0.600966  0.677264 -0.511933
point 61 568 215.558 42.5546 -0.996264 -0.651038   0.99482 -0.611272  0.386853  0.500725 -0.990169 -0.856156 -0.721226  0.134252
point 62 597 224.818 137.386 -0.694589  0.718881  0.827739 -0.100976 -0.285921  0.533243  0.858952  0.883215  0.401736 -0.319635
point 63 600 545.945 193.674  0.953156  0.392364  0.689017  0.595253  0.990454 -0.498342  0.183194  0.430556 -0.375087 -0.800059
point 64 620 23.7119 133.569  0.609511 -0.259373  0.841346  0.772132 -0.323971 -0.368118 -0.775769  0.401666 0.0399219  0.469646
point 65 638 169.088 201.552  -0.305189  -0.883285   0.535926  -0.816406   0.266668   0.390964 -0.0803633  -0.390571   0.417531   0.882188
point 66 642 371.806 166.621  0.823312 -0.118323  0.301466  0.661255  0.603278 -0.721814  0.449029  0.533518  0.704801 -0.452518
point 67 648 509.232 216.325   0.138465   0.421804  -0.695112  -0.911138  -0.797348 -0.0876264   0.673549   -0.94037  -0.335032  0.0163983
point 68 651 131.137 131.837  0.838327  0.540227  -0.54048  0.215007 -0.544736 -0.965644 -0.929615  0.336078 -0.217111 -0.472966
point 69 665 126.094 207.536  0.542588  -0.90129  0.930093  0.310352 -0.124372  0.937182   0.71941 -0.221349 -0.191532 -0.465456
point 70 679 511.623 203.145  0.991889 -0.258151  0.158318  0.698103  0.911486 -0.442111 -0.304898 -0.373327  0.837388  0.913085
point 71 695 19.5461 96.1813   0.733048  -0.246424    0.31522  -0.388616   0.447349 -0.0181541   0.894099  0.0349959   0.557867   0.858965
point 72 710 637.147 122.049 -0.0352578  -0.482648  -0.587197   0.356968   -0.43839   0.326933  -0.703078  -0.127398  -0.241873 -0.0216056
point 73 715 588.166 238.459  -0.805278   0.618885  0.0652561  -0.665921   0.265075   0.983501   0.412671  -0.819534 -0.0960301   0.104602
point 74 720 491.995 113.102  0.385632 -0.571534  0.415873    0.3841 -0.777313 -0.979002 -0.604906 -0.870129  0.477386 -0.788931
point 75 722  202.16 151.498  0.518407 -0.572012 -0.296514 -0.753106 -0.876828 -0.896703 -0.342389  0.598166  0.413573 -0.111169
point 76 724 225.319 182.757 -0.919718   0.91349 -0.134127 -0.481025  0.886357 -0.624087 -0.115244 -0.373006 -0.363492 0.0363217
point 77 745 82.3159 173.986  0.920889 -0.455856  0.142144 -0.708378  0.258833  -0.75861 -0.215194  0.183055  0.598415 -0.513277
point 78 748 486.037 212.593 -0.991178  0.102085 -0.450078 -0.890068  -0.50607  0.197024  -0.18391   1.00464  0.709924 -0.364548
point 79 751 277.989 219.448   -0.37215   0.082876  -0.429555   0.882784  -0.583961 -0.0508016  0.0990545   -0.90573   0.250487  -0.391281
point 80 755 384.235 236.748   0.165365   0.172749 -0.0310143    0.82948   0.480527  -0.508931   0.246034  -0.320474  -0.466729   0.598413
point 81 760 410.916 185.011  0.807537   0.17593 -0.401034 -0.686431 -0.519144  0.379543 -0.704694 -0.708519  0.859107 -0.275118
point 82 763 85.9646 152.825  0.120865 0.0970781 -0.792335 -0.249067 -0.633589  0.926134 -0.154876  0.543973  0.381338  0.125659
point 83 767 438.125  237.93 -0.0816256  0.0828675  -0.164952  -0.752183   0.362249 -0.0680605   0.094993 -0.0740464   0.330953   0.709773
point 84 769 515.651 137.974 -0.925565  0.665686 -0.575273 -0.246716 -0.261497  0.341498  0.751978  0.563871  0.679611  0.147174
point 85 770 575.811 139.881  0.756453 -0.548543  0.744103 -0.415464 0.0486918 -0.269911  0.403808 -0.819606 -0.909383  0.750957
point 86 774 374.011 221.232  0.336206 -0.106899 -0.111429  0.610336 -0.187165 -0.313744 0.0977772  0.188507   0.14589 -0.291312
point 87 783 408.949 216.427   1.01849 -0.389498  0.539492  0.888478  0.868609 -0.589629 -0.983596 -0.388458  0.212878  0.152041
point 88 795 627.665  190.54 -0.270479  0.889048 -0.285262 -0.541509  0.778453  0.082614 -0.528126  0.130835  0.836254 -0.179103
point 89 801 90.5385 198.128   0.459369  -0.306982   0.408682    0.53885  -0.373447   0.618677  -0.453932   0.691164  -0.208216 -0.0118627
point 90 819 198.484 162.091  -0.532442   0.435287  -0.709369   0.723959   0.920554 -0.0133709   0.306188    0.75029  -0.421695  -0.045661
point 91 834 599.969 220.852 -0.551897  0.617548 -0.877689  0.951344  0.362903  0.762916  0.921183   0.97958  0.399736  0.655184
point 92 836 496.067  208.96  -0.765923  -0.670958   -0.17974 -0.0271138   0.556922   0.272476  -0.347063   0.635939   0.214264   -1.02493
point 93 844 533.499 223.219   0.504693  -0.792394  -0.324349    0.72429  -0.109645   -0.79212 -0.0711043  -0.813938  -0.873227   0.871479
point 94 852 436.683 175.934  -0.374279  -0.245166   0.950049   0.249407 -0.0287237   -0.56024   0.137487   0.909558   0.718616   0.627388
point 95 855 92.6499 161.544 0.0544146   0.91927 0.0976872 -0.112463 -0.875515  0.713613 -0.199346 -0.459122 -0.268595  0.865351
point 96 861 359.946 149.809   0.130038   0.688262   0.773993  -0.123291  -0.476059   0.238485  0.0680478   0.158638 -0.0908463  -0.510598
point 97 862 344.604 52.9811 -0.845386 -0.297008 -0.692895 -0.233479  0.600465 -0.537722  -0.13886  0.329112  -1.00022 0.0283925
point 98 863 598.636 79.3719   -0.293031     0.33567  -0.0981378     0.41226 -0.00752562      1.0387   0.0381444   -0.224091    -0.11634     0.60919
point 99 871 535.652 206.839   0.297868   -0.79438  -0.681811   0.151428  0.0910452    0.71902 -0.0652656   0.382775  -0.808456   0.858225
point 100 884 294.835 226.595  0.468129 -0.121163 -0.424125 -0.715525 -0.781539 0.0500347 -0.738991 -0.381476 -0.351067  0.740967
point 101 887 277.686 219.999  0.593837 -0.757635 -0.779524 -0.633001 -0.796276 -0.930981 -0.301866  0.097046 0.0876952 -0.784572
point 102 888 501.629 85.8087   -0.647609    0.738862    0.420811    0.511653    0.368503   -0.937486    0.704967    0.895966    0.179293 -0.00251739
point 103 894 482.62 173.52  -0.272241  -0.582378 -0.0477982    0.70355  -0.600481  -0.720629   0.836463   -0.35495  -0.985087  -0.840924
point 104 915 441.619 219.784   0.163377   0.673411   0.140238 -0.0895034  -0.699026   0.299889    1.00986  -0.494779  -0.169449  -0.372602
point 105 925 218.937 173.094  0.788784  0.643871 -0.530186 -0.640187 -0.080457   -0.2412  0.394892 -0.389377  0.456946 -0.266891
point 106 931 136.397   160.6  0.699596  0.806096  0.407863 -0.144722  0.303985  0.533305  0.587376 -0.909893 -0.212026 -0.236412
point 107 941 303.275  217.46  -0.111055  -0.161744  -0.777754  -0.939443   0.443029  -0.212209  -0.658926 -0.0108156  -0.341724   0.463753
point 108 952 543.189 193.253  0.793255 0.0302806  -0.49338 -0.212301  0.679556 -0.260462  0.432477  -0.77301 -0.392725  0.775371
point 109 961 121.582 138.399   -0.36049  -0.460787    1.00429   0.595546   0.502471   0.653616  0.0347354 -0.0593822  -0.792111   -0.17445
point 110 962 562.106  111.11  -0.179722  -0.252283   0.848213  -0.754721  -0.826039 -0.0441715  -0.473196  -0.527171 -0.0322411  -0.147496
point 111 965 288.545  32.219   0.887522   0.625937   0.538063 -0.0782385  0.0343009  -0.527433    0.14361   0.585713   0.899676   0.186929
point 112 970 560.534 199.676 -0.566648  0.277261 -0.294969  0.893139  0.470239   0.78075 -0.510653   -0.5037   -0.3216 -0.549247
point 113 973 583.243 153.705  0.123706  0.142426  0.586046    -0.895 -0.421586  0.303483 0.0612749  0.820747  0.536607  0.140126
point 114 977 245.384 178.014   -0.446516 -0.00556692     0.65429   -0.731665   -0.697665    0.829746    0.746754    0.998749   -0.184422    0.483489

