seq: 181
gt_pose:  -1.53641   3.06607 -0.242745
odom_pose:  -1.51691   2.16091 -0.135626
point 0 5 576.135 184.902  0.0588099   0.343791   0.108568  -0.932494 -0.0834412   0.886017   0.907974   0.449949  -0.396728   0.430437
point 1 7 267.492 153.732   -0.155743    0.834801   -0.189791    0.626661    0.407662    0.772794 -0.00771293   -0.555999    0.917235    0.877158
point 2 14 469.069 204.487 -0.777344 0.0619912  0.490584 -0.373503  0.940164  0.162917  0.804654   0.47809  0.216251 -0.976736
point 3 17 381.314 170.892    -0.4049   0.134384   0.449303  -0.743068 -0.0759175   0.187129   0.891354  -0.120695  -0.367204   0.682771
point 4 21 256.309 189.938  0.532373  -0.44801 -0.316453 -0.576324  0.991085 -0.979355  0.699807 -0.337378 -0.647758 -0.115251
point 5 23 608.657 165.932   0.805851   0.797174 -0.0415819   0.164961  -0.657364  -0.484341   0.700694 0.00134688 -0.0723676   0.677852
point 6 31  371.69 193.808  -0.372458   0.762771 -0.0746929  -0.680622   0.185154  0.0547478   0.269637   0.210805  -0.501964   0.701497
point 7 36 283.785  236.34 -0.242767  -0.31413  0.404846  0.633871  0.311361 -0.654778 -0.940649 -0.922118  0.360578 -0.605361
point 8 37 221.139 225.532 -0.985234 -0.962882 -0.370901 -0.452214  0.298997  0.700855 -0.595195 -0.307494  0.286975   0.75081
point 9 39 93.9663 67.0162  -0.493998   0.874416   0.131001   0.828742 -0.0601843   0.148948   0.893414    0.63208   0.640501   0.184874
point 10 44 321.744  193.49  -0.535755   0.278524   0.854466   0.517658 -0.0761798  -0.109699   0.732424   0.947006   0.911759   0.768558
point 11 48 611.857 163.052    -0.30123     -1.0054     0.89347    0.182563    0.492471     0.75874    0.881999   -0.610289  -0.0598936 -0.00681164
point 12 53 232.349 210.516   0.76506  0.327331 -0.328023 -0.935176  0.579212  0.596674  0.355725  0.374809  0.781177 -0.353598
point 13 68 331.283 239.008   0.11447  0.391153 -0.952487  0.526177  0.238666 -0.685322 -0.734653   -0.5877  0.583178  0.729964
point 14 77 209.255 232.251  0.123169 -0.998868 -0.494777 -0.579765  0.405895 -0.142852 -0.555959  0.290781 -0.599155 -0.335887
point 15 78 588.331 197.665 -0.946712 -0.812453  0.668082  0.749392  0.986683 0.0877039  -0.40006 -0.618033 -0.275358 -0.167836
point 16 89   213.2 234.115   0.56868 -0.633694 -0.397992 -0.301191  0.253092 -0.595088 -0.495492 -0.946106 -0.712362 -0.168862
point 17 106 177.353 235.669  -0.213223   0.981266   0.101762  -0.107587   0.424832   0.163941  -0.150214  -0.961104   0.536903 -0.0640439
point 18 109 523.304   220.8  -0.450173   0.927537  -0.832413  -0.390153   0.481201 -0.0940848   0.741788   0.573403  0.0462234   0.247255
point 19 110 381.841 176.646  0.820892  0.920699 -0.569167  -0.34999  0.027798 -0.744471  -0.61289  0.605064  0.745297  0.248367
point 20 113 320.211 212.743 -0.0633375  -0.599162   0.562333  -0.940573   0.557281  -0.333956  -0.899107    0.65856  -0.313229 -0.0451845
point 21 116 542.499 232.683   0.903985   0.538014   0.366806  -0.493004   0.611929 -0.0881667  -0.381843   0.567246   0.385922   0.855046
point 22 123 544.431 126.736  0.182305 -0.866402 -0.272743  0.369777  0.823657  0.655175  0.274538 -0.244185  0.403808 -0.605254
point 23 132 340.581 198.917    0.18594  -0.978087  -0.904321 -0.0972245  -0.782001   0.863045  -0.772525   0.288519   0.822025   0.649023
point 24 148 318.492 153.232  -0.157121  -0.236114  -0.232254   0.529719 -0.0415113  -0.160031   -1.02399   0.287667    0.91844  -0.601829
point 25 156 356.223 176.793  0.311776  0.514591 -0.654076   0.31964 -0.808531  0.922263   0.11178 -0.722467 -0.942205  -0.14788
point 26 157 145.884 237.607 -0.0317533   0.128858   0.593857   0.513753  -0.713528   -1.00486    0.23209   0.625507  -0.707207   0.497176
point 27 158  260.49 172.003   0.52388  0.450363  0.295409 -0.369112 -0.158739 -0.447393 -0.724392   0.15355   1.01648 -0.619313
point 28 159 384.503 202.575  0.168283 -0.951957  -0.90051  -0.10903 0.0795108 0.0857361  0.933965  -0.36466 -0.372216 -0.762278
point 29 165 427.813 184.939  0.429715 -0.738896  0.475237  0.558129 -0.703746  0.656248  -0.66016  0.869298  0.370569 0.0200309
point 30 169  351.51 204.887  -0.58526  0.451672  0.725134 -0.239516 -0.106496  0.495062  0.363707   0.44567 -0.675818 -0.503567
point 31 175 513.877 31.3605 -0.367088   0.58438  0.283063 -0.625808  0.737155  0.713354  0.906091  0.967745  0.572656  0.100194
point 32 176 393.369 195.794 -0.763099  0.837117 -0.172101 -0.068565  0.387255 -0.416755 -0.867822  0.282776  0.734116  0.100711
point 33 179 373.929 217.271 0.0140872  -0.86458 0.0957633  0.759159  0.746936  0.408341 -0.325056 -0.780565 -0.243461  0.771527
point 34 180 10.7831  151.11 -0.158497 -0.496282 -0.735976 -0.751568  0.162211 -0.974134 -0.129537 -0.170375 -0.162936 -0.199748
point 35 184 519.536 212.908  -0.24224  0.517469 -0.395837 0.0470829 -0.557049 -0.328087 0.0931109 -0.338048  -0.37345  0.326068
point 36 191 38.8782 215.517  -0.918282  -0.862345  -0.887902   0.772952 -0.0246764   -0.95015   -0.27989 -0.0164801  -0.835174   0.647723
point 37 200  549.11 152.718  -0.457959  -0.732075   0.677114   0.338999    0.23301   0.572442   -0.10503     0.9386    1.03579 -0.0708107
point 38 240 322.056 158.685 -0.492494 -0.614351  0.607565   0.79304  0.761021  0.707697 -0.534787 -0.713354  -1.02122   0.61864
point 39 296 434.996 174.845   0.0264067   -0.595529   -0.357839    0.286049   -0.225323    0.555308   -0.640979     1.00775 -0.00418335   -0.313926
point 40 301 472.567 211.735  0.147731  -0.49688  -1.00843  0.430453  -0.99903 -0.634779 -0.641566  0.475793 -0.701866 0.0225514
point 41 303 436.147 180.005   0.104676  -0.790664  -0.577298  -0.929808  -0.140878   0.555717  -0.394601 -0.0977192  -0.052983  -0.428345
point 42 304 239.556 148.129  0.515885  -0.60565 -0.408773 -0.420539  0.980483 -0.191982  0.663713  0.499754 -0.532183 -0.448432
point 43 310 121.166 170.278  0.638369  0.162976 -0.620428 -0.830799  0.684975 -0.176042 -0.886033 -0.300763  0.765128 -0.668292
point 44 315 275.572 219.787 -0.795244 -0.386414  -0.92361  0.110185 -0.339277  0.194774 -0.590794  0.806713 -0.760977  0.903888
point 45 320  137.02 229.078  -0.093494   0.675278   0.988696 -0.0476354    0.61521   0.203342  0.0259271  0.0423727   0.146566     0.2922
point 46 364 571.674  204.21 0.0718837  0.739482  0.697077 -0.572017  0.903951 -0.494379 -0.534098 -0.875783  0.104177 -0.059034
point 47 367 365.712 153.132  -0.675069   -0.89519   0.874148  -0.458196  -0.524466   0.640779  -0.384814 -0.0706669  -0.538132  -0.821931
point 48 382 586.438 205.586 -0.690235  0.852045  0.990558 -0.963432  0.145935  0.562146  0.513227 -0.208859  0.250179 -0.196392
point 49 386 16.2685 219.002 -0.0901101  -0.222299   0.279816   0.472601      1.009 -0.0958821  -0.452319  -0.650624  0.0498674  0.0138212
point 50 387 485.485 124.293  0.707856 -0.673181  0.558899  0.994281 -0.788516 -0.165976 0.0885477 -0.981337  0.673315  0.693592
point 51 398  438.47 229.151  -0.84397  0.897647 -0.703057  0.385516 -0.940138  0.611418  0.711217  0.932046  0.282897 -0.732812
point 52 425 526.982 239.944  -0.46888 -0.380632   0.32593 -0.477169 -0.582116 -0.629573 -0.159127 -0.903258   0.87221  0.845564
point 53 440 15.0141 144.828 -0.833067 -0.894499 0.0776571  0.925195 -0.516898  0.418939  0.705128 -0.173537  0.422081 -0.581019
point 54 449 156.868 173.104 -0.0288663  -0.424294   0.852634  -0.521372 -0.0933681  -0.527257   0.494731 -0.0586239  -0.311694   -0.22056
point 55 454 278.609   151.9 -0.908439   1.00587  0.686993 -0.455565  0.609569  0.703869  0.751933  -0.58923  0.385626  0.347561
point 56 458 55.1549 180.062 -0.742778  0.247538 -0.800101  0.327592  0.559667  0.376557  0.791487  0.126871  0.942332 -0.586532
point 57 469 424.076 185.883 -0.138909 -0.875723  0.953997  0.994166 -0.130156 -0.429447 -0.789005  0.787544   0.23755 -0.922454
point 58 475 622.011 223.991   -1.03376  0.0759777 0.00983161   0.616289  -0.292048  -0.351612  -0.139811  0.0109807  -0.757142  -0.317989
point 59 491 442.579 164.947 -0.843864  0.781404 -0.356202  0.573137 -0.496969 -0.128905  0.558191 -0.337334  -0.26125   0.71175
point 60 495 324.319 83.7024   0.237965   0.677667  -0.112695   0.415636  -0.481985  -0.609186   0.942253   -0.64679 -0.0717058   0.160993
point 61 506 321.602 180.605  0.0349421    0.30715 -0.0525508  -0.594684  -0.952586  -0.683961   -0.65118  -0.588686   0.774999   0.571327
point 62 508  593.47 175.683   0.650324   0.564138  -0.251776 -0.0918485  -0.747237   0.836031  -0.825377   0.182039   -0.74251  -0.824877
point 63 517 89.5662 183.843  -0.373803 0.00809119  -0.815276   -0.53682   0.320711  0.0849623  -0.100578  -0.813219   0.651371  -0.450756
point 64 519 413.934 162.442  0.353815  0.426123  0.542641  0.155927  0.736702  -0.80042 -0.882898  0.905872 -0.347447  0.458017
point 65 560 608.823 205.424  0.981794  0.427051  0.560912  0.814227  0.327124  0.400904 -0.775697 0.0400077 -0.466726  0.368886
point 66 568 622.071 201.041 -0.975833 -0.673227  0.975825 -0.697786  0.375185  0.552604   -1.0116 -0.825659 -0.703543  0.103733
point 67 573 400.581 186.559   0.86048 -0.286709  0.250691 -0.463322 -0.277222 0.0294048 -0.697018  -1.03499 -0.261595  0.619411
point 68 578 278.471 172.551 -0.0181295  -0.208855  -0.268052   0.273103  -0.751544   0.508967  0.0394775   -0.94691 -0.0453817    0.16764
point 69 591 314.155 188.098    1.03693  -0.659546   0.639237  0.0926871    -0.4561  -0.219914   0.904092   0.208402 0.00984965  -0.492429
point 70 596 331.575 20.9126  0.0572707  -0.477625     0.5006  0.0851317 -0.0877979  -0.423848   0.654242  0.0588815   0.589411   0.880098
point 71 599 197.371 139.495  -0.372927    0.30682   0.740241   0.159595    0.09651   0.967114  -0.179576  -0.138087 -0.0809408   0.493584
point 72 603 228.935 184.156   1.00297  0.624433  0.705881  0.244588 -0.828447  0.428996 -0.892271  0.783684 -0.590729  0.683998
point 73 617 493.343   108.8 0.0229497 -0.799424  0.244828  0.126708 -0.516318 -0.946765 -0.169383  0.259978 -0.789533 -0.630973
point 74 627 173.626 165.218 0.0441028  0.924479 -0.639311 -0.569564 -0.819894  0.321741 -0.809917 0.0248385  0.272604  0.611348
point 75 628 108.526 213.173 -0.686292 -0.109453   0.14478 -0.324885 -0.238299  0.882282  0.626676  -0.39593  0.538079  0.875176
point 76 638 616.313 209.807  -0.306049  -0.894747    0.59928  -0.806577   0.239286    0.34234 -0.0572958  -0.394547   0.450935   0.875475
point 77 644 518.971 48.5023  -0.478656  -0.102302  -0.584372 -0.0332227  -0.138364  -0.776167   0.834964  -0.920928   0.918056   0.456975
point 78 651 582.676 176.851  0.904802  0.563433 -0.508589   0.20622 -0.561796 -0.902939 -0.868888   0.33039  -0.25702 -0.421987
point 79 655 320.827 223.668 -0.155008  0.691283  0.496093 -0.574653 -0.535703 -0.453051 -0.995726 -0.658535 -0.814332  0.841072
point 80 658 310.693 223.336  0.359883 0.0927841 -0.130578 -0.301005   0.21737   1.03958  0.581606  0.594453 -0.807936  0.490657
point 81 661  500.77 156.535  0.257195 -0.561551  0.416546  0.442429 0.0848921  0.170242 -0.882667 -0.703105   0.27578  0.378596
point 82 667 386.959 194.937 -0.936221 -0.644392 -0.228175 -0.587175  0.776628 -0.728142 -0.454262  0.762492  0.535744  0.438093
point 83 675 32.1484 181.691 -0.109796  0.847409  0.732079  0.196578 -0.163724 -0.753515 -0.129378   0.80877 0.0154274   -0.5288
point 84 678 8.31566 122.565 -0.798023 -0.875088 -0.421247 -0.358326 0.0459486 -0.979923 -0.880147 -0.132985  0.240707 -0.299879
point 85 695 567.214 211.319   0.747179  -0.190608   0.395964  -0.455947    0.42894 -0.0146359   0.950936 0.00409953   0.531122    0.77363
point 86 704 107.272 195.564 -0.335772  0.167675  0.412313 -0.180809 -0.515822  0.789781  0.586458 -0.901169 -0.496458  0.668728
point 87 752 483.532 144.101  0.836288  0.763407 -0.537964 -0.168789  -0.20205 0.0411159  0.288343 -0.603858  -0.65372 -0.483963
point 88 776 590.997 116.214   0.92864 -0.139744 -0.200729   -0.5252  0.676155 -0.870258  0.363937 -0.446292  0.801436  -0.74215
point 89 777 427.683 205.729  -0.626465   0.641555  -0.266195  -0.491644   0.637989  -0.286517   -0.31991    0.58271 -0.0656364   0.125698
point 90 794 526.686 204.165 -0.442777  0.479275 -0.277712  -0.63893 0.0527653  0.608003  0.479405 -0.466467  0.186466  0.459501
point 91 797 508.667  192.55 -0.761267 -0.658891  0.709759 0.0360464 -0.237568 -0.517759 -0.060474  0.539062 -0.133619 -0.355038
point 92 806 269.823 237.002    0.823695 0.000346702   -0.544334   0.0511285    -0.65143   -0.349464     0.35456   -0.404112   0.0466358  -0.0923146
point 93 819 636.067 197.357  -0.576878   0.402979  -0.751046   0.715857   0.976294 -0.0567692   0.241443   0.755015  -0.386639 -0.0417417
point 94 841 544.644 154.029  0.165548  0.959525 -0.899083  0.869337 -0.407273  0.123551 -0.260132 -0.179615  0.208513  0.448447
point 95 843 431.987 150.976  -0.394825  -0.168031 -0.0796201   0.436521   0.156038  -0.940751   0.386182   0.184562   0.996705    1.01863
point 96 867 380.176 221.435    1.01283   0.139489  0.0465556   0.551385  -0.408262 0.00659859  -0.787376  -0.437468   0.640538  -0.100933
point 97 868 132.948  204.12   0.713495  -0.433852  -0.909705  -0.010782  -0.704147  -0.426107   0.864761  -0.846859 -0.0589454   0.555295
point 98 876 593.171 37.3449   0.383085  -0.628002   0.878431  -0.193562 0.00138255   -1.02203   -0.98167   0.371424    0.85483   0.255189
point 99 878 296.423 232.678 -0.956811 0.0491621 -0.921591 0.0632657  0.015373   0.50092  0.398804 -0.168551  -0.71619 -0.620963
point 100 880  545.96 136.025 -0.646493  -0.48941 -0.314851  0.619672   0.54006 -0.278707 -0.339471  0.618331  0.857276  0.637647
point 101 881 367.824 161.341  0.311201  0.566669  0.390572   0.63362  0.405752 -0.815179  0.233087 -0.827378 -0.454906 -0.521721
point 102 883 534.493 186.421  -0.269467  -0.227234  -0.693271    1.01054    0.25983   0.616511   0.605285  -0.360793   0.236357 -0.0344303
point 103 905 275.737 171.635  -1.00216  0.161967  0.461208 -0.410577   0.62967  0.301081 -0.854591  0.649721  0.061732  0.133554
point 104 910 285.749 199.646   -0.89033   0.670608   0.435966 -0.0431427    0.65043   0.427103  0.0706306    0.57762   0.731866   0.386097
point 105 927 402.084 189.697 -0.0535217   0.839394   0.572278    0.34125  -0.919754   0.415767  0.0108266  -0.336137   0.689894   0.926676
point 106 929 385.623  160.01 -0.856565 -0.323213 -0.266213  0.245656   0.21944  0.705374 0.0870958 -0.176923   0.13471  0.246672
point 107 937 225.179  196.11 -0.444012 -0.581681 -0.486483 0.0371943  0.467281 -0.247544   0.12524 -0.231701 -0.249491   0.50179
point 108 942 510.019 218.659 -0.790816 -0.353883  0.637473 -0.461269  0.199265 -0.184764 -0.676431 -0.906076  0.997351  0.454289
point 109 967 382.851 83.8678  0.211091 -0.112762  0.456588  0.995196 0.0593087  0.297667   0.54669  -0.35388 -0.699679 -0.445016
point 110 968   219.3 126.963  0.0748881  -0.343418   0.060919 -0.0791022    0.90154   -0.23151  -0.689489 -0.0433084  -0.612391  -0.956052
point 111 972 43.5617 117.479    -0.66254   -0.563634    0.989197 -0.00912536   -0.946963    -0.51304   -0.772407   -0.288183   -0.657824     0.75102
point 112 979 335.041 148.975  0.026792  0.462547 -0.185947  0.433936   0.19245  0.322245 -0.547463 -0.126908  0.644036 -0.290068
point 113 989 334.122 238.122  -0.718955   0.278053   0.469848  -0.603742 -0.0619672  -0.551173  -0.133105   0.510995   0.493453  -0.493995
point 114 997  245.42 232.018   0.921709  -0.994083 -0.0221029   0.871603  -0.431932  0.0214074   0.670958  -0.839024  -0.262526   0.652351

