seq: 141
gt_pose:  -7.844 1.06066 1.90454
odom_pose:  -7.34268 -0.405227   2.14583
point 0 4 633.763 28.6576  -0.27855 -0.914514  -0.94372 -0.125815 -0.889984   -0.5437  0.902983  0.782542  0.710229 -0.420381
point 1 41 441.964 174.196  0.748763  0.306094 -0.127885  0.259506  0.234092  0.257664  0.113075 -0.699933  0.117577  -0.95485
point 2 67 509.374 214.251 -0.249612 -0.777458  0.614803 -0.210983   0.45508   0.90424  0.660148  0.617206  0.383527  0.318219
point 3 95 448.384 155.426  0.064059  -0.38881 -0.549121 -0.596394 -0.899678 -0.786908  0.500769  0.280613 -0.559524  0.360929
point 4 100 581.438 152.021  0.173615  0.571174 -0.145026  0.240843 -0.148186  0.803006 -0.416296  -0.88783 -0.709342  0.462717
point 5 124  422.5 209.91 -0.568291  0.654419  0.831447 -0.444594  -0.84273 -0.614063 -0.988421 -0.773104 -0.747105  0.816567
point 6 125 530.413 165.854 -0.158646  0.929272   -0.6517   0.71674  0.931485  0.494397  0.938148 -0.308773 -0.150075  0.757781
point 7 150 616.548 116.228  -0.922884  -0.542708   0.714037   0.273841  -0.647912  -0.390636  -0.917084   0.161106  -0.858311 -0.0647789
point 8 171 297.009 160.294 -0.0975019   0.743706 -0.0153831  -0.973602    0.12599   0.430614    0.50728  -0.193336  -0.889518  -0.568756
point 9 172  470.43 124.231  -0.340653   0.959154   0.411252   0.937292 -0.0652603  -0.481023  -0.384576  -0.755859   0.627145  -0.574017
point 10 178 330.897 201.903   0.681775  -0.431939   0.752407  -0.208503   0.883764    1.02782  -0.301686  -0.267802 -0.0902794  -0.962373
point 11 193  567.94 204.684   0.98295 -0.779984  0.961289  0.768367  0.528143 -0.872865  0.913827  0.581618  0.878061 -0.072273
point 12 210 457.707 105.916  -0.27215  0.630332 -0.473959  -0.71351 -0.808772 -0.393756 0.0377144 -0.671376  0.484565  0.780256
point 13 211 327.701 147.404   0.833567   0.629256  -0.200463   0.261615  -0.432238   0.615616  -0.484605   0.209505 -0.0924389  -0.452347
point 14 219   310.9 227.598  0.188993  0.055037 -0.303041  0.964879  0.135054  0.294559  0.245253  0.161252 -0.467737 -0.563448
point 15 228 368.905 154.842   0.415004  -0.910883  0.0275154 -0.0830205   -0.99395   0.953403  -0.586776   0.523901   0.554879  -0.645672
point 16 238 237.441 185.763 -0.845861 -0.320326 -0.553636 -0.742568  0.194898  0.682237  0.882236 -0.305978  0.274743  0.282528
point 17 254 421.963 206.288   0.16975 -0.214009 -0.183595  0.535435 -0.610479  0.353044 -0.472367  -0.95769 -0.731414 -0.460143
point 18 260  486.67 170.729   0.309153   0.671445  -0.271981   0.447094  -0.476026   0.617074  -0.082632 -0.0941463  -0.139779   0.220921
point 19 271 473.063 180.117   0.740351   0.468374    1.02068    0.70914  -0.678219   0.956273   0.454174   0.829394   0.780095 -0.0446226
point 20 274 298.418 232.414   0.87875 -0.679657 0.0614153  0.556746 -0.593121 -0.322978 -0.892055 -0.508048  0.503428  0.434742
point 21 281 628.135 212.488  -0.887714   0.368579  -0.244517 0.00108723   0.546805   0.312089   0.667456  -0.208303  -0.500898  -0.421695
point 22 283 509.441 226.079  0.337065  0.291457  0.687892 -0.171359  -0.84931  0.780989 -0.856466 -0.133481 -0.123117  0.741276
point 23 293 489.367 164.597 -0.980012  0.688941 -0.557951 -0.819046  -0.78824  0.715878  0.937257 -0.414706  0.714139  0.564797
point 24 328 509.558 122.707 -0.201029  0.404344  0.282656  0.284486  0.693803 -0.241684  0.709255  0.301021  0.919798  0.777549
point 25 332 613.788 200.516  -0.331197   -0.20491 -0.0745957   0.289255   0.741261   0.867764   0.742668 0.00358662  -0.768559  -0.551368
point 26 338 501.142 215.282 -0.447227  0.459838 -0.231345 -0.370013 -0.696139  0.196211  0.680985 -0.901274 -0.476252  0.984759
point 27 344  603.55 231.035  -0.482842  -0.232861   0.095252  -0.732044   0.872557   0.809359   -0.39682  -0.330277   0.662773 -0.0899335
point 28 380 516.628 220.522  0.563334  0.491518  0.649695  0.734555  0.299655 0.0312482 -0.709004 -0.322772 -0.578705 0.0820024
point 29 399 636.159 222.885  0.902904  0.139996  0.354116 -0.139854 -0.212251  0.112535  0.511682 -0.654021 -0.633517 0.0594108
point 30 424 392.514 191.915  -0.109833  -0.876737   0.537219   0.404074   0.534791  -0.522744   -0.08871  0.0775307   0.834209 -0.0845525
point 31 473 373.588 189.339    0.60296   0.312333  -0.705976   0.688818   0.793897   0.135709  -0.689701   0.601362 -0.0648385  -0.242544
point 32 480 550.489 218.594  0.252073  -0.91615 -0.860916 -0.180512  0.456117  0.271227 0.0388077 -0.117675  0.122062  0.695117
point 33 489 307.431 201.245 -0.864749  0.961674 -0.781548  0.917102 -0.855521 -0.604368   0.83698 -0.513912 -0.606997 -0.120907
point 34 504 515.461 189.385  0.420209  0.899733 -0.629837  0.351574  0.223085  0.694539 -0.355525 -0.787136  0.112471 -0.485907
point 35 513 513.629 225.051  -0.366863  -0.607897   0.617566 -0.0864045  -0.629727  -0.671861    0.48302   0.949924   0.632185  -0.373079
point 36 534 604.981 201.587  0.238164   0.40976  -0.29526 -0.921673 -0.124263 -0.126256  0.447174 -0.309783 -0.305359  0.171892
point 37 554 325.551 164.714 -0.871866  0.954377 -0.592622  0.141554  0.727819 -0.780099   0.93152  0.602348  0.168908   0.31507
point 38 601 200.133 169.949  0.673087 -0.129692  0.599277 0.0819727  0.491512 -0.803817 -0.715425   0.17984  0.369717  0.394565
point 39 625 368.796 141.961 -0.00115298    0.761444   -0.155215     0.99107    0.465077   -0.645366   -0.616602   0.0694347  -0.0662423    0.133534
point 40 636 360.781 228.913   0.778353   -0.25812   0.348988  -0.933357 -0.0467484  -0.362648     0.1085 -0.0144357 -0.0299938   0.245883
point 41 643 261.314 162.498 -0.0982668   -1.01721   0.403037  -0.316925   0.363485   -0.02407  -0.756729  -0.931672   0.146806  -0.264805
point 42 649 477.151 218.579   0.574098  -0.141142 -0.0499875  -0.344714  -0.564925  -0.155384   0.216713  -0.586372  -0.997205  -0.342533
point 43 653 419.051 211.699    0.131871    0.677641    0.935086    0.552555    0.843559    0.750798    0.146314   -0.773986 -0.00790488    0.574497
point 44 656 268.545 95.6765   0.135468 -0.0808577  -0.600888  -0.793238   0.955956   0.484486   0.856156   0.151158  -0.389817  -0.418287
point 45 663 548.239 226.381   0.985238   -0.58435   0.955015 -0.0987074   -0.28533   0.180839   0.333255  -0.843747  -0.357967  -0.531245
point 46 670 389.472  76.757   0.756075  -0.296337  -0.951504  0.0532415 -0.0770769  -0.522737 -0.0970533  0.0710146  0.0579616   0.335388
point 47 677 511.186  225.05   0.363972 -0.0297391  -0.329733    0.29246   0.165134   0.561725   0.145223  -0.102594  -0.242511   0.966178
point 48 682 297.387 221.864   0.899723    0.38023 -0.0337857  -0.090004  -0.725688   0.962174   0.938272  -0.763925  -0.364759  -0.277364
point 49 690 343.034 183.758   0.287119   0.916865    0.18615   0.442569 -0.0821117  -0.727657  -0.857723  -0.375655   0.540556  -0.465892
point 50 694 379.433 147.617  -0.766991  -0.718594 -0.0676659  -0.422316   0.966348  -0.429714  -0.187359   0.911681   0.683187   0.493527
point 51 729 616.009 237.784 -0.421417  0.651812  0.406792  0.633391 -0.566714 -0.529026  0.751991 -0.971552 -0.113026 -0.545011
point 52 756  541.67 188.155 -0.713768    0.2308 -0.792633 0.0766561 -0.201671  0.181991 -0.422569  0.497371  0.205705  0.757896
point 53 761 494.519 212.126    0.7057 -0.891904 0.0871647  0.440424 -0.764142 -0.806894  0.052913 -0.674343 -0.661674 -0.865661
point 54 816 631.674 142.357  0.584704 -0.224506 -0.834619   0.42447  0.263016 -0.396365 -0.441404  0.975047   0.44417 -0.285541
point 55 909 601.685 197.701 -0.354053 -0.725992 -0.207492 -0.403981 0.0475231 0.0603428 -0.332285  0.216196 -0.364399 -0.131443
point 56 913 457.278 212.557 -0.853867 0.0948795 -0.740815  0.531625 -0.335124  -0.76511 -0.900514 -0.177164  0.977463 -0.776906
point 57 934 591.863 140.626  0.375812 -0.614214  0.722156  0.177397 -0.956184 -0.349362 -0.766213  0.795324  0.550914 0.0623551
point 58 955 515.946 210.393   0.07148  0.288445 -0.730995 -0.198523   0.46048   0.33108 -0.668155  0.202783  0.714408  0.200864
point 59 960 601.013 160.354 0.0510799 -0.660922  -0.70636  0.972912 -0.653328 -0.186098 -0.859696 -0.456627  0.615825  0.181692

