seq: 170
gt_pose:   -3.65122    3.62417 -0.0204861
odom_pose:     -3.59    2.5556 0.0176031
point 0 1 45.5867 156.944   0.28291  0.432891 -0.678566  0.198126 -0.928541 -0.521674 -0.764726  0.646159 -0.720497 -0.173271
point 1 5 568.228 197.137 -0.0195688   0.350904  0.0550146  -0.931207  -0.101608   0.832368   0.815445   0.488479  -0.425303   0.497975
point 2 23 618.751 176.191   0.845089   0.719175 -0.0265003   0.187603  -0.708607  -0.450836    0.77151 -0.0427991 -0.0232708   0.710798
point 3 31 392.106 215.658  -0.376615   0.788338   -0.08562  -0.657316   0.264538 0.00156314   0.283447   0.148284  -0.494813   0.621358
point 4 39 268.608 168.829   -0.50303   0.896387   0.130084   0.839374 -0.0277185   0.105452    0.86949   0.586584   0.625166   0.236336
point 5 48 638.305 169.352  -0.354118   -1.00916   0.815943   0.188265   0.499268   0.758832   0.903298  -0.703622 -0.0971959  0.0115988
point 6 63 361.492  181.06  0.214147 -0.768393 -0.840421 -0.219633 -0.701389  0.311885  -0.74664  0.781662   0.16292 -0.565957
point 7 68 369.754 239.545  0.189662  0.322435 -0.935496  0.521126    0.2007 -0.682979 -0.752567 -0.565686  0.531133  0.695001
point 8 76 120.053 135.665   0.463672  -0.204953  -0.583884    0.63439  -0.670656   0.384323   -0.35944  -0.298932   0.102304 -0.0358234
point 9 78 554.927 210.678  -0.906235  -0.810923   0.590062   0.797907   0.948098  0.0885734  -0.449429  -0.590475   -0.26516 -0.0919868
point 10 88  603.87 224.739  -0.230833 0.00205437   0.346968  -0.996884    0.25775   0.249012   0.343525 0.00740473   0.793298  -0.534717
point 11 92 635.776 183.389    0.19668   0.744315  0.0466625   0.946374   0.308389   0.275912   0.959724   0.641137  -0.177103 0.00810339
point 12 103 222.542 222.829  0.475822 0.0811163  0.508378 -0.141472 -0.273772 0.0686829  0.642436 -0.856786  0.358681 -0.531468
point 13 109 490.582 228.382  -0.487911   0.899272  -0.851249  -0.418478    0.52869 -0.0686983   0.678353   0.645652  0.0170835   0.280263
point 14 111 488.117 225.856 0.0332597  0.961007 -0.929452 -0.904082 -0.108408 -0.354816  0.918969 0.0045487  0.223325  0.410993
point 15 123 526.828 159.884  0.152481 -0.827132  -0.23384  0.327673  0.857744  0.717878  0.217686 -0.210136   0.35487 -0.632346
point 16 156 385.011  203.97   0.268483   0.576857  -0.656873   0.388172  -0.862231   0.978767  0.0972778  -0.749097  -0.931125 -0.0981796
point 17 165  435.44 204.278  0.514807 -0.756304  0.454514  0.641162 -0.713515  0.636072 -0.631202  0.852317  0.398207 0.0303479
point 18 166 639.916 153.063 -0.573164  0.303887 -0.613394 -0.480641  -0.69336  0.304436 -0.740257  0.121874  0.163334 -0.636756
point 19 173 90.821 151.71 -0.523842  0.551769 -0.782944  0.876822  0.226104  0.153795  0.555796 -0.807444  0.225796 -0.265815
point 20 175 447.658 153.612 -0.411785  0.595159    0.2894 -0.544082  0.745526  0.692967  0.914596  0.915165  0.531967 0.0954868
point 21 176 407.271  214.56  -0.773239   0.789969  -0.154863 -0.0435227   0.382003  -0.434751  -0.928725   0.291169   0.674256   0.151068
point 22 181 168.922 140.034   0.796656   0.512371  -0.161406  -0.116793  -0.111828   0.809293 0.00896587   0.910418   0.577239    -0.2927
point 23 184 523.524 218.816 -0.294436  0.475016 -0.401897 0.0488047 -0.624875 -0.318452  0.138982 -0.351424 -0.419161  0.399108
point 24 186  416.38 85.6103  -0.327305  -0.406852   0.270365   0.393785   0.929249  -0.919677 -0.0477685  -0.528908  0.0975159   0.373398
point 25 189 46.2088   205.8     0.903185 -0.000568862    -0.906635    -0.813233   -0.0528111     0.874104     0.686253    -0.434861    -0.360715     0.163769
point 26 200 524.978  180.26  -0.501301   -0.70375   0.681299   0.326324   0.227699   0.606517 -0.0786651   0.879266    1.00826 -0.0579864
point 27 205 47.2601 188.132 -0.839652 -0.232238 -0.203403 -0.782942  0.517725  0.130931  0.233778 -0.673058  0.383864  0.100946
point 28 216 590.474 178.919  -0.674836  -0.917477   0.832591  -0.807393  -0.557712  -0.895363  -0.371876  -0.215081 0.00414986   0.895954
point 29 226 249.343 146.904 -0.0477374   0.485652   0.568437   0.571379   0.877355   0.449263  -0.891224  -0.822906 -0.0730823   0.453616
point 30 229 186.596 194.556  0.959237  0.112445  0.244432 -0.692051  0.948787  0.197934  0.429594 -0.404029  0.147687 0.0762986
point 31 233 411.837 223.162 -0.153434 -0.443945  0.120824  0.319083   0.30759 -0.171201 -0.879549  0.173636 -0.890508  0.383097
point 32 240 364.889 193.755 -0.543214 -0.583983  0.587818  0.769749  0.829085  0.698132 -0.545732 -0.690864 -0.961123  0.680128
point 33 245 551.372 180.241 -0.618867 -0.423551   0.45221 -0.674187 -0.445872  0.435144   0.89174 -0.702588  0.155327  0.733475
point 34 251 475.268 226.181   0.025222  -0.536865   0.209726  -0.802265  -0.427517  -0.140233  -0.494038   0.226358 -0.0962739   0.389282
point 35 262 578.194 163.222   0.01612  0.291377 -0.297105 -0.578528  0.908323   0.97059 -0.927712 -0.370292  0.385378 -0.394685
point 36 275 160.288 158.768    0.86625 -0.0261992   0.477597  -0.751542 -0.0186713   0.143708  -0.282167   0.384575  -0.560991  -0.114747
point 37 277  635.73 167.916  -0.55668 -0.878965  0.274587 -0.867034  -0.92137  0.218609 0.0972597  0.484554  0.377839 -0.855939
point 38 301 477.038 219.494 0.0895232 -0.526034 -0.959841  0.470945 -0.948274 -0.626957 -0.614884  0.459062  -0.75429 0.0840445
point 39 303 421.212 211.556   0.152936  -0.816718  -0.585889  -0.966271  -0.118256   0.582345  -0.409357 -0.0409685 -0.0744704  -0.404003
point 40 311 87.6163 177.127  -0.440681    0.43602 -0.0736078   0.178435  -0.202485   0.352304   0.236847  -0.151186   0.165703   -1.03091
point 41 321 176.853 82.8325  0.0891633   -0.65683 -0.0223198  -0.997622   0.986278  0.0697922   0.338836   0.522356   0.748998   0.552564
point 42 346 307.414 123.744  -0.505595   0.952996 -0.0117133  -0.801218  -0.139705   0.544781 -0.0550879   0.943326   0.854569  -0.188384
point 43 352 576.958 198.267  0.595371  0.368277  0.402749 -0.746025  0.594699  0.685171 -0.603392  0.566375 -0.090572  0.832794
point 44 359 628.731 150.594 -0.0565087  -0.287552   0.649356  -0.580634   0.656372 -0.0040369   0.181338   0.135225  -0.557087   -0.25724
point 45 364  550.14 214.205 0.0838901  0.754739  0.695411 -0.573646  0.914193 -0.498343 -0.530746 -0.862504 0.0616379  0.012943
point 46 377 90.1434 225.111  0.618191  -1.04636  0.156105 -0.537093 -0.802248  0.748405 -0.443709  -1.01499 0.0503536  0.753442
point 47 382 599.665 210.263 -0.685687  0.849276  0.913834 -0.968194  0.131057  0.518917  0.537839 -0.208356  0.221044  -0.14096
point 48 387 446.708 184.211  0.724499 -0.706928  0.594059   0.96326 -0.755873 -0.186358 0.0131829  -0.96313  0.600842  0.662445
point 49 393 204.154 223.702    0.525365   0.0596604   -0.298557    0.296379    0.965555    -0.11357   -0.658592    0.150761    0.804996 -0.00563207
point 50 402 152.958 211.262   0.305199  -0.249513 0.00807241   0.991518   0.503692  0.0197694 -0.0742219   0.431701    1.02143  -0.376847
point 51 404 66.3708 109.097 -0.0905863  -0.919532    0.19482  -0.364885  -0.195451   -0.55425     0.3166   0.811951  -0.532273   -0.19309
point 52 405 310.027 117.648 -0.119256 -0.943972  0.900957  0.728147 -0.203227 0.0531352  0.366965  0.346683  0.462601   0.76084
point 53 406 169.042 140.823 -0.227922  0.921933 -0.720058 -0.506915 -0.880044  0.223188 -0.413835  0.287539  0.832923  0.406066
point 54 408 63.8283 170.825 -0.430803   0.72357 -0.348815 -0.886637   0.15322  0.487095 -0.977957  0.501835  0.993341 -0.890796
point 55 425 516.508  239.96  -0.436585  -0.376265   0.401373  -0.483339  -0.572159  -0.607877 -0.0816452  -0.979284    0.91335    0.80936
point 56 435 70.2145 221.574   -0.75396   0.336881 -0.0206452  -0.309895   0.531063    0.94987 0.00516973  -0.878828    0.15281  -0.983624
point 57 438 149.651 192.991 -0.719955  0.780228 -0.610997  0.970129 -0.249296  0.670768  0.886067  0.915827  0.329853   1.01347
point 58 450 220.882 188.822   0.449501   0.239603    0.62909  -0.580874   0.923387   0.521802 -0.0225299  -0.792585   0.879177   0.647561
point 59 464 192.856 235.146 -0.0707934  -0.950909  0.0483924   0.126206  -0.493004   0.114981   0.452402    0.45481  -0.621176   0.148878
point 60 470 630.689 238.201   0.383278 -0.0565581  -0.638766   0.926137  -0.262974   0.935095   -0.43513   0.232046   0.408734   0.736738
point 61 475 609.725 227.304  -0.980644   0.053129   0.083462   0.598465  -0.315678  -0.309979  -0.118622 0.00826492  -0.670024  -0.233812
point 62 477 22.7369 102.807  0.941308 -0.620096 0.0595915 -0.386615  0.218426   0.10961  0.725031 -0.747957 -0.363746 -0.637015
point 63 478  149.69 180.902  0.185666  -0.74158  0.542161  0.841425 -0.450817 -0.363713  0.269487  0.117304 -0.378774  0.824124
point 64 491 430.904 200.329 -0.816847   0.80985 -0.322383  0.558129 -0.523904 -0.103852   0.52927 -0.311908 -0.238801  0.698023
point 65 495 366.397  164.23   0.210328   0.679698  -0.136776   0.463102  -0.509047  -0.698755     0.9741  -0.553949 -0.0502052   0.121137
point 66 499 330.775  179.13   0.846821  -0.428891   0.403382    -0.6602   0.140982 -0.0482576  -0.134981  -0.236396   0.665413   0.320064
point 67 505  197.13 202.267 -0.635705 -0.209749  0.176343  0.202853 -0.835505 -0.520133 -0.797023  0.906978 -0.484465 0.0103116
point 68 506 364.87 209.21  0.0807515    0.32196 -0.0506054  -0.537557  -0.963555  -0.635355  -0.738743  -0.572031   0.735001   0.554836
point 69 508 603.247 185.052  0.613163  0.623593 -0.224606 -0.158259 -0.729751  0.867864 -0.865305  0.237658 -0.694916 -0.794933
point 70 514 629.127 140.282  0.425078 -0.794636 -0.919331 -0.439155 -0.925169 -0.539434  0.631872  0.819663  0.160603  0.156158
point 71 520 195.045 170.357 -0.316603 -0.878547  0.406587  0.379711   0.85482   0.39416  0.372625   0.13308  0.230051 -0.184937
point 72 529 623.935  191.87  0.435251 -0.393608 0.0466751 -0.303512  0.664617 -0.164817 -0.884665  0.809951 -0.127582 -0.415455
point 73 541 575.916 228.672  0.410095 -0.806731  0.859123 -0.346079 -0.673804  0.659442  0.747678 -0.550215 -0.953657  0.297899
point 74 542 40.3992 189.264  -0.736616   0.247153  0.0484271  -0.465114 -0.0908328  0.0462831  -0.872106  -0.375096   0.487047  -0.187201
point 75 544 238.199 170.633   -0.15013  -0.293664   0.718407  -0.144254  -0.765622   0.972657  -0.931851   0.324701  -0.384359 -0.0311653
point 76 560 637.043 208.064  0.961389  0.516408  0.512218  0.754307  0.337715   0.40471 -0.751894 0.0241307 -0.497292  0.320598
point 77 568 580.875 212.788  -1.00251 -0.659131   1.02316 -0.650694   0.37716   0.53646 -0.995517 -0.801461 -0.778704  0.133244
point 78 578  343.43 207.305 -0.0484879  -0.251341  -0.241411   0.274442  -0.724439   0.458829  0.0602518  -0.973337 -0.0971386   0.143351
point 79 585 55.4435 203.402 -0.925537  0.671217 -0.144394  0.793216  0.225673  0.371631 -0.518092 -0.695577  0.257068  -0.93056
point 80 596 368.566  193.43   0.042198  -0.478136    0.43673   0.116459 -0.0868746  -0.407598   0.707131  0.0568022   0.570956   0.944681
point 81 599 321.499 205.377  -0.393183   0.258006   0.662338   0.165979  0.0490348    1.01632   -0.12333 -0.0647875  -0.158166   0.498073
point 82 610 606.143 90.0441 -0.238262 -0.188167  0.690667  0.656186   0.43978  0.407979  0.667835 -0.623432  0.164032 -0.485253
point 83 617 472.114 160.402 0.0403872 -0.781692  0.279796  0.180276 -0.567259 -0.910873 -0.199565  0.261925  -0.85572 -0.579611
point 84 622 324.876 145.411 -0.395311 -0.941578  0.437797 -0.126812 -0.981395 0.0504917  0.692497  0.872102 -0.210265 -0.716227
point 85 644  455.82 154.954  -0.525713 -0.0971595  -0.526156 -0.0107691  -0.219792   -0.79159   0.840409  -0.900283    0.90536   0.379915
point 86 661 491.391 182.592  0.308839 -0.550947  0.463158  0.387864 0.0707507  0.100308 -0.952018 -0.731092  0.194976  0.382197
point 87 669 243.579 235.648   0.488145   0.617077  -0.669599  -0.423096   0.152688  -0.664518 -0.0376136   0.907987  -0.227712  -0.326759
point 88 691 603.59 176.09    0.54383     1.0268   0.186938  -0.192318  -0.930647  0.0581527   0.281711  -0.372671  -0.904738 -0.0119474
point 89 695 558.068 218.032   0.769954  -0.226475   0.349275  -0.399364   0.483825 -0.0257823   0.971084  0.0777604   0.496813   0.781082
point 90 711 81.8699 211.855 0.0670188  0.248609 -0.976464  0.868334  0.965663  0.979702 -0.968438  0.965779 -0.986323  0.485934
point 91 725   385.9 142.478 -0.719699 -0.734604  -0.68834 -0.961069  0.300147  0.371524 -0.874702 -0.790679  -0.50103 -0.273206
point 92 726 509.296 139.088  0.936395  0.460831  0.533045 -0.675434  0.299399  0.594336 -0.805436 -0.858781 -0.926942 -0.858971
point 93 752 474.752  176.63  0.763696  0.772227 -0.547376 -0.214615 -0.188248  0.131781  0.360228 -0.629089 -0.661968 -0.474746
point 94 776 554.932 155.127  0.924745 -0.116985 -0.192309 -0.522336  0.682524 -0.807106  0.426068 -0.393683   0.76128 -0.825227
point 95 780 157.118 239.381  -0.95187 -0.233544 -0.365863  0.115526   1.01794   0.58732  0.497916 -0.849585  0.299412  0.973343
point 96 794 514.051 214.618 -0.394427  0.462094 -0.298776 -0.599991 -0.010241  0.700741  0.509009 -0.457588  0.153973  0.480857
point 97 797 510.307 204.013  -0.743171  -0.695279   0.753874  0.0625628  -0.171092  -0.567275 -0.0708051   0.567669  -0.130526  -0.305525
point 98 805 418.723 141.344   0.38825  0.731618  0.569797 -0.157104 -0.863209  0.810211 -0.183395  0.938742 -0.826442  0.217608
point 99 806 336.909 238.434   0.840857  0.0169916  -0.580355  0.0661099  -0.663854   -0.37034   0.340604   -0.36242  0.0402577 -0.0644173
point 100 819 625.525 205.612  -0.489189   0.403884  -0.789658   0.789247    0.97187  0.0233396   0.253468   0.737465  -0.406166 -0.0957895
point 101 822   134.5 226.382  0.770818 -0.225834  0.873815 -0.295963  0.264068 -0.791654  0.717616 0.0502311  -0.27128   0.22004
point 102 826 62.9867 180.951   0.508617  -0.227725   0.211897   0.540066   0.952658  -0.476136 0.00558754  -0.707575   0.790657   0.646339
point 103 832  207.21 119.229  0.682214  0.983542 -0.401349  0.681899  0.722073 -0.472148 -0.681735   0.82206 -0.835455 -0.892551
point 104 841 524.573 180.108  0.119639  0.954941 -0.884166  0.937005 -0.367322 0.0479415 -0.291181 -0.243539  0.182538  0.478197
point 105 843 442.007  179.17  -0.401947  -0.190259 -0.0793673   0.420505    0.17088  -0.963924   0.342377   0.230802   0.938496    1.03514
point 106 847 206.886 198.692 0.0986043  0.509093  0.379119  0.939822 -0.766356 -0.772028 -0.373766   -0.9067 -0.786486  0.178626
point 107 854 310.346 213.023    0.60888   0.186693   0.376401  -0.814297 -0.0993244    1.03135 -0.0855969  -0.151378   0.197928   0.904397
point 108 856 297.695  120.55 0.0304022  0.675292   0.40983 -0.626649 -0.503254 0.0314881  0.546584  0.817948  0.324056 -0.550784
point 109 862 625.101 194.531  -0.858488  -0.355036  -0.711167  -0.194705   0.632714  -0.544988 -0.0646957   0.402484  -0.997458  0.0698678
point 110 876 513.671  132.51  0.405962 -0.671265  0.910717  -0.21348  0.030951  -1.00177 -0.967555  0.339272   0.88543  0.298005
point 111 877  213.16 184.687  -0.69174  0.839187    0.7208 -0.997693 -0.133097  -1.02549   0.85809 -0.648294  0.384758  0.436195
point 112 880 487.021 185.204 -0.658032 -0.530536 -0.242572  0.667493  0.513092 -0.240715 -0.307827  0.637463  0.793083  0.678775
point 113 881 390.222 198.143  0.329248  0.625353  0.388437  0.583953   0.34452 -0.787746  0.203681 -0.774496 -0.459625 -0.520527
point 114 883 465.217 215.639 -0.273769 -0.233369 -0.762797  0.942079  0.292007    0.6052  0.571591 -0.345425    0.2344  -0.01946
point 115 908 577.222 122.683 -0.961224 -0.898737  0.908495 -0.698637 -0.712185  0.960156  0.637838  -0.83831 -0.605758  0.234511
point 116 924   87.92 221.352  -0.405081  -0.494178   0.311264  -0.436418 0.00184985  -0.152687  -0.943907 -0.0521937   0.819191  -0.147643
point 117 929 403.294 193.145 -0.868343 -0.271118 -0.239254  0.208702  0.278843  0.703482 0.0364029 -0.204308  0.110129  0.224375
point 118 936 627.149 140.902 0.00724567  -0.416623  -0.417642  -0.366936    -0.4204   0.962886  0.0746237  -0.677775  0.0552015   0.121169
point 119 937 349.819 232.612 -0.515007 -0.664405 -0.552946 0.0287844  0.489518 -0.279618  0.118183  -0.27707 -0.276582  0.548967
point 120 942 501.523 224.921 -0.808511 -0.274797  0.634584 -0.457423  0.215001 -0.206178 -0.718869 -0.965001   1.02372  0.480936
point 121 944 567.619 152.857   0.507374  -0.540452   -0.28416  -0.537124   0.666017 -0.0594726   0.141614   0.330812   0.444216  -0.622447
point 122 953 133.045 131.138 -0.000757042     0.562719     0.787859    -0.623844   -0.0965927   -0.0149928    -0.447977     0.806276    -0.716103     0.824512
point 123 967 390.244 178.958  0.247638  -0.10983  0.453456  0.946332 0.0611013  0.291191    0.5045 -0.377858 -0.735643  -0.38753
point 124 968 309.947 181.283  0.0507178  -0.360371   0.038547 -0.0465736   0.926296  -0.230922  -0.762872   -0.08913  -0.605839   -0.97737
point 125 972 239.704 186.458  -0.682811  -0.574142   0.915015 -0.0190618    -1.0026  -0.531339  -0.762786  -0.269299  -0.673954   0.699926
point 126 978 639.083 194.039  0.877445  0.682252  0.285453   0.95268 -0.861988  0.400207   0.15998  0.381515 -0.539964  0.372628
point 127 984 167.707  175.28 -0.475965 -0.820767   -0.9701 -0.586449  0.448279  0.597711 0.0391013  0.443016 -0.518355 -0.672475
point 128 990 29.6519 178.552   0.633897   0.677076   0.838539   0.736244 -0.0914265   0.271464   0.536682  -0.773639   0.742121  -0.790173
point 129 993  160.38 165.224   -0.18651   0.935225  -0.465356   0.715855 -0.0418855   0.391729  -0.321768   0.182562   0.412849  -0.351571
point 130 997 323.389 235.798     0.94213    -0.90933  -0.0600494    0.841227   -0.393672 -0.00749824    0.614162   -0.895357   -0.241384    0.676278

