seq: 318
gt_pose:   1.5347 -2.68718  1.95864
odom_pose: -0.282835  -2.86402   1.87284
point 0 14 411.658 142.951 -0.774286 0.0975918  0.465118 -0.412753  0.981145  0.195291  0.754139  0.491601  0.255729 -0.885175
point 1 17 551.642 63.5771  -0.486373  0.0767326   0.468176  -0.777637 -0.0685759   0.139305   0.842381 -0.0526547   -0.30705   0.662367
point 2 31 355.496 217.428   -0.36254   0.741937 -0.0471211  -0.650119   0.187915  0.0155031   0.232944    0.23359  -0.577673   0.638733
point 3 36 431.876 237.113 -0.239183 -0.244243  0.402827  0.563723   0.31573 -0.682468 -0.982937 -0.863863  0.329206  -0.62558
point 4 44 466.696 184.626  -0.557425   0.221792   0.880732   0.458516 -0.0671874  -0.150713   0.688036   0.916177   0.865495   0.755283
point 5 60  90.557 177.864  -0.885361  -0.784615  -0.538682   0.400269   0.229286  -0.824225   0.914699   0.686835  -0.686557 -0.0515226
point 6 64 567.678   176.6   0.867458   0.527066  -0.777796  -0.927364  0.0304564  -0.213264  -0.618983 -0.0928377  -0.632524  -0.417857
point 7 78 230.414 159.412 -0.948017 -0.811208  0.595664  0.792782   1.00608 0.0765843  -0.47452 -0.670074 -0.286592 -0.147425
point 8 82 631.099 158.172   0.901867 -0.0769072  -0.259825  -0.285164   0.862033   0.861662  -0.755089   0.843686   0.781066  -0.646777
point 9 92   198.7 182.851  0.161549  0.712735 0.0400312  0.960143  0.314496  0.249942  0.924602  0.612275 -0.207886 -0.017141
point 10 109 308.059 223.905  -0.445721   0.899994   -0.82486  -0.458118   0.497047 -0.0671369   0.762703   0.614789  0.0211305   0.256937
point 11 110     425 161.112  0.882689  0.980154 -0.599714 -0.368691 0.0548416 -0.751973 -0.544538  0.553078  0.674945  0.235167
point 12 111 282.863 232.729    0.0520611     0.976959    -0.861727    -0.891912    -0.178686    -0.380983     0.905169 -0.000850789     0.268295      0.46641
point 13 113 444.832 212.149 -0.0662309  -0.544787   0.573244  -0.876776   0.555123  -0.313732  -0.854982   0.664979  -0.298094 -0.0356872
point 14 123 283.281 3.21796  0.116728 -0.847688 -0.251393  0.373653   0.82367  0.703569  0.270912 -0.275819  0.400216 -0.579232
point 15 131 13.8127 163.054 -0.929498 0.0296826 -0.586726 -0.326246 -0.110331 -0.111433 -0.506085 -0.150694  0.207467  0.677627
point 16 132   423.9 200.447   0.280536  -0.931843  -0.953946 -0.0917175   -0.77196   0.911263  -0.846794   0.242685   0.876663   0.689889
point 17 140 560.148  189.28  -0.467737 -0.0729684   0.659304  0.0524558   0.817393  -0.709898   0.393224  -0.635393  -0.309862   0.885927
point 18 148 434.509  158.57  -0.159506  -0.255261  -0.180907   0.509346 -0.0362343  -0.166491  -0.988681   0.236502   0.892435  -0.613904
point 19 156 373.987 201.544    0.31647   0.513934  -0.718992   0.330792  -0.838109   0.949343   0.106677  -0.713928   -0.93446 -0.0678744
point 20 158 455.561 181.858  0.461091   0.39974  0.333324 -0.371858 -0.146418  -0.44527 -0.722093  0.224874  0.946753 -0.558364
point 21 159 396.151  203.97  0.198494  -1.00766 -0.894993 -0.200726 0.0419175  0.101929   1.01757 -0.276128 -0.369354 -0.808166
point 22 165 374.171 182.507   0.49351 -0.753364  0.394455   0.64343 -0.685168  0.646079 -0.643311  0.869138  0.356745  0.022594
point 23 166  238.03 204.499  -0.59018  0.341724  -0.64383   -0.4889 -0.676208  0.238011 -0.720097  0.114488  0.116164 -0.624042
point 24 169 465.018 191.668  -0.583698   0.463902   0.685155  -0.306292 -0.0947798   0.496625   0.333873   0.450414  -0.697401  -0.547627
point 25 170 560.553 236.974  0.115094 -0.380324  0.185382  0.135309  0.747353   -0.1531 -0.909086  0.730571  0.479406  0.705462
point 26 175 308.035 179.015 -0.402455  0.583574  0.315506 -0.609282  0.684545  0.710761  0.917203   0.95903  0.617491  0.134545
point 27 176 362.014 211.679  -0.741586   0.824298 -0.0891251 -0.0342254   0.367642  -0.460785   -0.94855   0.291354    0.72264   0.126906
point 28 179 535.091 188.462 -0.0293372  -0.886617   0.111586   0.771821   0.706848   0.404835  -0.375548  -0.781169  -0.229929    0.74272
point 29 200 283.049 97.3029  -0.493429  -0.723593   0.685104    0.38795   0.270558   0.602061 -0.0886322   0.880661    0.99825   -0.11107
point 30 202 572.124 95.2522 -0.508164 -0.242112  0.271258  0.379782   0.14071  0.760772  0.583584 -0.189989  0.184098 -0.116234
point 31 216 223.992 169.546  -0.692328  -0.965137   0.897941  -0.846611   -0.57446  -0.864334  -0.292781  -0.252515 -0.0445276   0.828434
point 32 218 64.3667 232.672 -0.164116  0.643355 -0.956056  0.741962 -0.840223 -0.638515   0.80649 -0.944949 -0.502707 -0.693424
point 33 240 385.502 191.802  -0.48215 -0.659307  0.643256  0.832368  0.839195  0.708303 -0.486089  -0.75608  -1.03642  0.685288
point 34 245 255.879 180.436 -0.659309 -0.411197  0.483164 -0.741733 -0.503881  0.375694  0.880312 -0.670759  0.225056  0.796672
point 35 251 289.592 232.101  0.0264092  -0.568763   0.209592  -0.833414  -0.412795  -0.148777  -0.519239   0.263523 -0.0854201   0.324114
point 36 262 231.169 145.282 0.0700316  0.363296 -0.337597 -0.569179  0.942861  0.940209 -0.908191  -0.37611  0.389781 -0.350466
point 37 280 612.277 223.156  -0.278133   0.135347   0.521686  -0.177568  -0.326193  -0.370222   0.813636   0.883425 -0.0570911   0.746913
point 38 301 388.171 176.039  0.130357 -0.503457 -0.996972  0.431306 -0.914183 -0.717009 -0.593768  0.449309 -0.701161  0.049577
point 39 303 328.508 216.948   0.128355  -0.819846  -0.625572  -0.924215 -0.0622923   0.538931  -0.407209 -0.0779956 0.00177783   -0.42752
point 40 315 485.058 218.092 -0.851459 -0.316524 -0.941225   0.11764 -0.410106  0.219985 -0.592959  0.788404 -0.679063  0.866965
point 41 325 593.227 205.279 -0.189617 -0.290515 -0.614458 0.0807969  0.161616 -0.346111 -0.297674 -0.467017 -0.583827 -0.934718
point 42 331 160.512 217.872  -0.330369  -0.201111  -0.288006    0.19108 -0.0944518    0.88598   0.854351  -0.589235   0.797487   0.838975
point 43 343 511.449 229.245 -0.0434057  -0.990381  -0.390118  -0.807343  -0.183756  -0.107373   0.308278  -0.859808   0.600683  -0.414492
point 44 352 242.177 203.439  0.509226  0.347924  0.383127 -0.727489  0.575078  0.650737 -0.679742  0.570886 -0.100313  0.836788
point 45 353 572.827 167.054  -0.525337  -0.214987   0.954479  -0.349458   -0.28376   0.345794 -0.0923964  -0.584485  -0.384575   0.163434
point 46 364 229.891 144.978  0.105811  0.751049  0.627046 -0.596248  0.960819 -0.468658 -0.617236 -0.861593  0.132079 0.0140437
point 47 367 437.304 132.542  -0.692278  -0.863404    0.86257  -0.423348  -0.486826   0.704171   -0.29838 -0.0475449  -0.573904  -0.762611
point 48 387 316.722 192.861  0.651793  -0.66467  0.546023  0.947678  -0.71083 -0.209798 0.0142412 -0.989031  0.628135   0.64181
point 49 396  591.38 147.163   0.20567 -0.783422  0.835129  0.683204 -0.370693 -0.361166 -0.827288 -0.378045  0.409111  0.667717
point 50 397 129.171 189.952  0.732079  -0.36833   0.60614  0.240993  0.523764  0.849208 -0.674827  0.677996  0.856079  -0.74088
point 51 425 307.449 239.869 -0.418362 -0.346566  0.393199 -0.503999 -0.596156  -0.63602 -0.128468 -0.952728  0.924456  0.897725
point 52 447 639.996 187.427  -0.368905  0.0824694  -0.897657  -0.760507   0.212799  -0.832602 -0.0116664    0.52022  -0.691296   0.660706
point 53 448 627.675 179.614  0.818364 -0.478864 -0.823021 -0.604782 -0.270185  0.710153 -0.431558 -0.744301   0.62356 -0.352873
point 54 454  409.51 183.958  -0.85352  0.929913  0.667924 -0.433377  0.606778   0.77076  0.767675 -0.561361  0.403047  0.315548
point 55 472 118.209  150.24  -0.859165 -0.0507007   0.693219   -0.20155   0.902572  0.0372202   0.704458  -0.707822 -0.0532799  -0.556817
point 56 474 31.2983 226.592  -0.138718   0.727141  -0.947935   0.727652  -0.673164  -0.754784  -0.396207   0.991661 -0.0601206  -0.442556
point 57 491  333.92 201.789 -0.808204  0.873267 -0.298865   0.54654  -0.47082 -0.193681  0.509393  -0.26062 -0.228314  0.706499
point 58 495 357.333 179.207   0.273827   0.682958   -0.16043   0.491325  -0.491882  -0.663646    0.94137  -0.568428 -0.0467541  0.0995192
point 59 503 112.882 186.635  0.327014 -0.129547  0.746949 -0.967653 -0.133759  0.157063 -0.262699  0.694415  0.931033 -0.933743
point 60 506  367.37 212.808 0.0603587  0.313469 -0.023615 -0.614815 -0.908319 -0.670059  -0.71965  -0.63958   0.68961  0.482388
point 61 514 230.747 183.046  0.407656 -0.748752 -0.852706 -0.460982 -0.891583 -0.551182  0.642328  0.858366   0.18251   0.20331
point 62 519 467.298 72.6799   0.36271  0.457711  0.593274  0.122194  0.706538 -0.815346 -0.883047  0.844514 -0.322554  0.476026
point 63 541  246.92 231.794  0.388562 -0.845646  0.817832 -0.314769 -0.656207  0.657753    0.7746 -0.582583  -1.00068  0.257879
point 64 543 75.2335 210.687  -0.323887  -0.745629   0.605702   0.659198   0.274763 -0.0430153   0.857877   0.206717   0.649086  -0.794808
point 65 555 128.612   230.5    0.29551   0.352227   0.272894  -0.980208 -0.0207107   -0.47381 -0.0428763  -0.206686   0.773985  -0.338878
point 66 568 171.288  155.07 -0.939489 -0.642376   1.00696 -0.599166  0.422104  0.503877  -1.00277 -0.843204 -0.711103  0.127063
point 67 573 556.571 79.8724  0.924225  -0.24086  0.202389 -0.482479 -0.235247 0.0110028 -0.660827 -0.990349 -0.358146  0.644096
point 68 577 51.1226 226.452  0.377188  -0.96039  0.520481  0.655962 -0.823594 -0.493654  0.794748  0.656986 -0.478325   0.55669
point 69 581 505.746 239.633 -0.664933 -0.536433 -0.265225  0.965867  -1.00501 -0.123685 -0.124846 -0.802249  0.918401 -0.148967
point 70 591 400.913 204.681    0.992428   -0.627818    0.658898    0.100825   -0.397871   -0.236423    0.956123    0.221903 -0.00311096   -0.523805
point 71 607 202.625 237.013  0.846387  0.342172 -0.342647  0.137227 -0.398302 -0.421144 -0.376641  0.277828  0.917913  0.728357
point 72 610 237.621 148.308 -0.211587 -0.174756   0.69934  0.635448  0.426937  0.413047  0.679102 -0.667407  0.148693 -0.435639
point 73 617 324.294 131.411  0.028034 -0.781266  0.234079   0.12167  -0.54577 -0.972513 -0.242568  0.264515 -0.794089 -0.627661
point 74 623 125.799 182.411  0.572041 -0.581545  0.636622 -0.447136 -0.224611  0.394291  0.385444 -0.187789 -0.837962 -0.354311
point 75 644 307.354 174.881 -0.478561 -0.132889 -0.575585 0.0450563  -0.17626 -0.753862  0.801302 -0.945483  0.899113  0.425468
point 76 655 448.071 222.874 -0.0907586   0.655715   0.447144  -0.553641  -0.591229  -0.417742  -0.997966  -0.691873  -0.815057   0.868523
point 77 658 430.924  225.34   0.408604  0.0806678 -0.0603558  -0.308692   0.179335    1.00983   0.625111   0.622634  -0.810046   0.542548
point 78 661 333.787 108.683  0.243556 -0.567073  0.458989  0.388403 0.0652791  0.119942 -0.955346  -0.77395  0.227655  0.445095
point 79 667 466.727 161.598 -0.917343 -0.628268 -0.197245 -0.617245  0.713764 -0.752738 -0.449024  0.697387   0.57781  0.442606
point 80 691 222.832 178.806  0.627494  0.995056   0.21627 -0.208452  -0.94665  0.132282  0.297506 -0.385455 -0.930084 0.0592221
point 81 695 126.565 38.6813   0.708861  -0.217105   0.404319  -0.464626   0.493733 -0.0762104   0.925455  0.0843411   0.503527   0.768132
point 82 719 101.074 170.992 -0.739761  -0.37937  0.679107  0.727554 -0.681487  0.667836  0.412689 -0.593798 -0.566523  -0.97144
point 83 735 78.7684 231.586 -0.867384 -0.421046 -0.153493 -0.611495 -0.302289  0.505435 -0.321118 -0.773788 -0.386385  0.882924
point 84 750 176.912 236.549 -0.358556 -0.480992  0.498701  0.285149  0.214402  0.518777 -0.614325  0.719003  0.643846 -0.225618
point 85 752 340.965 123.687  0.782006  0.847613 -0.550787   -0.1976 -0.148597 0.0719125  0.372454 -0.639255 -0.662193 -0.456858
point 86 776  232.64 21.1088  0.878353 -0.115276 -0.185096 -0.536698  0.715498   -0.8267  0.427734 -0.455314  0.830672 -0.820318
point 87 777 488.792  144.83  -0.664584   0.659197   -0.29574  -0.476039   0.591832  -0.299588  -0.295418   0.543896 -0.0550166   0.108885
point 88 794 307.568 166.761  -0.41342  0.435612 -0.310319 -0.622396 0.0802916  0.628848  0.426735 -0.454829  0.171914  0.498358
point 89 797 360.548 37.5029  -0.722524   -0.62373   0.673085   0.090423  -0.213905  -0.515089 -0.0625393   0.526523  -0.139971  -0.327867
point 90 803 635.911 189.151  -0.76565  0.954595  0.793513 -0.517208 -0.564516  0.204833 0.0476902  0.755379 -0.256452  0.658444
point 91 804 554.691 206.607  -0.757191  -0.749099   -0.66113  -0.572062   0.579542   0.725638 -0.0853554   0.512596  -0.557196   0.137698
point 92 805  316.51 176.931  0.361107  0.733331  0.530511 -0.183849 -0.814742  0.815889 -0.203977  0.889532 -0.807591  0.240441
point 93 820 141.679 190.589  -0.681723  0.0492359   0.746917  -0.454318   0.507526  -0.294199  -0.400689  -0.401411    0.32602 -0.0709554
point 94 841 285.576 81.1711  0.201291  0.897343 -0.864293  0.941429 -0.338037  0.129128  -0.30616 -0.190103  0.262628     0.443
point 95 843 392.253 117.577 -0.458284 -0.195529 -0.136798  0.471381   0.17072 -0.995135  0.373421   0.21057  0.964768   1.02308
point 96 846 569.387 231.857   0.413577   0.256497   0.405841   -0.83486  -0.894615 -0.0850318  -0.740182  -0.239377  -0.336879    0.23555
point 97 848 103.301 202.445  -0.44375 -0.187755 -0.830234  0.852153  0.870623  0.622668  0.129726  0.316455  0.724119  0.188722
point 98 862 115.336 125.641 -0.865174 -0.313587 -0.722167 -0.249338  0.602377 -0.510408 -0.129343  0.405256 -0.926542  0.065821
point 99 866 639.356 166.065   -0.51227 -0.0715465   0.793164  -0.630686   0.674278  -0.238305  -0.147184   0.418278  -0.454403   0.899118
point 100 867 550.886 193.115   0.987638    0.14776  0.0498979   0.582774  -0.458808 -0.0221995  -0.777917   -0.36332   0.664818  -0.024501
point 101 876 281.719 127.777  0.472842  -0.64299  0.903123 -0.223556 0.0747122  -0.93677 -0.924495  0.296056  0.919282  0.320122
point 102 878 424.636 234.257  -0.94903 0.0239964 -0.957713 0.0366865 0.0124108   0.43632   0.43147 -0.142055 -0.704223 -0.591733
point 103 880  299.14 184.838 -0.593406 -0.537191 -0.294866  0.682288  0.572291 -0.219448 -0.334418  0.639579   0.79969  0.606059
point 104 881 358.024 200.601  0.347615   0.59884  0.443996  0.594727  0.407931 -0.788425  0.179454 -0.768024 -0.403521 -0.610902
point 105 883 303.809 220.686   -0.24518  -0.268068  -0.707617   0.998702   0.292417   0.599202    0.62885   -0.29554   0.245544 0.00110153
point 106 886 570.963 163.684 -0.402823 -0.841088 -0.496302 0.0403722  0.315785   1.02694  0.856811  0.895791 -0.688312 -0.846086
point 107 905 480.155 167.875 -0.927797  0.137743   0.50496 -0.363555  0.720723   0.28533 -0.851041  0.622354 0.0357853   0.10677
point 108 908 229.949 86.8282  -1.00734 -0.920832  0.937406 -0.659287 -0.713604  0.956601  0.582544 -0.813196 -0.528352  0.229194
point 109 910 470.256 198.179   -0.951221    0.681996    0.484523 -0.00777745    0.626681     0.43124   0.0592881     0.58009    0.808392    0.343948
point 110 911 606.371 189.558  -0.950119  -0.360388  -0.733751   0.723362  -0.932043 -0.0452281   -1.01324  -0.121593   0.448794  0.0783133
point 111 916 183.768  198.76  -0.325012   0.223565   0.278991  -0.423616  -0.710783  -0.525555   0.647796   0.293272   0.900149 -0.0371733
point 112 920 598.318 204.298 -0.854982  0.742442 -0.374422 -0.322476 -0.428202 -0.175333  0.855758 -0.805115   1.03947 -0.517688
point 113 927 403.547 180.346 -0.0632637     0.8922     0.5717   0.347224  -0.903646   0.414523  -0.060645  -0.380535   0.756268   0.890508
point 114 928 579.275 181.592 -0.126473   0.88412 -0.818989 -0.876271 -0.256273  -0.54192 -0.640519 -0.316056  -0.45209  0.326064
point 115 929 368.582 185.926  -0.89122 -0.286692 -0.247871  0.194449   0.21124  0.665765  0.116897 -0.228865  0.138529  0.220364
point 116 942 328.695 198.544 -0.732751 -0.343434   0.62245 -0.503781  0.215689  -0.18368 -0.720187 -0.961124  0.954037  0.476907
point 117 944 249.003 169.079   0.551701   -0.53764  -0.284503  -0.589868   0.721725 -0.0915084   0.180474   0.348699   0.413521  -0.634444
point 118 957 81.6535 189.779 -0.496066  0.961141 -0.267443 -0.935231  0.292981  0.851235  0.402509   0.53563 -0.379441 -0.168915
point 119 958  184.39 116.895 -0.507144 -0.895029 -0.816787 -0.216551 0.0846573 -0.320171 -0.216563 -0.283924  0.410277 -0.912318
point 120 962 72.3626 163.813   -0.15489  -0.241511   0.892851  -0.786817  -0.769827  -0.063096  -0.490315  -0.463202 -0.0937753   -0.13843
point 121 963 599.627 161.058 -0.030777 -0.788103 -0.371065  0.415953 -0.860397  0.226084  0.978665 -0.869682 -0.197135  0.480259
point 122 974 135.128 232.243  -0.51877  0.747754 -0.738994 -0.908143  0.537184 -0.465449  -0.46472  0.428089  0.528273 -0.440383
point 123 978 219.035 208.523  0.867974   0.68787  0.230076  0.918036  -0.85878  0.332505  0.147089  0.433806 -0.548627  0.324759
point 124 979 413.199 162.553 -0.000336492     0.455306    -0.128407     0.481606     0.243687     0.359109    -0.517008    -0.127319     0.622949    -0.314489
point 125 989 471.923 237.544 -0.712698  0.315716  0.497374 -0.635375 -0.115357 -0.549607 -0.128463  0.494471  0.563825  -0.50647
point 126 991 63.6561 236.713   -0.131031 -0.00349773   -0.804538   -0.955985     1.00597   -0.478868    0.349367    0.458754   -0.013389   -0.736344

