seq: 151
gt_pose: -7.27916  2.87159 0.806218
odom_pose: -7.14206  1.46728  1.00301
point 0 8 154.258  210.03  -0.120206   0.216309  -0.404347   0.570669  -0.400598 -0.0833059  -0.535394  -0.660433  -0.488709   0.138441
point 1 27 484.817 135.933 -0.0200249  -0.678519   0.764274   0.222158  0.0535371  -0.627621   0.143002   -0.13542   0.628249  -0.207634
point 2 29 95.2155 181.246  -0.854695 -0.0620029     1.0081   0.458925  -0.566561 -0.0426526   0.769257  -0.822118   -0.80366  -0.229218
point 3 30  493.29 142.832  -0.772404  -0.933875  -0.861049 -0.0368425   0.573509   0.350745 -0.0945262  -0.787612   0.160367   0.186445
point 4 31 571.343 218.166   -0.34171   0.813662 -0.0607187   -0.66244   0.176501  0.0057139   0.242461   0.227317  -0.516286   0.682598
point 5 41 196.785 131.432  0.734556   0.34221 -0.162267  0.197645  0.200286  0.265644  0.110356 -0.707933  0.172527 -0.953609
point 6 58 474.827 232.898  0.646373 -0.470903 -0.493971 -0.821049 0.0551669  0.734971  0.271894 0.0588213  0.622173  0.898079
point 7 63 503.535 208.957  0.176916 -0.760818 -0.871089 -0.231962 -0.698938  0.293179 -0.754819  0.743126  0.123247  -0.59561
point 8 67 274.547 210.682 -0.281483 -0.808158  0.661964 -0.207846  0.515099  0.870896  0.740494  0.666711   0.47678  0.276842
point 9 68 536.037 239.639  0.191877  0.391971 -0.955937  0.489716  0.230182 -0.760485 -0.728947 -0.578364   0.56309  0.701244
point 10 88  578.44 235.174 -0.282396  0.037871  0.430094 -0.987618  0.296375  0.258001  0.387194  0.002743  0.741529 -0.509012
point 11 93 539.892 164.202  0.723559 0.0229858  0.123595 -0.809525  0.924842 -0.326928  0.196708  -0.89822  0.553744 0.0771108
point 12 95 203.888 96.9917  0.085272 -0.453535 -0.464119 -0.606305  -0.94536 -0.754962  0.472632  0.256386 -0.575863  0.332672
point 13 97 145.355 212.952  0.852711  0.973478 0.0751329  0.396421  0.850887 -0.764808 -0.951655 -0.703378 -0.365174 -0.887621
point 14 100 320.021 161.964   0.17343   0.56602 -0.222263  0.248526 -0.097669  0.808547 -0.349511 -0.929525 -0.692162  0.449319
point 15 101 404.142 181.238  0.626596 -0.197959  0.353435 -0.728196 -0.269499  0.887813 -0.367576 0.0540671 -0.935342  0.852985
point 16 105 522.193 90.5372   0.438984   -0.97382   0.492769   0.049793  -0.262853  0.0121259  -0.798694  -0.683701   0.842646 -0.0794445
point 17 110 623.448 190.792  0.900863  0.930569 -0.592627 -0.367039 0.0568361 -0.739525  -0.54314  0.542156  0.744936  0.199436
point 18 124 162.09 184.59 -0.576764  0.604779   0.82316 -0.483491 -0.825685 -0.612123  -0.95331 -0.765881 -0.660614  0.781498
point 19 142 154.328 176.989  0.434331 -0.235053 0.0833444 -0.271287  0.168054  0.600174  0.626631  -0.21761 -0.299636  0.484729
point 20 150 389.407 75.9635  -0.878672  -0.466957    0.72655   0.302478  -0.561514  -0.451776  -0.938629   0.219398  -0.903559 -0.0404539
point 21 153 97.4818 185.462  -0.70148 -0.202427 -0.535977 -0.465835 0.0487678 -0.576353 0.0489987  0.355026 -0.844355 -0.593527
point 22 156 567.719  206.43   0.299893   0.532583  -0.737783   0.390498  -0.842983   0.955658   0.163852  -0.726521  -0.920049 -0.0853217
point 23 159 614.076 213.933  0.264316 -0.999791 -0.890276 -0.124976 0.0703125  0.117449   1.01663 -0.329451 -0.418517 -0.805776
point 24 172 231.715 30.6546  -0.338272   0.926491    0.38413   0.946165 -0.0495245  -0.426003  -0.412739  -0.822221   0.658318   -0.59268
point 25 175  629.52 163.864 -0.410572  0.529369   0.29077 -0.611919  0.758831  0.677101   0.93905    0.9519  0.586697  0.116334
point 26 176 601.578 214.863   -0.763264    0.846209   -0.108733 -0.00564282    0.365842    -0.44563   -0.920142    0.233935     0.74377    0.142941
point 27 186 541.422 156.419  -0.380669  -0.396384   0.282466   0.446436   0.908987  -0.935601 -0.0632676  -0.478687   0.121569   0.282555
point 28 208  351.26 207.403  -0.971009  -0.252517  -0.917583 -0.0856161    -0.3083   0.779425   0.969768  -0.593253   0.758543  -0.829498
point 29 209 408.355 234.121  -0.26441  0.214168  -0.37553  0.404289 -0.844897 -0.292146   0.61793 -0.905328 -0.298515 -0.670845
point 30 230 225.179  204.55  0.587288  0.101379  0.675561 0.0578338  0.156727  0.101719  0.229209 -0.893601 -0.980601  0.210827
point 31 233 527.039 232.128 -0.160644 -0.478073  0.106473  0.307808  0.305978 -0.223386 -0.893027  0.143766 -0.842881  0.378766
point 32 254 50.6843  103.39  0.164101 -0.270465 -0.186178  0.593978 -0.661873  0.366749 -0.488267 -0.925142 -0.768645 -0.441164
point 33 260 255.273 63.4472   0.334607   0.617564  -0.354203   0.476795  -0.444932   0.670451 -0.0284676  -0.160718  -0.158984   0.191602
point 34 268 132.992 180.634 -0.934168  0.188528   0.79734 -0.110813  -0.32251  0.642604  0.525243  0.484994  0.400953  0.846917
point 35 269 153.166 227.434  0.989387  0.782045  0.513595  0.836055  0.476463 -0.645212  0.935772 0.0937632   0.35637 -0.227055
point 36 271  240.54 162.317   0.747054    0.46467   0.983723   0.699931   -0.70941     0.9002   0.448441   0.861738   0.759818 -0.0401365
point 37 272 20.1483 91.3654  0.579943 -0.484535 -0.906192 -0.219394  0.343818 -0.468318  -0.78998 -0.547009 -0.160382   0.20703
point 38 281 342.657 218.024 -0.882757  0.317606 -0.183148 0.0760214  0.562689   0.28155  0.685912 -0.236547 -0.453762 -0.409623
point 39 283 276.341  222.85   0.289424   0.345296   0.696261  -0.155953  -0.904681   0.758167  -0.797133 -0.0945852  -0.113596   0.780333
point 40 293  256.67 154.439  -0.93663  0.726518 -0.587346 -0.785244 -0.825617  0.728067   1.02778 -0.462622   0.77059   0.50073
point 41 303  603.21 214.527   0.134178  -0.762184  -0.578257  -0.973409 -0.0683091   0.489414  -0.472361  -0.119098 -0.0683436   -0.37644
point 42 307 467.509 219.879   0.170104   0.904185  -0.232226   0.651614    0.66672   0.906555 -0.0383385  -0.460447  -0.880804   0.527176
point 43 321 413.321 191.383   0.161395  -0.740727 0.00576459   -0.97908   0.984334  0.0480671   0.247872   0.576926   0.834838   0.606675
point 44 322 396.161 177.759 -0.307445 -0.167351  0.505931 -0.731892  0.930544 -0.638244  0.927507   0.92796  0.356926  0.524075
point 45 328 287.772 24.3609 -0.272032  0.422512  0.214819  0.254506  0.694858 -0.334487  0.728516  0.277243  0.981658  0.822491
point 46 332 325.303 211.751  -0.320551  -0.121479 -0.0593388   0.378211   0.683438     0.8741   0.766843 -0.0765371  -0.799221  -0.515758
point 47 338 271.048  203.96 -0.408172  0.400818 -0.200775 -0.314335 -0.632012  0.221801   0.61511 -0.880428 -0.470477  0.968438
point 48 342 89.7307 226.712  -0.34756 -0.615221 -0.243005  0.867945 -0.715997 -0.776049 -0.512891 -0.455638 0.0613124 -0.715194
point 49 346 467.639 182.757  -0.499573   0.936414 -0.0569316  -0.756707  -0.173755   0.483752 -0.0435009   0.906099   0.810651  -0.149269
point 50 370 29.5802 72.9822  -0.332796   0.865966  -0.998829  0.0130201 -0.0683095   0.643925    -1.0114   0.701331  -0.031678   0.164279
point 51 399 343.667 226.912  0.957092  0.166212  0.355879 -0.114284 -0.269587  0.146437  0.503589 -0.659563 -0.622921  0.085841
point 52 405 468.979 180.791 -0.107516 -0.937793  0.889219  0.730322 -0.176523 0.0245139  0.327676  0.348401  0.488091  0.770838
point 53 412 150.048  164.68  0.534263  0.723848 -0.756882 -0.507792  0.654811 0.0213939   0.98101 -0.264703  0.802098  0.281621
point 54 428 633.489  90.889 -0.508498 0.0367879  0.625546 -0.878001 -0.278643  0.581872  0.324074 -0.395815 -0.163653  0.141543
point 55 441 633.541 33.8901   0.919924    0.20214   0.671589   0.779474   0.734044 -0.0751377  -0.638408   -1.00874  -0.849055   0.668764
point 56 480 297.796 221.306  0.185143 -0.984224  -0.87363 -0.245096  0.422521  0.294512 0.0431034 -0.128536  0.116374   0.64781
point 57 491 629.111 201.065 -0.867569  0.782336  -0.31662  0.602649 -0.496648 -0.192558  0.572147 -0.319015 -0.240804   0.68259
point 58 495 534.467 178.626    0.18253   0.691698  -0.141067   0.446747  -0.480659  -0.676458   0.974962  -0.604229 -0.0607504  0.0659756
point 59 496  454.58 219.509   -0.880341   -0.715338    0.542415     0.25197    0.931467 -0.00608493   -0.891766   -0.462902  0.00226213    0.263958
point 60 499 483.444 208.162   0.859164    -0.4058   0.407734  -0.585394   0.159574  -0.125634 -0.0430368  -0.230139   0.687072   0.310281
point 61 504 310.851 115.289  0.387669  0.887931 -0.658413  0.386966  0.261194  0.687005 -0.310318 -0.822708 0.0807033 -0.507415
point 62 513 276.991 223.906   -0.41466  -0.632387   0.593178 -0.0929814  -0.590058  -0.697954   0.406674   0.980456   0.597667  -0.367095
point 63 524 393.745 216.131   -0.270801    0.756257    0.314245 0.000662637     0.94688   -0.562927   -0.227227     0.15641     0.23684   -0.742922
point 64 530 175.351 162.917   0.898707   0.397253  -0.215181  -0.820882   0.316116  0.0122064 -0.0438296   0.195468  -0.241591   0.886829
point 65 539 481.885 156.857   0.88697  0.115346  -0.93848 -0.692376  0.472205 -0.369429  0.945135 -0.682573  0.249701  0.237631
point 66 583 115.659 156.433 -0.493031 -0.374102 0.0220295  0.906613  0.654046  0.386775 -0.676687 -0.599169  0.295929 -0.597083
point 67 596 517.983 210.906  0.0610675   -0.52558   0.420887   0.171541 -0.0408966  -0.415878   0.640085   0.105404   0.624803   0.925409
point 68 598 74.0652 167.621  -0.177998   0.660396   0.499504  -0.830034 -0.0716777  -0.505946    -0.4043  -0.576158   0.683714   0.620071
point 69 613  479.31 81.6352  0.692108  0.931696   1.02277 -0.731687 -0.722342  0.150525 -0.257184 -0.362348  0.115227  0.867076
point 70 614 359.211 199.131  0.436612  0.629432 -0.660397 -0.722495  0.940574 -0.293411   0.72821  0.140688   1.01239   0.10961
point 71 631 634.016 225.179   -0.839176   0.0763306   -0.631525 -0.00664816    0.398094  -0.0536126   -0.228048  -0.0398762  -0.0152524   -0.311304
point 72 649 233.728 177.424   0.618879  -0.132364 -0.0926099  -0.278509  -0.512625  -0.186062   0.279778  -0.550484   -1.00075   -0.27793
point 73 653 130.076 173.263  0.0528378   0.648281   0.862625   0.590857   0.756146   0.768932   0.148015  -0.767042 -0.0366953   0.663047
point 74 662 450.027 189.228  0.308959 -0.318165 -0.310682  -0.86839  -0.30738  0.877127   0.57705   1.03203 -0.693033  0.700741
point 75 672 173.104 188.235  0.0698623  -0.430108   -0.40401  -0.624341 -0.0590344  -0.649861  0.0798422 -0.0289093    0.41485   0.891766
point 76 677 273.311 225.118   0.436112 -0.0228052  -0.288318   0.266564   0.170956   0.622355    0.15047 -0.0672782  -0.264222    1.00788
point 77 683 422.456 53.4072  0.280257 0.0932612  0.607355 -0.822144  0.721135 -0.666727  0.733096 -0.102674  0.761682 -0.942405
point 78 684 11.4754 191.685 -0.0299294  -0.968732   0.454695  -0.518921  -0.132563   0.373003   0.952044   0.846608  -0.812304  -0.865464
point 79 705 346.401 238.981 -0.0119794  -0.675925 -0.0952202   0.562531   -1.00266  -0.351808   0.893325  -0.577402  -0.402996  -0.406442
point 80 725 499.08 204.84 -0.761495 -0.733055 -0.700089 -0.921977   0.22817  0.353515 -0.856094 -0.788825 -0.488747 -0.251765
point 81 726 631.008 175.144  0.915964  0.524522   0.51607 -0.684106  0.295293  0.669823 -0.784712 -0.885979 -0.872851 -0.856871
point 82 729 344.321 238.029 -0.360707  0.609555  0.433163  0.657421  -0.60312 -0.487636  0.744308 -0.947777 -0.124717 -0.572449
point 83 744 40.9886 224.817  -0.656364 -0.0763972 -0.0847243  -0.330933  -0.393597   0.510996   0.363599  -0.712383  0.0479095   0.508325
point 84 747 152.778 185.693  0.321321  0.422056  0.573183  0.708862  0.142697  0.523303  -0.74966 -0.798524  0.900603  0.485264
point 85 756 292.618 193.704 -0.664826  0.223808 -0.806691  0.102065 -0.179597  0.254279 -0.395298   0.50536  0.250964  0.754877
point 86 761 261.731 206.439  0.684935  -0.81376 0.0885533  0.511232 -0.806901 -0.792164 0.0170219 -0.655886 -0.654268 -0.898878
point 87 781 151.593 217.931   -0.17139   -0.79679  -0.262228  -0.184495 0.00694694   0.987186 0.00526224   0.129833  -0.870476  -0.338132
point 88 793 148.487  137.44 -0.622521  0.947515  0.331575 -0.301537 -0.666374 0.0630965  0.154889 -0.471942  0.496042  0.082093
point 89 798  469.44 142.712 -0.446794 -0.862964  0.933027  0.581797  0.459805  0.571018  0.657131  0.883789 -0.873113 -0.585159
point 90 800 475.629 142.992   0.575422  -0.932411  -0.519117  -0.105944   0.793231   0.033783 0.00495797   0.781111  -0.472046  -0.498171
point 91 805 584.654 161.262  0.332715  0.804369  0.502994 -0.185741 -0.819023  0.781361 -0.237497  0.907728 -0.749662  0.278033
point 92 816 333.771 171.479  0.644746 -0.256835 -0.851633  0.386959  0.252755 -0.345924 -0.457561   1.01713  0.466237 -0.267316
point 93 827 169.306 149.863  0.101497 0.0269341  -0.22411  0.539965  0.329194 -0.837332  0.196543  0.324958 -0.080179 -0.310213
point 94 828 167.744 225.297 0.0593001 -0.553371 -0.813668 -0.101619 -0.133835  0.689503  0.744867 -0.896971  0.188197  0.672687
point 95 835 253.561  205.93  -0.298997   0.836609  -0.615196 -0.0444943   -1.03706   0.482372  -0.694229   0.796861  -0.669969   -0.36193
point 96 854  470.52 225.689   0.666794   0.110088   0.385422  -0.810524 -0.0746224   0.971095 -0.0515011  -0.129121    0.22086   0.910698
point 97 856 460.021 196.537 0.00289433   0.637289   0.374584  -0.655118  -0.522499  0.0579131   0.539094   0.863102    0.25856  -0.561618
point 98 858 491.768 145.893   0.489416   0.179592  -0.134624  -0.113762   0.691128   0.892554  -0.517196   0.185091  -0.764075 -0.0312714
point 99 859 45.7598 218.645  0.480736 -0.835357 -0.312909  0.651369  0.460676  0.765763  0.858605 -0.919839  0.252413  0.874195
point 100 881  569.52 202.371  0.358031   0.58533  0.376587  0.565432  0.357683 -0.770202  0.226395 -0.744374 -0.430374 -0.612597
point 101 893 201.106 232.898   0.11386 0.0788191    0.2464  0.504409 -0.746416 -0.367159 -0.077001  0.386923 0.0650879  0.283769
point 102 899 373.985 180.279 -0.457066 -0.466901  0.612129 -0.769961 -0.910273 -0.219105 -0.873254 -0.884702 -0.570417  0.250377
point 103 913 224.215 204.074  -0.84282  0.101989 -0.785033  0.531461 -0.332836 -0.740606 -0.871656 -0.140806  0.960192 -0.755497
point 104 929 597.366 193.499 -0.846915 -0.311454  -0.26188  0.226661   0.24605   0.73271  0.116607 -0.158928 0.0441825  0.148112
point 105 934 318.882 161.878  0.337388 -0.561497  0.792617  0.163115 -0.940596 -0.404106 -0.781896  0.797306  0.618249 0.0639746
point 106 937 500.581  235.67 -0.485618 -0.661232 -0.546881 0.0177268  0.517311 -0.282768  0.179842 -0.207113 -0.266234  0.513463
point 107 946 546.206 67.0683  0.212944  0.867419 -0.386214 -0.841748  0.562192 -0.879516 -0.263208  -0.73164 -0.449038 -0.568176
point 108 955 278.936 208.141  0.107841  0.358028 -0.744823 -0.229684  0.392203  0.266099 -0.662579  0.213285  0.682155  0.188323
point 109 960 346.744 157.808 0.0249023 -0.661473 -0.685052  0.976606 -0.693318 -0.192353 -0.901174 -0.410871  0.674838  0.118705
point 110 967 552.661 193.221     0.2042 -0.0832745    0.39848   0.927055   0.106402   0.285951    0.57659  -0.384584  -0.710943  -0.478692
point 111 980 463.474 205.797  0.461698 -0.201453  0.595459 -0.517216  0.489575  0.455787 -0.826624 -0.163059  0.358562 -0.702541

