seq: 259
gt_pose:   6.12943  0.950009 -0.835839
odom_pose:   5.39052 -0.348136  -1.13366
point 0 0 430.765 159.276   0.598597   0.775231  -0.642875  -0.302998   0.561426  -0.465758   0.110405 -0.0921105    0.28009  -0.222316
point 1 35 600.056 205.619   0.08476  0.847438  0.379654  0.606634  0.364071 -0.329715  0.269894 -0.991515  0.033294  0.719208
point 2 45 574.315 229.184  -0.538209 -0.0700877   0.871267 -0.0297521   0.771368   0.926727  -0.648355  -0.104385   0.601183   0.518032
point 3 54 588.692 159.873 -0.642462  0.174673 -0.906049 -0.805658 -0.716442 -0.549663 -0.707533  0.199711 -0.918761  0.771581
point 4 56 597.285 192.161  0.286758 0.0716125  -1.01597  0.840306 -0.272583 -0.619466 0.0189109 -0.237588 -0.370082  0.350835
point 5 69 571.841 211.693  -0.332191  -0.799747   0.792703  -0.832077 -0.0634348  -0.490789  -0.594922  -0.413402   0.313393   0.890367
point 6 87 65.6178 189.652  0.759913  0.846542 -0.187845  0.895556 -0.682777 -0.666789 -0.510291 -0.240594  0.864088  0.266268
point 7 91 452.277 227.921   0.460485 -0.0474132  -0.859242 -0.0908346   0.908642   0.799545   0.281583   -0.41735  -0.521982  -0.477023
point 8 94 312.413 175.307  -0.731472   0.450966  -0.528802   0.150902   -1.03042   0.671282 -0.0786638  0.0549111   0.576044  -0.723037
point 9 99 417.463 149.053  -0.55123 -0.619639 -0.743644 -0.753117  0.193795 -0.859261 -0.882386 -0.746248  0.547047   1.01084
point 10 112 225.583 234.274  0.0326406  -0.741377  -0.771416  -0.871818  -0.459435  -0.942672  -0.934726 -0.0169725  -0.262811    0.13913
point 11 152  568.67 147.051 0.0984957  0.461326 -0.610048 -0.590753  0.935889 -0.507279 -0.119535  0.658959  0.765974  0.315342
point 12 162 204.461 83.9557   -0.591703    0.250232 -0.00905157    -0.79325   0.0901836   -0.936697    0.624829   -0.761886   -0.683849    0.150554
point 13 174 549.321 158.684  0.646856  0.165385  0.852344  0.143138  0.049988 -0.482582 0.0885548  -0.57726 -0.526285 -0.931537
point 14 177 364.935 177.615  -0.748952  -0.179803  -0.549562   0.452697   0.134373   0.124526 -0.0202172  -0.561585   0.515514  -0.275117
point 15 185 356.701 24.0081 0.0932916 -0.545529 -0.572314  0.359059 -0.224722  0.853432 -0.643441  0.906342 -0.206975 -0.120011
point 16 194 457.378 158.742   0.92309  -0.82368 -0.150605  0.753216 -0.704911 -0.688135 -0.124883  0.829259  0.631983 0.0798783
point 17 196 445.859 192.894  0.506624  0.514875 -0.878691  -0.94401  0.455462  0.954809   -0.7315 -0.759333  0.725905 -0.461893
point 18 207 423.397 236.527   -1.0044 -0.783608   1.04393   0.92196 -0.245914 -0.788097 -0.283926   0.53169 -0.592143 -0.726813
point 19 213 145.91 119.69   0.474834  -0.198485  -0.733485 -0.0105072 -0.0586875  -0.875877  -0.449602   0.731615   0.384099   0.192436
point 20 217 439.644 117.565 -0.409989  0.306322 -0.932399  0.185554  0.225103 -0.962557  0.682568 0.0834144 0.0107972 -0.792562
point 21 224 458.047 183.223   0.926899  -0.600737   -0.78605   0.427249   0.342122  -0.367751   0.362384   0.465636   0.121819 -0.0958074
point 22 237 429.132 195.438 -0.0462656   -0.93836   0.632288   -1.01225   0.205986   0.904952  -0.908724   0.200802   0.318942   0.129675
point 23 252   511.5 191.247  -0.406238 -0.0325646   0.714309  -0.135931   0.985313   0.873581  -0.109306  -0.194775  -0.897214  0.0671698
point 24 255 55.2098 173.154 -0.978277 -0.848077   -0.9275 -0.908434 -0.016254  0.920978  0.190269  -0.29164 -0.158017  0.335283
point 25 256 603.783 219.756 -0.702024 -0.685074 0.0356296  0.732277  0.566164 -0.861075 -0.514753 -0.633101  0.782114 -0.114116
point 26 261 541.417 201.502   0.826351   0.447372   0.971904  -0.279301  -0.210675   0.227755  -0.674133   0.929479  -0.364369 -0.0237363
point 27 279 247.353 163.365 -0.482184 -0.330664  0.201685  0.264761 -0.136767  0.734144  0.398277 -0.790964   0.89063  0.367891
point 28 289 340.779 164.309  0.829432 -0.453394  0.381763   0.97406 -0.838774  0.926037 -0.663705 -0.465703   1.01307 -0.271537
point 29 317 320.086 236.829   0.516781 -0.0440156  -0.602367  -0.146133   0.676701  -0.414831   0.491916   0.755875   0.671359  -0.841959
point 30 348 322.066 177.577   0.886113   0.133331  -0.753731   0.271913   0.389368  -0.255894   0.174802  -0.662425 -0.0402319  -0.956693
point 31 372 366.182 217.565  -0.171625   0.918615 0.00794938  -0.514578   0.963649   0.597544  -0.651276  -0.989398  -0.402375   0.195295
point 32 373 501.21 236.55  -0.439317   0.835574   0.021949  -0.386467   0.478583   0.536459 -0.0095017   0.716767  -0.343964  -0.837063
point 33 374 619.628 193.851  0.541671 -0.404942  0.290836 -0.639624   0.47555 -0.916366 -0.767606 -0.588839 -0.476729 -0.828781
point 34 403 496.452 199.604  0.184172  0.618734 -0.554847 -0.581228 -0.578944  0.502238  0.994716  0.650903  -1.03103  -0.63257
point 35 417 374.334 200.586  -0.81997  0.570161  0.101057  -0.48604  0.261495  0.536815 -0.763255  0.380987 -0.651804  0.285922
point 36 418 144.123 182.417 -0.965411  -0.05422  0.344089 -0.634171  0.915371   0.80515   0.92557 -0.797188 -0.637619  0.592147
point 37 427 188.995 82.2063  0.708003  0.938145  0.236497 -0.415968  -0.13992  0.867364   0.27127 -0.711902 -0.688696  0.620582
point 38 442 412.718  231.91 -0.176535  0.607184 -0.671439 -0.401062  0.591125 -0.587215 -0.274792 -0.348835 -0.618658  0.179727
point 39 444 591.569  170.74   0.556386  -0.886833   0.510044  -0.670954 0.00821178  -0.713863   0.925988   0.319749 -0.0801378   0.539655
point 40 446 619.753 140.944   0.555836  -0.787558   0.571264   0.873734  -0.990163   0.163266    0.94402   0.473082   0.487824 -0.0283266
point 41 481 534.918 225.719 -0.869191 -0.823679   0.40075 -0.576038 -0.252034 0.0805449 -0.167569 -0.801611 -0.397783  0.218372
point 42 482 533.231 214.771  0.529132  0.349994  0.248133  0.197643 -0.395071 -0.475962  0.219101 -0.270541  0.270555 -0.386469
point 43 509 525.176 200.208  0.328698 -0.925624 -0.344283  0.650693  0.799659  0.867505 -0.435013 -0.335013 -0.341664  0.938022
point 44 518 446.155 163.074 -0.929627 -0.917199  0.249651  0.858358  0.373212 -0.588827 -0.685175  0.647947 -0.429408  0.144219
point 45 550 173.363 191.425   0.256526 -0.0636618  -0.664789   0.483847  -0.364886  -0.478596  -0.913732    0.22574  -0.052351  -0.767704
point 46 571 563.155 108.606  0.844514  0.822845  0.324976  0.603238  0.323536 -0.721449  0.968521 -0.380535  0.556332  -0.31746
point 47 582 329.923 130.882 -0.0748196  -0.815299  -0.567408   0.953718   0.204418  0.0844357   -0.44732   0.245397   0.005675   0.753818
point 48 604 307.575 231.975   0.32038 -0.873044  -0.90204  0.483093 -0.609894 -0.861014  0.196394  0.115379  0.046171  -0.61785
point 49 608 312.236 198.365   0.707113    1.01487 -0.0964708   0.699752 -0.0565366   0.626177   0.395411   0.828479   0.138175   0.927436
point 50 612 309.835 173.372 -0.735912  0.490791  0.204258  0.286994  0.418174   0.99786 -0.895901  0.107077  0.652175  0.575269
point 51 619 303.806 117.724 -0.024613  0.967147  0.384656 -0.953889 -0.982576 -0.583073 -0.773556  0.291319  0.556569 -0.327737
point 52 621 238.975 147.018   0.822939 -0.0409532  -0.980385  -0.223468   0.215084   0.038159    -0.2932  -0.361758   0.167491  -0.291185
point 53 624 278.478 208.281 -0.0438762   0.708224  -0.727525  -0.631302   0.686363  -0.186524   -0.64606   0.178866   0.762365  -0.585951
point 54 632 289.962 232.183 -0.107284  0.221331 -0.287605 -0.674838 -0.589775  0.685377  0.268866  0.117481 -0.632125 -0.121593
point 55 673 555.061 238.054  -0.508305   0.675642 -0.0801637  -0.284948   0.519621 0.00497847   0.384609  -0.489982  -0.436417  0.0856503
point 56 698 361.399  219.52   0.369394  -0.468183   0.406895   0.392314   0.439161   0.534066  -0.875762  -0.389853 -0.0769516  -0.986134
point 57 731 625.102 223.032 -0.336397  0.346136  0.291737  -0.81212 -0.669796  0.913884  0.769783  0.825819  0.609737  -0.80492
point 58 737  237.86 156.292  -0.31452 0.0792032 -0.005232   0.53071 -0.788398 0.0837164 -0.866051  0.119714  0.545769 -0.140473
point 59 740 254.656  186.81   0.377649   0.780747   -1.00004    0.61856 -0.0750206   0.272843   0.717792  -0.457149    0.73904  -0.886067
point 60 743 582.391 216.844   0.185781  -0.600947   0.828529    0.32211   0.654125  -0.290621  -0.501836 -0.0577321   -0.28767  -0.484498
point 61 753 341.264 186.516  0.575731  0.542605  0.179945 -0.941763 -0.789359  0.887707   0.14452 -0.164209  0.716359  0.551111
point 62 754 349.921 167.394 0.00310811   0.440241  -0.336931   -1.00675   0.253252  -0.538911   0.831245   0.721101   0.314677  -0.337227
point 63 768  476.33 130.517 0.0772161 -0.188833  0.222845  0.394794 -0.749598  0.276452 -0.160863  0.411145  0.723925  0.613637
point 64 789 354.439 189.946  -0.688051  0.0499189   0.573812 -0.0264796   0.120466  -0.652346  -0.686366 0.00898363 0.00244943   0.321409
point 65 791 576.002 184.465  0.729238 -0.604038 -0.774054 -0.541226    1.0133  -0.45471  0.381448  0.585328  0.501635 -0.431019
point 66 801 608.423 198.704  0.504391 -0.388115  0.316598  0.502819 -0.388674  0.625163  -0.50958  0.671176 -0.222429 0.0399977
point 67 811 422.199 214.782    0.593899    0.670386 -0.00799265   -0.214607    0.329198    0.781944    -0.11632    0.371057   -0.577153    0.296016
point 68 839 371.725 209.233 0.0218729 -0.188674 -0.865461  -0.87102 -0.181079 0.0271836 -0.135852  0.317139  0.729369  0.117954
point 69 845 274.065 219.625 -0.0966675  -0.316341   0.913061   0.924249  -0.430376   -0.53638  -0.227226   0.483035   0.895214   0.862937
point 70 860 449.553  235.57 -0.774814 -0.838751  0.740714  0.592554 -0.815339  0.288485  -0.19483 0.0223878 -0.887128 -0.466151
point 71 889 145.173 220.008  -0.837709   0.266707    0.84118  -0.300389  -0.985589    0.41852 -0.0529332  -0.746441   0.724001   0.160147
point 72 935 553.722 225.488 -0.768579 -0.881288  0.217789  0.974173 -0.639045  0.464039  0.354828  0.808344 -0.713188 -0.088861
point 73 994 430.736   147.5  -0.314543 -0.0604116   -1.01719  -0.565956  -0.309554   0.482263  -0.273095   0.464121  -0.167563  -0.304726
point 74 996 317.582 163.185  0.211275  0.554293  0.442197   0.97103  0.638893 -0.864106 -0.146794  0.711095 -0.456878  0.576772

