seq: 242
gt_pose:  4.00348  3.56839 -1.18024
odom_pose:  4.23695  2.79828 -1.43303
point 0 3 310.757 178.272 -0.189501  0.824929 -0.460746 -0.314294  0.627941  0.862176 -0.833902  0.879624  0.069208 -0.839796
point 1 5 546.829 195.256  0.065602  0.292852  0.105622 -0.941454 -0.138414  0.859088  0.847413  0.447725 -0.425756   0.44964
point 2 14 552.701 195.888 -0.800051  0.040492  0.556716  -0.40898   1.02689  0.198179  0.746099  0.481688  0.219315 -0.933018
point 3 17 475.471 105.809   -0.42079    0.11375   0.426548  -0.731688  -0.104707   0.135582   0.904511 -0.0692519  -0.345826   0.678461
point 4 42 398.422 153.567 -0.00289648   -0.802701  -0.0298834  -0.0198877   -0.901013     0.65551   -0.225852    0.313094   -0.113128   -0.751547
point 5 50 91.6814 164.393  0.809432 -0.598572 -0.446067 -0.713188 -0.628321  0.234046 -0.600804 -0.740065 -0.527031  0.852063
point 6 57 455.551 195.413   0.35911 -0.347225 -0.541202  0.509165 -0.505034  0.399224 -0.976395  0.734863  0.715811  0.224247
point 7 64 453.859  181.86  0.864153  0.564405 -0.711102 -0.905265 0.0672799 -0.204687 -0.581857 -0.102461 -0.695181 -0.355867
point 8 75 37.4799 121.842 -0.646445 -0.915693  0.930368  0.592209 -0.776742  0.749191 -0.611597   0.98244 0.0554865  0.377571
point 9 78  636.49 203.023  -0.896806  -0.825366   0.597455   0.740036    1.00003  0.0500095  -0.467354  -0.671735  -0.279402 -0.0969445
point 10 87  218.48 231.976  0.754366  0.848837 -0.223593  0.947661  -0.65371 -0.634137 -0.523512  -0.23664  0.867505  0.272407
point 11 115 313.765 119.381  -0.692881  -0.775387   0.413783   0.474877 -0.0811135  -0.567967   0.884452  -0.469467  -0.515491   0.443067
point 12 119 457.504 220.509 -0.402368  -0.42859  0.846576 -0.342224  0.821779  0.462066  0.892638 -0.539905 -0.759072  0.427002
point 13 120 252.246 82.5322 -0.950205  0.173064  0.699121 -0.567004  0.628994  0.536533 -0.644854  0.312936 -0.953922  0.314762
point 14 123  614.81 128.581  0.156194 -0.794317 -0.198466  0.365405   0.80739  0.654513  0.211954  -0.26305  0.384642 -0.636747
point 15 146 619.145 173.937   1.00074 -0.562095 -0.657837   0.11389 -0.628418 -0.135537  0.978328 -0.543128  0.100235 -0.726713
point 16 162 215.362 182.889   -0.551404    0.258898 -0.00249874   -0.742487    0.133587   -0.955537    0.615123   -0.751093   -0.641303    0.184333
point 17 169 604.761 132.056  -0.538539   0.522166   0.714703  -0.228263 -0.0803322   0.482586   0.385299    0.49294   -0.68914  -0.514489
point 18 179 483.636 192.391 0.0505483 -0.878001  0.107183  0.821574  0.696733  0.371682 -0.356249 -0.818499 -0.195203  0.834182
point 19 184 524.501 213.942   -0.207365    0.505182   -0.403268 -0.00825935   -0.634653   -0.326391    0.127072   -0.344531   -0.408716    0.331117
point 20 185 272.367 170.965 0.0742282 -0.596065 -0.549695   0.36424 -0.298843  0.906201 -0.683155  0.854364 -0.208992 -0.110863
point 21 198  426.47 237.364  0.927466  0.582594 -0.295213 -0.570354  0.956998 -0.808607  0.849557 -0.935229 -0.688304  0.340473
point 22 202 456.676 122.769 -0.551042 -0.189509  0.226992  0.378828  0.148635  0.789315  0.652257 -0.214727  0.105029 -0.169831
point 23 213  160.73 175.514   0.525786  -0.184204  -0.723271 -0.0938573 -0.0820076  -0.858952  -0.383933   0.769008   0.355447   0.134426
point 24 255 133.264 209.716  -0.967562  -0.780672  -0.899096  -0.919667 -0.0365542   0.855806     0.2184  -0.331209  -0.120993   0.384207
point 25 259 375.648 212.945  0.146541  0.634849 0.0515632  0.457363 -0.468009 0.0656465 -0.701425  0.483363 -0.916246 -0.543657
point 26 270 25.8473 216.847 -0.507046  0.486114 0.0806688 -0.746635 0.0387733  0.122457  0.424827 -0.183483 -0.888051 -0.872627
point 27 276 183.714 239.226   0.495951  -0.702746   0.121615  -0.120154   0.284972 -0.0705067   0.263798   -0.61816  -0.437816   0.776361
point 28 277 556.485 180.033 -0.547183 -0.830929  0.244697 -0.836792   -0.9143  0.151782 0.0816751   0.52668  0.367775 -0.919016
point 29 280 435.77 228.24  -0.225731   0.141703   0.512391  -0.164888  -0.309149  -0.329971   0.799176   0.856888 -0.0769554   0.731139
point 30 290 373.738  187.84  -0.64057  0.863835  -0.78568 -0.463641 -0.632994  0.478911 -0.938905 -0.818392  0.611769 -0.954233
point 31 296 485.065  151.61 -0.0540338  -0.631431  -0.381319   0.264328  -0.210073   0.583082  -0.692003   0.955596 -0.0141821  -0.363236
point 32 301 575.551 204.452  0.126315 -0.484002 -0.959864  0.447885 -0.913008 -0.675253   -0.5896  0.463226 -0.769618 0.0499265
point 33 313 447.112 129.553 0.0881335  0.378006  0.124961  0.110843  0.494212  0.653058 -0.405182 -0.574712 -0.116309  0.407735
point 34 316 362.627 187.489   -0.605269   -0.763589   -0.937733   -0.465555   -0.482189 -0.00488187   -0.421912   -0.158799   -0.317103   -0.723856
point 35 319 439.757 172.039 -0.920705  0.273123  0.629661 -0.208252 -0.720386  0.181838  0.669473 -0.366188 -0.937444  0.351747
point 36 325 329.562  167.27 -0.213875 -0.330537 -0.638212  0.128096   0.22835 -0.385643 -0.244104 -0.489773 -0.547389 -0.940707
point 37 340 161.317  79.288  0.465212 -0.401259 -0.721317   -0.1102  0.766397 -0.134314 -0.709611 -0.470875  0.494067 -0.364174
point 38 341 138.496  208.33 -0.730495 0.0716297  0.288985 -0.365919  0.315454 -0.356248  -0.77221 -0.720367  0.853888 0.0303757
point 39 353 410.309 129.642  -0.548429  -0.266061     1.0167  -0.277772  -0.274505   0.337359 -0.0314466  -0.555497  -0.471232    0.13652
point 40 359 546.195 165.153  -0.0865625   -0.206398    0.610369    -0.53298    0.677287 -0.00382373    0.185373    0.189473   -0.543871   -0.252899
point 41 364 601.522 208.407   0.066303    0.82643   0.639655  -0.626475   0.879638  -0.552268  -0.598248  -0.924411  0.0577587 -0.0568516
point 42 398 477.514 225.728   -0.7836  0.883731 -0.677117  0.464424   -1.0038  0.553161  0.698104  0.833238  0.317285 -0.693641
point 43 401 87.7022  188.82 0.0201921  0.504881   0.29331 -0.464547 -0.556129  0.234837  0.691761  0.857074 -0.905431 -0.585485
point 44 407 141.077 216.087  -0.754498   0.972188  -0.923338   0.640035   -0.83682 -0.0410937   0.688214  -0.953187  -0.347808  -0.472201
point 45 418 223.872 228.487   -0.928626 -0.00152292    0.342316   -0.617761     0.90684     0.72819     1.00983   -0.783461   -0.665508    0.623772
point 46 425 596.956 239.943 -0.393803 -0.339758  0.392996 -0.467267 -0.558964 -0.661361 -0.121287 -0.939319  0.866634  0.812821
point 47 427  202.17 174.293   0.767715   0.878436   0.288294   -0.42198 -0.0927707   0.862461   0.260103  -0.684826  -0.677449   0.661431
point 48 448 445.235 208.015  0.833376 -0.413739  -0.84354 -0.677278 -0.303823  0.742617 -0.413647 -0.728581  0.584254 -0.391927
point 49 456  225.94 155.097  0.241774  -0.53737  0.525502 -0.492641 -0.343352  0.684042 -0.585272 -0.738968 -0.812037 -0.940414
point 50 463 425.326 167.441   0.526992 -0.0787261  -0.321156   0.497653  -0.786576    0.22841   0.996172  -0.803442  -0.710962  0.0444974
point 51 469 471.519  163.14 -0.133519   -0.8574   0.99122   0.93194 -0.124589 -0.474579 -0.843416  0.820258  0.220918 -0.942651
point 52 470 540.601 238.516   0.426423 -0.0458984  -0.654664   0.916287  -0.330074    0.89556  -0.380149   0.179448    0.43237   0.721417
point 53 475 547.017 228.655 -0.977605  0.136505 0.0396991  0.537713 -0.270404 -0.390786 -0.129999  0.015166 -0.693371 -0.316372
point 54 512 213.893  135.68 -0.671358 0.0907116  0.738433  -0.38813  0.536643  -0.86585  -0.25367  0.167053 0.0839621 -0.468994
point 55 519 540.271 110.749  0.348232  0.420728  0.612535  0.123179   0.66879 -0.847787 -0.857802  0.913733   -0.3183  0.467722
point 56 529 590.956 196.147  0.493565 -0.407111 0.0609565 -0.330858  0.647605 -0.140814 -0.864378  0.801352 -0.199434 -0.414614
point 57 533 328.205 179.536 -0.670216 -0.212154  0.644699 -0.304397 -0.735794 -0.782658  0.552532 -0.212007  0.634506 0.0154294
point 58 556 50.9391 195.818  0.963372  0.969202 -0.326662  0.518235  0.929645 -0.233942  0.471738 -0.686166  0.876977  0.206321
point 59 564 165.142 187.837 -0.617107 -0.198331  0.239907  -0.51347 -0.137338  0.533832 -0.476431 -0.928733 -0.779176  0.990911
point 60 568 630.522 209.379 -0.923086 -0.678426   1.02548 -0.609848  0.363423  0.530536 -0.928125 -0.845987 -0.750249  0.188667
point 61 573 481.391 149.929  0.862297 -0.227604  0.222823 -0.468126 -0.243641 0.0635645 -0.647998 -0.998142 -0.282289  0.643743
point 62 588 350.443 230.972 -0.235732  0.072008 -0.376114 -0.658319  0.569576  0.575644 -0.530075  0.349401 -0.127084  0.097989
point 63 605 91.6935 193.005   0.920061   0.519246  -0.400513   0.331953   0.205561    -0.3855 -0.0359756 -0.0943496   0.909538  0.0937292
point 64 632  250.76 237.665 -0.0737083   0.154437  -0.261532  -0.687645  -0.567352   0.685501    0.25696  0.0601017  -0.714599  -0.109591
point 65 646 338.416 224.445  -0.38445  0.661778  0.800062  0.819379  0.412965 -0.760345 -0.378731  0.845785  0.326383  0.445955
point 66 667 558.027 146.507 -0.979061 -0.603999  -0.19646 -0.580634  0.790801 -0.710536 -0.537884   0.75405  0.541488  0.449341
point 67 668  20.742 7.38801 -0.610911  0.763877 -0.734333 -0.385661 -0.462267   -0.1842  0.177892 -0.514787 -0.872854  -0.51163
point 68 681 370.599 207.924 -0.269817  0.580973  0.202903  0.414047 -0.763317  0.178363 -0.819147  0.427899 -0.139949 -0.876379
point 69 695 554.866 215.775    0.733599   -0.221379    0.382336   -0.437811     0.50471  -0.0140917    0.886678 -0.00375182    0.523224    0.815116
point 70 709 393.906 219.736  0.986583 -0.874732 -0.976702 -0.933985  0.492802  0.803674  0.758284  0.469613  0.201745 -0.444901
point 71 737 227.242 208.499 -0.401187 0.0990195 0.0289195  0.600252  -0.77808  0.157408  -0.88242  0.121127  0.504686 -0.148459
point 72 739 104.772 217.342  0.955493  0.207716 -0.472893 0.0365826  0.752453  0.169864 -0.875158 -0.201895 -0.243914 -0.703344
point 73 749 130.227 197.542   -0.67261   0.199201   0.657451  -0.686472   0.497736 -0.0349926   0.688555   0.134728  -0.298517   -0.14168
point 74 771  358.57 225.808  0.197141 -0.438361  0.742667  0.992374 -0.590319  0.874402   0.70006 -0.265962 -0.435447 -0.663729
point 75 777 519.085 189.101  -0.582851   0.645213  -0.326114  -0.418433   0.580489  -0.248404  -0.350964   0.597313 -0.0610536  0.0520956
point 76 778 221.435 217.979 -0.0923559  -0.658919  -0.809869   0.723147  -0.488576  -0.893061  -0.385238   0.255823  -0.385185  -0.687168
point 77 794 611.605 202.527  -0.380587   0.407205  -0.276809  -0.599298 -0.0143174   0.701881   0.473197   -0.46536   0.115593    0.53493
point 78 797  544.56 191.059  -0.771608  -0.715454   0.709509  0.0331348   -0.15932  -0.535655 -0.0355865   0.492164 -0.0954695  -0.358608
point 79 804 333.771 115.507  -0.825543  -0.723091  -0.705859  -0.574092    0.58009   0.680686 -0.0694288   0.457001  -0.588546   0.162853
point 80 809 186.891 133.116 -0.286432 -0.946733 -0.912402 -0.313101 -0.582226 -0.147575  0.793645  0.797989 -0.217401 -0.239699
point 81 815 447.001 158.334  0.102104  -0.19599  0.952318 -0.266911  0.752994  0.591824 -0.368325 -0.590535  0.776701  0.852476
point 82 817 41.7547 106.365 -0.248684  0.526284  0.837368  0.549414  0.581449 -0.069103  -0.64445   0.64461  0.566157 -0.905979
point 83 819 541.417 211.129 -0.513701  0.387274 -0.717102   0.77586  0.919854 0.0153542  0.295758   0.74878  -0.43261 -0.102261
point 84 837  345.07 69.1959 -0.0803289  -0.186944   -0.54614  -0.294829  -0.758652   0.132345   -0.47864  -0.381046   -0.79996   -0.44307
point 85 841 629.531 153.998  0.170113  0.918467 -0.945275  0.901859 -0.363848 0.0607096  -0.25807 -0.158618   0.19285  0.531813
point 86 846 146.821 192.216   0.473779   0.328125   0.361614  -0.877805  -0.920731 -0.0638314  -0.734603  -0.304458  -0.344558   0.235136
point 87 867 475.375 203.608    1.00335  0.0992561  0.0910195   0.612672  -0.458547 -0.0520669  -0.729769  -0.369287   0.681942 -0.0494306
point 88 882 416.857 207.225 -0.481777  0.957819 -0.645202  0.574772   0.50142 -0.190318 -0.926263 -0.778008 -0.539786  0.640393
point 89 886 366.348 68.1187 -0.346464 -0.854762  -0.46072 0.0798601  0.359615  0.946941  0.868211  0.912667 -0.747234 -0.798913
point 90 889 175.339 230.867  -0.808407   0.253553   0.813166  -0.329228  -0.973892   0.450707 -0.0461789  -0.767749   0.736754    0.10282
point 91 892 312.294 153.829   0.347015  -0.870672  -0.688206   0.760124  -0.755099   0.693471  -0.654042   0.184923   0.831005 -0.0322581
point 92 898 292.419 230.576    0.809517    -0.56587    0.306936 -0.00983421    0.091253   -0.286679    0.496837   -0.487247   -0.107945    0.441175
point 93 920 135.628 93.0892 -0.876127  0.661695  -0.36664 -0.386409 -0.450077 -0.150834  0.859334 -0.821755   0.95253 -0.555413
point 94 926 138.899 200.271 -0.796913 -0.755969  0.867822 -0.848713 0.0338754 -0.569602 -0.406332 -0.721085 0.0964586  0.582581
point 95 928 410.558 159.816 -0.198247  0.880546 -0.810164 -0.946649 -0.272268 -0.591297 -0.673687 -0.347813 -0.487341  0.285843
point 96 936 590.575 150.708 0.00121163  -0.363405  -0.430154  -0.355585   -0.50594   0.936224  0.0446064  -0.671574  0.0893598  0.0820931
point 97 939 332.957 181.186 -0.442773 -0.746554  0.612976  0.879074  0.182491 -0.894624 -0.715413   0.69939  0.125343  0.796503
point 98 942 612.128 216.167  -0.78435 -0.314024  0.584453 -0.538581  0.231842 -0.206391 -0.711695 -0.984985  0.945578  0.436761
point 99 963 442.488 183.051 -0.031526  -0.83741 -0.383267  0.447187  -0.88683  0.277365  0.937575 -0.905385 -0.176887  0.525189
point 100 965 614.422 164.356    0.923609    0.647736    0.517111  -0.0487474 -0.00125098   -0.480777    0.119889    0.578609    0.899868    0.267486
point 101 971 441.102  198.92   0.698504 0.00888242    0.25869  -0.670515     1.0079  -0.048603   0.326017   0.920802   0.738358  -0.169367
point 102 989  615.42 232.735  -0.678914   0.300605   0.493908  -0.635952 -0.0964656  -0.592603   -0.13101   0.540881   0.562676  -0.516221

