seq: 335
gt_pose:  0.24689 0.465365  1.95864
odom_pose: -1.27153 0.366353  1.83872
point 0 4 137.919 181.659  -0.306143  -0.878387  -0.928934 -0.0465013  -0.884737  -0.510255   0.920358   0.769368    0.72772  -0.475181
point 1 7 576.211 88.6036  -0.072605   0.855582  -0.212874    0.62402   0.328333   0.816623 -0.0790715  -0.555367   0.893545   0.861306
point 2 21 572.301 157.464   0.501573   -0.46606  -0.305352  -0.594653   0.951866  -0.998039    0.65053  -0.327312  -0.633711 -0.0899323
point 3 27  167.14 194.893 -0.0708391  -0.649498   0.746418   0.286657  0.0594825  -0.564897   0.113633  -0.194458   0.694246  -0.236831
point 4 30 185.789 182.548  -0.741966   -0.86434  -0.861121 -0.0496861   0.538866   0.426083  -0.135318  -0.778701   0.184187   0.179871
point 5 31 476.812 140.273  -0.437303   0.782398 -0.0170479  -0.620869   0.200255  0.0144164   0.222144   0.218937  -0.510036   0.683797
point 6 37 582.538 218.513 -0.984131 -0.961623 -0.379384 -0.432897  0.323022  0.699302 -0.624299 -0.356493  0.322015  0.755766
point 7 39 436.335 151.806  -0.548572   0.885116  0.0832763   0.834064 0.00566061   0.112657   0.837413     0.6457   0.668875   0.203063
point 8 58 208.065 235.079   0.71501 -0.454856 -0.518525 -0.854736 0.0629781  0.779442  0.234537 0.0305728  0.619022  0.902281
point 9 63 290.919  194.94  0.243672  -0.70007 -0.876144  -0.24118 -0.692147  0.343367 -0.734065  0.758686  0.199309 -0.603923
point 10 68 411.401 238.952  0.202692  0.313281 -0.984733  0.487348  0.186237 -0.698837  -0.67914 -0.612226  0.574391  0.712137
point 11 73 90.2303 137.492   0.763144  -0.147021   0.780761   0.328765 -0.0413236 -0.0542108  -0.386254  -0.552081  -0.486839   0.108685
point 12 77 605.308 228.129   0.115734  -0.974607   -0.41741  -0.571959   0.353273 -0.0826429  -0.508888   0.259722  -0.585208   -0.29855
point 13 86 105.802 183.569   0.828657   0.322937   0.762507  -0.464017  0.0924508  -0.730371    0.61462  -0.574062  -0.768974 -0.0676907
point 14 88 182.465 235.198 -0.288845 0.0189212  0.353709  -0.94215  0.344448   0.19184   0.36175 0.0634361  0.792696 -0.471785
point 15 93 176.565 188.194  0.756831 0.0528669  0.177668 -0.777077  0.881995 -0.326866  0.155785 -0.864625  0.603567 0.0647529
point 16 101 266.606  191.61  0.636913 -0.255071  0.335832 -0.735434 -0.248963  0.875789 -0.336314 0.0138988 -0.891982  0.888886
point 17 103 436.096 222.843  0.408011  0.126121    0.4844 -0.115109 -0.246795  0.114211  0.675648 -0.837454  0.378157 -0.512615
point 18 105 146.257 188.174   0.496808  -0.946124   0.511321  0.0561585  -0.190683  -0.026056  -0.873498  -0.756956   0.866313 -0.0443756
point 19 106 631.849 233.542 -0.254111  0.940697  0.110473 -0.165472  0.421108  0.144786  -0.17919 -0.953104  0.531804 -0.127711
point 20 111 174.607 211.535 0.0712813  0.946587 -0.918453 -0.979526 -0.134426  -0.34143  0.954453 0.0828058  0.220606  0.473928
point 21 125 119.791 218.566  -0.103858   0.935508  -0.611175   0.698045   0.903342   0.520935    0.94237  -0.325412 -0.0964129   0.755411
point 22 130 619.06 168.25  0.779262  0.293809 0.0210591  0.981892  0.536176 -0.247484  0.987002 -0.916968 -0.462671 -0.524008
point 23 156 596.383 43.1086   0.300336   0.518272  -0.678285   0.407688   -0.85758   0.927796   0.150093  -0.693467  -0.973756 -0.0516112
point 24 157 614.635  236.92  0.024531 0.0839761  0.605345  0.478856 -0.764846 -0.947052  0.297209  0.565598 -0.750769  0.523385
point 25 181 321.963 202.019   0.798029   0.576905  -0.186057  -0.201785  -0.179123   0.809314 -0.0494737   0.978413   0.654155  -0.285805
point 26 186  254.4 118.08 -0.380491 -0.392089  0.345657  0.378186  0.887388 -0.972305 -0.108764 -0.547885  0.145545  0.304806
point 27 209 266.731 235.082 -0.281097  0.173624 -0.351908  0.328333 -0.824785 -0.282743  0.655263 -0.830474 -0.307936 -0.700603
point 28 219 25.4051  237.71  0.184782 0.0226082 -0.274543  0.895646  0.100479  0.348881  0.247967   0.11958 -0.455102 -0.552963
point 29 226 385.152 160.222  0.0116905   0.508081   0.513637   0.634383   0.961817   0.499847  -0.920791  -0.873339 -0.0536535   0.446456
point 30 233 249.195 229.893 -0.174205 -0.453236  0.119456  0.300557  0.373385 -0.224482 -0.958601  0.209872 -0.934541  0.405816
point 31 240 579.897 48.7496 -0.492807 -0.590782  0.565228  0.821067  0.841335  0.701158 -0.535374 -0.712107 -0.984148   0.68959
point 32 251 193.162 207.057 -0.0181752   -0.55076   0.195988  -0.845436  -0.458335 -0.0987382  -0.436172   0.266325 -0.0966674   0.369719
point 33 303 360.046 131.443   0.140624  -0.764923  -0.584591  -0.924788 -0.0834986   0.531919  -0.413734 -0.0566775 -0.0537902  -0.362434
point 34 304  617.68 76.1429  0.524949 -0.601407 -0.410047 -0.363938   1.01294  -0.21827  0.748896  0.493732 -0.588001 -0.416879
point 35 307 222.218 224.633  0.179381  0.887744 -0.281333  0.638631  0.704028  0.838579 -0.106306 -0.510981 -0.813661  0.528852
point 36 310 594.065 161.512  0.551157  0.167082 -0.611303 -0.806164  0.698571 -0.213542 -0.903773  -0.32782  0.775561 -0.643027
point 37 320 510.657 230.644  -0.127502   0.702076   0.974808  0.0170827    0.59861   0.121912 -0.0356424  0.0109553   0.159115   0.274813
point 38 321 306.054 188.444  0.0901877  -0.731124 -0.0160009  -0.976782   0.995331  0.0636575   0.281029   0.525549   0.769634   0.562094
point 39 346 316.831 160.457   -0.575092    0.931179 -0.00754191   -0.826232   -0.218363    0.519628  -0.0246514    0.892213    0.799286   -0.133171
point 40 362 107.504 168.666 -0.194224 -0.926243 -0.774165 -0.376101 -0.431672  0.697383  0.176267   0.47339   1.01413  0.902977
point 41 405 312.147 159.074  -0.161132  -0.990749   0.826608   0.699378  -0.180927 0.00454528   0.354899   0.346597   0.471039   0.785514
point 42 406 309.438 207.052 -0.221538  0.888433 -0.720848 -0.497064 -0.870064  0.238325  -0.45875  0.373475  0.826716  0.411042
point 43 411 590.181 229.908     0.48847    0.937271    0.862554    0.969555    0.380973   -0.603264    0.895374   -0.343233     -0.8742 -0.00650875
point 44 428 129.951 150.675 -0.528121  0.045927  0.544143 -0.886542 -0.239503  0.530445  0.249914 -0.415282 -0.182192  0.108658
point 45 441 118.427 177.431  0.856344    0.2166  0.704459  0.766545  0.730893 -0.146037 -0.645295 -0.993624 -0.904874  0.654033
point 46 449  639.53 144.297 -0.0305506  -0.349131   0.851006  -0.477864 -0.0875466  -0.586722   0.576683 -0.0449436  -0.364928  -0.168483
point 47 450 440.946 188.064    0.393047    0.195045     0.63653    -0.61321    0.955035    0.480526 -0.00844891   -0.833321     0.87712    0.707973
point 48 454 612.358  56.948 -0.944615   1.01635  0.688527 -0.415202  0.634233  0.778846  0.838022 -0.589303  0.427041  0.315617
point 49 458 477.924 204.408 -0.763628  0.224168 -0.736346  0.358077   0.55919   0.39669  0.781526 0.0927214  0.912602 -0.553939
point 50 486 99.5861 212.276 -0.902604  0.538166  0.936137 -0.419192   1.00477  0.820811  -0.73148  0.945057 -0.879908 -0.408542
point 51 487 610.727 171.633 -0.810502    1.0403 -0.716961 -0.905394 0.0546305   0.59857 -0.341403 -0.873816  0.351802 -0.150626
point 52 494 98.5598 143.083  0.432526 -0.111795 -0.287351  -0.96223  0.026713 -0.838158   0.47796  0.368438 -0.202046 -0.961579
point 53 495 437.676 48.3596   0.231174   0.646783  -0.153814    0.45058  -0.431174  -0.637512    1.02814  -0.566836 -0.0513723   0.149732
point 54 496 156.083 233.669   -0.929096   -0.743626    0.615475     0.29488    0.849366 -0.00925898   -0.796979   -0.408697  -0.0239706    0.245161
point 55 499 311.798  193.53    0.87663  -0.447139   0.328096  -0.646048   0.113666  -0.135017 -0.0790534  -0.244926   0.719986   0.280654
point 56 506 479.401 148.492  0.0777876   0.276019 -0.0212149  -0.557558  -0.922018  -0.628092  -0.697501  -0.576458   0.729377    0.49491
point 57 516 598.159 214.257   0.170404  -0.564582  -0.776741  -0.832885  -0.140275   0.644161  -0.661651 -0.0190444  -0.853372  -0.548684
point 58 517 573.224 185.714   -0.422729 -0.00544606   -0.796374   -0.528564    0.317147    0.166306  -0.0810409   -0.764863    0.645386   -0.509749
point 59 520 392.407 190.362 -0.337607 -0.847756  0.352875  0.388098   0.86561  0.381985  0.388274   0.18511  0.313449 -0.174912
point 60 527 120.532 235.293  0.777136  0.450186 -0.874772  0.994951 -0.480168  -0.42692  -0.11894  0.771529  0.628589  0.723414
point 61 539 254.156 153.389  0.844041  0.097219  -0.91831 -0.689428  0.432622 -0.288781  0.914958 -0.703534  0.244845  0.186927
point 62 544 318.119 206.803 -0.121087 -0.275414  0.723514 -0.102435 -0.741087  0.975322 -0.981221  0.348641 -0.446585 0.0142029
point 63 563 49.6564 189.488 -0.044948 -0.437852  0.334835 -0.366404  0.728545  0.422979  0.311017  0.457075 -0.718835  0.331556
point 64 578 452.238 168.886 -0.0457291  -0.203346  -0.242279   0.279098   -0.79374   0.546816   0.125458  -0.983646  -0.111003   0.174057
point 65 587 45.0936 162.861  0.777486  -0.38739 -0.316556  0.655771  0.226127 -0.226871  0.322273 -0.890556  -0.49512 -0.371376
point 66 596 314.777  188.32 0.0612725   -0.4863  0.452476  0.180126  -0.07628 -0.473402  0.652202  0.110754   0.55287  0.907093
point 67 599 382.091 195.884 -0.462625  0.242679  0.672746   0.19567 0.0383642  0.957422 -0.105653 -0.110252 -0.127369  0.501885
point 68 613 180.344 158.562  0.771221  0.900179   1.02804 -0.745853 -0.733717  0.184607 -0.175303 -0.422935 0.0412398  0.866505
point 69 622 387.622 112.216  -0.465092  -0.948264   0.468061 -0.0631774  -0.958263  0.0543207   0.671705   0.948632  -0.198821  -0.626357
point 70 627 591.007  142.87 0.0648301  0.935997 -0.648445 -0.516332   -0.7723  0.354461 -0.766377 0.0463547  0.333159   0.60846
point 71 628  572.47 212.853 -0.656474 -0.114646  0.124587 -0.346957 -0.246371  0.913009  0.577584 -0.339347  0.462398  0.822859
point 72 631 140.335 227.052    -0.840861    0.0219692    -0.700962 -0.000398721     0.321227   -0.0596038    -0.234438    0.0466259    0.0250096    -0.302122
point 73 645 108.776 232.843 -0.898034  0.813014 0.0081279  0.275529  0.194031  0.927871  0.358976 -0.398351 -0.327912  -0.23748
point 74 662 203.651 209.813  0.325711 -0.293847 -0.348188 -0.828345 -0.289889  0.858229  0.515734  0.992092  -0.71368  0.722888
point 75 669 406.338 235.897  0.518598  0.684603 -0.676033 -0.419253  0.198576 -0.702654 -0.037547  0.936416 -0.196281 -0.312746
point 76 670 74.6404 196.157   0.810405  -0.306221  -0.925007  0.0410581 -0.0830108  -0.495963  -0.145831   0.109574  0.0697976   0.418811
point 77 678 470.604  179.45 -0.827379 -0.951457 -0.394235 -0.381375 0.0220862 -0.962585  -0.92608 -0.108649  0.308546 -0.382997
point 78 683  172.59 172.312   0.271212   0.147345   0.591722  -0.832485   0.772773  -0.718362   0.744591 -0.0594731   0.767654   -1.02257
point 79 689  116.76 101.117  0.834525 -0.433938 -0.463033 0.0228688  0.774171    0.1525 -0.740173 -0.312714  0.866809  0.896073
point 80 694 41.1132 221.971  -0.770381  -0.772961 -0.0416893  -0.434324   0.945543   -0.35871  -0.178318    0.86331   0.727398    0.46795
point 81 704  579.62 194.057  -0.38417 0.0748067  0.381879 -0.200886 -0.543857  0.803829  0.574494 -0.956853 -0.469526  0.673458
point 82 723 623.673 237.433   0.125698  -0.879556 -0.0436452    0.12227  -0.328667  -0.438126  -0.328133   0.736567   0.126356  -0.701031
point 83 725 249.292 201.408  -0.80395 -0.763487 -0.742507 -0.907218  0.304592  0.396232 -0.836813 -0.739757 -0.412958  -0.23515
point 84 726 175.771 129.637  0.946771  0.507385   0.52961 -0.657899  0.288485  0.630321 -0.818398 -0.900216 -0.843029 -0.810251
point 85 732 88.0403 177.063     0.235076     0.695104    -0.895751    -0.328509     0.167335     0.866913    -0.903412 -0.000383078     0.661839     0.579587
point 86 736 44.4705 151.425 -0.0342454  -0.954425  -0.219508  0.0702043  -0.328224  -0.240804   0.463106   0.599038  -0.916797    1.00677
point 87 798 220.142 166.397  -0.46547 -0.880224  0.920106  0.579926  0.448729  0.615848  0.644613  0.883404 -0.933884  -0.56097
point 88 800 217.116 166.513   0.535004   -1.00094  -0.523605  -0.125381   0.827593 -0.0103109 0.00536924   0.745988   -0.50153  -0.451007
point 89 805 307.818 20.0746  0.316769  0.795065  0.519989 -0.179516 -0.819836  0.797531 -0.159487  0.892149 -0.762026  0.265748
point 90 806 495.957 236.159   0.793934 -0.0475854  -0.576059  0.0505307  -0.639375  -0.357425   0.411797  -0.386526  0.0920457  -0.126246
point 91 832 326.865 184.603  0.688726  0.991549   -0.3675  0.658816  0.763902 -0.470631 -0.652207  0.847633 -0.755471 -0.827283
point 92 847 379.665 211.499  0.127071  0.431644  0.379033  0.999628 -0.750557 -0.739277 -0.327424 -0.855654 -0.780502  0.184961
point 93 854 329.652 218.626    0.621382    0.182357     0.40266   -0.759099   -0.158862    0.992834 -0.00380765    -0.07604    0.282332    0.939138
point 94 856 282.455 191.148 -0.0165331   0.655189    0.37977  -0.607373   -0.49334 0.00104099   0.520666   0.890379    0.23019  -0.599506
point 95 858  260.54 132.654   0.53349  0.244234 -0.171904 -0.125995  0.738759   0.90633 -0.433002  0.117071 -0.752498 0.0113987
point 96 868 597.316 197.837   0.686099   -0.34265  -0.848969 -0.0415333   -0.65567  -0.381572   0.905841  -0.900342 0.00725429   0.554832
point 97 873 8.14711 129.584  0.347989 -0.506433 -0.972096  0.936804  0.887454  0.308901 -0.845286 -0.762792 -0.578002  0.298064
point 98 877 415.979  191.83 -0.731146  0.914113  0.781045 -0.949821 -0.153206 -0.993862  0.863298 -0.651883  0.432039  0.393216
point 99 881 488.538 65.3503  0.355763  0.612724  0.462013  0.613235  0.405234 -0.805797  0.176192 -0.778951 -0.387514 -0.529449
point 100 883 203.545 101.118  -0.258988  -0.236354  -0.700087   0.955992   0.283863   0.558818   0.594549  -0.289174    0.25301 -0.0150243
point 101 896 65.2174 211.677   0.481393   -0.54425    0.41955   -0.78202   0.931395  -0.799599   -0.40389  -0.122334   0.849449 -0.0594338
point 102 900 85.3117 167.816  -0.638574  -0.431128   0.602553   0.473556   0.451976   0.390512   0.909803  -0.261085  -0.519694 -0.0343753
point 103 937 318.884 232.874 -0.492441  -0.56911 -0.553579 0.0308574  0.505828 -0.203937  0.125025 -0.282001 -0.259836   0.48437
point 104 946 141.764 178.015  0.242128  0.915049 -0.433799 -0.796942  0.529362 -0.827089 -0.303461 -0.718989  -0.46432 -0.609977
point 105 967 348.728 119.131   0.245276 -0.0904419   0.396123   0.938257    0.11905   0.339082   0.567419  -0.380646  -0.765772  -0.440637
point 106 968 500.206 119.724   0.101044   -0.35794  0.0778687 -0.0200418   0.980681  -0.176013  -0.686822 -0.0643831  -0.607194   -0.96373
point 107 972 458.764 176.245 -0.701034 -0.505575  0.940011 0.0260665  -1.02151 -0.529584 -0.714835 -0.297444 -0.690703  0.656425
point 108 980  230.51 212.501  0.550773 -0.211918  0.554446 -0.545308  0.549173  0.361812 -0.806126 -0.218843   0.32541 -0.695879
point 109 997 504.868 230.397   0.993408  -0.986466 -0.0907035   0.810357  -0.476135  0.0575639   0.599308  -0.823415  -0.261184   0.580491

