seq: 326
gt_pose: 0.928608  -1.2033  1.95864
odom_pose: -0.792193  -1.28021   1.88474
point 0 7 444.529 166.415  -0.157495   0.877603  -0.241272   0.601493     0.3922   0.826477 -0.0673032  -0.547889    0.87699   0.839843
point 1 21 447.494 198.292  0.541842 -0.436994 -0.318787 -0.586005  0.959124  -1.00709  0.621186 -0.310158  -0.57756 -0.092031
point 2 31 375.818 204.501  -0.375123   0.754444 -0.0922519  -0.705451   0.200931  0.0853542   0.224576   0.227031   -0.56152   0.699133
point 3 36 491.422 235.576 -0.151723 -0.291139  0.456914  0.562508  0.362137 -0.701306 -0.920968 -0.848651  0.334847 -0.585035
point 4 37 466.376  228.02  -1.02394 -0.984871 -0.413543 -0.431117   0.29894  0.731487 -0.656185 -0.312684  0.327941   0.73555
point 5 44 584.159 140.282  -0.570842   0.220053   0.851554   0.470038   -0.10982 -0.0868747   0.679194   0.906525   0.918462   0.797361
point 6 53 517.403 206.839  0.769404  0.310923 -0.283294 -0.939767  0.559616  0.596914  0.400265  0.353304  0.772855 -0.357878
point 7 61 580.802 160.409  0.136418  0.461218  0.457408  0.850316 -0.823155  0.583443  0.864419 -0.781509 -0.487441 -0.506549
point 8 63 302.282 212.546  0.244045   -0.7377 -0.813094 -0.246416 -0.679579  0.358607  -0.78749  0.735897  0.154951 -0.624042
point 9 68 363.661 239.499  0.181344  0.374451 -0.919317  0.519351  0.240079 -0.724054 -0.664403 -0.614699  0.592225  0.650757
point 10 70 36.8279 182.698  0.832447 -0.749166 -0.410309  0.101717  0.310809  0.781353 -0.496444  0.391311  0.258775  0.615735
point 11 73 175.922 175.722   0.811225  -0.142485   0.765437   0.332203   -0.03799 -0.0572399  -0.443781  -0.576871  -0.483844   0.164849
point 12 77 483.523 233.196 0.0608088 -0.990582 -0.470455 -0.666479  0.341933 -0.128963 -0.529076  0.259079 -0.535342 -0.315743
point 13 88 238.699 237.162   -0.277302   0.0397666    0.390388   -0.948416    0.265929    0.212915    0.387499 -0.00610574    0.758002      -0.567
point 14 89 519.804  233.73  0.530746 -0.621265 -0.356358 -0.324712  0.233738    -0.652 -0.556206 -0.971568  -0.71548 -0.133921
point 15 106 514.537 235.972  -0.16868   1.01579 0.0449892 -0.138721  0.472639  0.143207 -0.167459 -0.986413  0.484466 -0.117476
point 16 109 291.065 201.023  -0.455337   0.887845  -0.848657  -0.442483   0.465731 -0.0579264   0.718251   0.626667  0.0143449   0.284864
point 17 110  548.47 68.3363  0.870143  0.950887  -0.61913 -0.359105  0.034465 -0.713788 -0.578918  0.551017  0.750518  0.179221
point 18 111  262.82 228.805  0.111073   1.00474 -0.841721  -0.96475 -0.184544 -0.330872   0.95509 0.0543552  0.188829  0.490131
point 19 113 533.983 192.257 -0.0707655  -0.533869   0.584817  -0.905107   0.481677  -0.333476  -0.874103   0.647081  -0.305961 -0.0615935
point 20 132 502.419 170.553   0.199639  -0.880701  -0.894227 -0.0683076   -0.77477   0.900361   -0.85974   0.285177    0.81035   0.714362
point 21 134 603.151 159.552 -0.312454 0.0541791  0.432464   0.85328  0.669918 -0.335113  0.900342  0.804578  0.555276 -0.822221
point 22 148 511.472 103.835 -0.0789733  -0.287993  -0.229098   0.519123 -0.0616819  -0.226495    -0.9388   0.235363   0.958819  -0.667588
point 23 156 406.893 178.098  0.295461  0.599422 -0.721533  0.369501 -0.829211  0.943991  0.134484 -0.717976 -0.897319 -0.106379
point 24 158 522.778 153.027   0.481516   0.428578   0.317403  -0.278956 -0.0710148  -0.380436  -0.777102   0.159273   0.974652  -0.595184
point 25 159 466.369 170.743  0.221661 -0.999228 -0.864545  -0.12575  0.060126  0.106929  0.932538 -0.308038 -0.365492  -0.72681
point 26 161 569.355 171.815  0.485842  0.944258 0.0234266 -0.478391 -0.440426 -0.806146 -0.432786 -0.301602  0.101545  0.599196
point 27 165 440.667 111.918   0.517103  -0.786994   0.452475   0.586708  -0.736806   0.651774   -0.66658   0.850061   0.416954 0.00581091
point 28 166 185.716 181.845 -0.631168  0.336028 -0.639643 -0.505691 -0.704694  0.289629 -0.697071 0.0917015  0.141401 -0.641648
point 29 169 622.954 139.026 -0.619055  0.438111  0.696574 -0.213956  -0.11715  0.468821  0.322545  0.477896  -0.66785 -0.544797
point 30 175  300.98 143.092 -0.343612  0.580719  0.298674 -0.577947  0.676632  0.678951  0.896433  0.910893  0.615694 0.0960704
point 31 176 391.542 191.769  -0.702048   0.815693  -0.122138 0.00141862   0.382676   -0.41336   -0.89859   0.235029   0.665475    0.15927
point 32 186 282.402 170.124  -0.323457  -0.432584   0.274491   0.389742   0.853117  -0.951245 -0.0843326  -0.503921   0.139972   0.295386
point 33 216 45.9332 38.8948  -0.639179  -0.907291   0.892708   -0.79569  -0.576211  -0.815585  -0.319098  -0.238551 -0.0457277   0.860795
point 34 233 277.475  233.93 -0.129189 -0.432424  0.191974  0.275548  0.364093  -0.19412 -0.956141  0.177668 -0.868571  0.353756
point 35 240 421.087 165.612 -0.538943 -0.600021  0.617181  0.808856  0.822233  0.742543 -0.497652 -0.755776  -1.02093  0.659512
point 36 245 178.133 108.229 -0.631571  -0.44255  0.415234 -0.719228 -0.484313  0.406013  0.851565 -0.677507   0.16934  0.766725
point 37 251 272.642   227.7  0.0520221  -0.498607   0.154497  -0.804314  -0.432794  -0.138959  -0.519007   0.244489 -0.0909688   0.386249
point 38 302 116.406 192.567  -0.75838 0.0427998  0.544085  0.669526 -0.115307 -0.628743  -1.00565  0.192781  0.164714 -0.197954
point 39 303 333.513 203.367   0.189468  -0.785634  -0.586439  -0.961649 -0.0430454   0.492855  -0.402884  -0.114756 -0.0477322  -0.436593
point 40 304 475.189 154.576  0.516689 -0.599558 -0.457834 -0.343022    1.0258 -0.222342  0.659103   0.58518 -0.491808 -0.395843
point 41 315 581.886 205.239 -0.806516 -0.320509 -0.905317 0.0940681 -0.376491  0.169894 -0.550543  0.801226 -0.691894  0.958085
point 42 331 42.2951 201.472  -0.421362  -0.211782  -0.252243   0.139221 -0.0425551    0.94099   0.856416  -0.533012   0.815737    0.89153
point 43 343 602.964 224.104 0.00374381  -0.957196  -0.317305  -0.813203  -0.220647 -0.0542438   0.241805  -0.904295   0.607161  -0.476938
point 44 352 153.773 161.914   0.535549   0.376042   0.457524  -0.768265   0.527674   0.662476   -0.61964   0.567979 -0.0888223   0.825106
point 45 367 562.019 18.2842    -0.67411   -0.852014    0.861256   -0.454615   -0.486775     0.64262   -0.380777 -0.00132166   -0.529841   -0.834475
point 46 387 314.521 161.321  0.723018 -0.710253  0.548762  0.976808 -0.783543 -0.141453 0.0479285 -0.969721  0.622736  0.664866
point 47 397 26.5041 163.027  0.717569 -0.338334  0.526551  0.207038  0.604755  0.829725  -0.64041  0.633515  0.851471 -0.744415
point 48 428  202.84 184.934 -0.434207 0.0481342  0.609049 -0.892139 -0.269369  0.499923  0.247627 -0.393078 -0.194127  0.161879
point 49 454 452.913  156.78 -0.873303  0.996509  0.647109 -0.469484  0.622684  0.756112  0.759052 -0.640248  0.386624  0.369214
point 50 460 113.153 200.488  0.795336 -0.538327 -0.349223   0.40033 0.0758799  -0.15075 -0.397131  0.270442 -0.747918 -0.877807
point 51 467 32.3577 217.669 -0.432396 -0.728865  -0.10875 -0.293986  0.934556  0.310864  0.423637 -0.167451 -0.590648 -0.767729
point 52 488 40.1026 160.526  0.889335  0.559609 -0.466629  0.174205 -0.702666 -0.415456 -0.320206 -0.698076  0.148051  -0.32059
point 53 491  343.61 175.168 -0.819051  0.857491 -0.297742  0.601835  -0.51251 -0.142502  0.501518 -0.290261  -0.29944  0.752519
point 54 494 194.579 185.108  0.408311 -0.111372 -0.306449 -0.945077 0.0645504 -0.827781  0.565576  0.344451 -0.236546 -0.953022
point 55 495 375.007 150.418   0.234682   0.666529  -0.156501   0.442602  -0.433562  -0.632244    1.02214  -0.636852 -0.0660264  0.0899416
point 56 499 314.837  210.75   0.858458  -0.464574   0.327725  -0.667222   0.199984  -0.121505 -0.0748097  -0.160357   0.719955   0.319872
point 57 506 390.782 199.365  0.0877795   0.286918 -0.0648652  -0.602367  -0.966175  -0.629044  -0.671064  -0.615947    0.69054   0.490373
point 58 514 156.755 135.837  0.460441 -0.786967 -0.861151 -0.504267 -0.978521 -0.501307  0.630444  0.852194  0.163961  0.172154
point 59 521 620.165 189.004  -0.857903  -0.372693   0.624724   0.137733  -0.268503 0.00375109  -0.400217  -0.644501  -0.839956  -0.714372
point 60 541 180.585 224.347  0.362388 -0.839346  0.851891 -0.282193  -0.63746  0.733955  0.748191  -0.61525  -1.00085    0.2324
point 61 549 625.873   236.1  0.756195  -0.44368  0.919199  0.876177 -0.178373  0.319441 0.0612844  0.520877  0.410667  0.743378
point 62 552 70.5848 158.627   0.831986  -0.170433   0.828305 -0.0964934   0.472325  0.0929477   0.746791   0.726315   -0.40307  -0.578889
point 63 578 388.534 203.144 -0.00542636   -0.191653   -0.262549    0.191692    -0.74131    0.481277   0.0333176   -0.919645  -0.0822045    0.138787
point 64 581 607.454 239.432 -0.729189 -0.535906 -0.301852   1.00549 -0.990587 -0.121813 -0.117175  -0.73045  0.882329 -0.150216
point 65 587 145.528 191.043  0.782152 -0.386002 -0.330199  0.723962   0.21402 -0.277562  0.315703 -0.894885 -0.467135 -0.378004
point 66 591 446.313 184.861  0.950287 -0.682345  0.640405  0.131285 -0.466862 -0.297351  0.906816   0.19609 0.0629352  -0.51708
point 67 596 317.016 210.483   0.0577447   -0.538207    0.477301     0.17938 -0.00864365   -0.382795      0.6815   0.0824875    0.614232    0.859668
point 68 599 357.328 213.478   -0.37318   0.219738   0.726742   0.109135   0.097853   0.958462  -0.169535   -0.10098 -0.0798696   0.565123
point 69 603 534.537 173.044  0.968492  0.638865  0.754622  0.311279 -0.775418  0.366975 -0.903016  0.839437 -0.565062  0.626338
point 70 607 72.3895 233.698  0.871934  0.412874 -0.351373 0.0989351 -0.338214 -0.442806 -0.429905  0.227268  0.949069  0.728555
point 71 610 168.864 71.7884 -0.192167 -0.218231  0.707752  0.656475  0.447227  0.412926  0.670828  -0.58231  0.171584 -0.442689
point 72 622  360.08 164.261   -0.420822   -0.938256     0.44468  -0.0753273   -0.952289 -0.00578238    0.675195     0.94335   -0.248085   -0.697945
point 73 623 16.3909 149.969  0.506277 -0.499489  0.587432 -0.521626 -0.280847  0.405189  0.389291 -0.197288 -0.777624 -0.319308
point 74 627 489.891  179.11   0.0882626    0.872198   -0.652006    -0.49507   -0.798946    0.375141   -0.853004 -0.00867163    0.308156    0.641309
point 75 631 216.826 232.565   -0.80033  0.0162714  -0.659791 -0.0832499    0.40338  -0.112458  -0.277392  0.0322676 -0.0331269   -0.29434
point 76 644 299.233 133.103  -0.463399  -0.146261  -0.561744 -0.0365737  -0.185628  -0.751689   0.812981  -0.906544   0.859207   0.461299
point 77 650 70.7662 223.588  0.754943  0.189644  0.688983 -0.540491   1.02059  -0.24641  0.868648  -0.80332  -0.17996   -0.9154
point 78 655 541.382 210.395 -0.079483  0.655364  0.452086 -0.609494 -0.613564 -0.460258 -0.939188 -0.689097 -0.889701  0.877439
point 79 658  500.38 216.159  0.328573 0.0326718  -0.13817 -0.309686  0.153907  0.984719  0.597403  0.609007 -0.748409  0.547605
point 80 680 2.41655 224.929 -0.0242185 -0.0294172  -0.962492  -0.370257  -0.176377   -0.76334   -0.23222   0.388822   -0.15913   0.745821
point 81 687 99.6439  225.04  -0.386167   0.263926 -0.0131628  -0.214678   0.705016   0.425434   0.538254  -0.447906   0.155857  -0.531309
point 82 689  205.57 161.805   0.861491  -0.497412  -0.507641 -0.0255478    0.74465   0.149338  -0.723161  -0.234386   0.858322   0.937431
point 83 691 83.4929 91.0654  0.585627  0.975673  0.185319 -0.269095 -0.887368    0.1346  0.331091 -0.402846 -0.969349 0.0293452
point 84 717 589.995 176.363   1.01117  0.646833 -0.951819 -0.275282 -0.393875 -0.655882 -0.607037  0.704343 -0.376329  0.708139
point 85 725 274.807 215.334  -0.75882 -0.713994 -0.772408 -0.875736  0.269542  0.423996 -0.845546 -0.765677 -0.436509 -0.213329
point 86 726 250.987 187.192  0.934015   0.49415  0.490876  -0.70912   0.27153  0.649297 -0.804013  -0.90309 -0.905992 -0.868384
point 87 727 44.6283 221.517    0.111951   -0.950854    0.625787   -0.666994   -0.260714     0.87246   -0.430884 -0.00374376    0.879746    0.898181
point 88 736 155.686 187.178 -0.0601363  -0.948847  -0.216181   0.114412  -0.291164  -0.272527   0.435077   0.627366   -0.97444   0.955194
point 89 750 76.0872 234.118 -0.352175 -0.464648  0.507874  0.296215  0.245932  0.597212 -0.632856  0.721598  0.667435 -0.242376
point 90 805  314.74 145.059  0.363348  0.756793   0.50352 -0.207652 -0.865649   0.79581 -0.229914  0.885331 -0.821298  0.220017
point 91 806 409.922 238.037    0.882468 -0.00585592   -0.573486   0.0856931   -0.725728   -0.295333    0.366704   -0.379075   0.0578558  -0.0581705
point 92 873 139.189 175.982  0.318872  -0.57799  -0.95015   1.03111    0.8544  0.323381  -0.76192 -0.768284 -0.532327  0.314645
point 93 876 240.051 5.66378  0.458503 -0.700513  0.917231 -0.170657 0.0310684  -1.02358 -0.943834  0.355115  0.876945  0.332749
point 94 878 483.089 231.049     -1.01013 -0.000363439     -0.97212    0.0188787   0.00681502     0.468845      0.35118    -0.145756    -0.705421    -0.587588
point 95 880 279.801  133.73 -0.643307 -0.524975 -0.270221  0.663688  0.542504 -0.229447 -0.282884  0.578588   0.79133  0.647933
point 96 881 379.827 178.003  0.339674  0.576141  0.428348  0.600893  0.338131 -0.847717  0.198811 -0.757164 -0.403754 -0.533882
point 97 883  292.77 207.527 -0.221693 -0.229401 -0.754957   1.00778  0.313277  0.646266  0.570455  -0.35497  0.188907 -0.058491
point 98 905 573.012 126.053  -0.96296  0.117703  0.501582 -0.426751  0.629423    0.2439 -0.821504  0.606062 0.0648085  0.200695
point 99 910 561.264 172.846  -0.923703   0.602157   0.412579 -0.0387402   0.649252   0.436095  0.0424943   0.642166   0.811072   0.409112
point 100 916 96.6128 172.379 -0.321083  0.231842  0.259266 -0.439779 -0.698947 -0.485766   0.71564  0.304384  0.916622 -0.029842
point 101 927 507.766  105.92 -0.0702312   0.856547     0.5956   0.420565   -0.89454    0.39987 -0.0646121  -0.424743   0.768394   0.923961
point 102 929 403.058 147.544 -0.805085 -0.302082 -0.239246  0.169191  0.240218  0.683464 0.0533811 -0.159264 0.0648603  0.156373
point 103 937 319.331 235.731 -0.460039 -0.659384 -0.517655 0.0602481  0.472893 -0.196182  0.110484 -0.282135 -0.251025  0.559434
point 104 944 177.742 97.9069    0.52598  -0.455449  -0.292395  -0.599662   0.720135 -0.0215763   0.163359   0.349987   0.493236  -0.626046
point 105 967 333.729 182.232   0.194008 -0.0498774   0.368031   0.905079   0.145728   0.329887   0.534663  -0.401176    -0.7498  -0.426892
point 106 968 423.107 171.182    0.037294   -0.409566    0.101339  -0.0478679    0.958446   -0.185477   -0.706893 -0.00115992   -0.616792    -0.97499
point 107 978 114.585 175.964  0.888252  0.635089  0.256262  0.911938 -0.848482  0.349055  0.074175   0.37751 -0.638779  0.407474
point 108 979 476.661 109.811 0.0566101  0.454985 -0.137058  0.475197  0.194771  0.357553 -0.573981 -0.136614  0.632049 -0.266707
point 109 989 613.113 235.262  -0.710537   0.328471    0.52706  -0.554904 -0.0803144  -0.537055  -0.138234   0.475245   0.549719  -0.503526
point 110 997 419.808 234.815    0.96702  -0.938024 -0.0316479   0.879731  -0.401282  0.0395566   0.602975  -0.833774   -0.20487   0.593888

