seq: 193
gt_pose: 0.814094  3.33217 0.289141
odom_pose: 0.915948  2.49753 0.248285
point 0 0 632.569 188.909   0.570757   0.825473  -0.643047    -0.2866    0.52079  -0.457454  0.0685414 -0.0561203   0.238593  -0.238768
point 1 3 530.093 183.256 -0.205935  0.816915 -0.453731 -0.338919   0.61908  0.806435 -0.852233  0.865311 0.0477523 -0.804105
point 2 15 243.228 175.131  0.722811  0.626517  0.942579  0.526795  0.811157  0.927108   0.31698 0.0220756 -0.691795  0.641062
point 3 21 387.067 51.4258  0.531204 -0.419095 -0.307499 -0.628978  0.965827   -1.0253  0.683298  -0.32934 -0.616965 -0.167639
point 4 36 460.666  228.45 -0.209217 -0.325451  0.480957  0.622798   0.31203 -0.697394 -0.896828 -0.858216  0.384955 -0.641619
point 5 37 295.92 207.28   -1.0093 -0.948802 -0.391932 -0.454702  0.339688  0.667125 -0.605604  -0.35512  0.364254  0.720361
point 6 40 60.3572  159.71 -0.357708  0.707862  0.194802  0.251968   0.51941  0.514432  0.583793 -0.495152  0.230048 -0.108266
point 7 44 578.482 89.0524  -0.571778   0.221142   0.797872   0.457746 -0.0446344  -0.165624   0.729896   0.922373   0.919736   0.790406
point 8 49 398.838 165.868  -0.739131  -0.453861   0.746422  -0.270158    0.83138   0.456241 -0.0485874  -0.439435   0.866418  -0.775974
point 9 53 324.244 186.293   0.80562  0.309771 -0.328417 -0.906242  0.576175  0.646041  0.404437   0.35059  0.777034 -0.395819
point 10 61 285.022 162.583  0.144577   0.48023  0.476412  0.833342 -0.768017  0.543903  0.888321 -0.779142  -0.41454 -0.553994
point 11 75 388.254 212.132 -0.689042 -0.874678  0.897158   0.54226 -0.790422  0.682772 -0.582375   1.02184 0.0970623  0.362065
point 12 77 284.025 225.616 0.0451049 -0.986547 -0.470036 -0.615296  0.431929 -0.126436 -0.536456  0.308372 -0.539575 -0.291867
point 13 82 371.153 176.591   0.955602 -0.0902054  -0.264192  -0.314072   0.859374   0.789667  -0.805437   0.844908   0.775071  -0.642713
point 14 89 297.926 230.534  0.536943 -0.612693  -0.39004 -0.343763  0.251952 -0.642739 -0.514497 -0.921598 -0.747066 -0.191392
point 15 106 259.725 234.109  -0.203868   0.968498  0.0915524 -0.0734899   0.476533   0.179766  -0.199701  -0.989899   0.470318  -0.153951
point 16 113 614.231     136   0.0122051   -0.614152    0.552803   -0.933497     0.49775   -0.335095   -0.940476    0.654153   -0.281849 -0.00170993
point 17 115 498.183 152.392 -0.679341 -0.744525  0.474186  0.537088  -0.10414 -0.528754  0.913257 -0.467935 -0.441076  0.465321
point 18 120 435.006  174.35 -0.950269  0.142884  0.641099 -0.545089   0.61147  0.621469  -0.69318  0.296724 -0.930217  0.306154
point 19 130 232.198 178.289   0.80537  0.228222 0.0120022   1.02908   0.47255   -0.2697  0.961644 -0.920528 -0.493014  -0.57746
point 20 134 330.451  164.09 -0.343143 0.0665683  0.452312  0.904537  0.651004 -0.311305  0.972601  0.763941  0.565784 -0.784996
point 21 140 354.447 186.428 -0.525489 -0.148429  0.589213 0.0629337  0.826271 -0.770047  0.333386 -0.581477 -0.405823  0.869628
point 22 157 237.176 237.197 -0.019789  0.153921  0.639272  0.502795 -0.732137 -0.936879  0.238677  0.562086  -0.75803  0.516903
point 23 158 377.297 92.1363  0.447027  0.424211  0.352124 -0.293596 -0.124125  -0.36463 -0.767935  0.178422  0.949821 -0.575509
point 24 161 284.781 169.204  0.416411  0.926598 0.0242915 -0.463666 -0.396044 -0.806117 -0.413137 -0.289944 0.0169805  0.633165
point 25 170 373.096 236.742  0.172343 -0.361927   0.21386  0.126266  0.738866 -0.154553 -0.905728  0.725772  0.484554  0.695728
point 26 177 579.857 200.508  -0.762535  -0.184877  -0.477995   0.456858   0.160693  0.0832871 0.00564559  -0.612619   0.533552  -0.342152
point 27 180 130.691 152.536 -0.182066 -0.510553 -0.695743 -0.750691  0.156031  -1.04827 -0.135238 -0.156135 -0.151063 -0.237781
point 28 185 531.026 169.831 0.0386713  -0.58113 -0.487494   0.32368 -0.222254  0.914422 -0.675847  0.852203 -0.235801 -0.163399
point 29 190 117.348 228.006   0.372562   0.676317 -0.0927062    0.75801   0.459326   0.487373  0.0407754  -0.825742   0.376055  -0.457985
point 30 191 165.599 217.094  -0.936086   -0.82634  -0.886257   0.741385 0.00487282  -0.954507  -0.301977 -0.0111531  -0.760548   0.568172
point 31 214 109.699  179.92  -0.696274  -0.491709  -0.679541  -0.138198    0.17409 -0.0703682   0.764996  -0.766387 -0.0381472  -0.416492
point 32 239 86.6211 180.005 -0.384619 -0.938799 -0.829734  0.165669   0.57969  0.147065  0.229656  0.269886  0.165132 -0.608466
point 33 264 68.7923 170.283   0.948083  -0.161921  -0.316349 -0.0727767   0.249789   0.720997  -0.794289    0.88291  -0.823096   -0.86139
point 34 276 424.991 239.668   0.519302  -0.686307  0.0310814 -0.0279565   0.210483  -0.057581   0.297562  -0.629272  -0.490865    0.70876
point 35 304 334.038 19.0779   0.49769 -0.606569 -0.426857  -0.37803  0.982579 -0.203196  0.741827  0.582714 -0.576522 -0.450244
point 36 310 220.299 164.473  0.549762  0.180933 -0.645361 -0.766976  0.646377 -0.227058 -0.844902 -0.320945  0.810928 -0.630678
point 37 315 404.376  198.39   -0.8078 -0.409028 -0.908372  0.149353 -0.414599   0.21422 -0.578445  0.797312 -0.723407  0.899351
point 38 320  172.55 221.171  -0.0912001    0.694653     0.98324  -0.0634256    0.577094    0.199981 -0.00107648  -0.0176289    0.226166    0.320858
point 39 324 107.979 173.845 0.0907347  0.406047 -0.732061 -0.467019   0.65894 0.0474154   0.42041 0.0996585  0.278244  0.325802
point 40 325 458.704 205.237 -0.160487 -0.314699 -0.656948  0.149425  0.180439 -0.378689 -0.240562  -0.47505 -0.565891  -1.01137
point 41 340 420.127 172.629  0.469481 -0.391006 -0.730901 -0.112359   0.80387 -0.138624 -0.709614 -0.479815  0.563694 -0.401361
point 42 343 336.648 224.817  0.027288 -0.971906 -0.401202  -0.86094 -0.212229 -0.128778  0.328669 -0.857046  0.588098 -0.443323
point 43 353 539.952 152.591  -0.579014  -0.235374   0.986583  -0.327093  -0.322489    0.35933 -0.0738132  -0.599939  -0.434538  0.0756511
point 44 372 587.818  224.75  -0.224462   0.870697 -0.0158292  -0.548287   0.980447   0.573867  -0.618216   -0.94332  -0.423531   0.244234
point 45 396 423.325 149.653   0.21071 -0.758391  0.905575  0.687741 -0.395142 -0.338726 -0.805773 -0.408061   0.35488  0.667404
point 46 439 86.3026 192.775   0.24966 -0.437609 -0.771112  0.258033   0.39402   0.73816 -0.356948  0.218627  0.145061 -0.131357
point 47 440 146.117 151.523 -0.908782 -0.960743 0.0708019  0.939975 -0.536719   0.46505  0.760114 -0.203978  0.445314 -0.590638
point 48 442 623.666 234.663 -0.241255  0.566134 -0.706689 -0.328942   0.55743 -0.533334 -0.315778 -0.313196 -0.667588  0.183365
point 49 449  248.39 161.047 0.00194173  -0.407101   0.811436  -0.546012 -0.0354509    -0.5777   0.582462 -0.0300331  -0.348893  -0.172256
point 50 456 454.116 189.945  0.175167 -0.585579  0.506284 -0.504491  -0.37716  0.667756 -0.541948 -0.744795 -0.837921 -0.924619
point 51 458 87.2243 152.323 -0.823673  0.163922 -0.778853  0.352885  0.517272  0.456188  0.755565    0.1035  0.920143 -0.557564
point 52 487 226.596 179.691  -0.830688   0.959911  -0.762119  -0.871232 0.00685822   0.677112  -0.382371  -0.920817   0.311841   -0.20601
point 53 512 452.264 177.717  -0.66053 0.0638714  0.788452 -0.357621  0.533552 -0.945492 -0.291502  0.206989 0.0181232 -0.470564
point 54 517 201.646 184.317   -0.35257 -0.0547379  -0.832131  -0.514083   0.393977   0.137126 -0.0875432  -0.802823   0.661498  -0.437557
point 55 533 620.985 155.535  -0.730037   -0.17918   0.551704  -0.300855  -0.719189  -0.750445   0.552754  -0.235815   0.688365 -0.0436492
point 56 569 115.576 191.081 -0.0218879  -0.672728   0.380476   0.187787  -0.236012   0.467686   0.399517  -0.558771   0.934666  -0.398792
point 57 581 369.097 239.438 -0.664507 -0.513622 -0.266283  0.930158 -0.940047 -0.113569 -0.118481 -0.723342  0.930816 -0.101692
point 58 588 632.789 227.418 -0.219017 0.0384462 -0.407854  -0.58602  0.545741  0.572028 -0.608082  0.292606 -0.136901  0.144483
point 59 603 320.432  146.13   1.00843  0.541323  0.725307  0.268287 -0.850942  0.440252 -0.878925  0.773039 -0.579125  0.689254
point 60 627 247.147   129.3 0.0884895  0.956976 -0.673913 -0.541342  -0.83733  0.361982  -0.85093 0.0590003  0.305847  0.582599
point 61 628 207.403 210.903  -0.67663  -0.15435  0.140087 -0.406078 -0.227591  0.871207  0.581091  -0.39616  0.517739  0.797599
point 62 640 95.4337 214.994 -0.00962214    0.736636    0.866682    0.450836    0.198923   -0.395055     0.56794   -0.278813   -0.168833   -0.271478
point 63 646 627.806 218.173 -0.384765  0.604356  0.737618  0.736963  0.394491 -0.761731 -0.308087  0.850571  0.313933  0.487326
point 64 655 609.562 179.251 -0.0624097   0.691226   0.497306  -0.625362  -0.567049  -0.482934  -0.939372  -0.647163  -0.843083   0.833933
point 65 658  597.08 171.956   0.328071   0.104281 -0.0636335  -0.340519   0.195155    1.01027   0.615947   0.597739  -0.751488   0.485903
point 66 678  62.091 88.8813 -0.807523 -0.863663 -0.401292 -0.413687  0.073137 -0.917589 -0.911711 -0.110028  0.295252 -0.345286
point 67 704  209.95 193.137 -0.412921  0.151815  0.416198 -0.217546 -0.460783  0.822777  0.533165 -0.926638 -0.518255  0.708047
point 68 717 309.134 178.278  0.931047  0.648103 -0.890921 -0.220138 -0.343376 -0.722649  -0.64356  0.686984  -0.36423  0.657603
point 69 768 605.586 194.802 0.0265364 -0.221099  0.205814  0.360222 -0.723717  0.250263 -0.231471  0.382541  0.698002  0.612592
point 70 778 456.606 226.435 -0.140993  -0.65321 -0.757036  0.702318 -0.538742 -0.849718 -0.365702  0.326959 -0.419206 -0.754821
point 71 804 430.806 200.448  -0.782859  -0.712124  -0.691009  -0.594224   0.533715   0.663981 -0.0985101   0.415754  -0.596289   0.117533
point 72 809 432.214 188.267 -0.251913 -0.926361 -0.968129 -0.234646 -0.521196 -0.154769  0.818384  0.833875 -0.200995 -0.216219
point 73 837 507.824 115.416 -0.144883 -0.248772 -0.471815 -0.306295 -0.786119  0.158259 -0.436482  -0.40099 -0.875246 -0.483383
point 74 839 594.548 218.699 -0.0186355   -0.20014  -0.800404  -0.838727  -0.260972  0.0490069 -0.0582301   0.293038   0.707669  0.0722304
point 75 846  392.59 231.455   0.507817   0.315696   0.392674  -0.880912  -0.908812 -0.0944227  -0.731585  -0.222343  -0.418357   0.187082
point 76 853 79.6619 155.419  -0.416021   0.819313  -0.623114 0.00225987   0.162406  -0.760739  -0.312043  -0.394742   -0.81424  -0.702126
point 77 866 382.475 183.807  -0.506297 -0.0999471   0.763543  -0.600795   0.641354  -0.246587  -0.111605   0.356737  -0.480732    0.87396
point 78 868 226.235 199.073    0.637271    -0.42927    -0.83338 -0.00517407   -0.665704   -0.405325    0.899167   -0.875588  -0.0159686    0.564531
point 79 878 533.724 211.485 -0.938626 0.0606354 -0.928426 0.0160317 -0.042528  0.493981  0.355554 -0.173593 -0.762609 -0.580104
point 80 886 470.277 153.769 -0.332854 -0.878174 -0.517911 0.0299723  0.357989  0.966183   0.92621  0.873647 -0.729448 -0.807523
point 81 892 564.069 143.901   0.326199  -0.876012  -0.676547   0.705189  -0.738415   0.665082  -0.642063   0.115269   0.893334 -0.0521687
point 82 897 41.0122 137.717  0.267078    0.8763  0.955732  0.587777  0.179281 -0.821631 -0.135471 -0.248703 -0.872975  0.278184
point 83 898 490.498 233.242  0.820961 -0.620007  0.297764 0.0444197 0.0872284 -0.297478  0.570333 -0.533273 -0.157764  0.432458
point 84 901 130.193 208.076 -0.716597  0.452371 -0.969162  0.773244  0.752967 -0.403675 -0.711044  0.315965 -0.128703 -0.593483
point 85 905 406.017 96.1905 -0.982333  0.092985  0.427809 -0.369999  0.705465   0.32072   -0.8626  0.617634 0.0180198  0.187858
point 86 907 92.4199 216.577 -0.709529 -0.921868 -0.921685  0.572401  -0.83939 -0.822193 -0.350738  0.625712 -0.265218 -0.667863
point 87 910 435.591 144.715  -0.941423   0.635722   0.502806 -0.0176163   0.656368   0.432568  0.0931561   0.547598   0.734164   0.330255
point 88 911 364.204 197.022 -0.994817 -0.389151 -0.792202  0.701512 -0.967251 -0.118938 -0.999701 -0.168359  0.470364 0.0740882
point 89 920  396.15 207.324 -0.939974  0.661917  -0.30168  -0.36188 -0.397622 -0.219445  0.797825  -0.80084  0.963639 -0.532487
point 90 926 405.787 227.498 -0.780778 -0.788137  0.868881 -0.913567 0.0464347 -0.520187 -0.418387 -0.707752 0.0766288  0.553219
point 91 928 553.372  171.39 -0.121359  0.852365 -0.787849 -0.923788 -0.265533 -0.530683 -0.697778 -0.326503 -0.481564  0.335894
point 92 939 499.882 198.554 -0.461119 -0.752393  0.607776  0.843153  0.231616 -0.904565 -0.767094  0.636424  0.151261   0.76059
point 93 947 35.0924 110.981 -0.323832  -0.90493  0.854107 -0.548919 -0.579849  0.933904  0.621411 -0.768913 -0.861663  0.696732
point 94 972 10.1482 20.4495   -0.684055   -0.541226    0.952297 -0.00416413   -0.977596   -0.514804   -0.748481   -0.347092   -0.673028    0.731485
point 95 997 352.996 185.463   0.988156   -0.90624 -0.0747761   0.853997  -0.389878  0.0517391   0.628328  -0.911212  -0.192081   0.582575

