seq: 150
gt_pose: -7.41276  2.72248 0.874384
odom_pose: -7.24755  1.28361  1.09028
point 0 8 184.193 213.225 -0.092902  0.210793 -0.398954  0.569608 -0.429478 -0.110419 -0.517167 -0.665677 -0.449337  0.151532
point 1 13 11.7161  113.34 -0.942765  0.827963  0.220486   -0.6774 -0.661384  -0.17038  0.786715  0.686465 -0.326826 0.0568387
point 2 27 490.941 140.466 -0.0401281  -0.670302   0.776025   0.272764  0.0151169  -0.627324   0.104378  -0.184188   0.697525  -0.203483
point 3 29 137.857 189.195  -0.869331  -0.070952    1.00228   0.437089  -0.599792 -0.0172645   0.697147    -0.8531  -0.756677   -0.21923
point 4 30 503.223  144.67   -0.68889  -0.853868  -0.846352 -0.0541612   0.516708    0.39331 -0.0882326  -0.796145   0.185505     0.1889
point 5 31 598.766 216.929  -0.423928   0.818697 -0.0500472  -0.632907   0.232141  0.0779652   0.272292   0.144332  -0.492803   0.681704
point 6 41 223.133 143.646  0.755723  0.351057 -0.172109  0.212983  0.187297   0.32257  0.051082 -0.693032  0.198472   -0.9659
point 7 58 486.006 232.985  0.671263 -0.461445 -0.526255 -0.881463 0.0473068  0.745886  0.254045 0.0572548  0.624554  0.905368
point 8 63 520.864  208.23  0.177804 -0.740655 -0.858765 -0.220403 -0.749242  0.361143 -0.771008  0.722653  0.208227 -0.588315
point 9 67 290.455 212.842  -0.20285 -0.802011  0.578105 -0.239055  0.536584  0.874048   0.66621  0.628922  0.394833  0.228503
point 10 68 558.682 239.623  0.141797  0.334914 -0.894817  0.507352  0.212711 -0.707226 -0.700395 -0.613683  0.514783  0.732176
point 11 88 597.956 235.059   -0.210426 -0.00954764    0.381189    -1.00332    0.260516    0.258793    0.339452   0.0506951    0.821847   -0.471774
point 12 93 552.793 164.352  0.678805 0.0819376   0.16698 -0.838138  0.852585 -0.362057  0.171247 -0.944761  0.580826 0.0697026
point 13 95  230.24 113.981 0.0903922 -0.376533 -0.528585 -0.640065 -0.950722 -0.736898  0.492132  0.279576 -0.593119  0.403864
point 14 97 178.019 216.106  0.906833  0.928191 0.0989068  0.401639  0.789894 -0.776893  -1.04565 -0.712113 -0.429307 -0.901293
point 15 100 332.663 166.279  0.101933  0.557133 -0.176983  0.220414 -0.135169   0.78157 -0.412752 -0.892486 -0.665681   0.51316
point 16 101 415.634 182.139   0.656227  -0.166357   0.394278   -0.66303  -0.271657   0.923295  -0.284347 -0.0285917  -0.876671   0.818958
point 17 105 523.888 99.2998   0.427518  -0.961026   0.513456  0.0621008  -0.244842 -0.0281802  -0.798471   -0.75968   0.893605 -0.0433546
point 18 124 194.239  191.51  -0.58002  0.603292   0.82913 -0.455292 -0.786397 -0.608719  -1.03427 -0.716109 -0.659568  0.835266
point 19 125 387.998 37.1101  -0.130763   0.987298  -0.615541   0.698971   0.919258   0.562041   0.876968  -0.332206 -0.0750824   0.722852
point 20 127 29.1759 193.062  -0.600545   0.598501   0.765173   0.648104 -0.0685594   -0.46046   0.676079   0.274382  -0.711399   0.567824
point 21 142  185.52 184.166  0.348077 -0.200322 0.0471396 -0.276962  0.135592  0.545884  0.632765 -0.223328 -0.357995  0.452379
point 22 149 45.6273 224.251   0.224823  -0.912506 -0.0746284    0.32261   0.735007   0.238934   0.656206  -0.709787   0.614209  0.0250267
point 23 150 394.107 96.4093  -0.895653  -0.494462   0.710052   0.315415   -0.58987     -0.459  -0.932496   0.172055  -0.894266 -0.0673368
point 24 153 137.004  192.17 -0.622933  -0.19356 -0.528353 -0.514549 0.0322496  -0.60674 0.0351383  0.364922 -0.805266 -0.666233
point 25 156 595.277  204.48  0.299881  0.567278 -0.720684  0.377712 -0.851335  0.959964  0.102458 -0.684939 -0.892556 -0.144397
point 26 172 256.704 59.5632 -0.354208  0.937092  0.422484  0.947857 -0.076611  -0.47768 -0.396209 -0.780099  0.688012 -0.583132
point 27 176 633.882 213.165  -0.713917   0.839577  -0.100503 -0.0639296   0.421531  -0.471073  -0.878307   0.284839   0.740635   0.121305
point 28 186 561.352  153.87  -0.413547  -0.394488   0.288902   0.402731   0.855012  -0.922815 -0.0520506  -0.527896   0.103563   0.342719
point 29 201 51.4594 236.444  -0.627301   0.159598 -0.0570843  -0.111819  -0.241184  -0.311185  -0.945281 -0.0491454  0.0949213   0.554478
point 30 209 419.922 234.202 -0.203829   0.17334 -0.308397  0.373101 -0.844013 -0.269324    0.6613 -0.862608 -0.324789 -0.630611
point 31 230 244.302 207.088  0.508371  0.142227  0.617691 0.0853527   0.15387 0.0898741  0.269514 -0.885241 -0.941655  0.233126
point 32 233 545.128  231.94  -0.19212 -0.518164  0.144751  0.266418  0.293168 -0.179914 -0.933697   0.19213 -0.847009  0.347922
point 33 254 143.403 143.709  0.186229 -0.214011 -0.157851  0.583239 -0.636608  0.395962 -0.476184 -0.956507 -0.796714 -0.455355
point 34 260 282.496 101.204   0.243476   0.610579  -0.327546   0.427795  -0.424399    0.59425  0.0106867 -0.0998796  -0.126825   0.269703
point 35 268 166.447 187.372   -0.95103    0.18921   0.835349 -0.0893964  -0.263217   0.567803   0.490132   0.503617   0.374515   0.907677
point 36 271 259.647 168.798   0.771178   0.494248   0.997419   0.706066  -0.712885   0.900121   0.439175   0.827998   0.786513 -0.0427794
point 37 272 82.3378 116.162  0.522659 -0.470851  -0.93225 -0.203277  0.379324 -0.452502 -0.756161 -0.548579 -0.197998  0.290704
point 38 281 354.225 219.137 -0.838591   0.30684 -0.197769 0.0592542  0.565361  0.327882  0.710295 -0.194464 -0.418782 -0.442196
point 39 283 292.706 224.312  0.314709    0.3044  0.693266 -0.216971 -0.839441  0.751697  -0.85823 -0.138612 -0.153805  0.745931
point 40 293 273.441 160.279   -0.9833  0.729026 -0.608064 -0.757971 -0.806994  0.742855  0.970873  -0.41018  0.783808  0.506202
point 41 303 634.127 212.944   0.170294    -0.8048  -0.583551  -0.951914  -0.127692   0.586792  -0.404535  -0.054097 -0.0288824  -0.373634
point 42 307 479.318 220.046  0.102531  0.968931 -0.270315  0.581046  0.670449  0.833705 -0.115376 -0.517815  -0.89768   0.50993
point 43 321 425.792  191.53    0.169626   -0.704272 -0.00897448   -0.991567    0.948062   0.0519518    0.250172    0.583742    0.791165    0.622193
point 44 322 407.765 178.691 -0.295155 -0.174908  0.478833 -0.724895  0.944481 -0.624725  0.931882  0.909724  0.335446  0.467911
point 45 328 305.866 57.6133 -0.187462   0.43346  0.223402  0.200988  0.735238 -0.322176  0.702148  0.240586  0.936601  0.779247
point 46 338   289.2 207.919 -0.420712  0.415624  -0.22107 -0.351039 -0.669202  0.202884  0.605246 -0.871629 -0.462452  0.943178
point 47 342 132.21 228.46 -0.315357 -0.701382 -0.199805  0.848582 -0.700966 -0.818845 -0.475633 -0.424071  0.112277 -0.731375
point 48 346 482.852 181.862  -0.531325   0.952986 0.00376624   -0.76353  -0.143645     0.5153 0.00833316   0.986519   0.831726  -0.174632
point 49 367  638.04 169.294  -0.705135  -0.907373   0.938268  -0.481731  -0.459445   0.688311  -0.363092 -0.0184497  -0.590291  -0.815967
point 50 370 91.6839 101.659  -0.380414   0.908405  -0.967724 -0.0505854 -0.0844635   0.558071  -0.977052   0.740104 -0.0301148   0.178337
point 51 399 355.259 227.521   0.929311  0.0990274   0.434221 -0.0976711  -0.196937   0.135543   0.504975  -0.634768  -0.649417   0.135344
point 52 405 484.182 179.881 -0.175633 -0.923136  0.832936  0.632467 -0.127501  0.093802  0.350769  0.288728  0.518193  0.767866
point 53 412 179.223 172.201  0.529648  0.706332 -0.717415 -0.481302   0.67369 0.0447067   1.02165  -0.21148  0.864183  0.323822
point 54 441 629.977 45.4527  0.912355  0.242895    0.6839  0.776552  0.730467 -0.124558 -0.706572   -1.0251 -0.908373  0.715776
point 55 457 26.0914 192.547  0.417596   0.30949  0.139453  0.793198  0.896685  -0.58574 0.0298292  0.280381  0.361691  0.391882
point 56 473 48.5289 105.997   0.585679   0.292517  -0.672991    0.66919   0.857283   0.123328  -0.695371   0.606954 -0.0180558  -0.172748
point 57 480 311.338 222.188   0.195176  -0.922975   -0.89584  -0.181323   0.410782   0.274853  0.0432178 -0.0552855  0.0978856   0.636682
point 58 485  48.338 236.624  0.360928 -0.417355 0.0608242  0.675814 -0.821197 -0.799151  0.746723  0.286682  0.609511 -0.460976
point 59 495 557.195 175.862   0.258599   0.674164 -0.0794512    0.46332  -0.495356  -0.633845    1.00987  -0.612147  -0.079844   0.114322
point 60 496 457.044  221.17   -0.939921   -0.724398     0.55201    0.270179     0.88618 -0.00822946   -0.893216   -0.408075  -0.0266316     0.24402
point 61 499 499.656 207.528   0.902863  -0.378229   0.345962  -0.654932   0.129202  -0.135172 -0.0648326  -0.249455   0.647471    0.33447
point 62 504 326.446 142.401  0.423424  0.924398 -0.651757  0.384337  0.214234  0.678965 -0.370334 -0.834759 0.0647454 -0.486524
point 63 506 558.891 212.966 0.0784249  0.283575  -0.03868 -0.542988 -0.906956  -0.60021 -0.685546  -0.55083  0.732204   0.57061
point 64 513 292.389  224.98  -0.391275   -0.61915   0.656843 -0.0577688  -0.599971  -0.697756   0.481809   0.938783   0.605935  -0.355978
point 65 524 403.863 217.019 -0.305732  0.704447  0.338516 0.0223064  0.966939  -0.54512 -0.247795  0.215772  0.243985 -0.794818
point 66 530 202.922 171.029   0.971765   0.334754  -0.177962  -0.839831    0.28516  0.0498775 -0.0599538   0.232385  -0.239727   0.885867
point 67 536 45.6353 230.162   0.794671  -0.207757   0.783129   0.492132  -0.804427 0.00829401  -0.100201  0.0290742  0.0578939   0.700804
point 68 539 496.234  156.17  0.882984 0.0561354 -0.979522 -0.650849   0.51034 -0.295857  0.992617 -0.639843  0.267226  0.207791
point 69 544  444.68 212.273  -0.135666  -0.280253    0.68822 -0.0877272  -0.690612   0.998442  -0.922164   0.382314  -0.453096 -0.0567631
point 70 558 57.0561 147.432   0.86937 -0.473643  0.752535  0.075083  0.117352  0.741417 0.0893858  0.802484  0.276982 0.0601535
point 71 583 154.165 167.165    -0.46943   -0.363242 0.000986521    0.898778    0.705978    0.397093   -0.603067   -0.598101    0.365649   -0.573691
point 72 596 537.262 209.992  0.0123737  -0.528659   0.430414   0.143107 -0.0847208  -0.460748   0.647489   0.100862   0.541591    0.90665
point 73 598 124.475  178.84   -0.112753    0.632291    0.488062   -0.888509 -0.00155156   -0.493246   -0.338253   -0.609409    0.689149    0.547499
point 74 613 487.595 86.5322  0.763948  0.860733  0.961059  -0.68089  -0.80114  0.140746 -0.196069 -0.367525  0.106517  0.897912
point 75 614 370.864 200.155  0.454826  0.672028 -0.632641 -0.694753  0.954736 -0.309479  0.811081  0.162254  0.991785  0.109268
point 76 645 585.558 184.038 -0.957673  0.831234 0.0350769  0.338461  0.175313  0.956979  0.373431 -0.440892 -0.347106 -0.253899
point 77 649 268.006 192.509   0.598514  -0.152096 -0.0540709  -0.260585  -0.581559  -0.126321   0.287924  -0.558303  -0.946183  -0.278494
point 78 653 175.043 184.631 0.0758552   0.62106  0.904657  0.641631  0.756667  0.725127  0.182721 -0.783651 0.0410651  0.577143
point 79 662 459.731 190.535  0.292008 -0.337597 -0.351951 -0.813788 -0.235447  0.822019  0.573331   1.00803 -0.695935  0.705451
point 80 672 198.432 192.851  0.0553626  -0.453374  -0.419031  -0.600301 -0.0643763  -0.633817  0.0636229 -0.0261055   0.423076   0.930111
point 81 677  288.35 225.947   0.438352  0.0084385  -0.277194   0.310836   0.252974   0.633998   0.150936 -0.0505541  -0.269187   0.986111
point 82 683 428.526 66.3441   0.311077   0.071345   0.566148  -0.832591   0.753821     -0.736    0.76754 -0.0737064   0.768407   -1.01086
point 83 684  69.374 198.874 0.00374765  -0.876506   0.462972  -0.500266  -0.116299   0.375938   0.886745   0.846653  -0.806566  -0.822537
point 84 705 358.167 239.014 -0.073589 -0.767947  -0.12105  0.512045  -0.95041  -0.29562  0.854483 -0.624687 -0.430084 -0.450249
point 85 725 514.532 204.371 -0.730554 -0.729322 -0.765813 -0.932242  0.321455  0.420478 -0.835633 -0.761096 -0.492817 -0.224578
point 86 729 355.595 238.153  -0.385975   0.650655   0.435348   0.597611  -0.596215  -0.511211   0.667172  -0.985636 -0.0637442  -0.585477
point 87 744  91.441 226.908  -0.681081  -0.143799 -0.0723868  -0.268601   -0.39255   0.582198   0.379371  -0.738505  0.0410429   0.518632
point 88 756 306.416 195.936 -0.674909   0.19228 -0.810758  0.165806 -0.157565  0.227076 -0.411942  0.500199  0.286706  0.819171
point 89 761  278.81 209.058  0.692908 -0.853892  0.152433  0.449529  -0.74457 -0.843958 0.0664983 -0.611168 -0.654828 -0.884457
point 90 781 180.141 220.074 -0.158552 -0.795179 -0.259499 -0.163096  0.054553  0.937854 0.0190228 0.0887774 -0.799074  -0.35404
point 91 793 180.054  148.97 -0.597946   1.00883  0.384141 -0.281029 -0.641314  0.037694  0.148194 -0.463525  0.465478  0.111141
point 92 798 481.218 143.536 -0.474083 -0.885554  0.921943  0.518388  0.475511  0.622264  0.641928  0.948972 -0.877148 -0.500922
point 93 800 487.553 143.705  0.555026 -0.923609  -0.53327 -0.123612  0.823432 -0.032763 0.0379581  0.825073 -0.479647 -0.493769
point 94 805 611.946 157.091   0.36077  0.821342  0.568715 -0.205121 -0.881541  0.772143  -0.18228  0.938515 -0.750463  0.202688
point 95 816 345.866 173.912  0.604581 -0.284925 -0.849568  0.435709  0.261256 -0.328153 -0.457563   1.01043   0.44919 -0.271354
point 96 827  196.81 158.961  0.0790327 -0.0105091  -0.219346   0.503348   0.274083  -0.802367    0.19338   0.302847  -0.101252  -0.320977
point 97 828 194.048 226.656   0.141591   -0.64639  -0.807458 -0.0536068  -0.146234   0.733195   0.683661  -0.954152   0.262676    0.61068
point 98 835 270.063 208.037 -0.331524  0.870923 -0.605293 0.0250435 -0.953996  0.500776 -0.706921  0.779922 -0.658266 -0.391668
point 99 854  486.17 225.428   0.645817  0.0993269   0.418241  -0.726737     -0.122   0.948802 -0.0327486 -0.0796612   0.276457   0.908378
point 100 856 473.954 196.221 0.0415906  0.675176  0.379245 -0.610211 -0.536598 0.0501755  0.527692  0.887796  0.293642 -0.598541
point 101 858 507.108 144.629   0.552103   0.182147  -0.137233  -0.141172   0.763221    0.87301  -0.426201   0.144493  -0.800557 -0.0285739
point 102 859 99.0522  221.85    0.4104 -0.792816 -0.320972  0.713851  0.487005  0.810321  0.898795 -0.974758  0.246431  0.869981
point 103 864 8.44464 215.278 -0.0299995  -0.532031   0.725336   0.802281  0.0156022   0.864283   -0.57418   0.340652  -0.268556  -0.888942
point 104 875 21.0613 238.854 -0.695288  0.847583  0.549344  0.408986  0.536348 -0.148619  0.833467  0.583158 -0.206265  0.735641
point 105 881 596.782 200.248  0.302818   0.60059  0.365193  0.637287  0.345651 -0.793878  0.214104 -0.830013 -0.395798   -0.5813
point 106 893 223.698 233.511   0.123396  0.0106287   0.329089   0.484993  -0.717148  -0.293752 -0.0786263    0.42526  0.0947458   0.228378
point 107 899 385.191 181.953 -0.469341 -0.525167  0.613211 -0.749023 -0.922939 -0.142015 -0.822007 -0.916654 -0.565826  0.243927
point 108 913 244.309 206.964 -0.816235 0.0513666 -0.776223  0.546652 -0.411603 -0.743828  -0.88014 -0.131864  0.971332 -0.729405
point 109 929 629.233 190.381 -0.806675 -0.290778 -0.303978   0.24959  0.247311  0.719879  0.112943 -0.159293   0.06969  0.174107
point 110 934 331.486 165.168  0.381632 -0.548264  0.760346  0.208442  -1.00643 -0.349044  -0.75948  0.782723  0.641361 0.0909812
point 111 937 518.335 235.556  -0.50665 -0.611536 -0.570496  0.105504  0.482198  -0.28515  0.164397 -0.250711 -0.259674  0.509158
point 112 945 20.3101 158.147 -0.929772  0.214772  0.830917 -0.777224 -0.898277  0.752064  0.476998  0.836155  -0.88807  0.497047
point 113 946 548.171 75.9773  0.220783  0.887155 -0.454999  -0.81565  0.497498 -0.904615 -0.246269 -0.703719 -0.451798 -0.560717
point 114 955 294.236 210.283  0.107568  0.342403 -0.745576 -0.225022   0.43719  0.309051 -0.662522  0.175032  0.641111  0.184943
point 115 960 357.505 164.419 0.0892981 -0.721509  -0.72783   1.01271 -0.619436 -0.133954  -0.91029 -0.419133  0.585236  0.196394
point 116 967 576.415  191.09   0.177652 -0.0650388   0.395905   0.931721   0.150736   0.318682   0.556156  -0.323311  -0.750291  -0.401886
point 117 980 475.561 206.016  0.530431 -0.241074  0.556639 -0.549237  0.554616  0.361955 -0.815692 -0.197961  0.326478 -0.632653

