seq: 74
gt_pose: -0.253293   2.07061  -1.35952
odom_pose: 0.453754   1.9572 -1.31615
point 0 5 317.288 198.225 -0.0117575   0.350213  0.0840089  -0.896391  -0.152369   0.842239   0.829099    0.45311  -0.438665   0.508912
point 1 14 253.018 197.014 -0.793131 0.0182617  0.491965 -0.405727   1.01247  0.120612  0.794504  0.533673  0.226015   -0.9512
point 2 17 100.048 92.5994   -0.48842  0.0869049   0.471215  -0.821093 -0.0269273   0.161829   0.915775 -0.0924906  -0.376067   0.706977
point 3 28 573.079 200.759  0.266426  0.934092 -0.347141  0.755034   -0.6884 -0.179696   -1.0007  0.523494  0.508706 -0.381412
point 4 42 29.4314 138.773  0.0688718  -0.757181  0.0174971 -0.0131511  -0.949795   0.644596  -0.247863   0.317795 -0.0918084  -0.711021
point 5 57 199.117  193.74  0.376813 -0.328773 -0.525246  0.471536 -0.475987   0.39296 -0.987777  0.675174  0.686309  0.182625
point 6 64 32.3486 173.084   0.93298  0.557016 -0.760325 -0.950562 0.0603901 -0.216447 -0.555232 -0.125699 -0.687792 -0.351936
point 7 72 401.192  213.52 -0.848396  -0.36792  0.737973   0.25331 -0.794843  0.613876   0.50344  -0.17282 -0.271627 -0.253573
point 8 78 331.436 206.642 -0.918423 -0.796139  0.632102  0.734376  0.991627 0.0137031 -0.479277 -0.591519 -0.275397  -0.13837
point 9 80 565.654 229.822 0.0439912  0.492662  0.894338  0.942317 -0.797389 -0.924212  -0.93409  0.792958  0.752814 -0.918919
point 10 92 419.552 182.634  0.151835  0.705869 0.0620021  0.971491  0.349634  0.268137  0.950112  0.593529 -0.261925 0.0559972
point 11 109 314.759 217.727  -0.472167   0.875548  -0.836653  -0.448127   0.514196 -0.0933807   0.709814    0.62718  -0.026559   0.315242
point 12 110 77.1643 73.5777  0.804135  0.935007 -0.611528 -0.364148 0.0361387 -0.738558 -0.533183  0.555715  0.743659  0.270436
point 13 119 254.529 220.519 -0.373321  -0.38482  0.867407 -0.359618  0.811393   0.49827  0.946869 -0.534224 -0.794744   0.43787
point 14 123 310.119 137.359  0.190832 -0.776724 -0.254703  0.328702  0.810835  0.736473  0.224921 -0.229232  0.383073 -0.619949
point 15 129 492.736  173.99  -0.539622   0.810192   0.973965  -0.653263   0.214681  -0.634213   0.915437 -0.0757887   -1.01758 -0.0737727
point 16 159 69.6646 129.807  0.222446 -0.960921 -0.869249 -0.147221 0.0250376  0.117421  0.974606  -0.35174 -0.390065 -0.728482
point 17 165 201.042 136.302   0.432626  -0.783236   0.452183   0.588532  -0.704236   0.665158  -0.639414   0.869413   0.357587 -0.0592736
point 18 176 63.0968 70.3462  -0.749916     0.8555  -0.114725 -0.0789481   0.385755   -0.45551  -0.867095   0.277179   0.659914   0.164493
point 19 179 72.6928 186.949 0.0090755 -0.826385  0.109248  0.785455  0.672399   0.32303   -0.2974 -0.782578 -0.240341  0.793679
point 20 184 288.679 215.027  -0.246861   0.474426  -0.437581 0.00450759  -0.580589   -0.26189  0.0518013  -0.417489  -0.384758   0.333996
point 21 185 13.7765  155.36 0.0372715 -0.628019 -0.574378  0.357185 -0.301515  0.884146 -0.692214   0.84945 -0.234103 -0.171527
point 22 197 502.055 196.899 -0.853166  0.673086  0.124406 -0.213317  0.757552 -0.611203  0.810529 -0.477134  0.518334  0.332146
point 23 198 219.332 237.279  0.917712  0.548721 -0.352829 -0.550541  0.975443 -0.841665   0.88525 -0.945317 -0.746355  0.279435
point 24 200 315.467 160.143  -0.425003  -0.767401   0.621455    0.36724   0.273191   0.538162 -0.0903271   0.850995   0.977671 -0.0724768
point 25 202 62.8993 107.604  -0.57064 -0.200953   0.25608  0.307937  0.108764  0.823508  0.579316 -0.246763  0.171927 -0.118939
point 26 206 139.482 166.481  0.676978 0.0490973  0.600848  0.927473 -0.789759 -0.670935  0.729135 -0.229084 -0.899072  0.733714
point 27 216 394.998 168.502 -0.652732 -0.910951  0.887897 -0.770094  -0.56142 -0.836787 -0.375261 -0.212231  0.024505  0.851569
point 28 245 396.724 149.849 -0.607622 -0.430941  0.477291 -0.727001 -0.513118  0.360848   0.92357 -0.653314   0.17511  0.811797
point 29 259 167.917   210.7  0.183004  0.662661 0.0757006  0.472397 -0.470913 0.0464251 -0.681567  0.448017 -0.919184 -0.552504
point 30 262 384.531 147.003  0.044181  0.371493 -0.312612 -0.591966  0.961567   1.02029 -0.893221 -0.331793  0.441025  -0.35756
point 31 280 60.8814 226.624  -0.269839   0.138278   0.594849  -0.175148   -0.30853  -0.406297    0.80121   0.844347 -0.0757214   0.784541
point 32 286 199.856 189.971 -0.773716  -0.52429 -0.484392 -0.204754 0.0599561  0.301019  0.854693 -0.883859 -0.936419  0.706748
point 33 290 106.923 181.278  -0.68371  0.779189 -0.801774 -0.450321 -0.707445  0.545507 -0.853852 -0.821346  0.584825 -0.944917
point 34 296  212.14 149.818 0.0300989  -0.55786 -0.391915  0.331542 -0.153375  0.637486 -0.616605   0.93816 0.0243282 -0.327492
point 35 301 257.476 205.678   0.14545 -0.475382 -0.960721  0.460814 -0.958904 -0.678545 -0.569669  0.513145 -0.687752  0.066912
point 36 308 574.723 199.266  -0.606407     0.9439  0.0040528 -0.0179768  -0.786872  -0.477937  -0.854845   0.724899   0.402341   0.488208
point 37 309 436.067 211.402 -0.519304  0.992399 -0.983431  0.750629 -0.197908  0.139295  0.658619   0.56621 -0.223881  0.408841
point 38 313 151.169 121.543 0.0777506  0.301073  0.125127  0.149736  0.516248  0.707417 -0.438275 -0.576329 -0.106037  0.388743
point 39 316 142.951 182.009  -0.624269   -0.75066  -0.925044  -0.466807  -0.457155 0.00115361  -0.385418  -0.154387  -0.329826  -0.711543
point 40 319 161.685 167.444 -0.993923  0.199111   0.63801  -0.23091 -0.742191  0.139875  0.725971 -0.349252 -0.957966  0.338254
point 41 334 404.218 211.269 -0.328959  -0.33383  0.937445 -0.662528  0.272047  -0.36762  0.141135 -0.885551  0.942046  -0.10109
point 42 348 16.8349 209.084   0.850387  0.0830409  -0.782314   0.189974   0.321263  -0.260983   0.122277   -0.66018 -0.0779887   -1.03542
point 43 350 475.014  171.92 -0.783355 -0.886063  0.950819  0.228801  0.432357  0.831152 -0.755218  0.759944 0.0861168  0.659412
point 44 352 424.37 181.72  0.526782  0.342066  0.433737 -0.724113  0.541944  0.676069  -0.68429  0.571106 -0.122841  0.798671
point 45 364 321.267  211.02  0.100656  0.737921  0.680873 -0.605052   0.87795 -0.464402 -0.574479 -0.918791  0.117312 0.0248461
point 46 398 216.635 225.451 -0.851031  0.903843 -0.657722  0.417035 -0.966311  0.606132  0.725881  0.911572  0.314354 -0.703177
point 47 403 122.738 224.638  0.210313  0.701168 -0.464988 -0.559129 -0.603978  0.454779   1.03351  0.676971 -0.966195 -0.582785
point 48 425 299.112 239.946 -0.425803 -0.397093  0.382487 -0.495726 -0.522427 -0.629369 -0.151556 -0.951754  0.932636  0.894997
point 49 448 113.639 204.862  0.826107 -0.466457 -0.797812 -0.626065 -0.280246   0.68674 -0.407622 -0.701194  0.681504  -0.43511
point 50 463   224.6 165.335   0.528998 -0.0438696  -0.278908   0.514267  -0.842066   0.261582    0.93102  -0.854151  -0.720862  0.0276269
point 51 469 196.327 160.466 -0.0833511   -0.83551   0.927523   0.924642 -0.0974091  -0.492692  -0.754619   0.732651   0.204571  -0.867091
point 52 472 390.577 197.596  -0.839963 -0.0316839     0.6939  -0.216693   0.924285  0.0955227   0.737806  -0.739073 -0.0550723  -0.574803
point 53 475 332.354 229.521   -1.02097  0.0991163  0.0434921   0.536591  -0.291179  -0.342484 -0.0979496 -0.0707613  -0.695777  -0.294223
point 54 491 239.859 36.7501 -0.858836     0.806  -0.28145  0.561067  -0.48126 -0.131249  0.562807 -0.307583 -0.243952  0.699774
point 55 503 559.832 173.148   0.268147 -0.0772578   0.673273   -1.02981  -0.193343   0.197459  -0.238203   0.599544    1.00944  -0.979488
point 56 514 521.706  101.64  0.446993 -0.744066 -0.851873 -0.475648 -0.969039 -0.513304  0.646371  0.827876  0.141728  0.194196
point 57 519 177.306 107.151  0.431421  0.449701  0.597923  0.189141  0.661029 -0.848001 -0.886035  0.903181 -0.315021  0.438059
point 58 529 347.618 200.413  0.501729 -0.345243  0.104803 -0.352605  0.615867 -0.166365 -0.822529  0.838376 -0.210484 -0.359261
point 59 532 231.139 204.986 -0.888207  0.416809  0.822556  0.878576  0.690067  0.777062  0.193746 -0.516373  0.926154 -0.431968
point 60 533 81.2765 169.939 -0.671507 -0.210274  0.590554 -0.263206 -0.760365 -0.740793  0.629873 -0.239282  0.636559 -0.024472
point 61 541 461.673 222.198  0.400959 -0.852073   0.83577  -0.27731 -0.673576  0.687459  0.804402 -0.638131 -0.985475  0.298001
point 62 559 574.233 198.256 -0.470432  0.996551    1.0319 -0.654661 -0.185324  0.708972  0.525154 -0.643936 -0.593895  0.856501
point 63 568 342.167 212.544 -0.968762 -0.601653  0.932047 -0.609668  0.381388  0.512533 -0.986081 -0.850682 -0.695528  0.132765
point 64 573  151.86 144.362    0.9177 -0.210648  0.252211 -0.495643 -0.279117 0.0723417 -0.662845   -1.0086  -0.28389  0.654687
point 65 577 585.262 225.619  0.306029 -0.969062  0.527029   0.65715 -0.725252 -0.421623  0.742155   0.67864  -0.46045  0.551376
point 66 582 19.0611 187.989 0.0147877  -0.76365 -0.560986   1.01942  0.197231  0.101255 -0.484007  0.176244 0.0455772  0.698003
point 67 588 66.1535 229.511 -0.244603  0.077268 -0.370202 -0.663195  0.582882  0.599931 -0.548955  0.281613 -0.149612  0.115915
point 68 607 481.564 235.397  0.822487  0.412528 -0.365416  0.119875 -0.426758  -0.34557 -0.421962  0.196778  0.915142  0.800911
point 69 608 38.0819 214.817   0.707442   0.950997 -0.0282166   0.729762  -0.141139   0.682276   0.353173   0.772175    0.16118   0.988112
point 70 610 505.784 16.2423 -0.204985 -0.243716  0.717034  0.654306  0.416108  0.487963  0.683259 -0.666147  0.125257  -0.44334
point 71 617 292.018 62.3649 0.0397931 -0.843421  0.257486  0.146357  -0.50211 -0.937247 -0.201877  0.285266 -0.794609  -0.59625
point 72 624 0.982922  219.868 -0.0467474   0.625267   -0.69643  -0.624484   0.754864  -0.124123  -0.636741   0.215644   0.719386  -0.643284
point 73 646 75.8199  221.97 -0.310315  0.647169  0.775718  0.741892  0.420632 -0.703506 -0.380423  0.835222  0.298007  0.460466
point 74 648 604.936 215.583  0.0862915    0.39428  -0.742694  -0.927744  -0.733774 -0.0918195   0.654178  -0.998849  -0.283869  0.0959854
point 75 661 285.291 146.641  0.334171 -0.513721   0.46517  0.432775  0.110445  0.156359 -0.886696 -0.697713  0.238044  0.366392
point 76 667 108.642 140.147 -0.975991 -0.612957 -0.221508 -0.576247  0.745637 -0.717134 -0.523538  0.724986  0.538472  0.449068
point 77 679 567.209 207.738   1.00436 -0.242271  0.148144  0.662987   0.91076 -0.388711 -0.344207 -0.393424  0.832309   0.82494
point 78 681 123.641 204.228 -0.313247  0.616565  0.204119  0.402658 -0.735559  0.144278 -0.769602  0.426504 -0.156068 -0.863177
point 79 691 418.437 164.614    0.578696    0.969767     0.25393    -0.27318   -0.872273   0.0702611    0.329701   -0.444662   -0.902086 -0.00891551
point 80 695 314.63 217.39    0.685641   -0.222633    0.375128   -0.465722    0.465485  0.00228787    0.970742 -0.00783151    0.489473    0.763715
point 81 697 176.093 208.785  0.124398 -0.791834 -0.445052  0.966704  0.483308 -0.741302 -0.231086 -0.179693 -0.224995 -0.854091
point 82 709 188.344 218.454  0.944991 -0.860897  -0.98385 -0.991082  0.530934  0.798783  0.789407  0.520688  0.176435  -0.49133
point 83 720 481.301 166.503  0.391505 -0.569402  0.486279  0.349881 -0.752288  -0.99046 -0.618683 -0.868461  0.523101 -0.771102
point 84 748 576.115 212.621 -0.945122 0.0993712 -0.419615 -0.852746  -0.56402  0.141464 -0.225569  0.929083  0.719407 -0.399986
point 85 752  274.34 117.601   0.79225  0.845013 -0.550584 -0.168219 -0.179771 0.0428984  0.294721 -0.599668 -0.635713 -0.453069
point 86 755 433.351 237.944   0.102429   0.179204 -0.0978476   0.779311   0.419444  -0.442766   0.321547  -0.325202  -0.420228   0.533251
point 87 767 498.053 238.317 -0.0951302  0.0436222  -0.106418  -0.670051   0.412653  -0.158023    0.06977 -0.0898821   0.302754    0.70253
point 88 768 87.4143  201.62 0.0989122 -0.169235  0.182281  0.329993 -0.735212  0.253685 -0.248275  0.434167  0.717908  0.692144
point 89 769 542.885 161.485  -0.94933  0.737038 -0.605745 -0.304333 -0.358113  0.357189   0.74711  0.578319  0.603593  0.171251
point 90 771 100.059 223.885  0.168067 -0.447441  0.745852  0.998101 -0.684188  0.826184  0.721659 -0.285139 -0.431413 -0.658207
point 91 776 333.376 142.605  0.892493 -0.136458 -0.125368 -0.531705  0.656552 -0.878591  0.434905  -0.43506  0.832478 -0.790525
point 92 777 201.606   188.2  -0.640671   0.694292  -0.335267  -0.440462   0.579935  -0.299785  -0.321454    0.56708 0.00625505  0.0788393
point 93 783 462.307 222.941  0.967678 -0.374569    0.5397  0.874664  0.879327 -0.583293 -0.930531 -0.407776  0.260595 0.0602029
point 94 794 300.173 205.208 -0.457287  0.392059 -0.343088 -0.599112 0.0414092  0.669589  0.439941 -0.487341  0.101968  0.542087
point 95 797 283.692 193.193  -0.67868 -0.686899  0.765744 0.0169092 -0.252794 -0.579975 -0.103193  0.528201 -0.070021 -0.358906
point 96 815 203.082 155.284  0.134166  -0.24806   1.01343 -0.312311  0.733819  0.634882 -0.420999 -0.627722  0.797127  0.909871
point 97 836 586.127  208.85 -0.736184 -0.660045 -0.156083 0.0375862  0.578599  0.261744 -0.342009  0.706065  0.265673 -0.989367
point 98 841 311.567 161.166  0.176523  0.948755 -0.881396  0.936298  -0.33718  0.126013 -0.255388 -0.252242  0.200114  0.516789
point 99 843 208.546 91.2015 -0.471319 -0.227801 -0.150411  0.504134  0.127655 -0.920544  0.388495   0.22887  0.936503  0.963485
point 100 852 505.197 185.162  -0.420859  -0.267942    1.02213   0.219724 -0.0294174  -0.599732   0.110675   0.890109    0.71404   0.588641
point 101 861 407.324 192.207  0.0647455   0.688674   0.802559 -0.0847939  -0.502023   0.245174  0.0857933   0.179965 -0.0667264  -0.415218
point 102 862 366.209 199.914  -0.845896  -0.349937  -0.774583  -0.243672   0.598781  -0.505891 -0.0490868   0.316734   -1.00372  0.0178124
point 103 863  589.96 121.071 -0.269744  0.305824 -0.079332  0.382127 -0.040058  0.951595 0.0762664 -0.270042 -0.104308  0.585693
point 104 867 96.3159 199.934      1.0072    0.150717   0.0742711    0.640305   -0.410366 -0.00310891   -0.781561   -0.372508    0.629398  -0.0514593
point 105 876 369.158 38.8506  0.443508 -0.659131  0.939816 -0.205305 0.0642368  -1.00367  -1.00173  0.365837  0.863856  0.265708
point 106 880 351.794 110.184 -0.571389  -0.51352 -0.267014  0.661841  0.567813 -0.276457 -0.317474  0.555007  0.778107  0.635657
point 107 882 194.967 205.528 -0.442799   0.98965 -0.623385  0.538913   0.49631 -0.243657 -0.892676 -0.751986 -0.525564   0.59029
point 108 883 394.295 144.298  -0.225781  -0.250389  -0.698877   0.957382   0.230204   0.595733   0.597249  -0.345204   0.182558 0.00571128
point 109 888 498.365 143.141  -0.683498   0.698575   0.466153   0.569203   0.412261  -0.931532   0.637331   0.907533   0.134099 -0.0072487
point 110 892 21.7257 136.067   0.338313  -0.850668  -0.762173   0.673239  -0.670953   0.714394  -0.694266   0.202656    0.87795 -0.0582597
point 111 894 484.083 199.297  -0.28349 -0.588124 0.0226927  0.772795 -0.607642  -0.64826  0.826128 -0.355215   -1.0107 -0.872362
point 112 908 379.478  99.682 -0.996139 -0.914772  0.967115 -0.662054 -0.698696  0.978225  0.543297 -0.793729 -0.548454  0.230866
point 113 915 515.718  221.99  0.234291  0.624336  0.128168  -0.05422 -0.736973  0.300681  0.995944 -0.488007 -0.172266 -0.393668
point 114 927 142.829 128.954 -0.067546  0.848512  0.594598  0.427995 -0.921059  0.366806  0.023472 -0.379126  0.773257  0.882871
point 115 936 348.438 159.435 0.00247134   -0.43726  -0.400864  -0.313091  -0.504455   0.893153  0.0465381  -0.756371   0.130049   0.150388
point 116 942 289.741 217.714 -0.777283 -0.300396  0.598797 -0.472895  0.229795 -0.185904 -0.658159 -0.988729  0.993387  0.384987
point 117 944 435.229 106.554   0.547488  -0.465513  -0.295738  -0.579156   0.717501 -0.0514373   0.150801   0.335437   0.508992  -0.633741
point 118 958  461.47 92.5684 -0.432139 -0.934308  -0.77495 -0.217336 0.0833166 -0.302723 -0.172042  -0.20279  0.399843 -0.912765
point 119 962 461.255 189.412  -0.190833  -0.268518   0.846326  -0.744125  -0.845963 -0.0417529  -0.478842  -0.549993 -0.0394292  -0.162611
point 120 963 64.6262 175.494 -0.0687846  -0.824997  -0.428224   0.401487  -0.879133   0.300295   0.972564  -0.935222  -0.184742   0.516309
point 121 965 361.787 172.841   0.939144   0.584893   0.566168 -0.0502152   0.042072  -0.482787   0.129686   0.627179   0.916312   0.243596
point 122 971  136.19 195.448   0.635216 -0.0472016   0.232519  -0.726135    1.03645  -0.112781   0.380194   0.974496   0.758632  -0.153296
point 123 974 571.297 228.674 -0.451451  0.732658 -0.730543 -0.870236  0.511374 -0.473329 -0.414211  0.460631   0.54707 -0.451142
point 124 978 474.706 185.964  0.829343  0.693345  0.276542  0.901438 -0.830951  0.368537  0.146681  0.467303 -0.552025  0.344433

