seq: 132
gt_pose:  -7.13463 -0.593721   1.97883
odom_pose: -6.24184 -1.92322  2.15726
point 0 4 468.086  144.87  -0.351716  -0.863362  -0.930313 -0.0574878  -0.910365  -0.548345   0.980019   0.759121   0.671443  -0.459524
point 1 27 613.924  157.69 -0.0444788  -0.659546   0.794123   0.201972  0.0650047  -0.623969    0.15765  -0.179085   0.654448  -0.186481
point 2 86 453.476 143.898   0.834482   0.379089   0.726942  -0.474773  0.0999419  -0.641831   0.663747  -0.592268  -0.813006 -0.0838939
point 3 100 502.578 181.658    0.12939   0.563219  -0.207859   0.179109 -0.0645771   0.763323  -0.369396  -0.901432  -0.697704   0.519687
point 4 105 593.883 143.867   0.458475  -0.977727   0.530985  0.0367835   -0.19531 -0.0570406  -0.858153   -0.72188   0.855228 -0.0636332
point 5 125 424.146 205.791 -0.158829   1.00136  -0.64447  0.748439  0.860551  0.569014  0.928833 -0.319421 -0.162507  0.792733
point 6 144 263.944  100.52 -0.491184 -0.177326 -0.800916 -0.772761  -0.63427  0.574483 0.0623719  0.358223 -0.679905 -0.820417
point 7 150 472.828 179.262  -0.927181  -0.467671   0.728046   0.338808  -0.652414  -0.413301   -0.99357   0.170949  -0.911083 -0.0175864
point 8 172 424.298 166.677   -0.31004   0.934124   0.387106   0.975134 -0.0585912  -0.476103  -0.372116  -0.758504   0.621417  -0.573989
point 9 208 587.001 202.221  -0.911219  -0.307281  -0.926039 -0.0995758  -0.246829   0.774538   0.928955  -0.628091    0.74452  -0.872025
point 10 210 409.272 161.369 -0.280427   0.66574 -0.387654  -0.70361 -0.803467  -0.41198 0.0569397 -0.690679  0.505194  0.796269
point 11 219 322.726 236.123  0.137145 0.0378839 -0.301564  0.930238  0.149813   0.33647  0.182124  0.111307 -0.455577 -0.599375
point 12 235 237.013 200.986  -0.77286  -1.00138  0.965202  0.519671  0.137995 -0.217533   0.94965 -0.762369 -0.881985  0.335137
point 13 238 280.013 207.935 -0.906008 -0.360365 -0.528218 -0.728715   0.18585  0.708273  0.825837 -0.320255  0.331807  0.352484
point 14 249 244.413 120.245   0.722532  -0.628006  -0.386303    1.04748   -0.18069  -0.626599   0.543689  -0.750235 -0.0429446  -0.487336
point 15 254 389.953 219.753  0.145762 -0.210635 -0.204158  0.606042 -0.607288  0.356015  -0.41126 -0.917565 -0.767184 -0.478001
point 16 260 420.075 201.774   0.264753    0.65959  -0.277081   0.453577  -0.477662   0.634631 -0.0199614  -0.103786 -0.0803397   0.220477
point 17 274  315.72 235.313  0.862962  -0.63337 0.0701783  0.593762 -0.560196 -0.343638 -0.887477 -0.546575  0.490215  0.456938
point 18 281 521.971 222.749 -0.885531  0.326887 -0.242331 0.0567508  0.524564  0.360913  0.721149  -0.24172  -0.45293 -0.451055
point 19 283 455.868 230.703   0.32814  0.334452  0.615334 -0.195832 -0.885871  0.779087 -0.805535 -0.123561 -0.110764  0.753334
point 20 295 276.793 135.715   0.682234  0.0221601  -0.346886   0.367514   0.148078   -0.26577  0.0170959   0.511531 -0.0634557   0.317789
point 21 328 435.667 173.528 -0.240674  0.459269  0.229321  0.247027  0.704392 -0.317261  0.720621  0.265302  0.910805  0.836883
point 22 332 541.945 211.489  -0.296274  -0.122829 -0.0722675    0.35162    0.69887   0.833532    0.70313 -0.0878732  -0.792872  -0.578553
point 23 338 443.225 224.407 -0.426629  0.448991 -0.261965 -0.291069 -0.684756  0.199172  0.651198 -0.888323 -0.535132  0.907716
point 24 362 470.242 116.375 -0.186564 -0.932549 -0.834915 -0.392229 -0.469411  0.723227  0.173355  0.445475   1.00525  0.808752
point 25 388 280.415 110.011 -0.387263 -0.143571  0.865858 -0.465774 -0.901536 -0.258145  0.311232  0.408049 -0.824764  0.337696
point 26 399 529.504 229.137   0.886222   0.172228   0.421766 -0.0871556  -0.201075  0.0915675   0.567342  -0.672632  -0.641533  0.0561902
point 27 424  369.13 212.942 -0.105487 -0.783445  0.535472  0.386302  0.576056 -0.460476  -0.11801 0.0911912  0.871857 -0.161099
point 28 453 602.559 236.102  -0.413553   0.300907 -0.0630273   0.038239   0.307936  -0.540351  -0.880752  -0.208447   0.509217   0.277645
point 29 467 277.695 144.091 -0.395737 -0.769404 -0.102623 -0.354251  0.944985  0.231259  0.466797 -0.097912 -0.611497 -0.766807
point 30 486 578.609  184.68 -0.874537  0.485477  0.944131 -0.447488   1.01206  0.840949 -0.785376   1.03487 -0.893262 -0.373125
point 31 489 321.286 216.299  -0.863419   0.940391  -0.772271    0.91431  -0.840586  -0.668029   0.886825  -0.521637  -0.600427 -0.0827955
point 32 490 213.892 239.975  0.402097  0.924092  0.345814 -0.512282  0.901941  0.280312 -0.926168 -0.555314 -0.568962 -0.698709
point 33 496 529.815 229.254 -0.889345 -0.745106  0.560586  0.293041   0.93104 0.0241807 -0.853276 -0.446708  0.029228  0.205737
point 34 504  429.05 213.757    0.3521  0.853219 -0.657588  0.325741  0.259035  0.674442 -0.370184 -0.800427 0.0928428 -0.521012
point 35 524 580.865 218.006   -0.287857    0.760749    0.283312 -0.00416153    0.927727   -0.533916   -0.254396    0.127362    0.298405   -0.744348
point 36 563 624.497 122.418 -0.0303761   -0.42497   0.323476  -0.360784   0.731862   0.408642   0.316217   0.534823  -0.711787   0.377576
point 37 580 65.7863 231.599  -0.405058  -0.438045  -0.924993   0.930517   0.179569  0.0555522  -0.326548   0.925977  -0.761018 -0.0300418
point 38 589 291.106 75.8116 0.0756643 -0.159606 -0.358167 -0.727506 -0.469513 -0.530094 -0.102647  0.246941 -0.827994 -0.886673
point 39 601 265.784 203.623  0.697166  -0.17544  0.600728 0.0773596  0.562907  -0.85974 -0.750861  0.228874  0.385773  0.336072
point 40 614 596.059  192.24  0.421315  0.602745 -0.617596 -0.679117  0.983696 -0.365312  0.781569 0.0987005   1.03375   0.19415
point 41 616 606.901 226.854   0.849858   0.497243   0.498427   0.349847  -0.992666  0.0141819   0.043153  -0.659208    0.26664 -0.0299999
point 42 625 357.914 181.395  0.0106422      0.697  -0.173443   0.938711   0.395958  -0.636603  -0.596535  0.0159356 -0.0724245   0.144307
point 43 643 301.292 205.986 -0.0553511  -0.931315   0.420717  -0.345875    0.45161  -0.040268  -0.729986  -0.917997   0.132781   -0.33446
point 44 645 469.173 227.644  -0.937085    0.80938 0.00774545   0.336189   0.124111   0.996303   0.345699  -0.401418  -0.304609  -0.280291
point 45 647 200.578 152.172   0.893707  -0.429535   0.953073    0.21877    0.42372  -0.964137 -0.0111422  -0.501764   0.365288  -0.780769
point 46 649 414.483 228.224  0.546815 -0.161127 -0.044774 -0.274935 -0.555389 -0.137359  0.205271 -0.563273 -0.989762 -0.297002
point 47 654  459.27 236.052  0.035805  0.720458  0.209996  0.066351 -0.337012  0.359091  0.735441 -0.972293  -0.26884  0.701785
point 48 656 300.123 161.016  0.0669524 -0.0949142  -0.551372  -0.758347   0.966857   0.550386   0.894467  0.0577892  -0.400538  -0.466952
point 49 670 356.558 170.118  0.813093 -0.313327 -0.974636  0.103685 -0.127396 -0.498073 -0.103645  0.103962 0.0530761  0.433197
point 50 680 219.183 151.503 -0.0543771 0.00511922  -0.950502  -0.324399  -0.163945  -0.801504  -0.231231   0.464042  -0.201266   0.786383
point 51 683 532.533 128.075   0.330179   0.129421   0.610702  -0.794457   0.735007  -0.664657   0.768913 -0.0399851   0.686109  -0.933848
point 52 694 345.291 209.575  -0.685157   -0.71026 -0.0291112   -0.44772     1.0165   -0.35853   -0.16558   0.859622   0.698061   0.443656
point 53 705 563.098 238.946 -0.0577414  -0.722026  -0.184026    0.51339  -0.984207  -0.356845   0.879449  -0.648718  -0.352109  -0.396425
point 54 729 506.037 238.671 -0.363781  0.636935  0.418887  0.654319 -0.591045 -0.474934  0.731797 -0.948247 -0.116973 -0.526933
point 55 732 414.391 134.369   0.214906   0.688994  -0.908984   -0.31612   0.151317   0.838514  -0.919604 -0.0144859   0.608656   0.664131
point 56 757  161.53 157.153  0.386891  0.742704 -0.769633  0.931783 -0.209464  0.376659  0.102359    0.6675  0.189809 -0.445703
point 57 796 136.473 98.8615   0.654736  -0.879296  -0.544794  -0.529417  -0.202744 -0.0254749    0.97867   0.451439   0.408768 -0.0406754
point 58 816 546.167 172.118  0.566144 -0.232942 -0.834902  0.468528  0.233358 -0.400973 -0.450514  0.985677  0.432441 -0.239163
point 59 896 447.572 187.941   0.418904  -0.496109   0.364388  -0.790856   0.928547   -0.81438  -0.390523 -0.0730498   0.932416 -0.0430075
point 60 899 596.265  174.84 -0.447937 -0.494592  0.609484 -0.729186 -0.842454 -0.207381 -0.856223 -0.881983 -0.604918  0.275508
point 61 900 394.023 121.446  -0.569089  -0.453561   0.577274   0.508594   0.469608   0.400237   0.914021  -0.310777  -0.513632 -0.0520856
point 62 902 168.657 47.3515 -0.417841 -0.749028 -0.155942  0.857745 -0.616168  0.194607 -0.637081  0.927194 -0.334818  0.811322
point 63 934 522.357 169.574  0.350797  -0.53501   0.70302  0.173879 -0.973335 -0.325884 -0.759409  0.781599  0.599191 0.0519603
point 64 946 621.226 120.681  0.223855  0.892679 -0.466713 -0.751573  0.478905 -0.867112 -0.312976 -0.726726 -0.411829 -0.637704
point 65 950 1.36295 105.921 -0.838737  -0.30459 -0.422241  0.817053 -0.751132   -0.3235 0.0474882 -0.611482 -0.901606  0.919607
point 66 960 488.382 194.594 0.0189996 -0.729098 -0.672713  0.952556 -0.623015 -0.191571 -0.944778 -0.450285  0.600311   0.16604
point 67 986 287.961 211.066 -0.268979 -0.259925  -1.04062 -0.518875 -0.112598 -0.468024 -0.360019 -0.129836 0.0636918 -0.894658

