seq: 320
gt_pose:  1.38316 -2.31616  1.95864
odom_pose: -0.406355  -2.45746   1.87728
point 0 7 412.745 185.198   -0.11853   0.842718  -0.190749   0.588593   0.409189   0.793304 -0.0695296  -0.544414   0.887235   0.878582
point 1 14 448.814 103.605 -0.827483 0.0646218  0.505473 -0.405477  0.969929  0.141576  0.795031  0.515653  0.234885 -0.935371
point 2 17 612.633 17.1236  -0.487643   0.132922   0.433253  -0.804144 -0.0789032   0.195859   0.899672  -0.124785  -0.295925   0.649744
point 3 21 415.871 208.638  0.522692 -0.439519 -0.341562 -0.586963  0.961508  -1.00294  0.609677 -0.328771 -0.659756  -0.13538
point 4 31 359.051 215.167  -0.394833   0.764526 -0.0021992  -0.622878    0.24247  0.0315982   0.212967   0.205208  -0.582549   0.661798
point 5 36 442.517 236.838 -0.241979  -0.32328  0.430624  0.605113  0.327331  -0.67323 -0.972117 -0.840136  0.415843 -0.581296
point 6 44 485.045 177.699  -0.523307   0.226043   0.824219   0.462148 -0.0252037  -0.102902    0.72735   0.859311   0.876067   0.838191
point 7 53 469.394 214.905  0.774299  0.318265 -0.339938  -0.90942  0.545726  0.556769  0.417774  0.401283  0.821299 -0.353634
point 8 60 70.1306 172.333  -0.92359  -0.81165 -0.487385  0.455219  0.193329 -0.769678  0.926659  0.717883 -0.640464 -0.050178
point 9 64 625.086 161.904    0.86286   0.550876  -0.742344  -0.919861 -0.0193923  -0.188824  -0.603285  -0.067788  -0.663114  -0.381677
point 10 68 352.385 239.629  0.174556  0.305856 -0.964377  0.555919  0.201832 -0.683005 -0.667979 -0.635438  0.581254  0.695624
point 11 70 109.277 197.358  0.915952 -0.749709 -0.434208  0.138166  0.337602  0.744264 -0.523548  0.350083    0.2891  0.653213
point 12 78 194.375 126.996   -0.949049   -0.854563    0.571278    0.771528    0.983694 -0.00417396   -0.455362   -0.605737    -0.25129  -0.0793784
point 13 92  175.38 171.866   0.158892   0.749012 -0.0154868   0.956126   0.298695   0.296259   0.971443   0.582725  -0.190666 0.00897996
point 14 109 306.003 221.136  -0.433858   0.909417  -0.832838  -0.446621   0.487865 -0.0593425   0.737574   0.559443  0.0613623   0.267274
point 15 110 441.404 148.786  0.840853  0.993639 -0.605344 -0.329115 0.0834638 -0.747521 -0.579617  0.619355  0.771494  0.200447
point 16 111 279.295  232.03  0.0912998   0.970851  -0.860171  -0.908191 -0.0888118  -0.395228   0.935206  0.0358639     0.2245   0.413667
point 17 113 459.348  208.91 -0.00339527    -0.57672    0.629925   -0.921918    0.534688   -0.366233    -0.89233    0.619416   -0.305941  -0.0328031
point 18 132  436.43 195.677   0.254385  -0.909972  -0.922684 -0.0997764  -0.774051   0.820903  -0.824942   0.285198    0.89923   0.670136
point 19 134 529.995 180.338 -0.291208  0.123286  0.454345  0.856077  0.695584   -0.3175  0.938783   0.81036  0.554399  -0.84811
point 20 140 584.114 184.218  -0.523936 -0.0603703   0.633678  0.0533426   0.782696  -0.797134    0.36108  -0.584388  -0.371526   0.902967
point 21 148 447.303 149.471  -0.129603  -0.303646  -0.214042   0.572886 -0.0877062  -0.206924  -0.939771   0.269005   0.879966  -0.606456
point 22 156 379.633 197.521   0.239138   0.582128  -0.688991   0.405121  -0.853236    0.91878   0.149186  -0.683773  -0.886209 -0.0807113
point 23 158 467.812 176.603  0.444937  0.391793  0.333085 -0.313638 -0.153479 -0.380206 -0.751109  0.185669  0.962821 -0.649043
point 24 159  406.53 199.059  0.176329 -0.961689 -0.934057 -0.156026 0.0514285  0.111393   1.02183 -0.317707 -0.427387 -0.716367
point 25 165 382.827 173.319  0.459378 -0.788729  0.454448  0.639301 -0.746204  0.590945 -0.578004  0.850612  0.331765 0.0361525
point 26 166 229.184 200.668 -0.621544   0.30059 -0.638219 -0.520502 -0.659121  0.236562 -0.686635  0.102558   0.17551 -0.674512
point 27 169 486.754 184.423 -0.586308  0.501082  0.680657 -0.247965 -0.112899  0.501638  0.301663  0.436562 -0.733968 -0.537869
point 28 170 586.453 236.648 0.0930402 -0.351022  0.259774  0.173249  0.772525 -0.239743  -0.82628  0.721051  0.474236  0.763288
point 29 175 306.812 172.785 -0.398416  0.547041  0.232199 -0.599632  0.716409   0.74454  0.925403  0.924356  0.539341  0.102091
point 30 176 366.849 208.419  -0.726729   0.843538 -0.0843992 -0.0238674   0.345208  -0.474179  -0.933179   0.236711   0.695394    0.10571
point 31 179 584.728 176.568 0.0257772 -0.835917  0.119693  0.801328  0.695488  0.338113 -0.332685 -0.809723  -0.20617  0.780414
point 32 200 271.579 53.0189 -0.464157 -0.695795  0.686265  0.333915  0.208005  0.535086 -0.108888  0.926309  0.996601 -0.109477
point 33 202  635.62 58.7968  -0.59497 -0.228905  0.292091  0.297701  0.164275  0.759171   0.58811 -0.251053  0.127854 -0.138954
point 34 216 205.371 155.882  -0.674588  -0.966266   0.825921  -0.820765  -0.546083  -0.847713  -0.333656  -0.281274 -0.0564609   0.811317
point 35 218 34.9446 231.828 -0.155181  0.660694 -0.945374  0.752058 -0.776919 -0.690386   0.84961   -1.0019 -0.508931 -0.751953
point 36 240 391.824 187.149 -0.537509 -0.652337  0.597934  0.797842  0.764085  0.686547 -0.522215 -0.726665  -1.01924  0.692917
point 37 245 245.698  170.98 -0.652614 -0.376278  0.389664 -0.707058 -0.543115  0.410571  0.831607 -0.650868  0.231174  0.736034
point 38 251 286.604 231.325  0.029184  -0.55371  0.166293 -0.819958 -0.387647 -0.128771 -0.457654   0.23179 -0.122366  0.379476
point 39 262 213.497 126.441 0.0797707  0.370991 -0.275264 -0.604761   0.91603  0.927431  -0.96553 -0.339068  0.406418 -0.390625
point 40 301 411.178  154.45  0.128564 -0.486515  -1.03086  0.445377   -1.0022 -0.707449 -0.624516  0.448691 -0.717395 0.0272515
point 41 303 329.376 214.593    0.10779  -0.833553   -0.57776  -0.928059  -0.060378   0.524431  -0.399912 -0.0778604 0.00454546  -0.417155
point 42 304  437.64 175.247  0.498202 -0.562907 -0.455942 -0.404101    0.9956 -0.239822  0.684292  0.560778  -0.50221 -0.388481
point 43 315 501.871  215.86 -0.874165  -0.36552 -0.943105 0.0896946  -0.40793  0.176112 -0.565377  0.776629 -0.713633  0.869965
point 44 325 635.085  199.96 -0.209225 -0.276421 -0.633266  0.168408  0.181076 -0.373269 -0.277696 -0.522185 -0.557752   -1.0141
point 45 331 141.514 215.237  -0.397111   -0.26644  -0.257018   0.120458 -0.0888514   0.891759   0.853019  -0.525484    0.82072   0.843975
point 46 343 528.293 228.299 -0.00486723   -0.989854   -0.334114   -0.870685   -0.211175  -0.0491937    0.301063   -0.859645    0.547088   -0.456278
point 47 352 230.241 197.833  0.512389   0.37472  0.455436 -0.743133  0.589486  0.642506 -0.622545  0.505272 -0.163712   0.82006
point 48 353 617.245 154.237 -0.570337 -0.245129  0.972423  -0.26347 -0.284524  0.369338 -0.100629 -0.586582 -0.397279 0.0784344
point 49 357 607.359 235.809  0.373108 -0.239566  0.461944  0.414958  0.560981 -0.080901  0.294421  0.708568  0.461347 -0.247514
point 50 364 178.856 91.1673  0.110335  0.810328  0.621783 -0.619388  0.883166 -0.485912 -0.552308 -0.854304  0.120729 0.0249428
point 51 367 454.653 116.648   -0.715019   -0.858666     0.88026   -0.413265   -0.453545    0.644999    -0.31248 -0.00873657   -0.577433   -0.781677
point 52 387 316.356  187.61    0.743663   -0.675853    0.594056    0.929586   -0.788495   -0.177243 -0.00269623   -0.965156    0.666145     0.70528
point 53 396 628.491 134.467  0.275837 -0.740888  0.857877  0.748107   -0.3513  -0.31607 -0.779639 -0.393724  0.361497  0.604016
point 54 397 110.881 185.155    0.7273 -0.338685  0.547177  0.253903  0.563492  0.923526 -0.621088  0.603624  0.869205  -0.79067
point 55 425  302.17 239.814 -0.411799 -0.341569  0.332225 -0.449403  -0.60925 -0.674658 -0.141316  -0.98276  0.909693  0.822887
point 56 454 417.468 178.975 -0.866977   0.96243  0.664227 -0.465992  0.603923  0.744696   0.83848  -0.55246  0.404034   0.35579
point 57 472 50.4099 120.084  -0.914729  -0.044385   0.614125  -0.232246   0.921088  0.0934516   0.699339  -0.693029 0.00343687  -0.628336
point 58 474 4.98558 225.371 -0.0958466   0.744664  -0.945631   0.742275  -0.676524  -0.827358  -0.398315    1.00167 -0.0462134   -0.42015
point 59 491 335.512 197.417 -0.769611  0.873717 -0.343942  0.581436 -0.502985 -0.141614  0.518226 -0.321981 -0.267345  0.716319
point 60 495 360.594 173.895  0.252707  0.688364 -0.144295  0.491112 -0.517173 -0.628995  0.997388 -0.598837 -0.097311  0.112254
point 61 503 80.0432 178.174  0.325086 -0.137232  0.677207 -0.967277 -0.126821  0.183961 -0.234897  0.599245  0.967936 -0.992034
point 62 506  371.64 210.356 0.0875943  0.288966 -0.081456 -0.632656 -0.997926 -0.660065 -0.685424 -0.620355  0.738242  0.477583
point 63 514 219.339 175.767    0.4367 -0.821239 -0.852106 -0.415803 -0.964283 -0.475873  0.622158  0.841684   0.12741  0.232583
point 64 519  505.68 29.0774  0.358763  0.400683  0.514862  0.148505  0.749885 -0.786821 -0.929838  0.915663 -0.289199  0.466138
point 65 541 237.051 230.686   0.40142 -0.785055   0.88344 -0.259752 -0.613458  0.733754   0.73961 -0.605608  -1.00546  0.271521
point 66 543 43.2375 206.855  -0.351717  -0.721358   0.646856   0.631967   0.344213 -0.0745604   0.805956   0.155997   0.700859  -0.801829
point 67 552 131.215 178.407  0.844244 -0.250053  0.825772 -0.128638  0.416187  0.067898  0.766529  0.734912 -0.420699 -0.604674
point 68 555 103.415 229.249    0.33042   0.306792   0.262492  -0.937802 0.00718878  -0.452514  0.0272449   -0.21514    0.72393  -0.312529
point 69 568 94.4933 111.215 -0.939212 -0.622501   1.00703 -0.633158  0.426289  0.544515 -0.949741 -0.786758 -0.689651  0.134461
point 70 573 635.503  26.443  0.866681 -0.253908  0.246558 -0.438632 -0.254521 0.0905669 -0.712299  -1.03263 -0.324056  0.587577
point 71 577 5.85871 224.172  0.316584  -0.99139  0.518527  0.684957 -0.812188 -0.467709  0.745039  0.738513 -0.460834  0.556926
point 72 578 371.873 212.105 0.0132388 -0.255439 -0.236336  0.233376  -0.70715  0.534879  0.039315 -0.942492 -0.072559  0.121118
point 73 581 523.773 239.597 -0.634417  -0.45142 -0.299612  0.962056 -0.948272 -0.160434 -0.156474 -0.750536  0.860462 -0.122351
point 74 591 408.903 201.193   1.03666 -0.632236  0.665615 0.0810935 -0.393729 -0.313565  0.961581  0.181283 0.0543353 -0.574432
point 75 603 482.484  189.29  0.993007  0.605415  0.695756  0.265775 -0.839201  0.371181  -0.88883  0.773106 -0.534381  0.708593
point 76 607 184.851  236.56   0.84432  0.387971 -0.281181  0.141489 -0.416607 -0.399721 -0.458834  0.223537  0.905314  0.746736
point 77 610 227.048  136.54  -0.23601 -0.256802  0.775117  0.626364  0.432981  0.482662   0.61841 -0.655463  0.113827 -0.392258
point 78 617 324.982 113.951 0.0139463  -0.82188  0.276253  0.154296 -0.493319 -0.904326 -0.171505  0.283866 -0.850714 -0.614033
point 79 623 106.568 176.709  0.523969 -0.540237   0.59605 -0.533741 -0.279041  0.435414  0.420261 -0.224411 -0.751131 -0.332093
point 80 644 305.983 167.829  -0.496804 -0.0704804  -0.535414  0.0025906  -0.122935  -0.807647   0.828452  -0.952851   0.857271   0.417752
point 81 655 463.158 220.856 -0.154745  0.699785  0.498814 -0.575453 -0.614533 -0.413622 -0.951592 -0.644114 -0.891587  0.858272
point 82 658 442.741 223.778  0.369992 0.0560662 -0.129299 -0.287876  0.168128  0.986453  0.587051  0.646244 -0.770042  0.491319
point 83 661 337.409 74.1565  0.289383 -0.545311  0.370168  0.374401  0.144576 0.0844456 -0.923134 -0.767504  0.184791  0.435466
point 84 667 495.845 146.038 -0.918613 -0.635118 -0.262804 -0.566846  0.785102   -0.7416 -0.494505  0.715099  0.536707  0.420596
point 85 691 206.045 168.235  0.534955   1.01534  0.269658 -0.269934 -0.905548 0.0744629  0.312651 -0.382414 -0.964293  0.014372
point 86 719 76.9761 163.396 -0.734962 -0.317855  0.725735   0.74224 -0.612613  0.686695  0.399673 -0.582501 -0.542134 -0.949404
point 87 726 268.798 200.819   1.00739  0.523838  0.494256 -0.721359  0.242794  0.665363 -0.768788 -0.863408 -0.902668   -0.8122
point 88 727 114.605 226.214  0.0612853  -0.928209   0.622333  -0.629651  -0.249148    0.81124  -0.360226 -0.0187409   0.864005   0.929527
point 89 735 54.7101 230.747 -0.899159 -0.404526 -0.130384  -0.61096 -0.287495  0.498222 -0.347594   -0.7271 -0.340569  0.897389
point 90 750 160.418 236.152 -0.405917 -0.467963  0.524653  0.245853  0.230379  0.585255 -0.667152  0.741269   0.69516 -0.173348
point 91 752 345.235 99.9861  0.791542  0.767465 -0.559303 -0.242955 -0.155816  0.110595  0.312681 -0.670009  -0.70865 -0.480164
point 92 777 547.655 111.639  -0.658745   0.667129  -0.324695  -0.452929   0.559781  -0.224637  -0.257422   0.528071 -0.0486635  0.0915961
point 93 794 303.048 140.157   -0.450364       0.458   -0.362694   -0.619075 -0.00350437    0.696029    0.482106   -0.495689    0.124427    0.472082
point 94 804 584.899 202.309 -0.827336 -0.712078 -0.697785 -0.596136  0.549906  0.743122 -0.157858  0.510035 -0.607247 0.0925044
point 95 805 316.189 171.152  0.340658  0.743311  0.559601 -0.186592 -0.820572  0.812712 -0.213985  0.926538 -0.830244  0.248579
point 96 806 387.814  238.52   0.824434 -0.0427479  -0.553479  0.0857689  -0.642677  -0.336727   0.355551  -0.368146    0.13577 -0.0790163
point 97 820 119.222 184.367  -0.671006 -0.0040811   0.690686  -0.497596   0.490863  -0.243544  -0.391987  -0.417607   0.357986  -0.121738
point 98 841 273.679 26.2963  0.162046  0.873046 -0.915956  0.902119 -0.363372 0.0667739  -0.32942 -0.253768  0.180228  0.463892
point 99 843 406.277  93.812 -0.403098 -0.195577 -0.107269  0.419103  0.163133 -0.959647  0.381501  0.192648   1.01378   1.00308
point 100 846 598.705 230.899     0.4988   0.316222   0.432523  -0.905869  -0.878168 -0.0750121  -0.660536  -0.314227  -0.343054   0.247163
point 101 848 75.631 197.65 -0.469383 -0.233176 -0.842917  0.874856  0.885892  0.584649  0.190076  0.308464  0.722436  0.266671
point 102 862 21.2245 73.0574  -0.852273  -0.360084  -0.744265  -0.206908   0.603602  -0.540095 -0.0514256   0.314562   -0.97415  0.0927464
point 103 867 610.805 180.947    1.01252  0.0760483  0.0988454   0.589576  -0.470134 -0.0310585  -0.731911  -0.414648   0.665349 -0.0545106
point 104 876 275.982 110.964  0.478559 -0.615923  0.936686  -0.18419 0.0554394 -0.970958 -0.977624  0.351739  0.882844   0.33835
point 105 878 434.936 233.692  -0.960091  0.0281533  -0.996141  0.0800612 -0.0523049   0.473151   0.433081  -0.156416  -0.743073  -0.592972
point 106 880 296.287 177.298 -0.651299 -0.551159 -0.267816  0.673341  0.565126 -0.203724 -0.352223  0.578419  0.764086  0.688785
point 107 881 361.836  196.65  0.356446  0.568954  0.453789   0.63712   0.41741 -0.797906   0.18766 -0.811675 -0.457318 -0.539135
point 108 883 301.983 218.508  -0.270603  -0.232927  -0.731694   0.934852   0.270933    0.61041   0.601832  -0.315412   0.242391 -0.0647665
point 109 886 608.419 152.294 -0.323934 -0.802136 -0.476138 0.0463109  0.345792  0.939941  0.878474  0.907992 -0.736473 -0.860027
point 110 905 496.336 160.587  -0.93287 0.0984132  0.461133 -0.358835  0.723786  0.250981 -0.855802  0.633623 0.0577863  0.148212
point 111 908 211.222 54.9791  -1.02431 -0.924253   0.91399 -0.700328 -0.680876    1.0117   0.55271 -0.807486 -0.593125  0.296207
point 112 910 485.903 193.823   -0.91138   0.596113   0.490488 -0.0477718   0.646736   0.467212  0.0322926   0.621809   0.756564   0.368791
point 113 911 638.165 183.958   -1.02234  -0.417288  -0.748238   0.707312  -0.884223 -0.0566517   -0.96364  -0.178534   0.448639  0.0499159
point 114 916 169.042 194.303  -0.34051  0.206445  0.247172 -0.362531 -0.668945 -0.524646  0.663982  0.305276  0.906767 0.0142399
point 115 920 633.316 199.808 -0.875966  0.688901 -0.308892 -0.337494 -0.421737 -0.189749  0.776711 -0.825645  0.966773 -0.548562
point 116 927 417.009 170.732 -0.0589504    0.84728   0.583926   0.337051  -0.864616   0.374569  0.0177581  -0.391904   0.759373   0.968756
point 117 928 627.018 170.836 -0.166238  0.871727 -0.857861 -0.947856  -0.30758 -0.538955 -0.711195 -0.351177 -0.437121  0.262006
point 118 929 374.207 179.663 -0.874929 -0.292706 -0.265469   0.17627  0.190207  0.754632  0.084303 -0.228944  0.106866  0.215072
point 119 942 331.544 184.943 -0.763704 -0.270784  0.672238 -0.522507  0.278165 -0.194862 -0.678868 -0.920245  0.931487  0.421332
point 120 944 238.837 158.926   0.570828  -0.499955  -0.252471  -0.509613   0.687825 -0.0107836   0.163695   0.344122   0.459125  -0.636254
point 121 957 60.6327  185.35    -0.4647    1.02304  -0.275268  -0.921463   0.336697   0.822378   0.405144   0.546752  -0.408376 -0.0979442
point 122 958 161.191 95.8379 -0.501314 -0.854917 -0.773166 -0.260932  0.106043 -0.314073 -0.172126 -0.221219  0.457255 -0.890431
point 123 962 12.4817 145.391   -0.24776  -0.275405   0.852423  -0.747655  -0.823467 -0.0374242  -0.470429  -0.533621 -0.0726798   -0.17294
point 124 967 330.187 197.151  0.231948 -0.106049  0.458771   0.97362  0.104862  0.351553  0.586131 -0.342968 -0.772333 -0.476193
point 125 974 107.768 231.095 -0.478935  0.735806 -0.736728 -0.924687  0.480855 -0.441797 -0.475166  0.416197  0.514629 -0.403851
point 126 978 204.328 203.939   0.87797  0.681356  0.232713  0.887604 -0.826132  0.381502  0.142329   0.38634  -0.57005  0.341094
point 127 979 423.703 153.824 0.0176876  0.461654  -0.15961  0.427014  0.169982  0.394135 -0.600498 -0.109935  0.626839 -0.315757
point 128 989 492.725 237.208 -0.733159  0.259441  0.484159 -0.553571 -0.088176 -0.519152 -0.123007  0.511206  0.482389 -0.514657
point 129 991  40.352 236.415  -0.177764  0.0250617  -0.719239   -1.00008     1.0041  -0.460922   0.354267   0.452121 -0.0429085  -0.752865

