seq: 217
gt_pose:  5.42238  4.70273 0.289141
odom_pose:  5.68306  3.61755 0.180065
point 0 20 457.398 193.769 -0.489946 0.0603617 -0.785838 -0.438879  0.751656  0.395944  -0.83377 -0.801766 -0.251745  0.141379
point 1 22 220.579 197.085    0.3877   -0.7261  0.411384 -0.250189  0.590628  0.898358  0.829525  0.751229 -0.569428  0.549092
point 2 79 563.032 50.6502 -0.270835  -0.67727  -0.12504 -0.813595    0.1716  0.958884 -0.739664  0.763549 -0.655802  0.608588
point 3 83 184.305 161.953  0.644838  0.907861  0.066458 -0.998685 -0.662304 -0.429873  0.220592 -0.486279  0.518788 -0.886399
point 4 96   316.9 192.163  0.481639 -0.427045  0.313511 -0.673957 -0.826613  0.583283  0.698898 -0.314504 -0.245095  0.688134
point 5 135 3.43551  127.79  0.43769  0.45382 0.507399 0.328912 0.255506 0.946663 0.590808 0.426593 0.397124 0.663834
point 6 136 30.4445 79.6071 -0.444483  0.140846  0.685118  -1.02275   0.41114 -0.624218  0.125599  -0.24081 -0.729023 -0.209747
point 7 222   349.4 230.196  -0.620831   0.971744   -0.91301  -0.443453   0.481052   -0.66713 -0.0283982   0.541169    0.42642  -0.456851
point 8 232 271.546 235.413  -0.0904559   -0.315538    0.374088   -0.295538   -0.890476 -0.00528616    0.864212     0.68756   -0.936489  -0.0135731
point 9 241 225.266 188.031  0.236706  0.210467  0.581679   0.08921  0.619983 -0.865126  0.146195  0.891203  0.317689  -0.25428
point 10 248  141.95 165.436 0.0153685  0.734126  0.611147  0.237234 0.0912924  0.159196 -0.966332 -0.900613 -0.930729  0.313099
point 11 255 617.331 194.867  -0.953884  -0.781741  -0.960862  -0.881102 -0.0162336   0.931594   0.216583  -0.327941 -0.0928763   0.382374
point 12 270 502.416 219.094 -0.528813  0.422387 0.0653158 -0.722094 0.0477745   0.17333  0.464637 -0.230273 -0.929605 -0.828586
point 13 297 302.612 170.721   0.541866 -0.0933549   0.830371  -0.284643    0.10579   0.483629   0.791604   0.853645  -0.159032 -0.0806897
point 14 300 375.217 170.361  -0.16686 -0.599669 -0.645239 -0.211118 -0.177879   0.76256  0.983585 -0.511782 -0.843433 0.0295448
point 15 349 155.678 147.776  0.608777 -0.238711   0.68832 -0.881342 -0.834374 0.0873026  0.459998 -0.492962 -0.306504 -0.617363
point 16 357 278.907 223.135  0.334342 -0.236546  0.440748  0.459148  0.593129 -0.129926  0.283166  0.752594  0.402299 -0.250987
point 17 361 114.881 174.607   0.844793   0.699339  -0.341403   -0.51142   0.646232   0.564208   0.261719    0.35361  -0.907401 -0.0849357
point 18 366 202.103 159.182  0.380377  0.731353  0.239545 -0.715259 0.0895982 -0.645056 -0.960607 -0.325861 -0.307769  0.950787
point 19 379 120.977 60.7826  0.245473 -0.523666  0.168761 0.0566714  0.600272 -0.270844 0.0876751  -0.22081  0.173428  0.207797
point 20 383 329.798 173.696 -0.635263 -0.361428  -1.00362 -0.694796  -0.74052 -0.134525  0.512318  0.478273  0.401842 -0.198106
point 21 391  261.08 228.713    -0.88911 -0.00387149    0.195606   -0.149281   -0.281129   -0.430256   -0.343256    0.300744   0.0807358   -0.954711
point 22 395  365.18 232.724  -0.674986   0.161655   -0.95123   0.975167    0.90595   0.659531  0.0468131  -0.385468 -0.0858808  -0.044282
point 23 426 290.696   171.8   0.94309  0.130394  0.839696  0.351973  0.866684 -0.218746  0.469127  0.339172  -0.84586  0.050013
point 24 436 295.038 232.487  0.373742  0.908111  0.198709  0.664038 -0.810371  0.375719 -0.457312  -0.41282  0.915555 -0.350881
point 25 445 277.294 100.968 -0.903419 -0.285112 -0.736927 -0.795271 -0.368982  0.805813 -0.286474  0.131167 -0.514664  0.549727
point 26 447 346.684 103.161  -0.355598  0.0536387  -0.919794  -0.753416   0.252626  -0.850935 -0.0581054   0.588138  -0.654897   0.590459
point 27 515 201.188 191.473 -0.0613663  -0.544302  -0.172719  -0.401492   0.550209   0.421676 -0.0605516    0.24144  -0.672253   0.412137
point 28 526  370.52 149.824 -0.292084   0.97193 -0.345152  -0.84695 -0.228061  0.403428  0.971997 -0.938221  -0.51426  0.837861
point 29 549 147.581 227.742  0.771283 -0.415065  0.910102  0.900602   -0.1696  0.261329 0.0807053  0.506788  0.358308   0.77862
point 30 556 528.954 194.733    0.9403  0.996106 -0.305059  0.511676  0.924522 -0.216336  0.443758 -0.649197  0.901445  0.219378
point 31 579 194.029 135.919   -0.8491 -0.111765 -0.763436 0.0253865   1.01753  0.525514 0.0851867  0.546146  0.260807  0.297604
point 32 586 191.874 126.213  0.0458541  -0.952502   0.714538   0.219482  -0.271152   -0.12936  -0.692266   0.116082 -0.0975931   0.780808
point 33 590 375.413 166.212  -0.486683  -0.960467   0.667298   0.424647 -0.0371058  -0.546685  -0.445221   0.578707   -0.21021  -0.836631
point 34 592 37.4115 132.287  0.787162  0.991054  0.645526  0.256937 -0.862884 -0.880622  0.371905   0.80618  0.656735 -0.671809
point 35 712 179.163 235.844 -0.0967841  -0.716499   0.442773   0.747941  -0.553604  -0.508179  -0.702998  -0.176011   0.819369  -0.208001
point 36 714 72.8097 103.325  0.723497  0.406115  0.752362  0.440559 -0.558143 -0.249498  0.806531  0.986425 -0.503622 -0.861601
point 37 718 39.4405 140.284 -0.414554 0.0529044  0.908605   0.46451  0.843722  0.781876 -0.552401 -0.701187    0.6448  0.493385
point 38 730 354.758 185.205   0.784546   0.373565   0.804647   0.844486   0.538855  -0.266279  -0.331494  -0.514112 -0.0934489   0.965307
point 39 739 574.234 211.217  0.975227  0.148652 -0.427039 0.0105513  0.750514  0.248111 -0.893515 -0.241439 -0.189626 -0.621018
point 40 759 194.581 145.699 0.0512003   0.57364 -0.890913 -0.900451 0.0424228  0.411872  0.846918  0.289499   0.40955 -0.355241
point 41 765 464.667 146.988  -1.00985 -0.135678  0.568932 -0.576074 -0.389988 -0.339414  0.540191 -0.227543  0.419789  0.912834
point 42 785 167.074 153.882 -0.0838314 -0.0896579  -0.505641   0.593437  -0.896057  -0.486197  -0.837062   0.667007  -0.695158   0.980084
point 43 792 259.475 195.898 -0.0255139   0.103664   0.515957   0.524403  -0.986729   0.714257   0.674144 -0.0385366  -0.476862  0.0411724
point 44 803   409.8 57.2221 -0.735481  0.939745  0.796933 -0.580334  -0.58518  0.221663 0.0822989  0.815437 -0.256985  0.702599
point 45 813 306.907 232.247   0.681159   0.889742  -0.337129  -0.821545   0.224993  -0.751841   0.800009  -0.690583 -0.0471106    0.15148
point 46 831 66.5846 229.666  -0.100762   0.457467   0.751358   0.106339    0.34878   -0.88956 -0.0193448   0.558486   -0.67392 -0.0659549
point 47 865 296.772 185.622   0.861723  -0.345528  -0.917591  -0.326582   -0.26796  -0.229757  -0.956291   0.569466  -0.733728 -0.0322888
point 48 874 445.349 206.937 -0.831772  0.275508 -0.676644   0.84621  0.228115  0.764112  0.754276 -0.660882  0.261877 -0.760262
point 49 914 102.699 232.054   0.219802  0.0419469 -0.0159562   0.346064   0.357689   0.410772  -0.651316 -0.0759441   0.200277   0.801478
point 50 932 168.81 173.81  -0.126856  0.0703343   0.819113 -0.0842076  -0.177288   0.718911 -0.0844593  -0.978611  -0.214625   0.570743
point 51 948 297.865 195.193 -0.882922  0.204779  -0.90427  0.369193 -0.188808  0.320668  0.249795  0.385995  0.485455 -0.240489
point 52 964 83.3718  153.74  0.899601 -0.295609  0.202674 -0.194916 -0.850882  -1.02027  0.456132 -0.924233 -0.734205  0.693736
point 53 975  242.91 216.077   -0.822722    0.432369    0.714446  -0.0697964    0.681818   -0.120684   -0.828363    0.268011 -0.00292313   -0.304016
point 54 982 198.568 215.881   0.496231  -0.424493   0.963548 -0.0898174   0.311359   0.481655   0.679003  -0.105821   0.966956   0.229075
point 55 992 220.696 173.022  0.456153 -0.680873 -0.227877  0.347797  0.940994 -0.548172 0.0517208  0.803798 -0.821187  0.911047
point 56 995 203.31 200.04 -0.994785  0.760251  0.564577  0.743801  0.948097 -0.616223  0.753769 -0.470944  -0.95123 -0.372935

