seq: 62
gt_pose: -0.0363063    4.43381   -1.92301
odom_pose:  0.56651  4.28623 -1.86854
point 0 4 639.511 146.621  -0.304063  -0.869837  -0.998795 -0.0442175  -0.850505  -0.511066   0.911248   0.760626   0.695167  -0.427426
point 1 14 178.146 208.564 -0.827812 0.0664285  0.542949 -0.344622   1.01262  0.169952  0.764147  0.450704  0.266928 -0.926855
point 2 17 32.1507 114.559   -0.39363   0.136411   0.417993  -0.769988 -0.0204567   0.158332   0.927937  -0.147527  -0.321511   0.721813
point 3 27 593.723  167.16 -0.0135393  -0.731517   0.744338   0.274096  0.0797468  -0.632745   0.100261  -0.183304   0.617655  -0.182755
point 4 30 566.484 146.004 -0.783056 -0.916298 -0.909875 -0.052668   0.53921  0.345595 -0.116969 -0.725385  0.145801  0.114288
point 5 31 184.984 189.246  -0.402733    0.74026 -0.0956145  -0.642207   0.235723  0.0892869   0.279255   0.197958  -0.494257   0.656808
point 6 57 110.042 198.547  0.388383 -0.334178 -0.569822  0.528691 -0.510973  0.362595 -0.955803  0.698189  0.714567  0.221144
point 7 58  581.54 230.475  0.682412 -0.486295  -0.53724 -0.833837 0.0239495  0.757403  0.253956  0.105161  0.606832  0.965575
point 8 63 407.073 156.097  0.151099 -0.737182 -0.876995 -0.292675 -0.755069  0.346495 -0.731958   0.72379  0.147205 -0.550719
point 9 68  199.03 238.846   0.16724  0.357998 -0.963456  0.472636  0.174004 -0.721603 -0.705925 -0.571772   0.51316  0.654499
point 10 73 487.674 154.848   0.809149  -0.140851   0.791684   0.356055  -0.114255 -0.0823165  -0.381003  -0.505593  -0.540356   0.201746
point 11 86 595.846 168.996  0.893995  0.319005  0.741276 -0.494519 0.0643933 -0.667407  0.687696 -0.595973 -0.739565 -0.131878
point 12 88 435.268 235.359   -0.206776 -0.00210233    0.415258    -1.00079    0.305103    0.190605    0.400997  0.00140054    0.828806   -0.495218
point 13 93 507.137 173.721  0.705489 0.0615731  0.135279  -0.84442  0.852276 -0.371345  0.133686 -0.878603  0.551115 0.0336736
point 14 105 575.992 167.648    0.506745    -1.02562    0.545695   0.0581743   -0.240134 -0.00295832   -0.874917    -0.77878    0.898865  -0.0403555
point 15 109  235.94 228.726  -0.509349   0.914653  -0.841666  -0.371626   0.540168  -0.011761   0.766799   0.614602 -0.0319834   0.304216
point 16 110 93.0098 143.965   0.82986  0.927376  -0.63105 -0.325973 0.0600191 -0.733128 -0.548635  0.600559  0.686536  0.177933
point 17 111 319.099 229.101 0.0280926   1.03302 -0.909873 -0.910368 -0.155021 -0.362434  0.960588  0.024474  0.226105  0.451913
point 18 123 224.409 171.817  0.136281  -0.80089 -0.250826  0.369138   0.86317  0.666322  0.246977 -0.219912  0.400344 -0.603317
point 19 125 638.424 208.189 -0.154806  0.928354 -0.607602    0.7435  0.908066  0.486085  0.954507 -0.353289 -0.091785  0.720254
point 20 156 133.395 150.201  0.256354  0.597318 -0.739757  0.372285 -0.809375  0.945729  0.193687 -0.739126 -0.914155 -0.102519
point 21 159 123.847 189.271  0.261718 -0.938986 -0.935895  -0.17065 0.0548746  0.134458   0.98807    -0.353 -0.423872 -0.768922
point 22 165  173.86 185.263   0.492805  -0.759097   0.431047   0.599143  -0.734432   0.589842  -0.609406   0.804767   0.364571 -0.0123415
point 23 166 336.214 203.637 -0.627892  0.357646 -0.600335 -0.482981 -0.707882  0.237969 -0.686413  0.082254  0.170808  -0.64864
point 24 174 28.1276 199.838  0.701508   0.13506  0.883257  0.181384 0.0668061 -0.513195  0.094679 -0.574036  -0.51726 -0.901278
point 25 175 276.963 145.607 -0.337631  0.607031  0.279061 -0.593395  0.715379  0.761711  0.919054  0.906814  0.553161  0.166309
point 26 176 176.425 192.492  -0.724279   0.856435  -0.130282 -0.0815048   0.346128  -0.424692  -0.933174   0.209137   0.744695   0.154094
point 27 179 13.8793 195.804 0.0139552 -0.834229 0.0792435  0.763123  0.687821  0.351481 -0.362494 -0.759677 -0.177129  0.792666
point 28 186  387.55 98.5517  -0.34107 -0.377999  0.319287  0.406363  0.858374 -0.879954 -0.104302 -0.479972 0.0651487  0.325087
point 29 198 118.041 237.373  0.912073  0.602403 -0.369213 -0.604948   1.01376 -0.806438  0.932809 -0.983694 -0.712774   0.34736
point 30 200 229.651 189.445  -0.408356  -0.782655   0.638711   0.326078   0.193728   0.574746 -0.0584304   0.880401   0.994238 -0.0885428
point 31 216 277.004 204.212  -0.628229  -0.951642   0.836583  -0.808541  -0.552816  -0.857223  -0.345571  -0.222398 -0.0309029   0.853858
point 32 219 571.462 237.927  0.144832 0.0931226 -0.325039  0.920352 0.0758734  0.273102  0.267582  0.180975 -0.501972 -0.578733
point 33 233 420.506 226.274 -0.141164 -0.431447  0.132683  0.333207  0.313138 -0.197885 -0.916917  0.137194 -0.863368  0.336021
point 34 240 53.1522 73.0542 -0.515463 -0.592897  0.603936  0.859475  0.761325  0.767654 -0.517661  -0.71769  -0.96863  0.683302
point 35 245 276.237 199.805 -0.662751 -0.345966  0.456684 -0.718092 -0.497978  0.418466   0.85598 -0.672458  0.210317  0.763096
point 36 251 306.969 228.187  0.0279686  -0.569605   0.151845  -0.787659  -0.446134 -0.0925655  -0.506117   0.270373 -0.0850493   0.304343
point 37 259 34.6416 206.931  0.144283  0.656412  0.117304  0.468722 -0.434727 0.0805625 -0.735259  0.477358 -0.890756 -0.623569
point 38 262 271.876  192.45 0.0862361   0.33619 -0.351577 -0.563848  0.970365  0.980668 -0.967457  -0.30776  0.446128 -0.353512
point 39 286 85.1094 187.625 -0.780312  -0.48581 -0.478926 -0.214114 0.0389737  0.327708  0.858049 -0.871834 -0.987129  0.671758
point 40 296 131.316 164.596 0.0141286 -0.616262 -0.372715  0.299113 -0.181694   0.63304 -0.682664  0.921489 0.0562283 -0.323822
point 41 301 184.676 215.893 0.0872083 -0.505388  -1.02309  0.414158 -0.912948 -0.628164 -0.561592  0.454643 -0.692965 0.0980857
point 42 302 458.633 197.671   -0.76063  0.0523169   0.526577   0.719474 -0.0938305  -0.582202   -0.99633   0.166808   0.161192  -0.192956
point 43 303 244.623 199.528   0.106342   -0.85407  -0.565999  -0.932893  -0.091408   0.515973  -0.455074 -0.0520418 -0.0482139  -0.437707
point 44 307 589.649 206.789   0.140991   0.920957  -0.237362   0.646292   0.738256   0.862956 -0.0665345  -0.483647  -0.860506   0.495765
point 45 313 62.1777 131.553   0.116849   0.322355   0.188678   0.137914   0.458468   0.705143  -0.422001   -0.58648 -0.0707823   0.445138
point 46 319 68.2296 172.282 -0.998094  0.268649  0.642862 -0.203766 -0.740907  0.154483  0.656111 -0.320667 -0.999663  0.354717
point 47 352 287.559 215.208  0.561217  0.396385  0.446827 -0.784232  0.590941  0.691442 -0.643984  0.542996 -0.150427  0.870381
point 48 362 589.021 151.401 -0.123507 -0.914889 -0.818887 -0.362327 -0.427187  0.729766  0.140683  0.399858  0.954516  0.815895
point 49 367 50.0185 83.0453  -0.729848  -0.893765   0.932813  -0.389665  -0.493314    0.64803  -0.343502 -0.0495313  -0.542768  -0.762162
point 50 387 254.851 174.762  0.732656  -0.74263     0.558  0.977361  -0.78809  -0.20586 0.0323572 -0.944292  0.646444  0.702073
point 51 398 132.894 227.622 -0.831605  0.900879 -0.654688  0.446959 -0.977634  0.557522  0.682243  0.923035  0.287151 -0.675616
point 52 425 215.758 239.963  -0.488357  -0.378511   0.367237  -0.437413  -0.570296  -0.621681 -0.0755876  -0.900142   0.869837   0.866436
point 53 428 472.448 159.154 -0.468963 0.0313417  0.624682 -0.879941 -0.249333  0.491457   0.28288 -0.444378 -0.137107 0.0866824
point 54 441 533.912 171.718  0.911295  0.202513  0.713149   0.74743  0.816611 -0.129376 -0.673077   -1.0051 -0.890311  0.633203
point 55 448 26.0586 207.661   0.82985 -0.459028  -0.81436 -0.629916 -0.334553  0.754975 -0.399801 -0.749013  0.659422  -0.36621
point 56 460 460.334 204.966   0.838399  -0.544198  -0.292933   0.425155  0.0566405 -0.0996972  -0.374699   0.230966  -0.730363  -0.860932
point 57 463 122.808  167.72   0.546665 -0.0310902  -0.338661   0.524954  -0.829093   0.246944   0.964434  -0.770465  -0.740879    0.10819
point 58 469 113.395 171.434 -0.052267 -0.790843  0.909622  0.942373  -0.11067 -0.486906 -0.820625  0.748022  0.188159 -0.944692
point 59 486 539.904 211.222 -0.851991  0.508569  0.978522 -0.401713   1.02939   0.79157 -0.756965  0.984906  -0.94781 -0.406086
point 60 491 227.816 184.892 -0.798154  0.848632 -0.331619   0.52342 -0.429226 -0.135202  0.526304 -0.283966 -0.261782  0.767877
point 61 494 434.698  174.66  0.396034 -0.111508 -0.269522 -0.977476  0.105359 -0.810208  0.565053   0.30508 -0.204935  -0.97776
point 62 495   167.6 25.4029   0.188428   0.694507 -0.0995909   0.450219  -0.465971  -0.658669   0.998534  -0.627118 -0.0326802   0.152229
point 63 496 628.458 229.339  -0.886921  -0.724771   0.589434   0.222404   0.914611 -0.0157837  -0.820328  -0.465118 -0.0462651   0.206934
point 64 499 428.035 112.039   0.919015  -0.405926   0.390156  -0.585833   0.139633 -0.0943106 -0.0908893  -0.231866   0.697335   0.265929
point 65 506  124.87 142.833 0.0746661  0.310621 0.0117851 -0.606457 -0.987777 -0.629889 -0.667557 -0.571818  0.767299  0.543546
point 66 514 315.195 193.832  0.430432 -0.788918 -0.888885 -0.480231 -0.912764 -0.552874  0.639043  0.807405   0.10031  0.139518
point 67 519 119.904 141.437  0.400311  0.394901  0.585277  0.140804  0.750697 -0.873043 -0.851599  0.870457 -0.349523   0.45699
point 68 527 505.262 235.322  0.811604  0.405654 -0.814848  0.954706  -0.53766 -0.511636 -0.177227  0.683565  0.662827  0.712482
point 69 539 521.263 50.2461  0.877891 0.0763325 -0.960309 -0.696957  0.509668 -0.377147  0.928198 -0.678332   0.22753  0.206119
point 70 541 298.102 233.459  0.376141 -0.846598  0.833917 -0.314719 -0.644575  0.671923  0.764285  -0.61316 -0.957407  0.280777
point 71 563 506.033 200.526 -0.00231394   -0.475348    0.371584   -0.363845    0.750805    0.402236    0.328859    0.521048   -0.727542    0.383636
point 72 573 79.1452 159.591   0.913018   -0.19088   0.226454  -0.498495  -0.312498 0.00501522  -0.702833  -0.996523  -0.297471    0.62514
point 73 578 67.4317  84.411  0.0153462  -0.253536  -0.255468   0.194492   -0.73572   0.481243  0.0740843   -0.89796 -0.0801481   0.122995
point 74 587 497.884 182.351  0.823355 -0.433948 -0.314952  0.691216  0.262917 -0.287246  0.327789 -0.875416 -0.433917 -0.385349
point 75 596 339.725 160.107  0.0544053  -0.482039   0.478089   0.158029 -0.0273851  -0.381634    0.70275    0.11348   0.570095    0.89273
point 76 599 218.944 52.8998    -0.4126    0.22098   0.708192   0.132506  0.0320584   0.950889  -0.134389 -0.0679314  -0.148215   0.504005
point 77 607  309.91 238.135   0.89093  0.406949 -0.317834   0.07592 -0.390464  -0.39999 -0.438452  0.277906  0.914906  0.727692
point 78 610 310.348 164.468 -0.170625 -0.195003  0.751918  0.672643  0.435019  0.430734  0.652193 -0.644365  0.135925 -0.411734
point 79 613 591.974 100.388  0.740296  0.910006    1.0291  -0.74555 -0.804664  0.155003 -0.221452  -0.38501  0.121262  0.911802
point 80 617 225.483 152.947 0.0806917  -0.79221  0.266311  0.134837 -0.494853 -0.892127 -0.167817  0.276033 -0.768361 -0.662426
point 81 629 75.1432 187.941 -0.450159  0.794227  0.681684 -0.863768  0.926031 -0.302504  0.982017 -0.658393  0.181553 -0.789897
point 82 631 431.408 229.907   -0.816835 -0.00909755   -0.681736  -0.0534023    0.341288  -0.0994252   -0.255011   0.0368134  -0.0383168   -0.301025
point 83 643 609.949 216.359 -0.0637875   -1.02638   0.388487  -0.274746    0.40165 -0.0551248  -0.678337  -0.947369   0.129155   -0.27553
point 84 644 270.258  149.73  -0.524879 -0.0977289  -0.557533 -0.0376652  -0.157626  -0.757204   0.826188  -0.863798    0.85605   0.463964
point 85 645 591.191 231.014   -0.92482   0.860008 -0.0196075   0.353041    0.10178   0.960841   0.315243  -0.434344  -0.380517  -0.262775
point 86 661 210.185 180.811   0.25338 -0.529547  0.414898  0.395314  0.101804  0.172943 -0.896102  -0.76229  0.191465  0.372962
point 87 662 634.848 174.226  0.308298 -0.290843 -0.325215 -0.800596 -0.248137  0.836286  0.525796   1.04732 -0.737463  0.743007
point 88 667 76.5078 169.081 -0.902271 -0.558834 -0.250575 -0.542529  0.776401 -0.739411 -0.524212  0.680891  0.505286  0.389932
point 89 670 610.952 188.417   0.767373  -0.365522  -0.921203   0.116407  -0.109248  -0.542809 -0.0824411  0.0775958  0.0618204   0.433512
point 90 689 428.152 143.167   0.848134  -0.429577  -0.497836 -0.0672111   0.727789  0.0976446   -0.76513  -0.241458   0.858337   0.937904
point 91 691 286.941 205.118  0.585187   1.03006   0.25199 -0.195756  -0.87826 0.0990855  0.284849 -0.451323 -0.917357 0.0130468
point 92 694 576.421 222.667  -0.734059  -0.795858 -0.0425836  -0.443189   0.943622  -0.453855  -0.205785    0.90795    0.67637   0.412196
point 93 697 41.2638 204.327  0.212806 -0.764123 -0.441712   0.93482  0.509134 -0.760341 -0.276736 -0.186698 -0.204123 -0.813166
point 94 709  70.148 217.119  0.981923 -0.833534 -0.982631  -0.95609  0.535721  0.794015  0.753224  0.480623  0.165006 -0.442784
point 95 725 480.761 170.266 -0.750297  -0.73596  -0.77925 -0.954459  0.323254  0.357567 -0.879198 -0.748562 -0.506984 -0.228563
point 96 726 356.208 178.133  0.982212  0.557428  0.489394 -0.674152  0.251601  0.634292 -0.812046 -0.859779 -0.866559 -0.849809
point 97 732 594.365 165.971   0.174766   0.719617  -0.939295  -0.271568   0.135881   0.818744  -0.942894 0.00614354    0.67359   0.631308
point 98 736 466.501 181.896 -0.0415657  -0.989021   -0.24026   0.126141  -0.310061  -0.242895   0.480377   0.674816  -0.927692    1.03002
point 99 752 207.923 168.621  0.783999  0.810787 -0.489197 -0.222688 -0.183577 0.0540936  0.365415 -0.651715  -0.71008 -0.460956
point 100 777  132.41 199.783 -0.572843  0.634737 -0.324116 -0.467527  0.570157 -0.250954 -0.265825  0.550472 -0.054285 0.0935225
point 101 794 217.559 216.815 -0.370234  0.475544 -0.278924  -0.66836 0.0366326  0.657595  0.475925 -0.512543  0.124725  0.482736
point 102 798 586.022 84.6381 -0.490497 -0.858886   1.00508  0.595029  0.509533  0.550066  0.619669   0.91914 -0.902497 -0.578844
point 103 800 573.352 93.3366   0.53191 -0.971268 -0.544553 -0.101885  0.875201 0.0218327 0.0975472  0.825495 -0.490739 -0.491369
point 104 805 280.749  110.74  0.352795  0.732151  0.494194 -0.198284 -0.867884  0.787533 -0.159641  0.937769 -0.741241  0.198555
point 105 815 110.421 162.445  0.079485 -0.261102   0.99174 -0.335611  0.665737   0.60717  -0.39355 -0.643811  0.750675   0.92414
point 106 841 226.211 188.787   0.14233  0.884506 -0.915478  0.959679  -0.36637 0.0830636 -0.284209  -0.19754  0.203926  0.519157
point 107 843 164.053 148.672  -0.393267  -0.162543 -0.0618211   0.500081  0.0892717    -0.9733   0.373764   0.173458    0.93484   0.989772
point 108 854 447.021 151.307   0.602367   0.130755   0.406312  -0.723968  -0.101779    1.00735 -0.0537281 -0.0760544   0.282761   0.939902
point 109 856 581.275 71.8614 0.0577415   0.62366  0.428125 -0.629138 -0.577773 0.0204832   0.55047  0.885184  0.312897 -0.538627
point 110 858  484.37 24.2825  0.518325  0.249844 -0.143924 -0.114044  0.741477  0.882642 -0.441982  0.106899 -0.728007 0.0271063
point 111 867 28.9043 205.899    1.01771   0.153683  0.0652108   0.573384  -0.408999 0.00108656  -0.709967  -0.409271   0.688833 -0.0238141
point 112 873 459.037 176.816  0.339441 -0.510984 -0.987309  0.976611  0.861138  0.309255 -0.786037 -0.759305 -0.582843   0.34002
point 113 876 263.735 152.872   0.463283  -0.643192    0.88031  -0.220306 0.00945927  -0.932121  -0.989885   0.387588   0.851736    0.34898
point 114 880 256.705 188.813 -0.574773 -0.483026 -0.225545  0.616233  0.517067 -0.200318 -0.377187  0.552304  0.772869  0.687306
point 115 881 177.833 149.747  0.361027  0.653854  0.437201  0.661434  0.360625 -0.767715  0.178303 -0.830942 -0.402176 -0.590356
point 116 882 89.4488 205.792 -0.448846  0.962857 -0.565397  0.626527  0.521052 -0.254774 -0.895637 -0.828698 -0.605977   0.57333
point 117 883 269.914 215.448 -0.259424 -0.208405 -0.682312  0.928565  0.223483  0.551254  0.530562 -0.357827  0.172293 -0.073708
point 118 896 556.307 212.412   0.387363  -0.551386   0.361743  -0.787591   0.868322  -0.855544  -0.369752  -0.116349   0.881845 -0.0303789
point 119 900 602.507 153.966  -0.610506  -0.422816   0.636762   0.498604    0.50303   0.449706   0.901966  -0.240869  -0.592677 -0.0169436
point 120 908 269.403  166.59 -0.948527 -0.948303  0.965001 -0.675165 -0.711213   1.01526  0.618718 -0.809093 -0.531978  0.292116
point 121 916 367.077 205.098  -0.344826   0.276568   0.283638  -0.375784  -0.670791  -0.457582   0.715899   0.254142   0.853699 -0.0220061
point 122 927 134.735 177.512 -0.0187774   0.890703   0.556789   0.382984  -0.920276   0.346923 -0.0308889  -0.353359   0.692203   0.915433
point 123 929 162.352 146.764 -0.859694 -0.250386 -0.240518  0.172878  0.245842  0.666365  0.116302 -0.201548 0.0908862  0.215668
point 124 937 365.301 225.263 -0.507131 -0.657102 -0.513634 0.0375279   0.53917 -0.264005  0.115947 -0.215599  -0.26909  0.501975
point 125 942 210.647 225.189 -0.812058 -0.338738  0.588967 -0.497998  0.256144 -0.233792 -0.682005 -0.990913  0.931101  0.451024
point 126 944 290.309 186.975   0.546836   -0.49895  -0.268152  -0.581852   0.698146 -0.0740728   0.113665   0.308675   0.479887  -0.604398
point 127 946 559.826 159.167  0.169584   0.84724 -0.371798  -0.77278  0.504894 -0.854908 -0.241922  -0.75043 -0.436392 -0.592334
point 128 967   264.4 134.042   0.250701 -0.0768997   0.449308   0.903778   0.153456   0.328185   0.534332  -0.348639  -0.724561  -0.450316
point 129 971 44.7686 198.549   0.662937 -0.0299199   0.306962  -0.654021   0.991929 -0.0938257   0.311652    1.00221   0.816365  -0.133903
point 130 978 305.906 218.689  0.864104  0.710683  0.299195   0.94868 -0.809038  0.339091  0.105467  0.431964  -0.58215  0.403124
point 131 979 1.20805 34.4097 0.00526743   0.468307  -0.168431   0.505131   0.206793   0.333908   -0.54575  -0.124923   0.660941  -0.313236
point 132 980 596.339 176.032  0.469171  -0.23955  0.565095 -0.475251  0.473086  0.361673 -0.866289 -0.245452  0.379776 -0.704996

