seq: 143
gt_pose: -7.92415  1.45177  1.62858
odom_pose:   -7.50228 -0.0423042     1.8211
point 0 4 543.283 53.6671  -0.330309  -0.848651   -1.00119 -0.0458874  -0.862022  -0.501581   0.990337   0.797074   0.670692    -0.5056
point 1 41 385.431 177.089  0.790792  0.282388 -0.141123  0.180696  0.201196  0.257063 0.0294976 -0.736814  0.135563 -0.963733
point 2 67 437.527 217.301 -0.219924 -0.799116  0.647715 -0.209165  0.462608  0.916594  0.719791  0.635076  0.427463  0.311322
point 3 76 621.481 177.133   0.469733  -0.168961  -0.599094   0.630654  -0.681365   0.323003  -0.325756  -0.297324   0.083393 -0.0401275
point 4 95 391.392 159.095  0.133167 -0.404024 -0.455123 -0.609608 -0.916939 -0.769336  0.473675  0.254022 -0.553575  0.402965
point 5 100 486.204 167.858  0.171077  0.590703 -0.174352  0.222951 -0.148012   0.80144 -0.352417  -0.90237 -0.642139  0.465663
point 6 124  368.54 210.614 -0.521139   0.68093  0.827336 -0.482406 -0.775909 -0.569485 -0.986405 -0.741347 -0.748527  0.782285
point 7 125 473.869 165.812 -0.129307  0.996958 -0.601196  0.740077  0.885957   0.52764  0.879056 -0.381395 -0.143424  0.804637
point 8 150  525.61 132.454  -0.853469  -0.538595   0.680423    0.31393  -0.561691  -0.424076   -0.97856   0.211207  -0.906291 -0.0590526
point 9 171 231.366 140.497 -0.0444557   0.742878 -0.0831461  -0.924666  0.0873485   0.429672   0.500793  -0.129961  -0.858703  -0.576665
point 10 172 411.681 129.308 -0.311559  0.919307  0.371029   1.01689 0.0182292 -0.466774 -0.371736 -0.831461  0.668772 -0.554525
point 11 178 275.259 195.614    0.65303  -0.420896   0.776012  -0.170863   0.834897    1.03765  -0.297486  -0.278146 -0.0303523  -0.906153
point 12 189 597.196 225.712   0.930897 -0.0378339   -0.92937   -0.86369  -0.100819   0.894038   0.686578   -0.40764  -0.378731   0.218617
point 13 208 545.394 200.323 -0.964318 -0.281919 -0.912669 -0.124062 -0.279456  0.789815  0.976121  -0.59273  0.726675 -0.829793
point 14 210 403.721  105.85 -0.283571  0.632991 -0.387444 -0.689848 -0.769657 -0.416385 0.0167484 -0.683081  0.493837  0.711338
point 15 211 271.553 131.851   0.861536   0.637323  -0.154063   0.292144  -0.389435   0.550437  -0.549462   0.211168 -0.0173361   -0.36213
point 16 219 194.812 212.834   0.152404 0.00593453  -0.300044   0.937862   0.113653   0.360835   0.270632   0.124743  -0.435567  -0.577374
point 17 228 318.019 149.378   0.483382  -0.890134  0.0162486 -0.0281275   -0.94954   0.981251  -0.554512   0.547346   0.571022  -0.704137
point 18 238 133.937 161.337 -0.891334 -0.376214 -0.504034 -0.741642   0.16954  0.674642  0.817984 -0.296194  0.368811  0.293378
point 19 254 371.448 204.799  0.169751 -0.256529 -0.221847  0.538433 -0.580016   0.39339 -0.503093 -0.901849 -0.727577 -0.458699
point 20 260 429.745  171.87   0.251069    0.64366  -0.349788   0.477743  -0.448918   0.683678 -0.0241355  -0.134775   -0.14973   0.195561
point 21 271 409.785 185.337    0.741259    0.512949    0.939427     0.75965   -0.632717    0.949666    0.497089    0.810643    0.783271 -0.00763922
point 22 274 232.138 230.428  0.870849 -0.676479  0.155878  0.610593 -0.586944 -0.298052 -0.897861 -0.532597  0.484195  0.432773
point 23 281 515.544 218.277   -0.810819    0.391262   -0.174271 0.000175606    0.600137    0.309443    0.733149   -0.196475   -0.444173   -0.465954
point 24 283 439.157 227.566   0.323533    0.34909   0.688209   -0.16614  -0.841167   0.826807  -0.857854 -0.0824229   -0.19605   0.743065
point 25 285 615.735 144.446 -0.556865 -0.160793 -0.508843  0.965554  0.921573  0.828758  0.262517  0.591598 -0.432156  0.454527
point 26 293 421.205 173.083 -0.965653  0.653206 -0.538142 -0.824629 -0.831762  0.708239  0.995391 -0.394469  0.709832  0.487002
point 27 328 446.04 129.34 -0.279702  0.435659  0.230411  0.282822  0.689939  -0.33183  0.757811  0.297522  0.950856  0.833678
point 28 332 500.799 209.464   -0.33284  -0.119654  -0.100021   0.363692   0.684129   0.873761   0.762065 -0.0688228  -0.732662  -0.511771
point 29 338 435.285 217.283 -0.490574  0.410094 -0.227484 -0.293551 -0.651466   0.25655  0.649808 -0.898468 -0.495676  0.949276
point 30 399 519.164 226.652    0.91859    0.15077   0.384489 -0.0751652  -0.218488    0.14471   0.575109  -0.665266   -0.67822   0.109939
point 31 404 597.246 178.847 -0.0660797  -0.933919   0.185556  -0.395338  -0.184056  -0.505724   0.298166   0.872373  -0.504638   -0.23482
point 32 424 343.537 186.019 -0.0932491  -0.799757   0.542322   0.354985   0.595222  -0.500315  -0.140892  0.0856242   0.906802  -0.111557
point 33 453 546.128 236.132  -0.358819   0.340866 -0.0919707  0.0337003   0.297775  -0.525816  -0.834444  -0.279155   0.536917     0.2326
point 34 473 322.788 186.536   0.616161   0.333223  -0.707033   0.600954   0.794285   0.195915  -0.635762   0.587243 -0.0239719  -0.219212
point 35 480 462.773  222.32   0.259346  -0.955027  -0.911537  -0.201591   0.441358   0.323114  0.0340486 -0.0479766  0.0452806   0.709484
point 36 489  243.96 191.652 -0.830017   1.02074 -0.823044  0.918768 -0.864774 -0.628962  0.905819 -0.499517 -0.532068 -0.136101
point 37 496 634.163  220.77  -0.962746   -0.74362   0.600205    0.26292   0.901024  0.0228205  -0.861954  -0.444349 -0.0137914   0.187352
point 38 504 455.055 190.935  0.407064  0.876312 -0.650211  0.406111  0.257467  0.622274 -0.331041 -0.756867  0.151607 -0.485232
point 39 513 439.753 226.971 -0.356596 -0.594199  0.633953 -0.102938 -0.607988 -0.634875  0.398668  0.940768  0.650059 -0.362491
point 40 524 603.114 211.397 -0.280158  0.771868  0.295468 0.0754962  0.927053 -0.479051 -0.172948  0.176359  0.211882  -0.78028
point 41 554 270.545 154.577 -0.901938  0.945649 -0.560653 0.0911075  0.773628 -0.713749  0.908809  0.572642  0.165527  0.331494
point 42 561 575.864  225.67 -0.945825 -0.307822  0.788845 -0.110526 -0.982654 -0.773866 -0.130258 -0.977068 -0.410043  0.674852
point 43 598  336.34 208.432  -0.111284   0.631803   0.447789  -0.891702 -0.0249819  -0.470713  -0.389975  -0.576838   0.722223   0.577192
point 44 601 38.9958  120.06  0.733086 -0.124149  0.563116 0.0672825  0.552236 -0.797974 -0.702837  0.276532  0.377061  0.320622
point 45 614 559.335 189.129  0.431452  0.679315 -0.608829 -0.768947  0.981661 -0.295407  0.733781  0.129983   1.04078  0.149409
point 46 616  549.55 227.004    0.848503    0.585743    0.564431    0.426973    -1.01054  -0.0294103 -0.00191372   -0.628591    0.294898  -0.0482626
point 47 625 317.854 128.638 0.00322824   0.761178  -0.140415   0.993684   0.450059  -0.614246  -0.579795  0.0180613   -0.10241   0.152335
point 48 636 309.325 227.734   0.754935  -0.262168   0.381914  -0.923523 -0.0068877  -0.363488  0.0965028 -0.0104658 -0.0495511   0.253957
point 49 643 142.412 109.096 -0.0646496  -0.998733   0.446096  -0.335497   0.374077 -0.0677468  -0.688094  -0.936674   0.148496  -0.285781
point 50 645 620.566 209.239   -0.9227  0.836569 0.0416112  0.302831  0.140701  0.953146  0.374672 -0.490569 -0.350787 -0.264591
point 51 649 422.253 218.615  0.592763 -0.105583 -0.112934 -0.344388 -0.504402 -0.215198  0.218381 -0.546939  -1.02507 -0.270045
point 52 653 366.599 211.585  0.135498  0.630386  0.855956  0.629887  0.821073  0.743675  0.212763 -0.731925  0.027731  0.623257
point 53 656 180.212 34.7973 0.0619036 -0.095012 -0.618955 -0.750755  0.926075  0.503983  0.868802 0.0986808 -0.409022 -0.423749
point 54 670 343.907 25.5944  0.805673 -0.375863 -0.975889 0.0281042 -0.159385 -0.548339 -0.157065 0.0850843 0.0191444  0.344472
point 55 682 235.789 218.394   0.848526   0.374872 -0.0177585  -0.125836  -0.725052   0.947029   0.899517  -0.707394  -0.354365  -0.339849
point 56 683 605.242 58.0565  0.293353  0.070904   0.56081 -0.798867  0.784083 -0.755331  0.818101 -0.116574  0.736327 -0.993143
point 57 690  289.74 176.336  0.339157  0.954953   0.15963  0.470222 -0.069161 -0.736486 -0.855672 -0.322716  0.545798 -0.502658
point 58 694 334.818 83.5172  -0.704968  -0.722462 -0.0483903  -0.448495   0.948663  -0.416479  -0.217601   0.886067   0.684624   0.411999
point 59 705  532.47 238.835 -0.00578198   -0.692054    -0.17503    0.536483   -0.984739   -0.353044    0.885936   -0.637079   -0.442504   -0.465309
point 60 729 511.399 238.203 -0.386445  0.617162  0.431566  0.576269 -0.579685 -0.452822  0.702561 -0.972226 -0.114368 -0.585295
point 61 761 426.492 215.059  0.706107 -0.888467 0.0747262  0.460107 -0.786884 -0.837016 0.0858316 -0.627326 -0.617411 -0.931305
point 62 816 512.125 165.264  0.650192 -0.212901 -0.814692  0.388946  0.255363 -0.404731 -0.486869   1.01634  0.404336 -0.275574
point 63 899 581.218 165.432 -0.433875 -0.465757  0.607294 -0.753229  -0.92184 -0.211368 -0.903839 -0.892984 -0.582057  0.284757
point 64 934 489.336 160.883  0.368194 -0.563116  0.778876  0.217292 -0.924393 -0.396319 -0.823658   0.83438  0.641615 0.0239623
point 65 953 628.189 168.881   0.04882  0.595177  0.812097 -0.611173 -0.171042 -0.084786 -0.435114  0.723957 -0.717863  0.820075
point 66 955 441.588  214.22 0.0777998  0.368461 -0.700465 -0.274767  0.394749  0.338331  -0.69184   0.17978   0.68457  0.166912
point 67 960 505.861 173.199 0.0122203  -0.73642 -0.650172   1.02163 -0.686924 -0.120088 -0.946137 -0.478443  0.624576  0.207105

