seq: 171
gt_pose:   -3.45144    3.61509 -0.0704728
odom_pose:    -3.3668    2.55332 -0.0388357
point 0 5 553.613 198.054 -0.0105841   0.340885  0.0579513  -0.876082 -0.0870835   0.827373   0.828733   0.444727  -0.463592   0.468873
point 1 23 598.637 178.519   0.819728   0.701367  0.0013472   0.103127  -0.712717  -0.418395   0.774823 -0.0571108 -0.0395937   0.721857
point 2 31 384.762 214.898  -0.398543   0.754386 -0.0699173  -0.671549   0.240473  0.0983389   0.219465   0.218507  -0.502836   0.627014
point 3 39 255.523 164.184 -0.526801  0.897349  0.125721  0.818539 0.0283676  0.115614  0.843661  0.555958  0.591577  0.172218
point 4 63 354.923 175.736  0.199456 -0.726307 -0.850838 -0.290475 -0.711618  0.318157 -0.733769  0.771501  0.171393 -0.557879
point 5 68 362.156 239.526  0.141732  0.393061 -0.893713  0.522912  0.187603 -0.703649 -0.704251   -0.5884  0.549284   0.67628
point 6 76 79.5514 119.978  0.461014 -0.238041 -0.631101   0.68601 -0.737455  0.318764 -0.381782 -0.337081 0.0431632 -0.101707
point 7 78 542.765 211.022  -0.897318  -0.784754   0.666265   0.796407    1.00342  0.0545463  -0.444657  -0.622278  -0.309348 -0.0787426
point 8 92 624.003 183.765  0.160918   0.75813 0.0723535  0.928816  0.274806   0.26987  0.923488  0.622564 -0.270016 0.0290559
point 9 103 205.201 221.495  0.395268  0.132573  0.480318 -0.111464  -0.25216  0.118935   0.69786  -0.84667  0.428207 -0.514256
point 10 109  482.24 228.302  -0.524014   0.858978  -0.805815  -0.365811   0.459656 -0.0507458   0.732972   0.607261 -0.0146824    0.30445
point 11 111 485.081 225.272  0.0556927   0.993479  -0.891449  -0.955958 -0.0934937  -0.350395   0.961051  0.0832273   0.209172   0.460162
point 12 123 515.689 160.563  0.152112 -0.821838 -0.233215  0.399244  0.893045  0.640116  0.239509  -0.21941  0.387222 -0.640998
point 13 156 377.314 202.952    0.27642   0.573106  -0.705818   0.341544  -0.813315   0.960788   0.168602  -0.745562  -0.887494 -0.0586211
point 14 159 398.125 215.514   0.18208 -0.998362 -0.902056 -0.145713 0.0669746 0.0994596   0.94316 -0.328692 -0.419805 -0.763847
point 15 165 427.393 203.846  0.428695 -0.751696  0.471704  0.606089 -0.702155   0.66689 -0.618214  0.786082   0.36914 -0.033924
point 16 173 48.3835 139.302 -0.573845  0.547019  -0.72604  0.877873  0.174726  0.159614  0.538869 -0.787497  0.135151 -0.339111
point 17 175 442.038 150.816  -0.35228  0.532236  0.282167 -0.612547  0.748327  0.699923  0.933076  0.988112  0.595192 0.0795906
point 18 176 399.822 213.953  -0.744301   0.858633  -0.105505 -0.0532996   0.356731  -0.448567  -0.941915   0.294199   0.719087    0.12519
point 19 181  130.68 121.991  0.760341  0.607199 -0.192034 -0.196205 -0.115948  0.827287 0.0353735   0.98937  0.615179 -0.256938
point 20 186 414.261 72.3349  -0.407534  -0.428179   0.279004   0.443005   0.889042  -0.887289 -0.0294478  -0.535281   0.139111   0.341973
point 21 200 514.311 180.625   -0.48307  -0.757298   0.646853   0.384881   0.242691   0.578572 -0.0854567   0.921645   0.997666  -0.135616
point 22 216  579.91 179.134   -0.683216   -0.905885    0.808763   -0.764897   -0.520763    -0.84011   -0.336276   -0.226733 0.000474465    0.902209
point 23 226 233.297 138.882 -0.0147555   0.488414   0.522294   0.641285   0.906969   0.510159  -0.928874   -0.84887  -0.030737   0.431939
point 24 229 163.381 190.041   1.01228 0.0389618  0.293731 -0.734708  0.935601  0.137545  0.428551 -0.365518   0.11794 0.0803858
point 25 233  411.18 221.318 -0.141054 -0.482072  0.136503  0.307635  0.311959 -0.218573 -0.935744  0.213606 -0.849532  0.323227
point 26 240 356.789 192.278  -0.49699 -0.610025   0.63071  0.769831  0.772948  0.670638 -0.484753  -0.68465  -1.01458  0.683452
point 27 245 543.041 179.901 -0.634331 -0.423966  0.482051 -0.740351 -0.488945  0.351799  0.865187 -0.646702  0.210493  0.777176
point 28 251 471.219 225.661 -0.014805 -0.569318    0.2153 -0.826613 -0.371419  -0.13029 -0.465758  0.226261 -0.146361  0.358538
point 29 262 567.763 163.473 0.0561525  0.387515 -0.353891 -0.595604  0.904542  0.957668 -0.972281 -0.313094  0.378671 -0.392712
point 30 275 133.209 150.075    0.926773  -0.0483707    0.479155    -0.76118 -0.00700714    0.102194   -0.275149    0.469686    -0.54662   -0.152563
point 31 277 616.006 170.295 -0.527868 -0.804621  0.304317 -0.832649 -0.971374  0.204436  0.141589  0.462831  0.363569 -0.861698
point 32 301 467.379 219.534  0.137056 -0.500271 -0.969462  0.461692 -0.939587 -0.640359 -0.637058   0.52318 -0.710494 0.0551624
point 33 303 414.701 210.668   0.119028    -0.8124  -0.536942  -0.898622  -0.123575   0.542956  -0.483222 -0.0392696 -0.0287481  -0.363497
point 34 311 50.0357  169.65  -0.476798   0.510554  -0.058757   0.172047  -0.193565   0.317151   0.216287 -0.0979365   0.108827  -0.965735
point 35 321 135.562 49.9823   0.136654  -0.666173 -0.0313859  -0.959752   0.967683  0.0694136   0.263303   0.581587   0.812738   0.620829
point 36 346 295.824 111.977  -0.575246   0.982827 -0.0391308  -0.821922  -0.142224   0.512045 -0.0151821   0.966941   0.823532  -0.202756
point 37 352 568.719 198.029  0.559493  0.401123  0.362911 -0.767053  0.621157  0.654254 -0.659572  0.572273  -0.16824  0.819738
point 38 359 609.287 153.535 -0.0854398  -0.217728   0.626958  -0.518632   0.664066    0.05497   0.242962   0.167386  -0.538849  -0.231876
point 39 364 537.671 214.552 0.0843154  0.803325  0.650606 -0.600638  0.942074 -0.545668 -0.590474 -0.894716  0.137929 0.0221774
point 40 377 48.0416 223.044  0.571607  -1.00595  0.198185 -0.523514 -0.782862  0.816942 -0.361048 -0.951786 0.0247894  0.758436
point 41 382 581.017 211.267 -0.735537  0.894781  0.988651 -0.940442  0.138564  0.601428  0.524598 -0.239224  0.235715 -0.135964
point 42 387 440.335 182.763  0.718995  -0.69183  0.547642  0.912951 -0.767768 -0.204893 0.0155497 -0.934753  0.650094  0.641103
point 43 393 184.937 222.373  0.562976 0.0623279 -0.279486   0.27607  0.981801 -0.175112 -0.710363  0.149669  0.806659 0.0170325
point 44 402  120.74 207.489     0.3091    -0.2977 -0.0237582   0.970236   0.483257  0.0954464  -0.112993   0.498024   0.966242  -0.300946
point 45 404 4.53817 82.8266 -0.0192661  -0.880228   0.185818  -0.439981  -0.206456  -0.475147   0.322967   0.803314  -0.524794  -0.237471
point 46 405 298.626 104.913 -0.149235 -0.998881  0.859244  0.717239 -0.178445 0.0276679  0.394514  0.319693  0.536041  0.790052
point 47 406 126.531 120.329 -0.132247  0.899274 -0.739033 -0.543071 -0.823985  0.283778 -0.474314  0.304827  0.859837  0.390396
point 48 408 19.7201  161.63 -0.437614  0.721804  -0.32518 -0.902451  0.176357  0.499725  -1.01467  0.431339  0.997334 -0.820028
point 49 425 505.597  239.96 -0.451462 -0.402251  0.417232 -0.439929 -0.609053 -0.667237 -0.163702 -0.988629     0.927  0.900744
point 50 435 26.3281 219.082  -0.734094   0.346206 -0.0519211  -0.409003   0.504233   0.974653  0.0666511  -0.866137   0.194881  -0.995229
point 51 438 122.656 188.267 -0.722934  0.815487 -0.624368  0.990785 -0.229851  0.680534  0.819353  0.898561  0.369123  0.950749
point 52 450 203.508  184.89   0.403003   0.263997   0.640383  -0.611513   0.991192     0.4962 -0.0125288  -0.806837    0.84423   0.671212
point 53 464 171.949 234.723 0.00633812   -0.96599 -0.0186306  0.0720616  -0.507193   0.121128   0.423041   0.502102  -0.602338   0.161588
point 54 470 610.874 238.262   0.418966 -0.0406997  -0.590797   0.848453   -0.32646   0.902509  -0.403048   0.201847   0.458882   0.808091
point 55 475 591.959 227.676   -0.973565   0.0567792   0.0792086    0.616837   -0.342667   -0.346428   -0.125851 -0.00872312   -0.720725   -0.275988
point 56 478  111.38 171.315  0.206992 -0.739298  0.530805  0.851611  -0.40959 -0.450947  0.203734  0.102443 -0.355085  0.881643
point 57 491 423.996 199.367 -0.843554  0.813486 -0.298602  0.610753 -0.481069 -0.192698  0.555499 -0.252117  -0.25228  0.728969
point 58 492 619.494 171.785  0.531953   0.48782 -0.705842 -0.390932 -0.521481  0.744579 -0.538204  0.798292 -0.817269  -0.55798
point 59 495 358.602 161.207   0.273172   0.667201 -0.0644618   0.468689  -0.481903  -0.654154    1.00824  -0.581019 -0.0626787   0.131126
point 60 499 321.511  173.56   0.884376   -0.38573   0.324905  -0.642163   0.187748 -0.0928841 -0.0999458  -0.218612    0.68672   0.341896
point 61 505 177.089 199.116  -0.596755  -0.251157   0.192052    0.26662   -0.84388  -0.492175  -0.835428   0.895187  -0.451487 -0.0472547
point 62 506 356.924 208.075  0.0148433   0.317782 -0.0206688  -0.631151  -0.962147  -0.678275  -0.687735  -0.636481   0.765011   0.493369
point 63 508 584.545 186.892   0.658702   0.591158   -0.24291 -0.0911974  -0.744148   0.896325   -0.84287   0.158296  -0.748671  -0.751192
point 64 514 623.703 138.816  0.367548 -0.809441 -0.916997 -0.480976 -0.976206 -0.545475  0.618009   0.83022   0.14277  0.175273
point 65 520 172.305 163.266 -0.263612 -0.862288  0.321524  0.362638  0.877485  0.410505  0.412632  0.106752  0.281946  -0.21492
point 66 529 606.307  193.18  0.447457 -0.396175 0.0842576 -0.309611  0.629112 -0.141631 -0.862303   0.79688 -0.183759 -0.346848
point 67 541 569.275 228.532  0.340766 -0.820438  0.812926 -0.313075 -0.629331  0.662208  0.774641 -0.619605 -0.940335   0.20703
point 68 544 215.899 160.771  -0.104219  -0.284036   0.695416  -0.116919  -0.775168     0.9591  -0.967185   0.338918  -0.441165 -0.0032641
point 69 568 567.184 213.235 -0.940181 -0.601092  0.940156 -0.657697  0.383148  0.519214 -0.943266 -0.785092 -0.706597  0.102426
point 70 578 334.819 205.866 0.00783837  -0.269233  -0.284031   0.265993  -0.749773   0.467924  0.0358706  -0.901657 -0.0999126   0.201853
point 71 585 5.86856  197.96 -0.900956  0.580578 -0.120802  0.775197  0.291879  0.398308 -0.534037 -0.642039  0.212219  -0.91781
point 72 591 351.626 208.192     1.00578    -0.61501     0.57594    0.125873   -0.471475   -0.275248    0.903889    0.261356 -0.00491684   -0.495687
point 73 596 361.803 190.306  0.00891732   -0.539327     0.50214    0.139595 -0.00882005    -0.43123    0.697184    0.119782    0.571635    0.864812
point 74 599 311.761 203.221  -0.383862   0.240897   0.658458    0.13127  0.0911467    1.01576  -0.111614 -0.0770123 -0.0907322   0.570431
point 75 610 600.494 87.8102  -0.16163 -0.224842  0.749153  0.711068  0.409721  0.478952  0.641431 -0.636415   0.19019 -0.428488
point 76 617 464.103 159.621 0.0117387 -0.788815   0.27537  0.117038 -0.551246 -0.937245 -0.186436  0.267992 -0.819112 -0.665802
point 77 622 315.361 139.763  -0.469113  -0.995649   0.434496  -0.104495  -0.970174 -0.0106969   0.614257   0.895038  -0.183679  -0.627033
point 78 644 449.913 152.571   -0.53042 -0.0939405  -0.573637  0.0430113  -0.161691  -0.769131   0.865163  -0.868584   0.914836   0.430826
point 79 661 481.835 182.643  0.297303  -0.57012  0.406947  0.371901 0.0883396   0.16011 -0.894352 -0.700373  0.260845   0.37647
point 80 669 227.578 235.299   0.532671   0.609144  -0.729396   -0.48187   0.167072  -0.613095 -0.0575758   0.944132  -0.253353  -0.320134
point 81 691 593.714 176.133    0.569169    0.996452    0.196782   -0.214461   -0.907213    0.126098    0.282028   -0.424483   -0.905095 -0.00215443
point 82 695 544.293 218.444   0.769053  -0.238369   0.339896  -0.456476   0.455968 -0.0175732   0.873775 0.00756961   0.535741   0.849642
point 83 711 42.3572 208.366 0.0911016  0.232063 -0.915837   0.93262  0.990343  0.954714 -0.952729  0.970498 -0.975167  0.576003
point 84 725 385.351 126.427 -0.808356 -0.798108 -0.728618 -0.939883    0.3145   0.35468 -0.885571 -0.776009 -0.469686 -0.184432
point 85 726 510.893 132.725  0.960858  0.491274  0.509926  -0.66035   0.27273  0.643361 -0.782143 -0.882759 -0.848108 -0.896751
point 86 752 465.991 176.354  0.808279  0.775143 -0.501701 -0.209405 -0.121046  0.102136   0.34045 -0.646179 -0.686895 -0.483367
point 87 776 542.906  156.07  0.897725 -0.130568 -0.164435 -0.489634  0.690126 -0.864878  0.341926  -0.39695  0.818177 -0.778026
point 88 780 129.233 239.313 -0.966362 -0.252183 -0.288218  0.177915   1.01438  0.538298  0.509328 -0.829848  0.326412  0.963589
point 89 794 503.413 214.783  -0.41247  0.433677 -0.305613  -0.67236 0.0665523  0.661106  0.506995 -0.500573 0.0972481  0.453917
point 90 797 499.017 204.386  -0.694777  -0.679024   0.713351   0.038831  -0.222135  -0.600196 -0.0523094   0.532484 -0.0667135  -0.330132
point 91 805 412.975 137.299  0.400266  0.780938  0.526552 -0.167443 -0.851501   0.76341 -0.242757  0.861862 -0.753506  0.185246
point 92 806 328.019  238.37   0.854224 -0.0281157  -0.541134  0.0726395   -0.68133  -0.354326   0.407499  -0.381909   0.113287 -0.0542478
point 93 819 606.209 206.741   -0.535618    0.425308   -0.763233    0.802294    0.969562 -0.00127943    0.233593    0.753652    -0.46597  -0.0518518
point 94 822 105.664 224.989  0.762399 -0.273623  0.867072 -0.347628   0.30594 -0.786689   0.71915 0.0327416 -0.343194  0.194509
point 95 826 12.8483 171.806  0.558765 -0.186272   0.24126  0.529436   0.90064  -0.46425 0.0109716 -0.692698  0.783054  0.624753
point 96 832 179.712 101.215   0.70726   0.92951 -0.401512   0.63337  0.681088 -0.474619 -0.654883  0.761201 -0.821738 -0.825504
point 97 841 513.712 180.536  0.202717  0.960239 -0.864907   0.91334 -0.413689  0.109072  -0.30988 -0.188372  0.226179  0.487584
point 98 843 433.555 178.698 -0.472311 -0.196469 -0.128527  0.479504   0.15404 -0.965102  0.413262  0.219345  0.952196  0.998422
point 99 847 185.027  194.39  0.165561  0.447839  0.388369  0.906616 -0.776139 -0.703763 -0.309442 -0.889631 -0.779081  0.156666
point 100 854 299.315 210.609   0.592996   0.177176   0.359739  -0.810923  -0.132505   0.968318 -0.0210926  -0.103258   0.290066   0.912543
point 101 856  282.95 101.109 -0.0120906   0.697067   0.411765  -0.618302   -0.52248  0.0165821   0.553754   0.869607   0.297693  -0.629915
point 102 862 609.391 195.463 -0.843547 -0.314441 -0.751551 -0.170514  0.640103 -0.495156 -0.072239  0.374197 -0.930557 0.0697301
point 103 876 505.977 131.447  0.455715 -0.620249  0.901063 -0.180388 0.0853413 -0.944604 -0.997492  0.358166  0.890715  0.260207
point 104 877 194.07 179.91   -0.6647   0.90198  0.704777 -0.968718 -0.161957 -0.960736  0.872159 -0.569984  0.401168  0.423901
point 105 880 479.872 184.397 -0.658853 -0.499185 -0.314271  0.626287  0.568635 -0.205026   -0.2992  0.585463  0.800485  0.654303
point 106 881 382.814 196.844  0.277109  0.582508  0.414981   0.62216  0.334767 -0.806811  0.199054 -0.814185 -0.459796 -0.519869
point 107 883   459.2 215.021  -0.251256  -0.206499  -0.699346   0.948569   0.247851    0.63979   0.542831  -0.275512     0.2473 -0.0318099
point 108 908 566.543  123.19   -1.0036 -0.886658  0.927496 -0.712717 -0.741311    1.0347  0.559447 -0.758809 -0.583215  0.263522
point 109 924 47.4867 218.914  -0.450052  -0.523773    0.29743  -0.454844 -0.0895375 -0.0762734  -0.981398 -0.0482082   0.755916  -0.185305
point 110 929 395.739  192.04 -0.863699 -0.311881 -0.250046  0.176796   0.24457  0.748534 0.0390873 -0.167341  0.125094  0.239959
point 111 936 609.251 143.657  0.031863  -0.44404 -0.389979 -0.323318 -0.461897  0.961424  0.092786 -0.697663   0.13324  0.161875
point 112 937 341.982 232.056 -0.505884 -0.631338 -0.541835 0.0240733  0.504159 -0.259894  0.189886 -0.199921 -0.252873  0.557394
point 113 942 491.368 224.986 -0.769023 -0.346445  0.602249 -0.528727  0.211448 -0.172786 -0.745121  -0.96587  0.994077  0.469648
point 114 944 560.215 152.036   0.522089  -0.545476  -0.322864  -0.594745   0.704612 -0.0396739  0.0825298   0.287569   0.444126  -0.603492
point 115 953 97.1497 116.235 -0.00329433    0.571752     0.73988    -0.61527  -0.0922709    -0.04833   -0.419681    0.782301   -0.672291    0.776517
point 116 965 636.247     154   0.924906   0.556952   0.549665 -0.0180425 -0.0231722  -0.443925   0.160444   0.593314   0.907143   0.236014
point 117 967 383.623 176.216   0.164328 -0.0642366   0.419909   0.910239   0.135474   0.287455   0.571734  -0.330064  -0.757239  -0.384369
point 118 968 299.888 178.545  0.0847302  -0.387345   0.101125 -0.0332373    0.97252  -0.215092   -0.72543 -0.0301561  -0.678272   -1.01921
point 119 972 224.547 182.814  -0.74102 -0.487193  0.919903 0.0190975 -0.951365 -0.587306 -0.722306 -0.277753 -0.713052  0.667809
point 120 978 630.938 193.792  0.822799  0.659844  0.298929  0.964486 -0.820489  0.388057   0.16805  0.390248 -0.604321  0.359102
point 121 984 143.498 169.175  -0.46407 -0.751112 -0.910599 -0.511977  0.531271  0.603437 0.0294039   0.46345 -0.553655 -0.654605
point 122 993 133.331 157.232 -0.218455  0.953444 -0.500254  0.722607 -0.110775   0.33824 -0.264323  0.103369  0.426278 -0.257687
point 123 997 313.954 235.615   0.928566  -0.973115 -0.0552716   0.783944  -0.483826  0.0439261    0.64619  -0.822441  -0.287763   0.671561

