seq: 40
gt_pose:  3.1226 5.08898  2.1636
odom_pose: 3.67639 4.88894 2.10528
point 0 1 313.934  175.92  0.276035  0.441904 -0.713413  0.213993  -0.95746 -0.482656 -0.694943  0.597122 -0.728697 -0.211171
point 1 40 448.889 157.065  -0.381979   0.706976   0.134574   0.316739   0.469788    0.52313   0.554229   -0.48294   0.160098 -0.0100973
point 2 76 187.167 150.496   0.389307  -0.158732  -0.576136   0.658087  -0.707429   0.357646  -0.396863  -0.285728  0.0478658 -0.0538279
point 3 100 61.9054 183.237  0.144416  0.638998 -0.187894  0.167876 -0.115851  0.829783 -0.424154 -0.960863  -0.69718  0.453271
point 4 103 199.061  192.31   0.437437   0.101369   0.448068 -0.0949497  -0.252205  0.0847025   0.715194   -0.85282   0.416939  -0.523717
point 5 172 13.3014 173.723  -0.346628   0.963908   0.414866   0.980088 -0.0692954  -0.421606  -0.406647  -0.834144   0.682879  -0.587292
point 6 173 275.428 161.371 -0.511016  0.490543 -0.796713  0.840743  0.215596  0.154895  0.550523 -0.818838  0.215181 -0.287884
point 7 180 463.235 88.3428  -0.135708  -0.538066   -0.71641  -0.670865  0.0691517  -0.974503 -0.0756217  -0.118379  -0.174677  -0.233225
point 8 181 34.3007 165.753   0.814076   0.609161  -0.207593  -0.176028  -0.136746   0.806111 -0.0164075   0.956005   0.620743  -0.344146
point 9 189 150.411 222.286    0.98962  -0.045357  -0.968702  -0.878576 -0.0579503   0.895136   0.742232  -0.466357  -0.393473   0.193015
point 10 190 449.002 221.388   0.41526  0.649628 -0.115775  0.754077   0.52813  0.480618 0.0967395 -0.831112  0.416324 -0.518515
point 11 191  569.33 185.497  -0.888658  -0.834291  -0.915513   0.775441 -0.0693363  -0.925246  -0.327291 0.00867187  -0.823462   0.636687
point 12 205 322.142 199.013 -0.836774 -0.269875 -0.211926 -0.745455  0.488261  0.112244  0.204568 -0.690863  0.355811 0.0750119
point 13 208 109.766 200.237 -0.976856 -0.329063  -0.92418 -0.145268 -0.299343  0.773088  0.914911 -0.669132  0.783184 -0.847881
point 14 214 470.142 154.484  -0.734232  -0.539265  -0.645636  -0.144035   0.166237 -0.0292906   0.734811  -0.784668 -0.0732419  -0.455711
point 15 229  206.82 166.373  0.946051 0.0937812  0.281286  -0.71376  0.967611  0.205323  0.489198 -0.414414  0.137272   0.10785
point 16 239 424.041 164.937 -0.466791 -0.913959 -0.750296  0.166026  0.606169  0.126661  0.218091  0.296851   0.15832 -0.580237
point 17 264 442.984 163.794  0.919803 -0.137591 -0.317936 -0.156301  0.179318  0.670422 -0.819068  0.884169 -0.838805  -0.83892
point 18 275 252.426 128.012   0.923209 -0.0146045   0.421015   -0.80217 -0.0229466   0.131865  -0.323395    0.38155  -0.567277   -0.13334
point 19 281 31.8074 223.299 -0.812528  0.370284 -0.162684 0.0902224  0.520829   0.32346  0.650994 -0.196142 -0.476699 -0.447496
point 20 283 53.3025 231.246   0.359473   0.294291   0.688807  -0.155832  -0.888236   0.841314  -0.793569 -0.0900405  -0.179336   0.733776
point 21 285 79.5281 134.539 -0.492295 -0.116553 -0.532185   1.03864  0.933984  0.830632  0.290523  0.613185 -0.344556  0.459396
point 22 311  375.82 172.883  -0.495371   0.506156 -0.0620435   0.179285  -0.142084   0.379437   0.202608  -0.101916   0.112623  -0.958997
point 23 320 27.7057 159.358  -0.151514    0.61747   0.959959 -0.0657157   0.621912   0.181338 -0.0612821  0.0239058   0.161016   0.276435
point 24 322 9.89792 148.996 -0.288137 -0.189743  0.461672 -0.724845  0.891514 -0.627318   0.91858  0.916315  0.309884  0.497092
point 25 324 434.954 143.856  0.0654824   0.347507  -0.731856  -0.385252   0.614261 -0.0187408   0.435262  0.0508149   0.324471   0.394995
point 26 332 136.597 210.409  -0.261032  -0.203632 -0.0531014   0.295065   0.687755   0.888864   0.781076 -0.0714302  -0.780852  -0.575482
point 27 338 15.5045 225.731 -0.448549  0.438496 -0.282891 -0.298971 -0.687288  0.200655  0.641401 -0.844631 -0.503268  0.947687
point 28 377 283.082 226.568  0.554141 -0.961864  0.121421 -0.514522 -0.762792  0.793301 -0.374116 -0.993447 0.0405918  0.719328
point 29 386 626.112 199.188 -0.0735959  -0.244526   0.318487   0.397193    1.00222 -0.0842029  -0.415827  -0.658051   0.119412  0.0443107
point 30 393 266.045 201.506   0.564128  0.0854548  -0.315166   0.314701   0.931068  -0.129478   -0.63107   0.158666   0.759823 0.00862374
point 31 399 41.3738 229.377  0.891288  0.167683   0.37877 -0.117258  -0.23067 0.0847952  0.574418 -0.684822 -0.653804 0.0986345
point 32 402 170.426 209.882  0.326404 -0.242952 0.0317994  0.974407   0.50783 0.0536554 -0.128841   0.48702  0.943802 -0.358338
point 33 404 171.434 160.772 -0.0723053  -0.918473   0.205718  -0.429912  -0.180805  -0.467314   0.359314   0.795995  -0.516135   -0.22317
point 34 406 5.45843  176.14 -0.171728  0.948426 -0.726685 -0.492075 -0.879968  0.279707 -0.413714  0.295707  0.883193  0.374163
point 35 408 357.411 176.816 -0.380162   0.75004  -0.36537 -0.898621  0.123874  0.443002  -1.04059   0.44742  0.994691 -0.896096
point 36 435 335.469 223.341   -0.775661    0.266983  -0.0283931   -0.395236    0.524803     1.04358 -0.00088063   -0.886538    0.157599   -0.964047
point 37 438 325.736 170.896 -0.662318  0.836583 -0.633786     1.018 -0.269081  0.740492   0.85565   0.92065  0.329732  0.988635
point 38 439 447.525  182.38   0.25408 -0.422958 -0.811988  0.208139  0.335264  0.668951 -0.392551  0.227475  0.097967 -0.125285
point 39 440 514.028 67.8694 -0.898015 -0.887166  0.146009  0.965403 -0.583774  0.404754  0.775728 -0.225926  0.411834 -0.587246
point 40 450 218.335 95.6494    0.475705    0.203616     0.70337   -0.566663    0.932403    0.515184 -0.00728178   -0.819763    0.815676    0.702876
point 41 453 147.996 235.771 -0.425604  0.389101 -0.101726 0.0438914  0.279418 -0.578591 -0.873744 -0.269743  0.568622  0.315259
point 42 458  264.77 112.909 -0.822582  0.242857 -0.743032  0.316139  0.595194   0.46675  0.765849  0.132998  0.880136 -0.622417
point 43 464 267.402 230.174 -0.0725009   -0.98525  0.0143763   0.138408  -0.473717   0.153121   0.409812   0.409317  -0.645111   0.197526
point 44 477 245.456 157.212  0.920327 -0.674278 0.0712808 -0.356944  0.208252 0.0906491  0.679684 -0.802649 -0.312922 -0.570165
point 45 478 100.644 191.712  0.121527   -0.6745  0.543671  0.845018  -0.45669 -0.368769  0.270995  0.148559 -0.380666  0.793672
point 46 505 281.623 156.601 -0.623136 -0.206701  0.179002  0.211346 -0.777644 -0.464531 -0.826142  0.876868 -0.457295  0.034335
point 47 520 161.661 129.152 -0.276171 -0.886106  0.356117  0.333762   0.83718  0.376902  0.428523   0.14077  0.253198 -0.202322
point 48 534 166.349 209.676  0.283444  0.372289 -0.278958 -0.972746 -0.152794 -0.121685  0.384066  -0.35996 -0.219799  0.175435
point 49 561 150.757 223.123   -0.92907  -0.304691   0.785122  -0.158117  -0.903863   -0.73995 -0.0948421  -0.936772  -0.373662   0.706324
point 50 569 467.615 166.631 0.0105642 -0.731284  0.296157  0.270538  -0.22235  0.403697     0.381 -0.593998  0.976946 -0.408717
point 51 585 312.382 210.562 -0.953514   0.60865 -0.104849  0.792497  0.289823   0.43901 -0.603496 -0.639201  0.218856 -0.936167
point 52 614 88.3457 190.022  0.493806  0.615124 -0.624987 -0.710318  0.969878 -0.332774  0.726327  0.153616    1.0437  0.178336
point 53 616 147.311 225.702   0.803608   0.537506   0.567954   0.372948   -1.00256 -0.0376619  0.0311567  -0.642105   0.244412  -0.032321
point 54 640 453.586 207.626 0.0376655  0.784377  0.914578  0.400197  0.168801 -0.383372  0.519632 -0.240454 -0.191627 -0.240793
point 55 669 35.0288 227.771   0.498183   0.625815  -0.699877  -0.486092   0.215785  -0.677163 -0.0394698    0.98448  -0.197819  -0.294537
point 56 674 255.482 233.022  0.863736 -0.806506  0.390401  0.738526 -0.420015 -0.482957 -0.667172  0.105412 -0.087643  0.235261
point 57 675 638.387 112.055     -0.1109    0.831082    0.706142     0.14747   -0.110282    -0.70723   -0.139203    0.774246 -0.00716264   -0.545302
point 58 678 311.461 60.8689 -0.802808  -0.94785 -0.337221 -0.444439 0.0163629 -0.941856  -0.92292 -0.163417  0.274889 -0.352389
point 59 705 89.3169 238.919 -0.00271416   -0.754919   -0.144336    0.511425   -0.939364   -0.262689    0.906066   -0.589466   -0.350824   -0.412244
point 60 711 362.422 211.572 0.0696931  0.205382 -0.997534  0.898463  0.928666   1.02485 -0.999109  0.984755  -1.04401  0.540921
point 61 729 1.92296 238.747 -0.409443  0.605512  0.458072   0.59799 -0.564533 -0.531767  0.747286   -1.0246 -0.128998 -0.556311
point 62 779  554.84 222.671   0.233949  -0.828425  -0.892911  -0.769478   0.599083  -0.536108   0.873463  -0.727065 -0.0297465   0.468551
point 63 780 247.597 239.179 -0.962327 -0.241289 -0.361523  0.168725   0.97549  0.542732  0.522959 -0.802015  0.243226  0.992479
point 64 816 108.824 170.404  0.587213 -0.247798 -0.868567  0.378259  0.304324 -0.328132 -0.490356   1.01165  0.459352 -0.250464
point 65 822 358.842 221.048  0.719517 -0.252453  0.900491 -0.361814  0.235303 -0.853228  0.712589 0.0284037 -0.303652  0.222448
point 66 826 279.655 194.044  0.520647 -0.236793  0.260348   0.54651  0.898488  -0.44214  0.036097 -0.707762  0.735779    0.5871
point 67 847 105.826 174.731  0.130998  0.476712  0.383036  0.996646 -0.764637 -0.736439 -0.313974 -0.849274 -0.845192  0.215161
point 68 853  439.52 140.558 -0.458929  0.866609 -0.574468 0.0517934  0.124691 -0.665843 -0.365752  -0.45521 -0.767138 -0.713798
point 69 877 176.871 119.012  -0.68489  0.848527  0.785551 -0.952927 -0.102775   -0.9445  0.906815 -0.587996  0.434428  0.400874
point 70 897 359.082 136.693  0.276407  0.849366  0.987313  0.582829  0.123708 -0.875081 -0.165305 -0.243816 -0.868831  0.238286
point 71 899 29.7739 173.981  -0.42874 -0.490462  0.604299 -0.698017 -0.864368 -0.205819  -0.84503   -0.8695 -0.629306  0.266471
point 72 901 530.103 188.613 -0.697442  0.478386  -0.90154  0.791638  0.788123 -0.389869 -0.726877  0.359554 -0.142446 -0.623222
point 73 907 453.741 210.342  -0.73386  -0.96584 -0.901341  0.526189 -0.784654 -0.834167 -0.344641  0.696164 -0.200157  -0.60482
point 74 909 162.362  206.85  -0.354997  -0.659407  -0.210887  -0.393323  0.0859392 0.00711295  -0.391701   0.166717  -0.357283  -0.165207
point 75 924 319.117 222.091  -0.414069   -0.52556   0.264604  -0.399029  -0.020646 -0.0643342   -1.02315 0.00292305   0.795086  -0.214273
point 76 934 115.063 168.611  0.388585  -0.52851  0.743588   0.17133   -1.0002  -0.39495 -0.814747  0.812372  0.642355 0.0335214
point 77 947 333.696 110.718  -0.35862 -0.889542  0.871342 -0.531286 -0.499282  0.919586  0.587379 -0.700644 -0.908062  0.682515
point 78 953 199.163 134.455  0.0333804   0.597012   0.764477  -0.563943  -0.121314 -0.0940119  -0.405914   0.764924  -0.712457   0.754218
point 79 972 182.362 18.6639  -0.662658  -0.568918   0.939898 -0.0208868  -0.987799  -0.566743  -0.739986  -0.278828  -0.670982    0.71112
point 80 984 310.163 131.589 -0.390158 -0.845687 -0.936667 -0.504838  0.538412  0.570142 0.0543378  0.431146 -0.552147 -0.646798
point 81 993 252.786 136.741  -0.244494   0.989024  -0.492844   0.738596 -0.0621935    0.40721  -0.250742   0.161188   0.378931  -0.267765

