seq: 147
gt_pose: -7.74338  2.22214  1.10514
odom_pose: -7.47239 0.763426   1.3121
point 0 4 438.466 45.5062 -0.318416  -0.91044 -0.990081 -0.114475 -0.867446 -0.553662  0.922906  0.821232  0.727424 -0.495984
point 1 7 617.209  187.29  -0.143136   0.882666   -0.15348   0.609511   0.342625   0.859579 -0.0701164  -0.611567   0.881969   0.854846
point 2 8 254.307  219.43 -0.149359  0.254802 -0.475991  0.617322 -0.420164 -0.100547 -0.564119 -0.666357 -0.487261 0.0881082
point 3 13 164.335 161.232  -1.00144  0.840207  0.174222 -0.629147 -0.659547 -0.173819   0.85594  0.685218 -0.272192  0.110441
point 4 27 524.725 146.805  -0.058634  -0.648095   0.756271   0.217489 0.00276808  -0.569928  0.0689149   -0.16536   0.681047  -0.225965
point 5 29 227.099 203.539  -0.854845  -0.143887   0.923801   0.374538  -0.625014 -0.0864256   0.744469  -0.825273  -0.826518  -0.209832
point 6 30 550.001  144.05  -0.724487  -0.882385  -0.924711 -0.0360223   0.536443   0.416787 -0.0735324  -0.807184   0.207735   0.158234
point 7 41  285.39 166.613  0.756107  0.373803  -0.18671  0.174223  0.154931  0.296867 0.0917601  -0.73839  0.195947 -0.948257
point 8 58 535.359 232.819  0.696184 -0.464845 -0.493826 -0.852478 0.0722188  0.776564  0.239659 0.0696261  0.676488  0.959114
point 9 63 599.324 203.324  0.182921 -0.744113 -0.831672 -0.243625 -0.731607   0.35026 -0.788067  0.747195  0.199998 -0.616797
point 10 67 335.736  217.14 -0.199432 -0.809856  0.572369 -0.250238  0.489979  0.835945  0.729324  0.622995  0.411372  0.289093
point 11 93 615.922 159.173  0.724276  0.100117  0.171996 -0.761135  0.885514 -0.355617  0.139503 -0.962661  0.528828 0.0058154
point 12 95 291.748 145.273  0.155596 -0.430766  -0.48777 -0.615293 -0.900036   -0.8149  0.432636  0.201555 -0.579813  0.319505
point 13 97 251.897 222.062  0.846675  0.946314  0.122929  0.404925  0.822453 -0.817831  -0.99463 -0.700841 -0.420631 -0.898908
point 14 100 372.808  174.61  0.086494  0.611279 -0.156419  0.209991 -0.104019  0.735063 -0.416735 -0.893081 -0.730087  0.457179
point 15 101 459.863 181.951  0.591746  -0.16556  0.384065 -0.686697 -0.246088  0.863768 -0.286015 0.0374815 -0.914219  0.830596
point 16 105 549.055 112.919   0.509232  -0.958731   0.543216  0.0678362  -0.239262 -0.0658601  -0.833673  -0.703084   0.867197 -0.0698818
point 17 124 265.775 204.186 -0.521039  0.661445  0.756749 -0.475748 -0.838666  -0.54995  -1.00123 -0.772361 -0.701394  0.803898
point 18 125 393.164 139.323 -0.142997   0.98099 -0.646112  0.676524  0.889284  0.557039  0.894993 -0.363848 -0.114011  0.803329
point 19 127 166.957 209.443   -0.62055   0.641286   0.747945   0.657861 -0.0200392  -0.472107   0.648156     0.2877  -0.666451   0.613492
point 20 142 256.962 197.797  0.434868 -0.196393 0.0509617 -0.262552  0.219066  0.597436  0.705943 -0.206816 -0.362695  0.483731
point 21 150 417.617 131.369   -0.872593   -0.476692    0.656567    0.285955    -0.57347   -0.418132   -0.989276    0.163355    -0.85845 -0.00241413
point 22 172 313.668 109.529  -0.393134   0.899438   0.364861    1.02569 -0.0540661  -0.515449  -0.317864  -0.790642   0.656014  -0.547995
point 23 178 54.2896 144.456   0.695307  -0.432993   0.710233  -0.197093   0.892034   0.963274   -0.36697  -0.251918 -0.0436138  -0.956602
point 24 209 464.785 234.154 -0.189676  0.149044 -0.354804  0.312728  -0.87046 -0.324606  0.618573 -0.861143 -0.336141 -0.696814
point 25 210 305.523 63.4968 -0.309068  0.634832 -0.465339 -0.696818 -0.815874 -0.373941  0.019981 -0.711766  0.469596  0.791392
point 26 211 44.3451 4.80864     0.8192   0.627819  -0.190381   0.305073  -0.422264   0.633968  -0.505693   0.254194 -0.0582028   -0.42677
point 27 228 186.441 102.179    0.424222   -0.880937 -0.00683939  -0.0576581   -0.991305    0.919264   -0.570855    0.603741    0.600642   -0.707932
point 28 233 629.515 230.638   -0.2046 -0.526565   0.15676  0.259741  0.328442 -0.140172 -0.912024  0.133311  -0.90119    0.3874
point 29 254   262.5 188.311   0.20132 -0.226978 -0.221404  0.558168  -0.66028  0.420406 -0.476715 -0.896735 -0.756348 -0.460547
point 30 260 335.789 153.355    0.252582    0.655729   -0.342439    0.456169   -0.466379    0.649261 -0.00769673  -0.0685784   -0.127752    0.241619
point 31 271 310.593 181.716  0.803659  0.486856  0.982787  0.708815 -0.656967  0.897583  0.478428  0.821202  0.758414  0.014152
point 32 272 197.991  157.16  0.505009 -0.506194 -0.950806 -0.229127  0.334858 -0.429039 -0.796767 -0.562996 -0.148828  0.264929
point 33 281 392.857 221.208 -0.859843  0.368967 -0.202492 0.0584998  0.556268  0.363761  0.657055 -0.223905 -0.423659 -0.420069
point 34 283 338.162 227.161   0.342161   0.332004      0.608  -0.204151  -0.909087   0.822349  -0.847949 -0.0690046   -0.18995   0.728113
point 35 293 320.763 172.143 -0.956761   0.67523 -0.561224 -0.849989 -0.786639  0.645228   1.00232 -0.430431  0.771764  0.486818
point 36 307  530.32 219.346   0.107934   0.895917  -0.194107   0.646408   0.740857    0.85555 -0.0734519  -0.457797  -0.856453   0.479274
point 37 321 474.761 189.458   0.126549  -0.720818 -0.0384464  -0.935537   0.962542  0.0230487    0.28677   0.595833   0.759519   0.588685
point 38 322 451.804 178.503 -0.278498 -0.120464  0.512048 -0.700105  0.974261 -0.660767  0.959652  0.928686  0.371915  0.521593
point 39 328 350.035 111.799 -0.211819  0.375331  0.304069  0.252838  0.742471   -0.2711  0.775844  0.289742  0.947695   0.79417
point 40 335 96.1332 149.658  -0.718666  -0.842667  -0.182278  -0.803188  -0.325606 -0.0226828   0.717779   0.765459  -0.856435   0.979157
point 41 338  336.38 215.221  -0.41253  0.418469 -0.233838 -0.312576 -0.682575  0.232455  0.694346 -0.898846 -0.459097  0.962663
point 42 342 222.009 231.658 -0.368461 -0.643628 -0.195962  0.936294 -0.746071 -0.781392 -0.481154 -0.438385 0.0684687 -0.717421
point 43 346 548.209 175.048  -0.510641   0.908169 -0.0279673  -0.776186  -0.181613   0.487449 0.00681578   0.893609    0.82798  -0.210249
point 44 360 148.322 196.397   0.550009  -0.462923  -0.115465  -0.739501  -0.329368  -0.460468 -0.0481044   0.555455  -0.434395  -0.865473
point 45 370 205.649 148.248  -0.328931   0.881939  -0.929846 0.00474126  -0.123217   0.550845  -0.984272   0.695828 -0.0516555   0.227308
point 46 399 394.228 228.636   0.898989  0.0981713   0.438375 -0.0597261   -0.21045   0.101729   0.515069  -0.649799  -0.676141   0.141691
point 47 405 549.603 172.875 -0.126279 -0.989894  0.843718  0.649049  -0.14706 0.0474826  0.321206  0.345939  0.503871  0.764941
point 48 406 470.997 207.928 -0.154673  0.894211 -0.734534 -0.529786 -0.895973  0.268079 -0.451733  0.338763  0.863698   0.42233
point 49 424 203.007     138 -0.132874 -0.873265  0.472351  0.330752  0.626467 -0.479336 -0.113046 0.0917877  0.841879  -0.11834
point 50 454 630.898 182.386 -0.934506  0.997976   0.68009 -0.451781  0.669619   0.73794  0.828919 -0.623312  0.409149  0.350564
point 51 473 195.758 160.688   0.636174   0.278602  -0.674044   0.690294   0.818583   0.214764  -0.642412   0.536241 -0.0413521   -0.23221
point 52 496 479.014 224.093   -0.868781    -0.70834    0.564067    0.308324    0.937175  -0.0396898   -0.824815    -0.43817 -0.00594684      0.2747
point 53 499 571.004 203.093   0.911899  -0.403514   0.395828  -0.603791   0.121241 -0.0708149  -0.113693  -0.255427   0.735227   0.294157
point 54 504 363.718 179.205  0.395433  0.919003 -0.642664  0.358731  0.243831  0.606397 -0.369312   -0.8191 0.0592086 -0.476208
point 55 513 337.076 227.135  -0.388493  -0.642322   0.631383 -0.0451626  -0.543639  -0.654041   0.420888   0.993826   0.666312   -0.36109
point 56 524  442.08 218.381  -0.24669  0.777636  0.322536 0.0128678  0.949861 -0.492968 -0.260202  0.188735   0.28151 -0.827742
point 57 530 268.503  186.73   0.914908   0.349687  -0.168929  -0.788932   0.340317  0.0410965 0.00751231   0.260675  -0.209093   0.916676
point 58 536 174.163 233.462  0.813171 -0.174341  0.790765  0.485173 -0.758404 0.0722632 -0.163446 0.0141755 0.0769057  0.697935
point 59 539 558.984 148.351  0.862973 0.0341892 -0.909202  -0.68684  0.478955 -0.342614  0.908777 -0.683635  0.193432  0.261476
point 60 544 498.623 210.299   -0.112383   -0.310905    0.656839    -0.15541   -0.770364     1.02222   -0.898628    0.370028   -0.401031 -0.00259291
point 61 554 75.9378  78.373 -0.902779  0.942471 -0.615637  0.128987  0.746822 -0.712959  0.910063  0.596034   0.14541  0.383116
point 62 558 180.545     178     0.884658    -0.556369      0.80313     0.107374     0.098584     0.738301     0.146129     0.805582     0.337207 -6.10717e-05
point 63 578 623.764 207.897 -0.0213557  -0.231283  -0.291278   0.240006  -0.715536   0.504221  0.0753755  -0.931211  -0.106421   0.141802
point 64 583 237.085  186.86 -0.491334 -0.284142 0.0967814  0.881783  0.667941  0.342501 -0.635503 -0.596868  0.361424 -0.543561
point 65 596 626.791 204.281   0.0576776   -0.503368    0.412376      0.1272 -0.00568053   -0.419986    0.707106    0.112751    0.539684    0.926968
point 66 598 223.033 197.923  -0.113218   0.625079   0.455329  -0.884471 -0.0696406  -0.411518   -0.32335  -0.571079   0.687616   0.563886
point 67 599 577.169 213.001 -0.384008  0.210962  0.667213   0.17998 0.0759134  0.996119 -0.188318 -0.125953 -0.127513  0.566303
point 68 613 527.439  91.195  0.687217  0.926128  0.954473 -0.751167 -0.778178   0.14152 -0.192651 -0.439162  0.120535  0.928128
point 69 614 412.091 201.404  0.492672  0.674007 -0.666705 -0.765917  0.937374 -0.347242  0.722937  0.115055   1.03285  0.175116
point 70 622 582.834 164.067  -0.441989  -0.953221   0.467907 -0.0686153  -0.979037 0.00748068   0.630497   0.909471  -0.214442  -0.647574
point 71 625 153.156 21.8325 -0.0448626   0.739319  -0.156483   0.954146    0.46871  -0.665797   -0.57531  0.0591724  -0.137229   0.161347
point 72 633  150.27 179.798    0.640848    -0.91899   -0.555889   -0.135243 0.000473364   -0.332009    0.927566    0.339866    0.552596    0.270741
point 73 636 155.807 218.622   0.803254  -0.292565   0.380794  -0.888217 -0.0748162  -0.291666    0.19029 -0.0612447 -0.0592643   0.212419
point 74 641 158.244 203.277   0.531025   0.637778  -0.360768  -0.798575  -0.598117  -0.157083    1.01519 0.00962768   0.539416   0.716479
point 75 645 520.215 206.739   -0.90931   0.885871 -0.0125235   0.286784   0.154226   0.946592   0.288265  -0.444901  -0.355429  -0.299523
point 76 649 327.991 211.803  0.565935 -0.161906 -0.078263 -0.272336 -0.525419 -0.148456  0.262256 -0.574168   -1.0091 -0.335883
point 77 653 260.891 202.856 0.0667293  0.626551  0.845144  0.594409  0.767622  0.760623  0.170076 -0.780618 0.0162513  0.580836
point 78 662 501.456 191.527  0.295891 -0.314049 -0.393622 -0.857505 -0.263576  0.859261  0.519227  0.994738 -0.762702  0.743025
point 79 683 457.057 89.4719  0.298204  0.111073  0.601209 -0.841589  0.711626 -0.700657   0.80076 -0.033632  0.713749 -0.940971
point 80 690 109.032 119.364  0.285715  0.970048  0.145819  0.391234 -0.114388 -0.734705 -0.811254 -0.325757   0.52297 -0.523502
point 81 705 398.582 239.066 -0.033232 -0.716086 -0.159238  0.570157 -0.945387 -0.280124  0.877714 -0.658705 -0.423529 -0.413722
point 82 725 583.799 200.276 -0.747898  -0.73564 -0.689559 -0.914525  0.306139  0.354537 -0.882572 -0.743192 -0.418684 -0.226176
point 83 729 392.948 238.386 -0.398179  0.651667  0.393322  0.650724 -0.624167 -0.536293  0.678796  -0.97229  -0.10088 -0.531888
point 84 761 326.117 214.274  0.685199 -0.875542 0.0986924  0.528044 -0.816025 -0.857139 0.0901767 -0.657079 -0.707019 -0.835654
point 85 793 252.479  171.01 -0.668839   1.01865  0.377194 -0.206597   -0.6732 0.0598776 0.0848769 -0.452235  0.427306 0.0529583
point 86 798 532.292  140.17 -0.408255 -0.842403   1.00689  0.500985  0.481003   0.62975  0.615768   0.93147 -0.909435 -0.521051
point 87 800 539.792 139.896   0.566259    -1.0115  -0.594077 -0.0539584   0.784154 -0.0439237  0.0898708   0.819545  -0.449002  -0.421251
point 88 806 617.735 238.418    0.866903 -0.00361942   -0.525473   0.0902492    -0.68125   -0.290381    0.327978   -0.361814   0.0827209   -0.117692
point 89 814 120.776 199.146  -0.50889  0.113403 -0.244338 -0.207786 -0.796963  0.646352  0.876307  0.775531 0.0467005 -0.721864
point 90 816 386.387 178.067  0.588624 -0.237246 -0.888306  0.413256  0.274483 -0.402181 -0.457968  0.976021   0.46355 -0.295621
point 91 827 262.856 176.838  0.0448021  0.0410427  -0.183897    0.47201   0.261502  -0.857744   0.238868   0.262731 -0.0807705  -0.355111
point 92 854 553.798  223.57   0.640871   0.125461    0.43687  -0.762626 -0.0727096   0.978623 0.00192284  -0.132939   0.290854   0.902192
point 93 856 532.93 192.47 0.00796624   0.626363   0.431403  -0.612032  -0.529985  0.0126755   0.543408   0.812301   0.286327  -0.575805
point 94 858 575.166 133.762   0.466508   0.274631  -0.178086 -0.0958513   0.774478   0.862873  -0.433251   0.183177  -0.715628 -0.0020089
point 95 859 204.115 227.421  0.443226 -0.812832 -0.268273  0.665307  0.431099  0.812311   0.88007 -0.895992  0.195144  0.865654
point 96 875 168.186 239.279 -0.782876  0.832335  0.558711  0.421022  0.545929 -0.161825  0.902674  0.666242 -0.168195  0.763366
point 97 899 425.782 184.127  -0.47397  -0.48825    0.5803 -0.705653 -0.878271  -0.18598 -0.892787 -0.915141 -0.613855  0.235452
point 98 913 297.503 212.817 -0.787046  0.111892 -0.770855  0.569824 -0.394472 -0.750706   -0.8308 -0.103977  0.958557 -0.730038
point 99 933 158.439 164.367 -0.729378  0.362438  0.473303  -0.27562  0.638766   0.20951 -0.547874 0.0336119 -0.942272  0.868814
point 100 934 372.32 171.27  0.290925 -0.618485  0.737762  0.184823 -0.933276 -0.326959 -0.827064  0.785092  0.564957 0.0753687
point 101 937 598.634 234.821 -0.512757  -0.65875 -0.525584  0.104765  0.558157 -0.223107   0.15678 -0.225412 -0.269744  0.488766
point 102 945 166.584 188.221 -0.905106  0.161178  0.829924 -0.793294 -0.891397  0.728609   0.48005  0.866307  -0.85601  0.534507
point 103 946 576.328 88.4682  0.191435  0.928508  -0.38776 -0.767581  0.515232 -0.864228 -0.276116 -0.753569 -0.409043 -0.566967
point 104 955 338.703  214.57 0.0421064  0.279052 -0.699041 -0.245571    0.4731  0.331545 -0.721028  0.203325  0.688904  0.216367
point 105 960 392.928 176.883 0.0971991  -0.74905 -0.649999   1.01962 -0.663047 -0.149244 -0.926838 -0.459692  0.600098  0.111905
point 106 980 527.254 204.639  0.471079 -0.204467  0.597989  -0.47429  0.494418  0.382887 -0.842832 -0.173212  0.365065 -0.690099
point 107 997 595.303 235.917   0.979365  -0.923519 -0.0627521   0.846999    -0.4619 -0.0184066   0.638965  -0.877061  -0.209321   0.579751

