seq: 85
gt_pose:   0.319138 -0.0410974   -1.57294
odom_pose:    1.18639 -0.0987667   -1.46382
point 0 5 281.559 156.875 0.0440432  0.338203 0.0195972 -0.937406 -0.149805  0.895457  0.902415  0.452167 -0.423888  0.526939
point 1 6 152.531   189.4 -0.702524 -0.155107  0.755127  0.610266 -0.304326 -0.578341  0.775152 -0.301599  0.414141  0.919748
point 2 23 289.292 163.527    0.80162   0.739743 -0.0286933   0.126321  -0.656973  -0.475437    0.73819  0.0153636 -0.0753388   0.655664
point 3 24 337.857 181.591   0.396975    0.42141  -0.711348    0.24122 -0.0148137   0.711722   0.465293  -0.652447  -0.560352 -0.0286346
point 4 26 246.505 185.144 -0.863902 -0.773058  0.283413 -0.236818 -0.410352 -0.363231 -0.767995 -0.193828  0.890668   0.20765
point 5 28 620.447 189.202  0.285636  0.923701  -0.34122  0.828467 -0.749917 -0.128616   -1.0291  0.603531  0.579147  -0.40522
point 6 35 144.019 216.273  0.149379  0.848174  0.395706  0.624852  0.389691 -0.402023  0.282515  -1.02721 0.0811335  0.724273
point 7 38 177.853  160.55  -0.642373  -0.729499 0.00462124   0.682011   0.393516   0.769149  -0.569683  -0.169042   0.374458    0.75762
point 8 43 396.395 226.083  -0.932662   0.455847   0.171226   0.590613   0.169364  -0.154797 -0.0807498    1.00442  -0.843868  -0.806577
point 9 45 25.8411 231.404  -0.590217 -0.0114661   0.903535 -0.0224185   0.757349   0.982443  -0.663149 -0.0544722    0.51912   0.567429
point 10 46 14.6753 198.975   0.942913  -0.342538  -0.154486   0.085172  0.0767623   0.277297  -0.643533 -0.0781188  -0.254911   0.294496
point 11 48 284.614 169.385 -0.276586  -0.97455  0.804774  0.212369  0.563394  0.785783  0.877779 -0.617321  -0.12856  -0.02464
point 12 54 94.9379 181.241 -0.590421  0.179209 -0.909771 -0.811746 -0.693218  -0.48964 -0.744425   0.18979 -0.882382  0.771013
point 13 59 42.6664 204.874  -0.916083  -0.984857  -0.954171 -0.0386485  -0.433209   0.370067   0.610099  0.0202505 -0.0955563  -0.798798
point 14 72 439.557 191.461 -0.756461 -0.393344  0.740869  0.264758 -0.776903   0.58559  0.510385 -0.226467 -0.305845 -0.175099
point 15 78 324.248 148.476 -0.873167 -0.769346  0.602121  0.717276  0.950647 0.0681645 -0.400126 -0.629133 -0.294311 -0.139192
point 16 84 49.1074 142.259  -0.477201   0.138757   0.350754   0.953596   0.218244   0.306876 -0.0925341  -0.992931   0.978778  -0.311324
point 17 116 242.425 230.164   0.878241    0.56637   0.347458  -0.411152    0.56441 -0.0755073  -0.383769    0.61006   0.310443   0.784198
point 18 119 141.916 197.763  -0.36976 -0.400637  0.782254  -0.40495  0.826973  0.448362  0.948067 -0.467483 -0.830175  0.367522
point 19 129 526.899 149.655  -0.574638   0.746888   0.906082  -0.685431   0.233753   -0.69279   0.941583 -0.0555696  -0.956811 -0.0810725
point 20 138 216.972 232.937  -0.345374  -0.673838  -0.475725    -0.6389  -0.453241   0.135072   0.588458  -0.751355   0.129684 -0.0297687
point 21 146 393.858 150.316  0.964693  -0.47513 -0.650669  0.113523 -0.704179 -0.123175  0.964257  -0.46346 0.0850183 -0.711887
point 22 184 215.112  182.84  -0.282036   0.501052  -0.362877 0.00093715  -0.636415  -0.263755  0.0918543  -0.372013  -0.401965   0.310858
point 23 194 50.3605 159.132  0.850213 -0.846412 -0.202796  0.761124 -0.657461 -0.626726 -0.130501  0.821291  0.644066 0.0759835
point 24 195 470.459 165.728   0.345933 -0.0206815  -0.197465  0.0472898    0.59368  -0.199317   0.248874   0.556438  -0.400823  -0.201973
point 25 196 51.2068 191.841  0.582122  0.504368 -0.962723 -0.893453  0.382403  0.924821 -0.768181  -0.73577  0.757717 -0.381634
point 26 197 527.145 183.876  -0.79822  0.686284 0.0730009  -0.22377  0.765192 -0.523105  0.789913  -0.40073  0.491873  0.383578
point 27 198 31.7683 233.221  0.919659  0.624245 -0.318342 -0.572324  0.961933 -0.831694  0.877665 -0.954647 -0.725422  0.278327
point 28 234  331.59 171.445  0.142673  -0.20308  0.716405 -0.366904  0.838511 -0.490502  0.306131  0.177815  0.245943   0.38037
point 29 242 324.657 152.248   -0.84063 -0.0232975   0.213049   0.427154  -0.342893   0.608817   0.806714   -0.76488   0.406189   0.647726
point 30 277 324.435 145.904 -0.555226 -0.816075  0.304437 -0.782416 -0.985298  0.232579  0.177576   0.51231  0.384726 -0.909519
point 31 306 542.605 175.899  0.515544  0.152452  0.517979 -0.118384  0.261561 0.0121231  0.322147  0.880734  0.648181  0.268606
point 32 308 601.878 190.414   -0.560364    0.964312 -0.00761168  0.00985051   -0.719381   -0.519298   -0.781999    0.732567    0.404994    0.518473
point 33 309 468.679 195.926 -0.614241   1.02217 -0.950014  0.801313 -0.160799  0.208734  0.719054  0.603635 -0.216309  0.457534
point 34 327 121.176 206.718 -0.379067  -1.01048 -0.292598  0.870542  0.341961   0.52588 -0.391611   0.68696 -0.304585  0.768664
point 35 334 451.503 185.412 -0.330359  -0.38162  0.986267 -0.743418  0.280559 -0.321297  0.122413 -0.837138  0.934753 -0.172496
point 36 350 530.229 135.213 -0.735789 -0.938078  0.934501  0.154731  0.493388   0.87027 -0.766147  0.703679 0.0785747  0.628793
point 37 359 316.159 122.716 -0.099622 -0.231847   0.68283 -0.552087  0.665081 0.0281515  0.248095  0.134881 -0.497861 -0.216831
point 38 364 293.756 167.041  0.0953761   0.795239   0.706382  -0.638679   0.929108  -0.482013  -0.602311  -0.840656  0.0847199 -0.0345439
point 39 369 472.342 232.476  0.335539 -0.428041 -0.877078 -0.546472 -0.341622  -0.58411 -0.363085 -0.536407 0.0167183  0.116755
point 40 373 31.4382 236.843  -0.416424   0.867964 -0.0473771  -0.342811   0.409538   0.529755 -0.0983306   0.680946  -0.325997  -0.793424
point 41 382 276.036 201.582 -0.698987  0.893989  0.968555 -0.933244 0.0963316  0.526596  0.526858 -0.232325  0.216618 -0.153616
point 42 409 436.226  203.57 -0.412232  0.862057  0.295809  0.692151 0.0811589  0.587425  0.663282   0.15932   0.25806   0.92087
point 43 422 397.643 210.551 0.00213177   0.509315   0.559766   0.407411     0.9903    1.01985 -0.0198172  -0.845892   0.427532   0.776631
point 44 425 226.187  239.83 -0.419068 -0.358253   0.38023 -0.495648 -0.597773 -0.626939 -0.120741 -0.944585  0.854965  0.875941
point 45 446 162.564 174.966    0.48439  -0.723755   0.632766   0.922985  -0.961659   0.148485   0.942828   0.425013   0.532798 0.00917007
point 46 463 57.9979 64.2997   0.590584 -0.0918012  -0.283972   0.551848  -0.844863   0.283635   0.956557  -0.823531  -0.771386  0.0785935
point 47 470 313.929 237.704  0.389437  -0.11002 -0.635395  0.900357 -0.325873  0.873964 -0.411284  0.235828  0.444009  0.762012
point 48 472 456.869 142.234  -0.871915 -0.0265332   0.620395  -0.213521   0.910556  0.0335912   0.748755  -0.692015 -0.0758995  -0.613416
point 49 475 308.325 221.422   -1.02114   0.139875  0.0569469   0.531365  -0.312839  -0.331826 -0.0811227 -0.0668843  -0.754499   -0.32792
point 50 492 307.869 158.974  0.507522  0.478239 -0.767211 -0.376376 -0.458332  0.698159  -0.54214   0.77739 -0.837353 -0.621372
point 51 497 420.707 208.043    0.55316  -0.412365   0.584091  -0.170008  -0.608231   -0.13734  -0.592318   0.269165  -0.734943 -0.0590432
point 52 508 281.549 168.551  0.670488  0.571187 -0.246668 -0.121686 -0.789657  0.861531 -0.851865  0.244671  -0.71887 -0.795317
point 53 509 80.9523 206.676  0.349413   -0.9274 -0.319133  0.644508  0.777403  0.819382 -0.439542 -0.337836 -0.323873  0.964113
point 54 529 340.117 165.387  0.456945  -0.42054  0.102943 -0.311499  0.616226 -0.131099 -0.909261  0.752457 -0.127144 -0.426774
point 55 532 83.4767 161.554  -0.88123   0.40961    0.7741  0.819208  0.705783  0.742437  0.246373 -0.467083  0.922187 -0.463468
point 56 537 5.18306 196.223 -0.340793  0.598157 -0.140851 -0.445534  0.252632  0.232624 0.0656394  -0.48912 -0.549838  0.244076
point 57 568 343.559 175.053 -0.954318 -0.594188  0.951025 -0.653149  0.388163  0.517197 -0.928186 -0.827035 -0.753038  0.174121
point 58 571 41.0545 134.604    0.7988  0.791265  0.308879  0.656516  0.309507  -0.74007  0.892254 -0.361394  0.552097 -0.283843
point 59 597   320.7 170.225  -0.751736   0.713683   0.886558 -0.0539169  -0.272422   0.519138   0.891384   0.929803   0.491983  -0.334344
point 60 639 199.46 221.27  -0.754165    0.81807  -0.384137  -0.310759    0.83384   0.665275 -0.0435612  -0.782402  0.0469072  -0.658452
point 61 642 447.566 167.517  0.804114 -0.152358  0.226799  0.642937  0.567413 -0.672511   0.39699  0.481302  0.709574 -0.475391
point 62 651 269.163 175.406  0.917027  0.593729 -0.512091  0.272701 -0.533345 -0.925451 -0.845394  0.374937 -0.256906 -0.401066
point 63 664 143.302 203.024  -0.42161  -0.93778  0.288299  0.860223 -0.300398 -0.371261 -0.360605  0.374413 -0.202785  0.393981
point 64 695 276.204 192.243   0.778317   -0.17287   0.360131  -0.469802   0.443186 0.00078622   0.879303  0.0719167   0.501825   0.829838
point 65 720 572.095 113.296  0.400659 -0.601097  0.436193  0.360744 -0.725646  -1.03225 -0.623833 -0.852549  0.536667 -0.757375
point 66 731 166.225 228.995 -0.297644  0.375953  0.367024 -0.898845 -0.625684  0.976196  0.744455  0.792721  0.533132 -0.805269
point 67 748 620.917  204.92 -0.976761 0.0621023 -0.437394 -0.825655 -0.559215  0.225266 -0.183058  0.949657  0.769933 -0.447362
point 68 755 454.369 236.999   0.073005   0.194081 -0.0890506   0.799801   0.445184  -0.507327    0.30025  -0.304612  -0.468878   0.525519
point 69 760 494.642 182.296  0.802205   0.21617 -0.377513 -0.764603 -0.503497  0.385551 -0.768283 -0.727927   0.91786 -0.339145
point 70 767 531.344 237.724 -0.0102167  0.0417897  -0.149829  -0.702915   0.337912 -0.0966286   0.120708 -0.0221122   0.284722   0.703994
point 71 769 639.854 118.508 -0.962672  0.680888 -0.644198 -0.308877 -0.293775  0.344477  0.778004   0.52136  0.611471  0.153496
point 72 774 447.912 221.909   0.298781 -0.0692974  -0.108993   0.622842  -0.136417  -0.375134   0.152154    0.21519   0.161039  -0.304995
point 73 783 487.777 216.228  0.929173 -0.425318  0.552602  0.863031  0.892661 -0.550787 -0.981614 -0.441504  0.289276 0.0768083
point 74 794 225.266 118.489  -0.38574  0.390417 -0.336094 -0.607192 0.0166705  0.610321  0.453186 -0.456711  0.120964  0.495716
point 75 797 190.425 113.411  -0.719694  -0.654783   0.681959   0.109208  -0.178405  -0.519807  -0.094722    0.52704 -0.0879102   -0.28655
point 76 810 522.447  220.73   1.00505 -0.627331  0.485346 -0.725102 -0.914415  0.951023  0.795926 -0.013856   0.77739 -0.663058
point 77 811 22.2767 212.032   0.553194   0.608393 0.00257715  -0.222983   0.305536   0.784081  -0.128592   0.380985  -0.505175   0.256462
point 78 819 312.33 194.79   -0.58327   0.396593  -0.720204    0.72325   0.911224 -0.0145203   0.234938   0.752902  -0.384655 -0.0717038
point 79 821 169.702 200.937   0.36311   0.33412 -0.652826 -0.953873  0.906259 -0.182336  0.475679 -0.781995 -0.405217  0.470401
point 80 836 638.697 199.582 -0.741734 -0.718337 -0.212745 0.0532966  0.606954  0.266273 -0.303525  0.699729  0.264626 -0.982525
point 81 852 532.872 168.173  -0.380493  -0.228695    1.01559   0.252059 -0.0513846  -0.539192  0.0577408   0.831444   0.744078   0.631049
point 82 860 7.51048 235.358  -0.746025  -0.876687   0.762027   0.513192  -0.812903   0.298518  -0.216336 -0.0344971   -0.83237  -0.528438
point 83 861 425.065 165.326  0.0610844   0.626069   0.787914  -0.140753  -0.539933   0.221693  0.0903523   0.225173 -0.0276832  -0.437488
point 84 862 394.632 150.788  -0.82814 -0.340059 -0.703313 -0.250692  0.660066 -0.470801 -0.135024  0.408967 -0.911413 0.0576899
point 85 885 40.1822 109.574   0.897288  -0.630491   -0.15681 -0.0358045   0.599947   0.698751     0.7061   0.837904   0.583906 -0.0478494
point 86 887 355.824 224.424  0.625531 -0.776053 -0.772735 -0.731553 -0.816683 -0.901974 -0.388082 0.0488269  0.049197 -0.765599
point 87 888 593.931 77.3458 -0.701414  0.773146   0.43761  0.568077  0.344022 -0.930101  0.708824  0.889178  0.119993 0.0412083
point 88 894 565.978 172.397   -0.229086   -0.518442 -0.00355951    0.762562   -0.630631   -0.691263    0.860813   -0.300002    -1.02039   -0.845186
point 89 903 171.832 198.576  0.777504  0.586633  0.940628  0.806568 0.0283811 -0.682086   0.19455  0.111748 -0.923464 0.0289364
point 90 915 542.453 216.811   0.222173   0.628994   0.161929 -0.0481546   -0.74982   0.335646   0.939879  -0.560876  -0.114656   -0.41414
point 91 918 204.331 229.514 -0.795049  0.159424  0.549582  0.170774 -0.393035 -0.754075 -0.541851  0.916648 -0.146986 -0.321484
point 92 919  568.04 164.351  -0.71772  0.537725 -0.244439  -0.46742  0.409976  -0.33592 -0.424743  0.898907  0.173455  0.419666
point 93 935 107.74 228.76 -0.708286  -0.91866  0.231607  0.930562 -0.642688  0.538317   0.33189  0.825164 -0.717703 -0.050966
point 94 936 341.176 89.3575 0.0659716 -0.377364 -0.382889 -0.296852  -0.48934    0.8744 0.0967424 -0.749354  0.139445 0.0985682
point 95 942 171.479 147.615 -0.794611 -0.303516  0.594964   -0.5198  0.222758 -0.181941  -0.74474 -0.999356  0.996201  0.461504
point 96 962  603.72 130.402  -0.163424   -0.28738   0.859631  -0.803135  -0.813709 -0.0376684  -0.537115  -0.531658  -0.100631 -0.0930166
point 97 965 366.048 115.595   0.921013   0.641115   0.561089 -0.0595514  0.0401139  -0.537534   0.134594   0.614214   0.897416   0.234551

