seq: 236
gt_pose:   3.58713   4.51329 -0.797896
odom_pose:  4.04652  3.71164 -1.00073
point 0 3 386.845 190.603  -0.20853  0.787565 -0.384566 -0.331669  0.579113  0.859646 -0.875239  0.870493 0.0252962 -0.870447
point 1 6 546.557 210.418 -0.683967  -0.08942  0.759076  0.702419 -0.303179 -0.562608   0.83105 -0.337046  0.344584   0.89764
point 2 17 566.827 103.385  -0.471934   0.115527   0.399415  -0.731768 -0.0953047   0.205504   0.881708 -0.0740824  -0.339115   0.651448
point 3 20 181.739 210.679 -0.494626 0.0940773 -0.814127 -0.489358  0.797377  0.396499 -0.851279 -0.799589 -0.230709  0.137927
point 4 42 471.701 162.075  0.0153988  -0.794531 -0.0554632  0.0549246  -0.928811   0.579766  -0.267001   0.243808  -0.132458  -0.727109
point 5 49 289.605  113.94  -0.686129  -0.432943   0.722648  -0.253868   0.771812   0.465243 -0.0638879  -0.438004   0.937331  -0.732665
point 6 50 262.461 199.322   0.87118 -0.646974 -0.433554 -0.682983 -0.569504  0.246739 -0.690586  -0.71088 -0.522548  0.846874
point 7 57  557.14 190.587    0.3767 -0.376567 -0.587754  0.503662 -0.441902  0.374536 -0.981337  0.645803  0.730705  0.201131
point 8 64 532.322 185.172  0.876928  0.515492 -0.724943 -0.924747 0.0730293 -0.247566 -0.558178 -0.117042  -0.65982 -0.370764
point 9 75 266.232 189.663 -0.698832 -0.918584  0.967068  0.552336 -0.749428  0.744707 -0.538778   1.01997 0.0801885  0.354874
point 10 79 199.611 167.604 -0.192798 -0.691037 -0.120185 -0.825416  0.164343  0.953969 -0.756342  0.738019 -0.657213  0.606282
point 11 82  238.89 105.273   0.974548 -0.0850499  -0.200827    -0.2532   0.875055   0.857014  -0.759349    0.78383   0.702179  -0.612437
point 12 87 316.856 234.318  0.758431  0.770336 -0.180685  0.954637 -0.648195 -0.603994 -0.491072 -0.279429  0.836989  0.228312
point 13 115 390.382 150.138  -0.744253  -0.774027   0.403128   0.539275 -0.0540441   -0.61242   0.940769  -0.491096  -0.454152   0.440265
point 14 116 603.402 232.319  0.924496  0.601163  0.384349 -0.436732  0.579975 -0.140019 -0.360049  0.548842  0.351986  0.798327
point 15 119 571.035 216.815 -0.363381 -0.440215  0.805682 -0.336006  0.770559  0.497963  0.911988 -0.540619 -0.790926  0.346448
point 16 120 352.881 146.846  -1.00344  0.169796  0.675558  -0.57247   0.63629  0.619559 -0.676425  0.252665 -0.934128  0.264686
point 17 140 233.763 86.1778 -0.475111 -0.148909  0.647956 0.0633449  0.835531 -0.798201    0.3562 -0.559398 -0.370175  0.915083
point 18 170 293.497 232.126   0.11411 -0.376634  0.201005  0.154961  0.835114 -0.189018 -0.862021   0.73431  0.445389  0.665199
point 19 179 572.843 192.402 0.00462384  -0.808395  0.0951053   0.837889   0.658274   0.333222   -0.31023  -0.804913  -0.224876   0.738473
point 20 198 521.149 237.093  0.897255  0.626532 -0.385835 -0.607111  0.943509  -0.77831  0.868156 -0.952127 -0.688982  0.331076
point 21 202 538.938  126.37 -0.586525 -0.144337  0.278747   0.32806  0.154829  0.826013  0.652545 -0.227215  0.111729 -0.157404
point 22 222 63.1328 230.741  -0.681831   0.973556  -0.931355  -0.416065   0.501201    -0.7239 -0.0489991    0.50978   0.422522  -0.482548
point 23 244 227.402 178.005 0.0331539 -0.920236  0.504557  0.617704 -0.871805  0.716626 -0.404921  0.313858  0.191655  0.280825
point 24 259  454.05 213.047  0.161356   0.61702    0.1204  0.523933 -0.436605 0.0406769 -0.698158  0.415054 -0.853704 -0.633689
point 25 276 308.253 239.541   0.562915  -0.723144   0.104297  -0.114199   0.207256 -0.0579329   0.291985  -0.674365  -0.420018   0.715841
point 26 280 514.568 228.812  -0.235326   0.112445   0.557727 -0.0911602  -0.307836  -0.337283   0.818419   0.862787 -0.0988935   0.760736
point 27 286 482.911 190.142 -0.757957 -0.469111 -0.453838 -0.244296 0.0666716  0.365881  0.909403 -0.893734 -0.904519  0.726938
point 28 290 449.208 190.923  -0.67477  0.859753 -0.752347  -0.51516 -0.631121  0.534529  -0.87785 -0.788331  0.611182  -0.97538
point 29 296 601.865 137.524  0.0155065  -0.596991  -0.348212   0.279828  -0.208519   0.581883  -0.699305    1.00023 -0.0128345  -0.333364
point 30 300 113.034 169.654   -0.183344   -0.642012    -0.68362   -0.225792   -0.178705    0.838819    0.948447    -0.52029   -0.860734 -0.00226496
point 31 313 538.461 124.718 0.0855489  0.371819  0.203442  0.141592  0.436507  0.733413 -0.418816 -0.571363 -0.105894  0.393514
point 32 315 565.882 123.007 -0.862379  -0.40551 -0.920574  0.154622 -0.384473  0.131134 -0.584793  0.788628 -0.681534  0.887685
point 33 316  438.53 189.463   -0.64209  -0.784592  -0.907767  -0.502965  -0.466887 -0.0235024   -0.39125  -0.150816  -0.309951  -0.653193
point 34 319 530.555  168.77 -0.931975  0.242948  0.622223 -0.206591 -0.729635   0.19974  0.716003 -0.282728 -0.954138   0.31759
point 35 325 403.184 193.653 -0.227467  -0.33799  -0.66353 0.0702432  0.162418 -0.355145 -0.302829 -0.499419 -0.551031  -1.03177
point 36 340 295.159 146.128  0.433445 -0.341722 -0.733382 -0.112001  0.788523 -0.131077 -0.730032 -0.418087  0.505288 -0.377444
point 37 341  274.81 220.636  -0.707044  0.0715798    0.34554  -0.349905   0.317064  -0.408942  -0.838295  -0.672225   0.784655 -0.0524024
point 38 343 239.131 166.299 -0.0157178  -0.965699  -0.403218   -0.82572  -0.217677    -0.1234   0.329899  -0.900965   0.565325  -0.401123
point 39 353 472.778 153.637  -0.535063   -0.19672    0.99615  -0.292714  -0.324862   0.288814 -0.0990326  -0.566817  -0.474933   0.101979
point 40 383 26.6905 163.257 -0.653853  -0.31225  -1.01158 -0.659631 -0.784948 -0.164081  0.551169  0.509089  0.468452 -0.235708
point 41 390 225.255 229.236    0.309569 -0.00972013    0.254921   -0.565333    0.370863     0.90591    0.307716    0.193622   -0.582968    0.478768
point 42 395 95.3726 232.507  -0.683158   0.166575  -0.892731   0.955334   0.907796   0.599283   0.063961  -0.360616 -0.0660421  0.0186414
point 43 396 363.444 95.1335  0.198097 -0.736465  0.841014  0.700117 -0.430477 -0.347023 -0.780497 -0.448049  0.383792  0.601817
point 44 398 591.838 223.489 -0.864599   0.84542 -0.655306   0.43386  -0.96637  0.576501  0.693246  0.850965  0.272189 -0.756639
point 45 401 264.496 213.313 -0.030935  0.583267  0.238007 -0.526692 -0.591047  0.203575   0.63431  0.776901 -0.928827  -0.62606
point 46 447 56.5155 123.122  -0.345566  0.0271033  -0.940879  -0.831283   0.274347  -0.835608 -0.0682995   0.528559  -0.664305   0.578753
point 47 448 531.275  207.87  0.860803 -0.391213  -0.83541 -0.688954 -0.288177  0.749084 -0.400142 -0.741761  0.583241 -0.369794
point 48 456 325.825 182.267  0.178419 -0.617491  0.555235 -0.517985 -0.371786  0.595407  -0.58695 -0.684297 -0.847819 -0.932062
point 49 463 520.362 159.571   0.576388 -0.0404612  -0.304484   0.520323  -0.779644   0.263568   0.994151  -0.843785  -0.733662  0.0906153
point 50 469 578.758 153.754 -0.113723 -0.852674  0.959864  0.959867 -0.131539 -0.490289 -0.809021  0.826813  0.192028 -0.909269
point 51 512 316.624 168.897  -0.61133 0.0889318  0.752959 -0.359471  0.545119  -0.87561   -0.2657  0.173554 0.0485026 -0.454661
point 52 526 103.247 150.324 -0.251123  0.929312 -0.353188 -0.854023 -0.239123  0.464473  0.934987 -0.935798  -0.59189  0.857997
point 53 532 523.469 201.743 -0.891118  0.362696  0.817719  0.866753  0.761257  0.707951  0.161694  -0.49798   0.89434 -0.464622
point 54 564 288.317 206.829 -0.613953 -0.117219  0.220405 -0.494371 -0.150998  0.491707 -0.506457 -0.948336 -0.761638  0.989011
point 55 573 583.512 142.907  0.846047 -0.285395  0.283576 -0.490648  -0.30803 0.0297504 -0.710923 -0.958367 -0.294888  0.577523
point 56 581 398.078 238.139  -0.717925  -0.468075  -0.287097    0.99909  -0.961784  -0.131395 -0.0960294  -0.772904    0.91154 -0.0885471
point 57 588 423.999 231.929 -0.203348  0.077379 -0.381523 -0.645437  0.594046  0.656574 -0.559317  0.343845 -0.165758 0.0862848
point 58 590 112.743 166.118   -0.503666   -0.928776    0.650017    0.444898 -0.00452061   -0.576005   -0.448366    0.594395   -0.211323   -0.911534
point 59 605  264.93 215.161   0.87908  0.471489 -0.352857  0.350785  0.148861 -0.411072 -0.109353 -0.149842  0.904513  0.161725
point 60 630 206.426 207.169  -0.080207 0.00882236   -0.35514  -0.302654   0.702722 -0.0709797   0.545256  -0.166419   0.639649  -0.702394
point 61 646 412.169 226.116 -0.308423  0.616166  0.742721  0.734017  0.381043 -0.686256  -0.33602  0.770957  0.302729  0.520157
point 62 664 525.731 218.531 -0.490951 -0.865329  0.270294  0.853756 -0.261913 -0.367546 -0.402166  0.400061 -0.176081   0.31892
point 63 668 257.447 140.249 -0.562095  0.823201 -0.737396 -0.384514 -0.498668  -0.13465  0.116099 -0.507992 -0.881204 -0.597364
point 64 681 446.485 209.458  -0.238752    0.54865   0.171558    0.48777  -0.781002   0.215095  -0.771335   0.452926 -0.0780446  -0.852221
point 65 709 476.716 219.055  0.939179  -0.91134 -0.995732 -0.958326  0.468094  0.844388  0.734774  0.514435  0.170885 -0.473233
point 66 730 74.7237 184.817  0.797204  0.444548  0.814333  0.849365  0.579702 -0.199868 -0.327499 -0.540982 -0.157272  0.947282
point 67 749 269.441 214.076 -0.682455  0.285002   0.63653 -0.715627   0.58168 0.0232486  0.710079  0.163066 -0.282157 -0.196009
point 68 765 191.734 180.435  -1.00266 -0.134308  0.557068  -0.54722 -0.386017 -0.279643  0.543579 -0.170573  0.414801  0.982151
point 69 771 432.979 226.883  0.197855 -0.454036  0.816355  0.967758 -0.603449  0.892145  0.655531 -0.243092  -0.39732 -0.639406
point 70 778 321.229 224.795 -0.125287 -0.611549 -0.795776  0.769296 -0.570362 -0.895025 -0.380849   0.29556 -0.458811 -0.666419
point 71 803 117.238 135.647 -0.740125  0.972937  0.784292 -0.596843 -0.523134  0.212994   0.12556  0.780871 -0.308684  0.640871
point 72 804 405.471 174.805  -0.820083  -0.717055  -0.714761  -0.616414   0.499465   0.659756 -0.0757113   0.458917  -0.566343   0.149346
point 73 809 305.292 173.256 -0.210918  -0.95242 -0.966405 -0.290682 -0.490324 -0.188978  0.859023  0.791675 -0.194934 -0.182397
point 74 815 546.189 149.832  0.097559 -0.204771  0.941584 -0.326738  0.738179  0.578489 -0.354709 -0.605062   0.80042  0.925726
point 75 817 261.828 180.352  -0.252329   0.555463   0.816653   0.636867   0.668306 -0.0704421  -0.677926   0.625185   0.566734  -0.917251
point 76 821 547.132 215.792  0.387688  0.353239 -0.628706  -0.90265  0.903413 -0.166479  0.473291 -0.865455 -0.455046  0.410879
point 77 823 212.237 148.496    0.08803   -0.74251   0.114489   0.691195   0.605378   -0.50831  0.0192859   0.943099  -0.480993 0.00113621
point 78 837 416.114  111.72 -0.0900526  -0.269832  -0.496261  -0.389184  -0.837332   0.179127  -0.445163  -0.421622  -0.851243  -0.440005
point 79 846 329.951 222.647   0.468846   0.312645    0.40735  -0.899698  -0.923147 -0.0195855  -0.681554  -0.235215  -0.336424   0.256812
point 80 866 264.038 131.138  -0.568766 -0.0813996   0.757747  -0.642884   0.692252  -0.266201 -0.0997847   0.346795  -0.401676   0.899284
point 81 867 566.133 203.084    1.03491   0.101981  0.0784285    0.59411  -0.450178 -0.0433383  -0.801549   -0.42744   0.650094 -0.0724933
point 82 874 183.884 216.382  -0.85283  0.211995 -0.743601  0.843393  0.233918  0.735392  0.674524 -0.623733  0.220965 -0.672888
point 83 882 505.645 205.157 -0.432747   0.97033 -0.588535  0.551472  0.498076 -0.217207  -0.93906 -0.779178 -0.558989  0.604337
point 84 886 429.674 127.423 -0.409082 -0.848255 -0.436447 0.0495988  0.378538  0.967132  0.944936  0.914986 -0.733496 -0.849474
point 85 892 387.449 167.425   0.294545  -0.929148  -0.718148    0.69749  -0.725963   0.705045  -0.640141   0.168147   0.864893 -0.0534978
point 86 898 373.169  233.04  0.819257 -0.619736   0.30808 0.0133495 0.0803388 -0.283456  0.560794 -0.566937 -0.128215  0.434509
point 87 911 230.919  139.64  -0.991317  -0.394445  -0.748318   0.686017  -0.889428 -0.0632048  -0.974663  -0.120677   0.507322   0.138886
point 88 920  314.23 178.844 -0.933843  0.647094 -0.380823 -0.332006  -0.44075 -0.171267  0.806329 -0.870668  0.963513 -0.490148
point 89 926 296.961 219.882  -0.744823  -0.772211   0.900387  -0.883108  0.0470756  -0.593037  -0.430558  -0.705332 0.00422836   0.567356
point 90 928 474.714 175.719 -0.199143  0.883465 -0.779007 -0.857689 -0.249927 -0.544018 -0.675945 -0.385859 -0.447217  0.294684
point 91 939 406.068  196.45 -0.455678 -0.711915  0.551744   0.86945  0.201968 -0.903725 -0.692618  0.715281  0.182273  0.734941
point 92 951 213.957 195.876  0.204164 -0.835003 -0.100435   0.35979  0.269689 0.0205661  -1.02466  0.444145 -0.179997 -0.686255
point 93 963 522.612 185.354 -0.00582182   -0.806642   -0.359471    0.428314   -0.895934    0.261354    0.934871   -0.957721   -0.167562    0.442341
point 94 971 528.969 197.985  0.676219 0.0350977  0.312232 -0.665643  0.965485 -0.100276  0.345544  0.931129  0.751268 -0.172385

