seq: 322
gt_pose:  1.23161 -1.94515  1.95864
odom_pose: -0.531388  -2.07343   1.88442
point 0 7 421.371 180.101 -0.0848201   0.889569  -0.197503   0.668467   0.390002     0.8669 -0.0468597  -0.547561   0.919286   0.862552
point 1 14 536.641 10.6012 -0.758816 0.0167607  0.466595 -0.361499  0.967123  0.175192  0.797647  0.511002  0.282764 -0.947276
point 2 21 424.514 205.811  0.523342 -0.382336  -0.32411 -0.622298  0.978432  -1.03376  0.658874 -0.312803 -0.597737 -0.129785
point 3 31 363.397 212.403 -0.404654  0.789368  -0.05798  -0.61796  0.220312 0.0119096  0.275205  0.231405 -0.501483  0.665753
point 4 36 455.395 236.506 -0.187274 -0.252583  0.449016  0.617109  0.358643 -0.650301  -0.94965 -0.877441  0.380775 -0.665259
point 5 37 442.319 229.989 -0.970429 -0.957443 -0.439109 -0.482933  0.290075   0.72523 -0.634666 -0.283861  0.319039  0.736891
point 6 44 508.643 168.791  -0.579773    0.28162   0.887819   0.495379 -0.0607631  -0.131229    0.73109   0.906212   0.878482   0.809294
point 7 53 482.576  212.69   0.73571  0.335393 -0.332805  -0.88136  0.538687  0.643909  0.409678  0.403693  0.791061 -0.402537
point 8 60 45.712 165.72   -0.863853   -0.871171   -0.557561    0.472481    0.226416   -0.832223    0.933021    0.691883   -0.702322 -0.00385636
point 9 68 355.437 239.594  0.143442  0.339823 -0.925665  0.488502  0.165056 -0.743084 -0.693858 -0.562644  0.584622  0.737482
point 10 70 89.6267 193.382  0.879381 -0.678937 -0.369909  0.162927   0.29417     0.743 -0.506143  0.315375  0.244741  0.625956
point 11 71 602.062 168.708   0.16978  0.220544  0.498381  0.540553 -0.446271 -0.821706  0.783766 -0.609514 -0.610295 -0.241189
point 12 78 109.833 50.9533 -0.859777 -0.843811   0.60409  0.762698  0.967448 0.0435454 -0.397853 -0.677308 -0.284922  -0.10863
point 13 89 487.046 234.758  0.537801  -0.69342 -0.349431 -0.379741  0.319991 -0.680649 -0.514545  -0.92851 -0.751045 -0.130251
point 14 92 140.961 155.651     0.206259     0.763557 -0.000500857     0.897676     0.260901     0.293977     0.998786     0.624542    -0.220673    0.0416225
point 15 109 303.092 217.216  -0.459865   0.875447    -0.7987  -0.463836   0.542417 -0.0796067   0.723947   0.636826 0.00142594    0.31985
point 16 110 463.883 131.895  0.843521  0.945023   -0.6563 -0.278801 0.0735725 -0.664704 -0.527263  0.631785   0.74266  0.195312
point 17 111  274.97 231.184 0.0955115  0.989384  -0.85076 -0.988993 -0.128728 -0.323611  0.952122 0.0232909  0.237933  0.400576
point 18 113 477.683 204.819  0.0166742  -0.589293   0.582863   -0.86771     0.5049  -0.358743  -0.858386      0.676  -0.321069 -0.0587959
point 19 132 452.397 189.598   0.263544  -0.922432  -0.897293 -0.0415726  -0.736196   0.836403  -0.783921   0.275407    0.82716   0.682323
point 20 134 549.789 174.714 -0.306134  0.055428  0.385065  0.850562  0.646923 -0.326696  0.904885  0.778615  0.632629 -0.768575
point 21 140 613.395 178.034  -0.468772 -0.0620703    0.60064  0.0614449   0.835203   -0.75996   0.376672  -0.597937  -0.377768   0.903432
point 22 148 463.316 138.083 -0.0691442  -0.300728  -0.226037   0.558735 -0.0265852  -0.181065  -0.938422   0.271147   0.896034  -0.677177
point 23 156 386.598 192.558  0.253467   0.58327  -0.72757   0.35017 -0.857609  0.931541  0.185039 -0.722044 -0.905193 -0.066628
point 24 158 482.497 170.305  0.486201  0.427972  0.345469 -0.305411 -0.109197 -0.415315 -0.805708  0.145543   1.01416 -0.609884
point 25 159 420.185 192.598  0.236668 -0.949888 -0.891981 -0.107682 0.0490788   0.11459  0.996035 -0.318707 -0.422047 -0.726097
point 26 165 394.776 160.634  0.487657 -0.769061  0.445861  0.629001 -0.681487  0.677985 -0.675543  0.851182  0.380534 0.0196292
point 27 166 218.197 195.911  -0.60689  0.390624 -0.618562 -0.493465 -0.660861    0.3005 -0.694708  0.146219  0.199322 -0.631242
point 28 169 516.154 174.624  -0.603487   0.485233   0.735728  -0.223068 -0.0804054    0.45436   0.329758   0.443258  -0.682247  -0.504435
point 29 170 618.603 236.243  0.090007 -0.371022  0.212877  0.161628  0.742226 -0.221924 -0.850861  0.693212  0.392626  0.687477
point 30 175  305.31 165.138 -0.342778  0.580084  0.246421 -0.624338  0.676489  0.757022  0.964635  0.976364  0.595485  0.165135
point 31 176  372.94 204.312  -0.731451   0.882503  -0.137204 -0.0735177    0.40907  -0.494489  -0.930108   0.228667    0.68178   0.160502
point 32 216 177.788 135.642  -0.625821   -0.94168   0.823169  -0.824038  -0.594011  -0.886673  -0.333832  -0.213551 -0.0273275   0.860795
point 33 240 399.496 181.503 -0.572116  -0.64342  0.588166  0.792026  0.781318  0.704156 -0.551497 -0.741217  -1.02635  0.691097
point 34 245 231.673 157.954 -0.650763 -0.374942  0.472874 -0.681382 -0.458361  0.414476  0.895447 -0.688324  0.239767   0.82404
point 35 251 282.963  230.38 -0.0221623   -0.51044   0.150922  -0.846062  -0.455363  -0.116058  -0.478488   0.251536  -0.131736   0.386652
point 36 262 187.049 98.2436 0.0358448  0.327014 -0.359171 -0.558455  0.966237  0.960757 -0.901614 -0.318143  0.425192  -0.43382
point 37 301 457.628 110.861  0.147669  -0.46589 -0.972719  0.447692   -0.9559 -0.664555 -0.618297  0.458832 -0.711957 0.0420633
point 38 303 330.441 211.702  0.105937 -0.779461 -0.619678 -0.945284 -0.132391  0.514798 -0.404423 -0.070707 0.0146574 -0.431036
point 39 304 447.962 169.565  0.512533 -0.596721   -0.4138 -0.373678   1.00809 -0.247472  0.748042  0.537185 -0.488936 -0.405958
point 40 315 522.498 213.122 -0.840953  -0.33314 -0.939956  0.081047 -0.373236  0.125562 -0.531131  0.817542 -0.754042  0.909649
point 41 331 117.379 211.888  -0.421814  -0.257461  -0.294506   0.105529 -0.0718698   0.909382   0.844667  -0.563866   0.728178   0.842171
point 42 343 548.385  227.17 -0.0215531  -0.948912  -0.363828  -0.794465  -0.243019   -0.11847   0.235412  -0.937728   0.594939   -0.48046
point 43 352 213.981 190.195  0.592001  0.329384  0.441371 -0.746452  0.567994  0.649578  -0.64216  0.527712 -0.085404  0.840438
point 44 357 632.913 235.436  0.390703 -0.183202  0.519205   0.38488  0.514372 -0.112173  0.319725  0.731342   0.47619 -0.236271
point 45 367 478.025 95.2363  -0.651887  -0.914143   0.857122  -0.456695  -0.503402    0.66586  -0.339124 -0.0647323  -0.561652  -0.818469
point 46 387 315.898 181.042   0.68194 -0.730731  0.534692  0.921189 -0.738411 -0.152115 0.0343212 -0.992788  0.584906   0.66906
point 47 397 88.7126 179.341  0.747295 -0.331458  0.563023  0.224547  0.598404  0.875417 -0.712486  0.607665  0.786037 -0.724993
point 48 410 6.87166 170.129 -0.191378  0.524452 0.0372008 -0.193997  0.312626  0.676076 -0.529217 -0.968723  0.808816  0.682438
point 49 425 289.238 239.679 -0.404538 -0.406349  0.418851 -0.501505 -0.582428 -0.637948 -0.168291  -0.91892   0.91877  0.814673
point 50 454 426.979 173.019 -0.939357  0.963172  0.690747 -0.451672  0.574381   0.75792  0.833036 -0.638194  0.481424  0.401343
point 51 491 337.514 191.916  -0.774778   0.857376  -0.287872   0.536237  -0.458451 -0.0998269   0.564453  -0.256731  -0.248975   0.721678
point 52 494 214.851 193.979   0.40008 -0.104739  -0.29436 -0.993258 0.0997615 -0.770337  0.483329  0.381024 -0.214299 -0.929045
point 53 495  364.48 167.566   0.273787   0.694433  -0.128088   0.482649  -0.509866  -0.669248   0.994294  -0.638401 -0.0854224    0.11857
point 54 503 34.8301 166.525  0.255483 -0.107523  0.694042 -0.962566 -0.163827   0.12528 -0.242654  0.618867   1.01927 -0.950998
point 55 506 376.757 207.418 0.0791529  0.294791  0.014415 -0.598904 -0.906484 -0.614553 -0.710158 -0.638502  0.741604  0.473527
point 56 514 204.587 166.355  0.461864 -0.796798 -0.850093 -0.474432 -0.948304 -0.466552  0.623275  0.854568 0.0971662  0.145589
point 57 521 571.747  197.23   -0.8269 -0.369852  0.623036   0.19725 -0.186155  0.061343 -0.358127 -0.639972  -0.86015 -0.656179
point 58 541 224.102 229.232  0.339564 -0.768166  0.817957 -0.325737 -0.662817  0.659713  0.819138 -0.579701 -0.997645  0.254411
point 59 543 1.61917 201.871 -0.329865 -0.788383  0.654188  0.655833  0.318558  -0.05125  0.839143   0.13146  0.637054 -0.798886
point 60 552 114.566 172.975   0.832712  -0.194658   0.828869 -0.0974549   0.407616  0.0758585   0.803421   0.703696   -0.41563  -0.542452
point 61 555  70.578 227.619   0.327894   0.350004   0.341604   -1.00581 -0.0155836  -0.522761 -0.0148061  -0.158385   0.779591  -0.346769
point 62 578 376.448 209.645 -0.0448629  -0.236166  -0.257847    0.19126  -0.710223   0.482141   0.067009  -0.976701 -0.0923953   0.163211
point 63 581 545.676 239.554 -0.671812 -0.467446 -0.337882  0.931048 -0.964042 -0.140353 -0.128343  -0.80677  0.889647  -0.10456
point 64 591 418.643 196.941  0.940097 -0.644943  0.604451  0.128713 -0.427819 -0.312234  0.986504  0.262531  0.040071 -0.519581
point 65 603 496.784 184.827  0.995579  0.633049  0.669879  0.246836 -0.853682  0.442232 -0.860507  0.786319 -0.597539   0.61708
point 66 607 160.735 235.947  0.899626  0.387418  -0.28872  0.158525 -0.348169  -0.42303 -0.421717  0.220106   0.92577  0.813037
point 67 610 213.361 121.308  -0.22165 -0.232912   0.72871   0.67956  0.404491  0.402165  0.672937  -0.65903  0.114579 -0.451994
point 68 617 325.935 89.8023 0.0652291 -0.818557  0.244151  0.179701 -0.508935  -0.95091 -0.175048  0.296574 -0.784085 -0.580734
point 69 623 83.1106 169.753  0.545164 -0.518302  0.628795 -0.520085 -0.240071  0.436597  0.410608 -0.248324 -0.753378  -0.32129
point 70 644 304.279 159.063   -0.554416   -0.158367   -0.600721 -0.00142847   -0.157626   -0.801445    0.843936   -0.933013    0.859906    0.433988
point 71 650 112.945 226.365  0.792538  0.195987  0.600912 -0.495891   1.01659 -0.200745  0.865262 -0.744404 -0.205204  -0.91029
point 72 655 482.274   218.3  -0.10482   0.71425  0.490991 -0.629186  -0.54058 -0.449117 -0.944544 -0.710567 -0.844319  0.838452
point 73 658 457.376 221.843   0.421917   0.087037 -0.0892631  -0.355319   0.143417   0.961628   0.602014   0.629473  -0.797969   0.552915
point 74 661 343.615 14.9989  0.269227 -0.566837  0.444825  0.392124 0.0698016  0.152711  -0.93241 -0.747788  0.213843  0.424076
point 75 667 539.383 122.773 -0.927647 -0.556142 -0.259728 -0.583703  0.710346 -0.764571 -0.446858   0.74739  0.547283  0.415511
point 76 689 224.186 174.525     0.83869   -0.468162    -0.52349 0.000559007    0.728267       0.123   -0.720145   -0.246157    0.852449    0.890887
point 77 691 182.247  153.25   0.579165   0.962956    0.22681  -0.263904  -0.895001   0.108727   0.343938   -0.35973  -0.965972 0.00876311
point 78 717  543.67 187.282  0.979789  0.684569 -0.931167 -0.222269 -0.382875 -0.713687 -0.696647  0.699748 -0.417948  0.654436
point 79 719 46.9174 153.922  -0.73138 -0.347583  0.738705  0.666212 -0.689208  0.662964  0.356058 -0.606175  -0.61049  -1.00067
point 80 726 263.978 197.131  0.952175  0.535079  0.555289 -0.649469   0.21765  0.606077 -0.770234 -0.844123 -0.906096 -0.831229
point 81 727 95.5931 224.938 0.0503364 -0.882337  0.600678 -0.607957 -0.239183  0.858351 -0.429652 0.0281775  0.861041  0.857793
point 82 735 25.3217 229.722 -0.946815 -0.403908 -0.131846 -0.645645 -0.262905  0.520166  -0.30601 -0.746125 -0.342298  0.870617
point 83 750 139.627  235.65 -0.376214 -0.424904  0.509122  0.236591  0.245328  0.544581   -0.6357  0.754772  0.673771 -0.145324
point 84 752 351.691 64.1543  0.786016  0.835127 -0.485407 -0.170136  -0.16646  0.094457  0.332611 -0.650078  -0.67787 -0.463199
point 85 794 293.372 83.2006 -0.406618  0.441722 -0.337511 -0.685472 0.0448464  0.633732  0.486061 -0.536701  0.152242  0.467708
point 86 804 624.032 196.741  -0.768509  -0.748061  -0.714038  -0.604059   0.543831   0.668592 -0.0930883    0.43812  -0.552188   0.100695
point 87 805 315.804 164.207  0.329842  0.814148  0.576331 -0.232665 -0.833762  0.756823 -0.187335  0.869706 -0.761842  0.276139
point 88 806 393.868 238.387   0.864282 -0.0305998  -0.542197  0.0507993  -0.696926  -0.377095   0.358284   -0.41844  0.0543902 -0.0484688
point 89 820 90.2937 176.352 -0.725674 0.0733656   0.68525 -0.468516  0.460387 -0.255055 -0.337437 -0.383313  0.374561 -0.112129
point 90 843 427.056 58.5984 -0.376212  -0.21317 -0.129226  0.499272  0.104264 -0.906584  0.342246  0.260756  0.933493   1.03765
point 91 846 635.834 229.687   0.499461   0.327948   0.380248   -0.87777  -0.875512 -0.0361783  -0.706312  -0.282428  -0.351434   0.239543
point 92 848 39.8604 191.452 -0.464028  -0.17061 -0.867437  0.855686   0.86656  0.612273   0.12136   0.23414  0.732797   0.19398
point 93 876 268.224 88.2269  0.428405  -0.64727  0.888725 -0.197849 0.0448655  -0.96351 -0.951789  0.370971  0.889545  0.321858
point 94 878 447.485 233.003    -0.938236   0.00592167    -0.952937 -9.98396e-06   0.00247542     0.476959     0.406259    -0.150727     -0.70164    -0.583542
point 95 880 292.531 167.371 -0.567802 -0.539446 -0.280021  0.655851  0.584039 -0.195583  -0.34976  0.550003  0.764412  0.689478
point 96 881 366.497 191.819  0.298306  0.619125  0.423134  0.631019  0.353923 -0.839134  0.189006 -0.749326 -0.379314 -0.531087
point 97 883 299.692 215.778  -0.224746  -0.233069  -0.745877   0.923913    0.29072   0.551007   0.594701  -0.322448   0.188677 -0.0304651
point 98 905 516.154 151.661 -0.926392 0.0929777  0.515137 -0.399982  0.696861   0.29899 -0.860872  0.606623 0.0913128   0.13441
point 99 908 182.663 6.40837  -0.93431 -0.970423  0.983404   -0.6922 -0.680123  0.948521  0.612101  -0.84676 -0.528022  0.266839
point 100 910 505.188 188.455 -0.889931  0.627011  0.441294 -0.042494   0.64637  0.432983  0.036658  0.562375   0.78048  0.362761
point 101 916 150.746 188.765    -0.3245   0.234794   0.258858  -0.371931  -0.658411  -0.511403   0.654069   0.226563   0.880121 -0.0447357
point 102 927 435.644 157.425   -0.05019   0.865587   0.539788   0.348985  -0.932789   0.410691 -0.0437693  -0.353721   0.780393   0.885472
point 103 929 381.307  171.76 -0.864974 -0.256311 -0.252881  0.238017  0.182235  0.666947  0.119095 -0.223083  0.068552  0.191495
point 104 942 337.176 158.061 -0.750244 -0.354701  0.670709 -0.500256  0.256994 -0.186765  -0.66676 -0.989465   1.00693  0.407578
point 105 944 225.274 145.379   0.517639  -0.534618  -0.256071  -0.563816   0.669386 -0.0235011   0.110026   0.320081   0.462333   -0.66738
point 106 957 35.5457 180.064 -0.477356    1.0362 -0.269998 -0.921531  0.311607  0.819674  0.417391  0.556455 -0.405219 -0.124011
point 107 958 128.419 66.0902 -0.415189   -0.8383  -0.78315 -0.176335 0.0449104 -0.345229 -0.179432 -0.270244  0.456878 -0.922297
point 108 967 331.146 193.114   0.204002 -0.0432734   0.421325   0.916705  0.0873665   0.353646   0.594373  -0.350676  -0.758536  -0.443522
point 109 974 70.9049 229.548 -0.452179  0.706024 -0.796493 -0.872723  0.468581 -0.435412  -0.39502  0.465015  0.504932 -0.456953
point 110 978 184.607 197.791  0.814277  0.660197  0.237702  0.973332 -0.840238  0.387836  0.106444  0.466484 -0.564847  0.420441
point 111 979 436.874 142.878 0.0243623   0.43891 -0.117487  0.496243  0.190322  0.318763 -0.529176 -0.181352  0.643758 -0.330638
point 112 989 520.129 236.765  -0.671906   0.303117   0.439495  -0.552082 -0.0925362  -0.576089  -0.115133   0.486992    0.57427   -0.51648
point 113 991 12.3871 236.056    -0.15508  -0.0467505   -0.742221   -0.972408     1.01802    -0.49801    0.288274    0.430152 0.000147399   -0.713656
point 114 997 402.862 235.696   0.935679  -0.969436 -0.0781782   0.794203  -0.470121 0.00583793   0.611486   -0.83252  -0.218393   0.671283

