seq: 220
gt_pose:  5.99869    4.874 0.289141
odom_pose: 6.23686 3.72629 0.19457
point 0 20 503.711  178.18 -0.476632  0.105369 -0.807139 -0.429977  0.713166  0.342973 -0.802636 -0.753319  -0.29695  0.160549
point 1 22 205.011 190.368  0.367905 -0.752168  0.394241 -0.222268  0.530823  0.905148  0.873975  0.696754 -0.636934  0.598511
point 2 83 158.669 147.213   0.675802     0.9245 -0.0158231  -0.990398  -0.632469  -0.411941   0.234168  -0.525014   0.510356  -0.928792
point 3 96 316.208 181.638  0.416987 -0.416188  0.279992 -0.660848 -0.848875  0.566079  0.670474 -0.323861 -0.265563  0.716082
point 4 133 237.321 178.219  -0.493609  -0.720614  -0.783797   0.335677  -0.951469  -0.790254  -0.535769  -0.414581 -0.0727609   0.391737
point 5 222 359.705 226.754 -0.659869  0.924926 -0.939859 -0.438136  0.516623 -0.696071 -0.023705  0.475857  0.408586 -0.430858
point 6 232 248.867 233.268  -0.111042  -0.321961    0.37365  -0.272965  -0.889767 -0.0627496   0.817553   0.742629  -0.982963 -0.0307042
point 7 241 211.215 180.327  0.300435  0.178768  0.560843 0.0960712   0.67687  -0.87146  0.217266  0.859972   0.40173  -0.23603
point 8 243 190.681 166.445   0.943458   0.572874   0.857051   0.810443   0.870725  0.0910096 -0.0547488   0.513856  -0.837248  -0.331211
point 9 248  112.52 153.115 0.0464386  0.732893  0.581468  0.236918   0.11745  0.148534  -1.02029 -0.964268 -0.850799  0.296132
point 10 270 542.572  214.49  -0.448925   0.477038   0.110248  -0.663041 0.00928643    0.17515   0.517356   -0.19769  -0.959016  -0.791826
point 11 297 299.182 157.093  0.592698 -0.107576  0.812134 -0.262378   0.17991  0.515713  0.720871  0.787165 -0.171933  -0.10973
point 12 300 384.688 158.406 -0.191773 -0.631564 -0.653174 -0.200888 -0.229205  0.798303   1.02967 -0.540002 -0.810671 0.0665495
point 13 349 123.487 129.714  0.657188  -0.22606  0.679975 -0.887998  -0.76267 0.0404701  0.455161 -0.468539 -0.320754 -0.651611
point 14 357 238.943 206.753  0.395526 -0.199964  0.492279  0.402095  0.551975 -0.104274  0.358196  0.740708  0.461471 -0.188859
point 15 361 72.3426 161.049   0.803866   0.733598  -0.311169  -0.460282   0.690721   0.643116     0.2486   0.344181  -0.956712 -0.0652915
point 16 366 179.844  143.93  0.407953  0.730452   0.17184 -0.696028 0.0820415 -0.741056 -0.988208 -0.238255 -0.279346  0.908935
point 17 383  332.28 156.818 -0.726463 -0.314815 -0.962518 -0.662796 -0.705039 -0.147389  0.477836  0.543538  0.494564 -0.152284
point 18 391 251.566 226.892  -0.837458 0.00666881   0.203681  -0.119805  -0.363253  -0.453964  -0.313401    0.31221    0.10294  -0.940201
point 19 395 374.044 231.295 -0.675437  0.160762 -0.896821   1.00326  0.940061  0.634489 0.0956644 -0.420495 -0.084231 0.0353865
point 20 426  284.43 157.242  0.909156  0.140843  0.865977  0.359138  0.809134 -0.256984  0.463429   0.34714 -0.918833 0.0370373
point 21 436 291.034 231.284  0.327532  0.886791  0.196274  0.625903 -0.902215  0.391159 -0.519156  -0.47481   0.94246 -0.290521
point 22 445 259.531 43.2042 -0.950899 -0.258657 -0.677459 -0.788342  -0.31443  0.799391 -0.304587  0.134571 -0.456113  0.533264
point 23 447 359.946 35.0335  -0.372526  0.0782554  -0.925808  -0.744063   0.284408  -0.814499 -0.0869906   0.514223  -0.710494   0.588601
point 24 515 182.779 183.956 -0.0482576  -0.546108 -0.0958981  -0.390819   0.610266   0.506653  -0.034438   0.239653  -0.649267   0.365156
point 25 526  380.78 131.493 -0.233511  0.947436 -0.365678  -0.82891 -0.245627  0.437454  0.883615   -0.8739  -0.57683   0.90803
point 26 549 38.4788 219.987  0.719141 -0.394563  0.904888  0.942447 -0.139745  0.287897 0.0589857  0.507758   0.41096  0.701304
point 27 556 581.957 183.248  0.939412  0.961867 -0.284182  0.587609  0.900957 -0.235402  0.504667 -0.646649  0.880592  0.203273
point 28 579 132.978 85.4956 -0.793532 -0.074044 -0.804035 0.0604286  0.973286   0.56735 0.0542554  0.513526  0.266964  0.304102
point 29 586 115.196   58.14 -0.0165972  -0.998486   0.741538   0.251817  -0.275292  -0.172504  -0.733363  0.0902229 -0.0397683   0.692363
point 30 590 385.264 153.083   -0.489858   -0.903531    0.644615    0.442349 -0.00423715   -0.592934   -0.446585    0.572485   -0.153911   -0.858848
point 31 712 142.277 234.757 -0.0132093  -0.680782   0.490334   0.764483  -0.571411    -0.5256  -0.740541  -0.207544   0.754192  -0.176582
point 32 730 363.792 170.944   0.740324   0.366263   0.830338   0.851052   0.489266  -0.249229  -0.308022  -0.504174 -0.0917373    1.00326
point 33 759 168.548 126.133 0.0654154  0.567927 -0.880502  -0.84214 0.0533505   0.44007  0.931133  0.246808  0.484998 -0.311033
point 34 765 506.097 120.342 -0.956951 -0.143354  0.565362 -0.589007 -0.424033 -0.318907  0.591944 -0.181992  0.451272  0.992035
point 35 785 132.976 134.686 -0.0330633 -0.0634234  -0.545365   0.527772  -0.854051  -0.564098  -0.864236    0.65531  -0.654545   0.963153
point 36 792 250.922 189.671 -0.0558774   0.158492   0.493314   0.504451   -0.97359   0.702542    0.68239 -0.0411824  -0.531268   0.124866
point 37 813 303.939 230.496    0.605625    0.877519   -0.301806   -0.799627    0.232263    -0.71601    0.854868   -0.777695 -0.00834871    0.158833
point 38 865 290.801  171.67   0.831403  -0.347929   -0.93493  -0.338065  -0.266372  -0.216386   -1.00414   0.591596  -0.747711 0.00497209
point 39 874 473.632 199.474  -0.84538  0.283218 -0.657699  0.866721  0.253629  0.723882  0.739782 -0.683179  0.264834  -0.76319
point 40 914 55.7621 230.338   0.232526 0.00734289 -0.0791101   0.435457   0.344079   0.422709  -0.602018  -0.076929   0.193059   0.827695
point 41 932 135.418 159.196   -0.132963   0.0327965    0.742929 -0.00765278   -0.126309    0.744316  0.00546656   -0.975478    -0.26709    0.546686
point 42 948 294.558 188.512 -0.942528  0.138706 -0.920616  0.428533  -0.13437  0.329836  0.268906  0.425939  0.472325  -0.21842
point 43 964  7.0806 125.934  0.936617 -0.296014  0.190138 -0.221054 -0.861893 -0.946418  0.541931 -0.985947 -0.761335  0.672318
point 44 975 229.567 211.939  -0.758219   0.499132    0.75549  0.0185233   0.725136  -0.128662  -0.814638   0.301255 -0.0077673  -0.342756
point 45 982 179.421 212.079   0.505418  -0.388943   0.958736 -0.0969768   0.306249   0.531281   0.681011  -0.091821   0.956526   0.217955
point 46 992 203.369 161.341  0.392221 -0.654287 -0.239403  0.371329  0.941442 -0.570709 0.0491075  0.790046 -0.805438  0.881304
point 47 995 184.871 193.728 -0.929956  0.840503  0.601596  0.749674   1.01667 -0.635886  0.751665 -0.488647 -0.937649 -0.379883

