seq: 309
gt_pose:  2.32665 -4.29825  2.25343
odom_pose: 0.279599 -4.58965  2.08842
point 0 5 315.738 153.494 0.0693032  0.381751 0.0210287 -0.936673 -0.144679  0.863511  0.821114  0.442115 -0.476039  0.507377
point 1 14  416.79 192.935 -0.791587 0.0736554  0.546836 -0.343794  0.980325  0.164319  0.781829  0.447486  0.252314  -0.93816
point 2 17 532.979 121.465  -0.460113  0.0481229   0.453164  -0.775136 -0.0337267   0.151977    0.88431 -0.0538913  -0.338246    0.65515
point 3 24 91.3715 77.0508   0.342264   0.438384  -0.765799   0.187941 0.00289378   0.662398   0.480067   -0.61604  -0.519727  0.0339888
point 4 44 499.231 193.972  -0.552571   0.255961   0.846003   0.465979 -0.0812061 -0.0780312   0.651651   0.875015   0.944534   0.793145
point 5 57 552.408 152.181  0.417061 -0.357701  -0.57007  0.493733 -0.458959  0.341336 -0.975432  0.660737  0.673284   0.23279
point 6 64 558.738 193.875   0.866717    0.52878  -0.791279  -0.937113  0.0539642  -0.168801  -0.554381 -0.0890445  -0.669532  -0.374677
point 7 72 241.081 209.137 -0.806035 -0.380581  0.693183  0.256772 -0.783553  0.608971  0.535854 -0.193872 -0.249323 -0.178394
point 8 78 331.002 205.671  -0.945518  -0.833588   0.578353   0.762456   0.976376  0.0769829   -0.40282  -0.594425  -0.326554 -0.0749376
point 9 92 303.56 209.16   0.19964  0.737089 0.0191484  0.984752  0.329102  0.252567  0.993673  0.591482 -0.201468 0.0149214
point 10 109 364.114 230.026  -0.523333   0.847955  -0.824953  -0.458381   0.451823 -0.0919224   0.725771   0.649061  0.0352679   0.242173
point 11 110 451.461   182.6  0.875495  0.971076  -0.60947 -0.287397 0.0518293 -0.758965 -0.556743  0.540262  0.771362  0.248057
point 12 113 479.996 216.942 -0.0768689  -0.542675   0.544947   -0.89991   0.540884  -0.319034  -0.899312   0.632925  -0.314834 -0.0652098
point 13 116 307.493 179.471  0.916721  0.563249  0.367199 -0.472808  0.568936 -0.117151 -0.359485  0.608236  0.332596  0.766449
point 14 119 531.78 155.03 -0.436326 -0.481477   0.84457 -0.355473  0.819434  0.409828  0.924443 -0.489324 -0.824174  0.404548
point 15 123 353.645 134.323  0.132764 -0.858009 -0.252998  0.337669  0.853753  0.737968  0.204167 -0.269749   0.35591 -0.624563
point 16 129 132.143 163.452  -0.550485    0.75458   0.959084  -0.675326   0.178221  -0.626967   0.909984 -0.0679157  -0.943377  -0.120028
point 17 132 458.414 208.526  0.256506 -0.891934 -0.936163 -0.075722 -0.738168  0.834079 -0.812851  0.238163  0.879994  0.691402
point 18 140 632.241 187.355  -0.467119 -0.0536003   0.650496  0.0514689   0.800778  -0.788622   0.426637  -0.618754  -0.382517   0.875035
point 19 146 172.012 125.257   1.01793 -0.515682 -0.684295  0.111886 -0.687103 -0.112843  0.913333 -0.524841 0.0928997 -0.785148
point 20 148   471.1 172.626 -0.0943276  -0.281884  -0.161614   0.494682 -0.0418904  -0.218614    -1.0048   0.226912   0.921242   -0.69072
point 21 159 430.653  213.41    0.25762   -1.02801  -0.850932  -0.141712 0.00389872  0.0883059    1.00936   -0.35704  -0.387026  -0.804371
point 22 165 410.321 200.836   0.472668  -0.790397   0.442218   0.645874  -0.703427   0.670488  -0.594212   0.860967   0.345958 -0.0229088
point 23 169 489.105 202.505   -0.54004   0.506996    0.74522  -0.229685 -0.0507153   0.489795   0.303136   0.431291  -0.661336  -0.520883
point 24 170 625.343 236.946 0.0934281 -0.319699  0.245605 0.0968567  0.775435 -0.170111 -0.881755  0.707107  0.473494  0.672658
point 25 179  528.42 203.813 -0.0163642  -0.855913   0.082102   0.842883   0.683367   0.333721  -0.310462  -0.836212  -0.254221   0.833005
point 26 184 376.876 190.489  -0.245108   0.543639  -0.362197 0.00220607  -0.571965  -0.268957   0.118692  -0.332158  -0.378509   0.356856
point 27 195  80.262 144.614  0.341436 0.0565661 -0.243253 0.0259796  0.551573 -0.212511  0.328643   0.58295 -0.385029 -0.185061
point 28 197 104.069 186.703 -0.809071  0.607149 0.0461096 -0.196369  0.749044 -0.578532  0.738168 -0.398704  0.497371  0.345905
point 29 200   352.2 170.232 -0.417649  -0.68413  0.627125  0.349677  0.200721  0.605253 -0.105817  0.931997   1.02626 -0.144486
point 30 202 555.344  138.34 -0.556758 -0.212643  0.287822  0.369281  0.127925  0.837588  0.608214 -0.226759  0.117817 -0.167644
point 31 216  316.69 201.234   -0.715725   -0.895537    0.863115   -0.840119   -0.527036   -0.842187   -0.337442   -0.203579 -0.00061063    0.900679
point 32 245 331.624 204.021 -0.649757  -0.40306  0.481678 -0.707261 -0.539876  0.359405  0.862768 -0.675227  0.151621  0.750122
point 33 262 320.861 187.984 0.0410864  0.338253 -0.315161 -0.590231   0.92366   1.01489 -0.976427  -0.33164  0.380244 -0.392041
point 34 277  237.59 101.203 -0.553805 -0.866014  0.261584 -0.792256 -0.969689  0.143953  0.123523   0.54539  0.356892 -0.934655
point 35 280 582.624 228.272  -0.204196   0.111099   0.550037  -0.105118  -0.315969  -0.377868   0.869797   0.876107 -0.0692053   0.729639
point 36 296 494.105 105.983 -0.049922 -0.626829 -0.364867  0.310858 -0.217021  0.627524 -0.665008  0.954867 0.0325898 -0.322862
point 37 301 407.311 207.082  0.148158 -0.488476  -1.03809  0.385992 -0.966332 -0.673246 -0.643833  0.527918 -0.745547 0.0256988
point 38 306 88.7933  178.75  0.538159  0.158232  0.497523 -0.146111  0.247644 0.0624159  0.339999  0.837439  0.667723  0.308892
point 39 309 177.233 202.545 -0.606273    1.0043 -0.947945  0.790708 -0.206694  0.211135  0.688735  0.609021 -0.235334  0.447219
point 40 313 570.964 77.8557   0.125191   0.292328    0.15041    0.11981   0.432681   0.725274  -0.462902   -0.63406 -0.0734084   0.406321
point 41 315     530 219.938 -0.862526 -0.357485 -0.919744  0.115681   -0.3286   0.20603 -0.570662  0.811766 -0.681195  0.868208
point 42 319 590.125 121.926  -0.98259  0.291608  0.633576 -0.284091 -0.709616  0.126655  0.744631 -0.286561  -1.02838   0.34546
point 43 325 632.158 208.232 -0.187547  -0.28441 -0.630177 0.0798729  0.183444  -0.33914 -0.220111 -0.492398 -0.560234 -0.973813
point 44 334 248.476 209.181 -0.311677 -0.410047  0.906502 -0.688841  0.259517 -0.308908  0.134487 -0.894572  0.991372 -0.150009
point 45 343 572.408 229.236 -0.0578927   -0.90878  -0.381932  -0.790191  -0.260207 -0.0484823   0.245173  -0.855591   0.600102  -0.469767
point 46 350 182.775 171.483 -0.755273 -0.908129    1.0045  0.208098  0.466188  0.884807 -0.752882  0.707247 0.0496239  0.666055
point 47 353 591.367 179.106 -0.586304 -0.276988  0.920635 -0.337016  -0.28632   0.33675 -0.100369 -0.594176 -0.405966  0.146916
point 48 359 235.273 46.3199 -0.0841042  -0.216854   0.683352  -0.515702   0.722315  0.0520206      0.238   0.220352  -0.518552  -0.236467
point 49 364 335.248  204.45  0.0597371   0.738378   0.693234  -0.591464   0.937779  -0.528303  -0.543495  -0.838999    0.12208 -0.0555679
point 50 367 464.023 159.036  -0.641505  -0.873282    0.86789  -0.391538  -0.441706   0.730833  -0.323342 0.00336203  -0.599193  -0.801225
point 51 369 95.0038 230.913   0.40795 -0.458238 -0.899595 -0.500413 -0.410262 -0.507185 -0.421199 -0.450628 0.0451665 0.0751372
point 52 382 160.863 46.4736 -0.727384  0.901217   0.92269 -0.974789  0.150774  0.589403  0.539024 -0.219066  0.281083  -0.20409
point 53 398 502.548 215.397 -0.823998  0.912221 -0.619236  0.446085 -0.949515  0.615493  0.705957  0.873428  0.326014 -0.682717
point 54 409 7.28288 171.225 -0.401113  0.892252   0.28244  0.780753 0.0574117  0.605416  0.728808  0.177458   0.26183  0.914844
point 55 425  364.82 239.942 -0.441607 -0.329149  0.392247 -0.464052 -0.610213 -0.660479 -0.126337  -0.94486  0.934684   0.83481
point 56 448 571.858 202.016   0.85888 -0.437376 -0.849621 -0.654806 -0.322115  0.751728 -0.427002 -0.762987  0.608347  -0.44283
point 57 469 520.531 120.013 -0.0616204   -0.88287   0.950345   0.922947   -0.08167  -0.453616  -0.762643   0.812927   0.146376  -0.903229
point 58 470 224.843 235.786   0.441443 -0.0648524  -0.620522   0.864381  -0.349108   0.876397  -0.380801   0.206997   0.446166   0.772214
point 59 472 282.592 202.206  -0.841878  -0.075124   0.602551  -0.270416   0.952103  0.0623045   0.749071  -0.730634 -0.0500832  -0.636696
point 60 475 262.308 213.322   -1.02026  0.0627725  0.0144357   0.598707  -0.327933  -0.389043   -0.11254 -0.0537097    -0.6645  -0.291631
point 61 492 158.439  1.9027  0.506466  0.520245 -0.685754 -0.462559 -0.452303  0.656381  -0.52589  0.813903 -0.807962 -0.602964
point 62 519   465.9 136.531  0.348926  0.449869  0.583274  0.128969  0.722862 -0.819075 -0.876311  0.888117  -0.30882  0.514808
point 63 529 272.171 171.976  0.474992 -0.340283 0.0343095 -0.274694  0.675427  -0.12499 -0.906471  0.746633 -0.152486 -0.427836
point 64 568 312.654 208.264  -0.97689 -0.653334  0.987558 -0.668278    0.3782  0.533257 -0.984151 -0.795276 -0.689355  0.188362
point 65 573 518.778 143.643  0.847781 -0.277411  0.259065 -0.435387 -0.294882  0.023939 -0.687739 -0.946066 -0.284816  0.567318
point 66 581 558.439 239.647 -0.642706 -0.496418 -0.343486  0.923302 -0.974835 -0.115444 -0.132619 -0.782729  0.898633 -0.164321
point 67 617 374.791 170.015 0.0283218 -0.865208  0.267935   0.19373 -0.553798 -0.897118 -0.208821  0.327628 -0.795323 -0.627881
point 68 642 15.6701 113.442  0.798138 -0.142073   0.26525  0.625304  0.582317 -0.677871  0.394433  0.515423  0.734149 -0.469617
point 69 655 482.761 225.822 -0.075261   0.71789  0.468994 -0.559488 -0.551474 -0.405973 -0.953213  -0.70744 -0.871501   0.81131
point 70 658  469.09 227.743  0.374421 0.0951454 -0.118582 -0.355364   0.20081   1.00333  0.667174  0.572362 -0.816076  0.551453
point 71 661 378.995 168.591  0.294078 -0.486521  0.405232  0.359416 0.0733577  0.164921 -0.867355 -0.736839  0.235287  0.444061
point 72 667 477.634 185.531 -0.913113 -0.605138 -0.236104 -0.591166  0.731047 -0.751842 -0.511175  0.759423   0.56314  0.424011
point 73 691 314.153 205.103    0.532316    0.946202    0.212153   -0.261855   -0.942175   0.0496395    0.337609   -0.438918   -0.962999 -0.00670348
point 74 695 328.277 199.064   0.764304  -0.199497   0.318946   -0.46294   0.482356 -0.0535046   0.872121  0.0609548   0.563344    0.82243
point 75 720 215.285  180.49  0.357268 -0.556821   0.40109  0.299575  -0.81728  -1.00155 -0.624727 -0.897804  0.495174 -0.733249
point 76 752 384.716 169.862  0.769665  0.785458 -0.568219 -0.199742 -0.147744 0.0581517  0.333541 -0.643206 -0.671151 -0.445237
point 77 755 143.882 236.797  0.133092   0.14238 -0.073976  0.831701  0.448972 -0.514133  0.253495 -0.333181 -0.390834   0.60208
point 78 760 98.049 176.97  0.766515  0.176781 -0.389104 -0.771466 -0.544413  0.413081 -0.721785 -0.677705  0.839498 -0.289085
point 79 767 127.583 238.063 -0.0347537  0.0320153  -0.189082  -0.687333   0.381396  -0.108705   0.159371   -0.10179   0.281681   0.701498
point 80 774 69.4746 213.352   0.350363 -0.0545618 -0.0990439   0.640923  -0.159088  -0.305141   0.145608   0.199121   0.150751  -0.311955
point 81 776 330.951 144.055  0.917002 -0.118427 -0.134556 -0.562984  0.680376 -0.883998  0.427443 -0.473567  0.848063 -0.824905
point 82 777 467.822 187.352  -0.592674   0.658137  -0.323981  -0.437373    0.57685  -0.222666  -0.318703   0.530429 -0.0731952  0.0773531
point 83 783 127.207 216.272  0.978308 -0.367128  0.495146  0.825171  0.831556 -0.577308 -0.894333 -0.403554   0.22488 0.0941855
point 84 794 364.714 205.686   -0.441347    0.480853   -0.291075   -0.692359 -0.00107483    0.645426    0.441287   -0.537288    0.139298    0.459017
point 85 797 384.322 170.267  -0.763006  -0.701572    0.74652  0.0438691  -0.164377  -0.602284 -0.0991141   0.519368  -0.128981  -0.334277
point 86 804 599.865 208.891 -0.773081 -0.695692 -0.712426 -0.536026  0.565061  0.711484 -0.101199  0.491064 -0.576537  0.179743
point 87 810 23.4249 215.607   0.93789 -0.629376  0.556533 -0.782402 -0.856394    1.0426  0.780563 0.0530497  0.729643 -0.633322
point 88 815  577.97 47.3951 0.0524683 -0.255535   1.02053 -0.279536  0.704184  0.654984 -0.347579 -0.602873  0.767064  0.839711
point 89 819 233.978 160.955   -0.498823    0.466555    -0.71117    0.720552    0.975479 -0.00834251    0.302014    0.755837   -0.439449   -0.129097
point 90 841 354.023 165.357  0.143657  0.912041  -0.88248  0.893225 -0.376563 0.0842773 -0.326301 -0.165277  0.205664  0.468463
point 91 843 420.238 160.833 -0.402721 -0.203948 -0.106212  0.479839 0.0842821  -0.90598  0.384302  0.258918  0.975916   1.02923
point 92 846 629.157 231.948   0.507701   0.283229   0.436278  -0.837951  -0.920935 -0.0335424  -0.718446  -0.298407  -0.407211   0.244454
point 93 852 110.526 174.762 -0.421525 -0.271911   0.96134  0.213611  0.014557 -0.562712  0.106836  0.818536  0.769165  0.616135
point 94 861 178.409 162.645    0.079141    0.645297    0.769325   -0.101498   -0.539797    0.225451   0.0777089     0.21354 -0.00347778   -0.490341
point 95 862 290.448 196.934 -0.801914 -0.296331  -0.71193 -0.216643  0.632351 -0.537881 -0.128899  0.315986 -0.969879 0.0388281
point 96 867  533.47 208.305    1.02228   0.128665   0.124481   0.641023  -0.416604 -0.0237871  -0.734592  -0.404667   0.666919 -0.0712737
point 97 876 346.87 169.18  0.390978 -0.611737  0.921816 -0.254355 0.0657023 -0.944154 -0.990668  0.335938  0.896703  0.266924
point 98 886 606.087 171.612 -0.346028 -0.865749 -0.512701 0.0331897  0.361916   1.00832   0.89816  0.914877 -0.700022 -0.807823
point 99 888 208.699 165.019 -0.692132  0.737592   0.47183  0.494256  0.388558 -0.907467  0.717842  0.890284  0.180135 0.0201566
point 100 894 206.387 205.715   -0.246323   -0.535704 -0.00596218    0.709953   -0.586181   -0.715752    0.799188   -0.381085   -0.958761   -0.860929
point 101 905 524.647 174.251 -0.985133  0.110707  0.521414 -0.394455   0.69026  0.301316 -0.874022  0.613092 0.0838922  0.189888
point 102 908 320.912 157.202 -0.939828 -0.875148  0.934445 -0.700066  -0.73402   1.02185  0.629349 -0.848542 -0.522077  0.262955
point 103 910 511.762 202.794  -0.925887   0.629811   0.448944 -0.0537298   0.662531   0.459923  0.0493339   0.620495   0.775529   0.318604
point 104 915 105.398 219.175   0.197724   0.666434    0.14734 -0.0998855  -0.767911   0.286414   0.943167  -0.544921  -0.167634  -0.355045
point 105 919 48.3393 163.334 -0.769798  0.459708 -0.259182 -0.497607  0.411665 -0.322104 -0.454032    0.8626  0.195761  0.359638
point 106 927 432.924 198.134 -0.0705572    0.87551   0.597471   0.388284  -0.874747   0.366391  0.0268657  -0.334316   0.708964   0.920235
point 107 928 593.912 191.884 -0.111145  0.903883 -0.841724 -0.907504 -0.311994 -0.570448 -0.690627 -0.390348 -0.418641  0.329368
point 108 936 269.332 99.7409 0.0957211 -0.453834 -0.388364 -0.308111 -0.456913   0.91547  0.112263 -0.679925  0.146757  0.147123
point 109 942  375.38 219.436 -0.802702 -0.352812  0.607503 -0.447961  0.247369 -0.169728 -0.712499 -0.941933   1.01421  0.437292
point 110 958 293.876 171.995 -0.501713 -0.852015 -0.830479 -0.223495 0.0334271 -0.361611 -0.145391 -0.212524  0.446601  -0.87837
point 111 962  254.42 205.407  -0.210175  -0.265409   0.923872  -0.803106  -0.830823 -0.0551607  -0.467976  -0.548681 -0.0766689  -0.119355
point 112 963 573.172 185.127 0.0041042 -0.800017 -0.355588  0.372951  -0.88906  0.262598  0.888915 -0.880471 -0.229378  0.522357
point 113 965 258.606  134.96    0.89428   0.570683   0.554509 -0.0506072  0.0217033  -0.444335   0.170406   0.633462    0.94503   0.231074
point 114 971 581.975 181.883   0.675894 -0.0378265   0.323106  -0.707911   0.986846  -0.107054    0.38501   0.935757   0.765671  -0.185719
point 115 979 450.288 177.865 0.0747864  0.429675 -0.112894  0.472205  0.175054  0.345958 -0.589894 -0.185703  0.599009 -0.319618
point 116 989 500.218 238.011  -0.728983   0.320448   0.465433  -0.566549 -0.0956458  -0.515304  -0.125755   0.487722   0.535544  -0.498479
point 117 998 7.38862  155.72  -0.395467   0.130288  -0.978079    0.41964  -0.171903    0.21403 -0.0397978  -0.725301   0.173664  -0.450329

