seq: 96
gt_pose: -0.651236  -1.89735  -2.72852
odom_pose: 0.438927 -2.02682 -2.61955
point 0 9 52.0997 128.394 -0.811916 -0.736937 0.0403838  0.536627  0.948992  0.881582  0.401143  -0.19188  0.463989 -0.241445
point 1 10 246.734 226.056 -0.521175 -0.699616  0.497898 -0.751569  0.575473 -0.706626  0.471044 -0.887478  0.877517  -0.92924
point 2 28 333.611 203.488  0.238907  0.997194 -0.284463   0.78235  -0.77472 -0.223585 -0.990321  0.598729  0.568644 -0.460208
point 3 34 398.949 211.909  -0.17674 -0.586395 -0.215155 0.0204302 -0.673263  0.153632 -0.954529 -0.240028 -0.201085 -0.358425
point 4 43 105.612 207.499  -0.994316   0.409773   0.123806   0.580265   0.187425 -0.0916195 -0.0757359   0.943292  -0.854196  -0.854629
point 5 60 475.512  168.01  -0.944548  -0.791221  -0.535928   0.380423   0.199669  -0.836797   0.885683   0.760987  -0.708161 -0.0156811
point 6 70 518.376 182.401  0.901183  -0.75087  -0.37676  0.113848  0.258671  0.748154 -0.549634  0.383936  0.209588   0.63436
point 7 72 207.015 8.64572 -0.781926 -0.376938   0.73271  0.258267 -0.815641   0.57747  0.507399 -0.206897 -0.297554 -0.225203
point 8 80 390.984 228.192  0.107086  0.477533  0.916361  0.884264 -0.827713  -0.95552  -0.89961  0.803549  0.778554 -0.916672
point 9 81 51.8903 158.073   0.546988    0.20358  -0.833937  -0.102778  -0.182213 -0.0417085   0.229225   0.705566   0.151015  -0.569096
point 10 90 385.457 196.836 -0.786922 -0.982612 -0.662029  0.487891 0.0452352 0.0215802 -0.492547 -0.508621  0.103127  0.826438
point 11 121  32.177 165.551 -0.0961485   0.899768  -0.108863    0.68339   0.177228   0.540816   -0.79687 -0.0594719  -0.865553  -0.982723
point 12 128 41.8134 155.852  0.722843  0.982918 -0.411459  0.811941 -0.457623 -0.637335 -0.686473  0.352926  0.684103 -0.838604
point 13 129 296.557 144.361    -0.5418    0.82698    0.95033  -0.704758   0.173251  -0.634536   0.965082 -0.0443172  -0.946398  -0.124628
point 14 131 422.922 174.518  -0.911606  0.0137121  -0.511371  -0.258456 -0.0695712 -0.0636882  -0.500146  -0.110659   0.267201   0.714636
point 15 155  243.71 228.775 -0.646893  0.788549  0.344503 -0.760273 -0.783852  0.678555 0.0536432 -0.280287 -0.763706 -0.927086
point 16 195 246.313 139.932   0.355887 0.00518897  -0.266399   0.024114   0.625341  -0.243249   0.334362   0.577424  -0.441126  -0.189382
point 17 197 291.766 183.828 -0.791842  0.600839  0.112717 -0.233578  0.748612 -0.582827  0.756115 -0.415337  0.548438  0.351607
point 18 218 453.783 231.923 -0.158613  0.624923 -0.940542  0.717767 -0.807883 -0.693558  0.824734  -1.00885 -0.443807 -0.734776
point 19 227 117.797 229.476  0.859758  0.173314  -0.32078  -1.01256  0.583965  0.800605 -0.331351 -0.636512  0.150635  0.306586
point 20 253  93.368 224.734    0.785709     0.10488    0.677589 -0.00486079   -0.836128   -0.294184    0.380781    0.368183   -0.147806    -1.03949
point 21 288 141.588 201.816   0.309313   0.611195   0.855489  -0.909973   0.941745  -0.849984   -0.37893  -0.554965 -0.0735515    0.64089
point 22 292 151.394 201.604 -0.232549  0.192697  -0.22433  0.680017 -0.311094  0.042047  0.559536 -0.103389   0.58254  0.871653
point 23 294 89.4741 169.817 -0.0641339  0.0453828   0.126297   0.424966  -0.692009   0.911999  -0.390591  0.0514902   0.667273   0.326019
point 24 302 619.752 166.561 -0.794499 0.0837606  0.545006  0.689918 -0.147522 -0.633448 -0.990631   0.17887  0.152777 -0.237144
point 25 306 297.423 181.886   0.530282   0.206647   0.567004  -0.109645   0.334807 0.00643447   0.356416   0.899654   0.630174   0.309545
point 26 309 256.383     162 -0.585566  0.979037 -0.990088  0.776258 -0.144592  0.183201  0.728819  0.599991 -0.250218  0.415182
point 27 339 232.644  179.36  0.320326  0.545504 0.0911756  0.163385  -0.19543  0.866579  0.942713 -0.853753  -0.54638 -0.440461
point 28 345 29.1804 185.485   0.955779  -0.545175 -0.0711304   0.360104   0.376716   0.905715   0.327764    1.01369  -0.861704  -0.851266
point 29 350 314.447  112.41 -0.727438 -0.923961   1.01798  0.223009  0.482451  0.869956 -0.723402  0.702507 0.0746167  0.637628
point 30 356 133.061 187.904  0.334481   0.36452 -0.737992  0.899453 -0.660583  0.622781 -0.413928 -0.755628  0.898875 -0.915194
point 31 369 249.327  229.75  0.344837 -0.463223 -0.836064 -0.509907 -0.413584 -0.527801 -0.381523 -0.513194 0.0264524  0.134649
point 32 397 528.508 159.515  0.744596 -0.385077  0.619253  0.223973  0.524617   0.88666 -0.677406  0.640644  0.884701 -0.720632
point 33 409 199.854   181.4 -0.447601  0.925616  0.257306  0.761076  0.123254  0.576596  0.701438  0.223634  0.295162  0.867272
point 34 415 208.599 187.189 -0.570303  0.636283 -0.843091 -0.254649 0.0255464 -0.696462 -0.177653   0.84486 -0.663116  0.927798
point 35 422 112.468 174.075   0.0226701    0.487647    0.579881    0.404174    0.977994     1.01851 2.45355e-05   -0.821109    0.482967    0.752327
point 36 455 199.989 206.415  0.324145  0.283253  0.315151 -0.118658 -0.694861  0.895901 -0.739493  0.188643 0.0492493  0.577359
point 37 459 149.741   209.3 -0.0643632  -0.553742   -0.25933  -0.099685 -0.0394406  -0.739423  -0.750619  -0.920912  -0.993295  -0.782272
point 38 460  610.76 180.673  0.781506 -0.574478     -0.31  0.376481 0.0865013  -0.13932 -0.426224  0.252791 -0.791532 -0.814767
point 39 466 69.0697 196.723  0.034511 0.0756581  0.576564  -0.35612 -0.984506 -0.488604 -0.288162 0.0778661  0.628088  0.223857
point 40 488 500.237 166.643  0.985044  0.611456 -0.500961  0.164302 -0.749616 -0.442281 -0.307078 -0.732866  0.174391 -0.294444
point 41 497 170.919 181.231   0.506121  -0.420845   0.643815  -0.170318  -0.665667  -0.130469  -0.566299   0.233039  -0.640068 -0.0123738
point 42 503 526.493 128.698   0.334337 -0.0581598   0.740696   -1.00507   -0.21138   0.127439  -0.262296   0.630364   0.996427  -0.992105
point 43 543 463.696 202.828 -0.342765 -0.742582  0.559436   0.62229  0.272405  -0.05583  0.825553  0.150264  0.697757 -0.747588
point 44 546 58.0227 174.876  -0.462435  -0.412232  -0.621521   0.945712   0.197454   0.265164  -0.394168  -0.188794  -0.957604 -0.0242343
point 45 547  19.972 161.162   0.422563   0.162792  -0.340896  -0.889185  -0.310033  -0.458712   0.643851 -0.0842091    0.24347   0.858175
point 46 552 552.065 143.564   0.904822  -0.173538   0.875906 -0.0694487   0.459343  0.0323897   0.754653   0.695354  -0.400599  -0.537634
point 47 555 548.114 220.566  0.236088  0.325736   0.34847 -0.936255 -0.016806 -0.458187 0.0245566 -0.152959  0.793892 -0.330886
point 48 559 374.006 196.069 -0.474005   1.00987   1.00642 -0.644198 -0.202929  0.791414  0.545677 -0.632922 -0.530313  0.860194
point 49 577 441.814 222.811  0.290995 -0.942162  0.529869  0.655853 -0.746036 -0.466972  0.738428  0.751332 -0.463855  0.570916
point 50 600 368.277 203.426  0.954239  0.410145  0.696741  0.602217  0.960408 -0.489584  0.205245  0.517597 -0.389676 -0.832412
point 51 623 523.916 148.315  0.572497 -0.493032  0.572437 -0.511328 -0.256101  0.413532  0.385854 -0.156381 -0.739899 -0.299857
point 52 642 216.807 133.093  0.801872 -0.206477  0.284788  0.619737  0.550276 -0.716406  0.401857  0.458921  0.698738 -0.394629
point 53 648 347.296 219.745   0.138509   0.413567  -0.752261  -0.945544  -0.787033 -0.0630938   0.734271  -0.948664  -0.285034  0.0307096
point 54 650 545.105 221.088  0.736833  0.210976  0.601119 -0.579509  0.974422 -0.228625  0.865942 -0.748192 -0.171085 -0.889628
point 55 654 552.211 238.702 0.0903437   0.67564  0.175523 0.0670997 -0.334322  0.411411  0.817925  -0.87832 -0.287323  0.645488
point 56 670 598.128 193.034   0.810779   -0.33192  -0.933902  0.0484715 -0.0715573  -0.483682 -0.0791714   0.142428  0.0561576   0.377583
point 57 676  71.311 230.073  0.365319  0.511442  0.858378   0.19105  -0.38405  0.663436  0.480982  -1.02658  0.459844 -0.973234
point 58 679 353.706 206.855  0.992989 -0.251814  0.209119  0.748476  0.970807 -0.448527 -0.336512 -0.362839  0.853082  0.850694
point 59 686 77.5114 187.181 -0.455821 -0.864438  0.709974 -0.551366  0.606807 -0.318864 -0.485694 0.0444476   0.18212  0.320388
point 60 687 570.664 220.612 -0.341093  0.262349 0.0240086  -0.24731  0.680111  0.433448  0.582449 -0.461663  0.237537 -0.518074
point 61 688 99.5529 237.569    0.134621   -0.254704    0.772222    0.261858   -0.675252   -0.750948    0.454989   -0.936285   -0.357071 -0.00808775
point 62 694 567.618 223.317  -0.752189  -0.792586 -0.0749698  -0.373479    1.01702  -0.397829  -0.201562   0.851099   0.741524    0.40232
point 63 710 407.622 162.407  -0.042808  -0.486861  -0.589279   0.326759  -0.476483   0.267708  -0.636224  -0.126942  -0.178094 -0.0321143
point 64 715 385.273 238.913  -0.83758  0.611875 0.0633843 -0.635284  0.268659   1.00763  0.375947 -0.818466 -0.127794 0.0833846
point 65 719 490.215  144.51 -0.720807 -0.293134  0.743209  0.673001 -0.615478   0.69766  0.390282 -0.567834 -0.624917 -0.977006
point 66 720 360.326 90.2189  0.352765 -0.566631  0.422149  0.301267 -0.737365  -1.00819 -0.627661  -0.85676  0.567446 -0.726917
point 67 727 526.014 220.678  0.0849408  -0.966262   0.599299  -0.571567  -0.216218   0.842767  -0.360708 0.00328102   0.912165   0.880025
point 68 732 639.559 164.059  0.164641  0.700561 -0.963576 -0.337948  0.155854  0.784903 -0.867567 -0.030868  0.650283  0.578149
point 69 735 465.416 230.508 -0.873545 -0.394511 -0.124281 -0.633488 -0.253753  0.505493 -0.300911 -0.745659 -0.375573  0.848699
point 70 748 332.782 215.012 -0.991115  0.136848 -0.448491 -0.843461 -0.499975  0.173588 -0.223402  0.971545  0.786094 -0.363113
point 71 755 230.978 234.745   0.165739   0.142653 -0.0808158   0.778483   0.448036  -0.438594   0.279583  -0.342791  -0.456099   0.586819
point 72 760 269.689 171.598  0.798043  0.154019 -0.376956 -0.688001  -0.55064  0.418026 -0.733452 -0.664739  0.831501  -0.29932
point 73 766 163.177  199.98    -0.969226     0.393258     0.158912    -0.490772    -0.180611     0.186675 -0.000370096    -0.887795     0.417108   -0.0518152
point 74 767 298.111 237.668 -0.0709675   0.018632  -0.135608  -0.691326   0.347017 -0.0712085   0.126187   -0.05573   0.305487   0.751596
point 75 769 361.341 144.204 -0.918843  0.730727  -0.55536 -0.315916 -0.298027  0.329915  0.821262  0.598583  0.611809 0.0888518
point 76 770 381.228 166.777   0.766963  -0.511971   0.675373  -0.403364 0.00324879  -0.255576   0.462653  -0.749801   -0.83865   0.745193
point 77 774 218.174  211.56    0.26545  -0.125508 -0.0814289   0.668924  -0.144918  -0.398976   0.153217   0.161948   0.178975  -0.261338
point 78 783 267.699 208.834  0.933758 -0.449692  0.534507  0.823656  0.839216 -0.631145 -0.960002 -0.448568  0.206075  0.107832
point 79 820 580.606  127.05   -0.71457  0.0512648   0.676473  -0.451954   0.530573  -0.277325   -0.40318  -0.422707   0.305312 -0.0702299
point 80 824 65.1451 228.114  0.301645  0.432213 -0.656047  0.238894 -0.317247 -0.948213   1.01746 -0.488242  -0.23606  0.270135
point 81 825 211.589 166.654   0.365981     0.6934    1.01161  -0.333018   0.484955 0.00331021 -0.0654161  -0.515469  -0.224478  -0.482971
point 82 829 158.493 172.166 -0.569008  0.876441  -0.82124 -0.807381  0.975555  0.326705  0.163338 -0.218337 -0.206401 -0.521505
point 83 836 339.513 212.399  -0.749394  -0.671232  -0.152948 -0.0312885   0.555538   0.303826  -0.329694   0.648212   0.205611   -1.01258
point 84 848 497.184 181.684 -0.429983 -0.190721 -0.833492  0.842532  0.895988   0.60491  0.146015  0.315251  0.748988  0.172061
point 85 852 295.843 169.351  -0.427836  -0.283301    1.02842   0.236225 -0.0496823  -0.590415  0.0804889   0.852696   0.707064   0.601226
point 86 861 166.704 36.7953   0.132613   0.640418   0.775967  -0.109428  -0.510169    0.25833  0.0592299   0.228769 -0.0425646  -0.427625
point 87 863  408.27 112.818  -0.283358   0.290509 -0.0875371   0.380865  -0.032406     0.9889    0.10919  -0.266387  -0.143469   0.588709
point 88 884 2.33903 206.604  0.418244 -0.134418 -0.514995 -0.757666 -0.695782  0.037647 -0.750919 -0.381497 -0.343721  0.723558
point 89 888 362.336 72.6875 -0.638791  0.724324  0.501177  0.569552  0.348361 -0.920672  0.668197  0.929611  0.125744 0.0593405
point 90 894 348.815 162.412  -0.257766  -0.586533 -0.0411658   0.688302  -0.641439  -0.663745    0.83575  -0.377632  -0.937538  -0.846421
point 91 896 625.821 208.551   0.460913  -0.547849   0.406084  -0.784785   0.876327  -0.842162  -0.337113  -0.081021    0.91673 -0.0175032
point 92 900 626.447 155.749 -0.649795 -0.465268  0.633181  0.550455  0.461746  0.451922  0.865274 -0.236032 -0.556717 -0.046228
point 93 915 299.785 218.412  0.228265  0.662901  0.176763  -0.04829 -0.706715  0.289141   1.00252 -0.549452 -0.156427 -0.370794
point 94 917 128.517 160.859  0.880072 -0.976817 -0.517565 -0.474972 -0.141646  0.693981 -0.895761   1.00936 -0.437209 -0.565575
point 95 941 41.5418 188.348 -0.113924 -0.204511 -0.842813 -0.995136  0.446427 -0.219029 -0.749038 0.0368489 -0.346235  0.498691
point 96 954 119.288 212.394  0.550581 -0.341485  0.634545 -0.665128  0.141508  0.375448  0.411751   0.66737 -0.857464 0.0121262
point 97 957 467.285 185.165 -0.468682  0.995968 -0.240744 -0.898306  0.256395  0.837766  0.411162  0.523598 -0.423017 -0.119977
point 98 962 467.425 63.4813  -0.157182  -0.273401   0.848393   -0.79724   -0.80285 -0.0405936  -0.522535  -0.494095 -0.0809988  -0.101346
point 99 973 385.821  177.18 0.0986969  0.178435  0.559965 -0.910844 -0.476178  0.282616 0.0931723  0.795113  0.600475  0.123938
point 100 974 582.935 220.282  -0.47674   0.76067 -0.799296  -0.86803  0.446454 -0.493427 -0.472235  0.436658   0.51406 -0.451966
point 101 991 453.243  236.73    -0.10754 -0.00472702    -0.74634    -1.02663     1.00472   -0.474388    0.343499    0.398925 -0.00997507   -0.795147

