seq: 23
gt_pose: 3.72005 1.78718 1.37452
odom_pose: 3.89701 1.50879 1.24488
point 0 15  329.74 176.531   0.720711   0.612426    0.94534   0.495467   0.817585   0.953129    0.29755 -0.0540541  -0.704002     0.6663
point 1 20 614.667 197.396 -0.435945 0.0169379 -0.793109 -0.438556  0.774891  0.343204 -0.836573 -0.755328  -0.26085   0.11739
point 2 37 136.528 211.522 -0.951267  -1.01055 -0.381517 -0.517328  0.283287  0.675077 -0.595485 -0.303141  0.310746  0.773421
point 3 39 49.0643  98.087  -0.572931   0.853384   0.118639   0.864143 -0.0531097   0.081742   0.911499   0.571158   0.606312   0.140297
point 4 53 232.909 173.697  0.806829  0.270982 -0.363677 -0.889918  0.501411  0.630141  0.428126  0.357799  0.803976 -0.377473
point 5 61 351.732 145.821  0.165189  0.465008  0.512133  0.811114 -0.805576  0.622514  0.868806 -0.803232 -0.438827 -0.519358
point 6 71 401.788 153.034  0.140025  0.257376   0.47976  0.573828 -0.461907 -0.886184  0.711586 -0.701801 -0.659851 -0.300826
point 7 75 583.988 148.621 -0.695116 -0.950224  0.926593  0.507531 -0.754008  0.747699  -0.55459  0.989155 0.0413534  0.312316
point 8 76 59.8135 162.261  0.471222 -0.162377 -0.594432  0.698061 -0.647521  0.317495 -0.332978 -0.336613 0.0790344 -0.104822
point 9 77  202.12 226.488  0.103273 -0.965097 -0.509721 -0.593512  0.384921  -0.13938 -0.493744  0.305922  -0.58651  -0.33564
point 10 79 549.638 150.156 -0.198051 -0.740086 -0.170862 -0.806708  0.187464   0.98148 -0.819852   0.70573 -0.684496  0.586013
point 11 82 508.161 76.6526   0.919152 -0.0554067  -0.273088  -0.320897   0.828063   0.784654  -0.810682   0.837466   0.721154   -0.56962
point 12 89 264.883 229.315  0.542835 -0.605747 -0.329593 -0.362686  0.289979 -0.667761 -0.521237 -0.953146 -0.705791 -0.147785
point 13 96 481.147 206.001  0.467107 -0.390692  0.337414 -0.652274 -0.785895  0.551757  0.754418 -0.309084 -0.236465  0.717034
point 14 103 146.149  217.15   0.40873  0.139099  0.507557 -0.122023  -0.29304  0.159406  0.666785 -0.875234  0.435825 -0.553521
point 15 106 288.375 234.222  -0.22269   1.02402 0.0625676 -0.164855  0.399895   0.11976 -0.208202 -0.965654  0.505816 -0.066585
point 16 134 347.463 122.364 -0.347603 0.0739511  0.422772  0.824305  0.654013 -0.361512  0.927112  0.815413  0.558144 -0.857444
point 17 140 414.828  132.54 -0.505406 -0.105978  0.678357 0.0563604  0.851658 -0.804775  0.425535 -0.642436 -0.365058  0.914372
point 18 157 308.813  237.41 0.0304171  0.161438  0.661698  0.452171 -0.702863 -0.925564  0.228998  0.568639 -0.730159  0.535403
point 19 158 167.765 4.39525   0.443015   0.447622   0.278007  -0.327148 -0.0809458  -0.435737  -0.751693   0.176112   0.930186  -0.566908
point 20 161 340.822 155.381   0.441653   0.927045 -0.0246571  -0.449281   -0.40217  -0.829678   -0.43348  -0.303921  0.0324608   0.653587
point 21 170 423.993 232.341   0.10311 -0.396241  0.241799  0.179459  0.753929  -0.19734  -0.84122  0.731156   0.44832  0.688106
point 22 222 484.516 234.077   -0.684612    0.964169   -0.873911   -0.473382    0.450712   -0.686659 -0.00576564    0.549933     0.35312   -0.462726
point 23 229 118.923 192.484  0.986784 0.0736709  0.229543 -0.764863   1.00883  0.160273  0.444008  -0.39895  0.207473 0.0690211
point 24 232 430.495 238.039  -0.160409  -0.378161   0.404019  -0.298954  -0.931981  -0.035836    0.79335   0.780138  -0.992591 -0.0154813
point 25 244 581.665 144.782 0.0158101 -0.905502  0.504954  0.585916 -0.833671   0.71942 -0.330734  0.282127  0.136915  0.298903
point 26 275 146.984 166.105    0.943408 -0.00503285    0.460712   -0.733714  -0.0644782    0.112785   -0.299989    0.394829   -0.570893   -0.139734
point 27 300 574.506 166.459 -0.128366 -0.642718 -0.640161 -0.254538 -0.242798  0.833862   1.01664 -0.546789 -0.810686  0.077046
point 28 304 113.143 13.5184  0.472051 -0.599278 -0.423131 -0.379202  0.966813 -0.249924  0.654578  0.497259 -0.552515 -0.438215
point 29 315 234.643 141.078 -0.885359  -0.38268 -0.958965  0.110281  -0.38873  0.160023 -0.529806  0.821111 -0.713757  0.889821
point 30 320 188.055 228.806  -0.136385   0.635322    1.02106 -0.0642064   0.581132    0.11654 -0.0651095 -0.0213763   0.181338   0.336542
point 31 343 343.241 215.685 -0.0455178  -0.954224  -0.405987  -0.827761  -0.253856  -0.101909   0.299664  -0.942029   0.571574  -0.479787
point 32 357 422.778 234.724   0.365891  -0.229909   0.466401   0.464353   0.506936 -0.0998479   0.295599   0.764988   0.427317  -0.209036
point 33 383 485.402 194.566 -0.717819 -0.308624  -1.04229 -0.727251 -0.712345 -0.132893  0.465045  0.553121  0.476843 -0.195203
point 34 390 582.518 223.554   0.341992 -0.0311289   0.206901  -0.535678   0.347413    0.82171   0.258861   0.139937  -0.608231   0.436162
point 35 393 176.586 220.832  0.543128   0.10869 -0.321043  0.310424  0.956355 -0.171332  -0.69231  0.162561  0.811111 0.0309599
point 36 395 543.665 233.305  -0.697104  0.0822063  -0.952634   0.968004   0.866936   0.583374 0.00772183  -0.406731 -0.0448719  0.0405959
point 37 402 54.7081 215.154   0.32056 -0.257109  0.032289   1.00456  0.456506  0.052747  -0.06847  0.456197   1.02443 -0.373078
point 38 404 17.2197 161.009 -0.0870757  -0.958845   0.214213  -0.450559  -0.125454  -0.533532   0.296812   0.790106  -0.578458  -0.234383
point 39 445 435.273  176.29 -0.885758 -0.271742 -0.710592 -0.879013 -0.362777  0.793134 -0.346374 0.0982815 -0.448606  0.530837
point 40 447 466.418 172.944  -0.403606  0.0452277  -0.925348  -0.830452    0.22742  -0.898777 -0.0515511   0.506731   -0.68802   0.607572
point 41 449 318.639 162.467 -0.0472799  -0.375446    0.83055  -0.471706 -0.0497421  -0.547975   0.497104  0.0341821  -0.320076  -0.251376
point 42 450 157.738 172.609   0.414861   0.211102   0.681265  -0.550091   0.960828   0.545049 -0.0266358  -0.829407   0.815246   0.655583
point 43 458 197.392 198.116 -0.768691   0.16276 -0.766052  0.339408   0.52009  0.459385  0.759594   0.11792  0.964109 -0.536563
point 44 464 171.959 234.688 -0.0597915  -0.975614  0.0313655   0.122778  -0.530221   0.127163   0.391358   0.418153  -0.643737   0.235403
point 45 477 109.586 166.978  0.885199 -0.663025  0.046557 -0.349899  0.163006  0.102294  0.724723 -0.762253 -0.359147 -0.586338
point 46 505 183.272 197.529  -0.629352  -0.185856   0.263748   0.227976  -0.811775  -0.519051  -0.875017   0.942928  -0.441866 -0.0430259
point 47 520 79.4414  163.85 -0.259134 -0.916669  0.346656  0.362824  0.896564   0.39613  0.434607 0.0954055  0.271451  -0.24011
point 48 521 378.478 184.002 -0.774168 -0.304893  0.635411  0.136357 -0.210439 0.0463431 -0.358722   -0.6703 -0.841964 -0.722678
point 49 526 548.003 156.889 -0.272338  0.912371 -0.362625 -0.850169  -0.24964   0.41726  0.908059 -0.918703 -0.572224   0.84434
point 50 581 322.437 238.897  -0.657187  -0.529881  -0.321971   0.927743  -0.956106  -0.176226  -0.145048  -0.796456   0.846574 -0.0991055
point 51 586  400.43 202.277 -0.00811707   -0.994568    0.753488    0.248516   -0.332923   -0.144654   -0.705528   0.0452924  -0.0415298     0.68998
point 52 590 570.539 163.868   -0.52673  -0.978626   0.631173   0.447287 -0.0514505  -0.582771  -0.427802   0.569577  -0.144954   -0.82731
point 53 603 267.917 119.471   1.02801   0.60974  0.670269  0.223919 -0.780948  0.410826 -0.907524  0.762571 -0.525744   0.63733
point 54 627  253.24 142.991 0.0244038   0.86598 -0.642893  -0.52016 -0.758783  0.352413 -0.862625 0.0326581  0.309521  0.655051
point 55 628 299.338 216.293 -0.687618 -0.112125   0.21464 -0.365559 -0.241586  0.854095  0.646534  -0.35449  0.534862  0.870719
point 56 630 529.288 201.449 -0.00840976  0.00918597   -0.337175   -0.301944    0.686228  -0.0474384    0.507641   -0.135992    0.600102   -0.714177
point 57 668 599.655 56.7035 -0.603262  0.821739 -0.787874 -0.432122 -0.520671 -0.194651  0.118041  -0.51524  -0.85098 -0.517602
point 58 669 39.3634 233.248   0.451678   0.634241  -0.696634  -0.503389   0.216535  -0.622994 -0.0759669   0.972282  -0.220016  -0.335501
point 59 678 208.497 170.565  -0.781084  -0.909173  -0.413892  -0.430569  0.0131677  -0.920851  -0.902927 -0.0949112   0.295748  -0.368416
point 60 717 347.314  155.55  0.948728   0.69952 -0.885403  -0.24022 -0.367485 -0.751418 -0.602101  0.724889 -0.397078  0.684135
point 61 730 507.725 199.566  0.746741  0.400195  0.793522  0.875977  0.555027 -0.188428 -0.305947 -0.530087 -0.107839  0.988539
point 62 780 141.527 239.446 -0.990575 -0.236424 -0.368095  0.142135  0.973001  0.540299   0.49258  -0.85758  0.258804  0.937496
point 63 803 473.204 167.844 -0.778919  0.992656  0.718545 -0.605632 -0.596417  0.225812 0.0517455  0.761271 -0.318933  0.671816
point 64 804 468.37 47.733  -0.751097  -0.732285  -0.641178  -0.528589   0.525471   0.717729 -0.0790358    0.43591  -0.542983   0.132009
point 65 813 471.447 234.748   0.662612     0.8979  -0.299503  -0.795066   0.290164  -0.782755   0.770218  -0.764766 -0.0207986   0.137339
point 66 817 617.689 121.963 -0.274551   0.54872  0.867064  0.610646  0.656762  -0.10838 -0.651781  0.635082  0.604495 -0.935007
point 67 823 586.126 105.133  0.0300739  -0.765034  0.0880517     0.7084   0.549844   -0.57652  0.0834284    0.89455  -0.488644 -0.0159396
point 68 846 453.618 214.988   0.472415   0.244659   0.437285  -0.880399  -0.899298 -0.0397139  -0.690598  -0.234804  -0.334716   0.181885
point 69 847  24.779 191.683 0.0956774  0.467313  0.399839  0.929215 -0.806629 -0.720638 -0.350321 -0.877928 -0.818317  0.228752
point 70 865 459.089 206.603   0.889515  -0.320375  -0.968566  -0.323503  -0.347546  -0.183684  -0.998067   0.640924  -0.747508 -0.0135149
point 71 866 537.198 74.5805 -0.530044 -0.129455  0.796536 -0.617015   0.67083 -0.239615 -0.188195  0.364415  -0.45114  0.960269
point 72 868 304.763 203.971   0.646219  -0.366395  -0.883489 -0.0533894  -0.611406  -0.415701   0.905486  -0.898571 0.00589319   0.517003
point 73 877  116.39 171.511 -0.723501  0.858483  0.704534  -0.95959 -0.112284  -1.02771  0.906496 -0.649528   0.36133  0.449911
point 74 897 225.505  193.75  0.278839  0.869871   1.01467  0.597663 0.0940347 -0.835457 -0.143757 -0.249556  -0.86599   0.27734
point 75 911 474.443  139.61  -1.02891 -0.435427  -0.79342  0.696703  -0.96009 -0.107555 -0.959968  -0.10406  0.506065 0.0783941
point 76 920  509.55 133.577 -0.930309  0.740516 -0.324972 -0.368648  -0.43715 -0.191193  0.812288 -0.860875   1.00163 -0.542753
point 77 947 214.531 183.584 -0.288461 -0.945559  0.782261 -0.536426 -0.566436  0.870914  0.606336 -0.757734 -0.886932  0.772249
point 78 951 536.116 185.312   0.128838  -0.859357 -0.0736745   0.378533   0.231231 -0.0329847  -0.977339    0.45917  -0.214052  -0.676069
point 79 953 80.7362 153.903    0.05222   0.536789   0.750474  -0.623572  -0.110025 -0.0391085  -0.423858   0.710828  -0.717499   0.747984
point 80 972 161.102 158.141    -0.702925    -0.575319     0.979695 -0.000832773    -0.953539    -0.526322    -0.727262      -0.3368    -0.727277     0.750696
point 81 984 193.341 178.382 -0.466237 -0.821324 -0.969866 -0.581115  0.516585  0.615343 0.0297464  0.470522 -0.574935 -0.665707
point 82 993 147.332 171.943 -0.173262  0.985075 -0.471976  0.695824 -0.125771  0.339367  -0.23861  0.179667  0.356993 -0.260674

