seq: 138
gt_pose: -7.61114 0.507494  1.97883
odom_pose:  -6.95119 -0.939107   2.18956
point 0 4 569.478 79.7633  -0.281193  -0.859191  -0.997555 -0.0643972  -0.915886  -0.502768   0.892793   0.764132   0.724811  -0.424333
point 1 41  443.89 180.018  0.760288  0.300164 -0.199376  0.213744  0.179641  0.288602 0.0662453 -0.695584   0.11215 -0.954008
point 2 67 506.546 216.369 -0.237251 -0.767962  0.568087 -0.213737  0.533032  0.844392   0.66038  0.630541  0.397712  0.225189
point 3 86 565.121 63.5527   0.893074   0.391259   0.757353  -0.493517   0.105515  -0.664426    0.68263   -0.54245  -0.739292 -0.0962796
point 4 95 448.318 163.797  0.117745 -0.418006 -0.484382 -0.583283 -0.897873 -0.820151  0.431539  0.209835 -0.563161  0.337416
point 5 100 571.338 159.694   0.136615    0.56379  -0.208747   0.208861 -0.0794963   0.737469  -0.338709  -0.893266  -0.710645    0.44962
point 6 124 426.426 212.497 -0.498168   0.60882  0.830659 -0.456108 -0.847986 -0.565307  -1.01064 -0.714578 -0.741037  0.774568
point 7 125  489.85 184.222  -0.149573   0.989026  -0.622895   0.690552   0.904351   0.525006   0.878716  -0.305138 -0.0902446   0.794712
point 8 150 566.735 141.957 -0.942761 -0.519877  0.743585  0.290244 -0.657063 -0.392399 -0.966217  0.229542  -0.86551 -0.015215
point 9 171 312.966 173.292 -0.0421624    0.70663 -0.0114183   -0.91905  0.0773989   0.429323   0.510588  -0.164149  -0.832283   -0.55938
point 10 172 463.258 139.304  -0.353465   0.925461   0.380381   0.953284 -0.0251418  -0.439029  -0.337974  -0.775172   0.672775  -0.567585
point 11 178 341.617 207.493    0.699394   -0.406185     0.68167   -0.161337    0.925921    0.947933   -0.356283   -0.274779 -0.00173083   -0.924169
point 12 193 572.402 205.911   1.02554 -0.736096  0.962417  0.814919  0.526583 -0.920328  0.959088  0.583365  0.859785 -0.069777
point 13 210 447.386 127.823 -0.261028  0.599243 -0.405156 -0.733258 -0.823868 -0.384834 0.0599611  -0.73987  0.474173  0.748133
point 14 211 338.921 160.808   0.871506   0.636483  -0.206832   0.328816  -0.477844   0.551404  -0.497291   0.209301 -0.0636276  -0.376485
point 15 219 325.085 232.845  0.126993 0.0264356 -0.283291  0.904006  0.153005  0.312749  0.236917  0.124463   -0.4478  -0.59006
point 16 228 376.228 164.019   0.480712  -0.879823 -0.0301855 -0.0485092  -0.982639   0.980607  -0.543343    0.55746   0.613589   -0.61263
point 17 238 265.967 196.654 -0.844425 -0.323678 -0.513367 -0.747502  0.158747    0.6769  0.813091 -0.354815  0.369202  0.342194
point 18 249 180.774 19.3363  0.764397 -0.700764 -0.308042   1.00762  -0.17968 -0.645146  0.580106 -0.694432 0.0516647 -0.443142
point 19 254 417.762 211.712  0.110879  -0.21269 -0.141677  0.565528  -0.64148   0.38526 -0.493943 -0.960829 -0.723299 -0.437643
point 20 260 468.322 183.357   0.258648   0.665057  -0.300036   0.462323  -0.490981   0.684574 -0.0425884  -0.129852  -0.164956   0.235244
point 21 271 474.453 184.585   0.80698  0.442957  0.980399  0.747189 -0.665206  0.980817  0.486395   0.84446  0.829277 -0.018033
point 22 274 314.298 233.732  0.846099 -0.589345 0.0893237  0.566014 -0.572715 -0.326072 -0.850571 -0.509218  0.497195  0.484342
point 23 281 609.788 215.251 -0.866383  0.311841 -0.201306 0.0943625  0.605296  0.340345  0.728231 -0.209768 -0.408348 -0.386098
point 24 283 503.009 227.479  0.349923  0.350636  0.698072 -0.198777 -0.852082  0.804183  -0.85934 -0.104033 -0.184857  0.687584
point 25 293 492.085 169.135 -0.923974  0.694551 -0.521331   -0.8351 -0.773362  0.672904   1.01811 -0.458344  0.769995  0.539417
point 26 295 241.279 49.8719   0.72385 0.0035557  -0.27842  0.353389 0.0788582 -0.252518 0.0182505  0.596574 -0.121638  0.232052
point 27 328 490.002 142.321  -0.19688  0.460916  0.312373  0.275507  0.682558 -0.260784  0.727872  0.288655  0.900293  0.814932
point 28 332 613.974 202.238  -0.297188  -0.202221  -0.132324   0.330997   0.703004   0.883322   0.775251 -0.0765258  -0.733948  -0.529324
point 29 338 490.872 218.381 -0.411855  0.449531  -0.23134  -0.30783 -0.698342  0.260576   0.64769 -0.900753 -0.488684  0.946024
point 30 344 611.586 231.198  -0.479703  -0.241145    0.11309  -0.699188   0.855294   0.815952  -0.383064  -0.328924      0.657 -0.0956817
point 31 362 605.687 4.97365 -0.163852 -0.913075 -0.806237  -0.37335 -0.456728  0.731466  0.137883  0.397783  0.999261  0.841548
point 32 399 619.282 224.483   0.92751  0.153939  0.374986 -0.115243 -0.236125  0.131203  0.500659  -0.61119 -0.614329  0.135955
point 33 424   390.6 201.132 -0.105736 -0.854409   0.50548  0.326008  0.589974 -0.471747 -0.060183   0.14647  0.886561 -0.161798
point 34 473 380.555 194.673   0.566151   0.303421  -0.754986    0.64895   0.865993   0.156677  -0.670886   0.570023 -0.0413076  -0.245158
point 35 480  552.15 219.645   0.251912  -0.968013  -0.849586  -0.159802   0.428866   0.258682   0.078185 -0.0559491  0.0523482   0.653682
point 36 489 321.755 208.057 -0.826478  0.996058 -0.800655  0.923634 -0.799203 -0.668293  0.894509 -0.529067 -0.601982 -0.111027
point 37 490 48.1516 239.935  0.460258   0.87198  0.313045 -0.490941  0.972723  0.249083 -0.982602 -0.603754 -0.636581 -0.646658
point 38 504 487.775 199.633  0.374066  0.918639 -0.686637  0.335063  0.241582  0.673354  -0.36652 -0.828615 0.0947149 -0.513644
point 39 513 512.426 226.133 -0.384146 -0.547551  0.580857 -0.108099 -0.556475   -0.6224  0.454176  0.980971  0.632983 -0.376896
point 40 534 609.248 202.777   0.325892   0.376685  -0.306807  -0.954359   -0.15547 -0.0717311    0.38383  -0.326687  -0.214249   0.104573
point 41 601  242.09 187.706  0.671079 -0.159252  0.554515 0.0311909  0.517821 -0.786304 -0.742231  0.249472  0.288882   0.35346
point 42 625 372.487 158.906 -0.0579094   0.740827  -0.172348   0.942308   0.385571  -0.631995  -0.601052  0.0671144 -0.0648385   0.198241
point 43 636 367.561 230.436   0.758233  -0.258803   0.370451  -0.903068 -0.0485495   -0.32584   0.117535 -0.0442909 -0.0982827   0.180818
point 44 643 290.441 186.191 -0.0144498  -0.987504   0.408411  -0.277871   0.442407 0.00761278  -0.700162  -0.879558   0.148121  -0.289072
point 45 645 601.353   216.7  -0.93125  0.875057 0.0179688  0.362347  0.127812  0.965015   0.31644 -0.424715 -0.389864 -0.285252
point 46 647 80.1346 63.5466   0.93086  -0.46962  0.906713   0.14435  0.481413 -0.979907 0.0446663 -0.564194  0.301143 -0.796691
point 47 649 460.004 222.554   0.564665 -0.0843708  -0.116885   -0.26939  -0.510628  -0.118674   0.258696  -0.588688  -0.932638  -0.328236
point 48 653 420.244  214.94   0.066758   0.630859   0.850952   0.610494   0.783906   0.752755   0.119078  -0.718556 -0.0310359   0.570697
point 49 656 291.826 127.943   0.121849 -0.0429133  -0.577806   -0.74981   0.944437   0.481646   0.887234  0.0911782  -0.431709  -0.438331
point 50 663 555.133 226.753  0.903909 -0.535675  0.891743 -0.146934 -0.261332  0.171864  0.321738 -0.777765 -0.369258 -0.578195
point 51 670 380.003 125.381   0.736354  -0.372741  -0.945237  0.0493864 -0.0955429  -0.476122 -0.0989523   0.125313  0.0600058   0.410358
point 52 677 515.089 225.761    0.41447 -0.0413136  -0.316818   0.266041   0.196987   0.563121   0.115963 -0.0396635  -0.201095   0.995027
point 53 690 352.306 191.387  0.290462  0.994445  0.129247  0.428158 -0.108732 -0.742656 -0.797331 -0.344827  0.504156 -0.485662
point 54 694 366.303  184.36  -0.717188  -0.757767 -0.0414777  -0.450353    1.01469  -0.439043  -0.246262   0.862509   0.738898   0.469904
point 55 729 592.314 238.055 -0.425987  0.615936  0.410195  0.645965 -0.551026 -0.487095  0.654877  -1.01595 -0.139835 -0.539029
point 56 732 489.192 50.7167   0.208309    0.68405  -0.938791   -0.27493   0.169671   0.836353  -0.938403 -0.0226971   0.698182   0.630993
point 57 756 544.278 190.584 -0.669752  0.229206 -0.855857  0.103616 -0.143605  0.262695 -0.431132   0.56171  0.228439   0.76811
point 58 761 493.289 214.361  0.678358 -0.852172  0.066653  0.509826 -0.794497  -0.78455 0.0509118 -0.673388 -0.625734 -0.876135
point 59 816 627.353 147.758  0.558383 -0.246121 -0.810679   0.43096  0.261369 -0.358396 -0.490243  0.994889  0.466807 -0.289366
point 60 896 600.582 125.531   0.394977  -0.471796   0.416562  -0.847844   0.885665  -0.862854  -0.431636 -0.0653806    0.85351  -0.032305
point 61 900  447.59 35.7266   -0.642992   -0.457877       0.636    0.474412    0.451647    0.377333    0.939574   -0.247283   -0.555569 -0.00407468
point 62 909 605.422 199.104 -0.326351 -0.696689 -0.234052 -0.457049  0.120331 0.0616003 -0.329342  0.137653 -0.420235 -0.138625
point 63 934 589.298 146.284  0.310373 -0.578508  0.753008  0.208409 -0.949517 -0.338391 -0.828779  0.841387  0.597824 0.0327046
point 64 955 514.103 212.606  0.136916  0.349791 -0.713801  -0.21315  0.470993  0.262547 -0.644668  0.235631   0.72998  0.177126
point 65 960 572.009 172.052 0.0842305 -0.736821 -0.657996  0.948346 -0.656709 -0.120154 -0.862692 -0.482303  0.676164  0.129467
point 66 986 186.013 118.814  -0.259485  -0.328679  -0.975355  -0.552376 -0.0925895  -0.438663  -0.375136  -0.129437 -0.0133153  -0.826952

