seq: 325
gt_pose:  1.00435 -1.38872  1.95864
odom_pose: -0.727338  -1.47836   1.88736
point 0 7 437.802  170.39   -0.16308   0.816839  -0.229502   0.585347   0.397861   0.823608 -0.0223132  -0.533574   0.873553   0.832557
point 1 21 440.852 200.465  0.511688 -0.452327   -0.3242 -0.635611  0.996427  -1.02325  0.608117 -0.365878 -0.629651 -0.119744
point 2 31 372.091 206.872  -0.409244   0.812529 -0.0127392  -0.678843    0.25077  0.0824256   0.241729   0.236749  -0.567726   0.618572
point 3 36 480.731 235.852 -0.151748  -0.30293  0.415589  0.574252  0.334199 -0.736969 -0.912093 -0.831599  0.413499 -0.579597
point 4 37 459.517 228.581  -1.01417  -1.03637 -0.423438 -0.526763  0.297833  0.758895 -0.667987  -0.32686  0.299629  0.771656
point 5 44 560.131 149.353  -0.512731   0.257619   0.845745   0.507662 -0.0456465  -0.142844   0.713889   0.887852    0.87221    0.82585
point 6 53  507.37 208.525   0.77017  0.264645 -0.366596 -0.880326  0.525082  0.585674  0.424043  0.327645  0.778667 -0.355448
point 7 61 569.586 163.832  0.116197  0.476797  0.508337    0.8202 -0.803223  0.533264  0.861711  -0.77338 -0.451796  -0.53757
point 8 63 303.019 213.689  0.188281 -0.743944 -0.806548 -0.207989 -0.748199  0.329326 -0.805033  0.801971  0.206997 -0.587836
point 9 68 361.267 239.527  0.175907  0.327263 -0.929389  0.530612  0.152332 -0.768659 -0.664382 -0.578668  0.521962   0.65659
point 10 70 52.1698 185.803  0.870907  -0.73965 -0.388897 0.0911059  0.290209  0.722697 -0.557234  0.368001  0.308248   0.69059
point 11 77 476.118 233.504 0.0360768  -1.00149 -0.491047  -0.58202  0.359584 -0.112332 -0.532991  0.295066 -0.571612 -0.314964
point 12 88 242.232 237.285  -0.213072 -0.0379689   0.408151  -0.973016   0.327213   0.261827   0.381712  0.0650525   0.793131  -0.505702
point 13 89 510.468 234.023  0.619306 -0.696055 -0.312064 -0.317225  0.245536 -0.647244 -0.472332 -0.954055 -0.765013 -0.124532
point 14 92 41.5905  108.84   0.145348   0.714421 0.00666499   0.937496   0.354795   0.288835    1.01329   0.588977  -0.181964  0.0144745
point 15 106 506.732 236.133  -0.181415   0.996998  0.0582765  -0.123663   0.394578   0.128383  -0.212356  -0.968351   0.541553 -0.0862972
point 16 109 295.431 206.903   -0.511416    0.922675   -0.802942   -0.463187    0.499715 -0.00828549    0.712323    0.601148  0.00712185      0.2704
point 17 110 519.198 90.3308  0.834596  0.961655 -0.596459 -0.310973 0.0318364 -0.701766  -0.61497  0.634982  0.674824   0.27358
point 18 111 266.432 229.513  0.047697   1.01632 -0.866152 -0.914838 -0.157915 -0.333365  0.990178 0.0360872  0.204399  0.482307
point 19 113  516.45 196.169 -0.0578548  -0.574379   0.611822  -0.846481   0.520464  -0.372487  -0.865836   0.679939  -0.270489 -0.0605498
point 20 132 486.678 176.546   0.218034  -0.880777  -0.882415 -0.0272414  -0.726714   0.909545  -0.806652   0.297182   0.903499   0.691756
point 21 134 587.617 163.966 -0.306091  0.083952  0.421429  0.835213  0.649602 -0.319518  0.879782  0.719351  0.552603 -0.827212
point 22 148 496.636 114.385 -0.0720254  -0.277755  -0.174598   0.553076 -0.0928182  -0.233208  -0.943857   0.212494   0.884965  -0.637174
point 23 156 400.742  182.48  0.273635  0.543962 -0.691196  0.359487 -0.843604  0.922385  0.133654 -0.679281 -0.906921 -0.114061
point 24 158 510.946 158.101  0.497604  0.425339  0.339495 -0.273901 -0.092321  -0.37866 -0.756453  0.217407  0.991201 -0.577208
point 25 159 451.245 177.899  0.174804 -0.975732 -0.936331 -0.118106 0.0175753  0.104007  0.933469 -0.355647 -0.391284 -0.799733
point 26 161 558.576 174.763    0.468647     0.89664 -0.00495633   -0.465249   -0.398057   -0.748923   -0.441251   -0.260063   0.0974627    0.581129
point 27 165 424.617 128.955    0.45096  -0.774988    0.43117   0.642657  -0.719745   0.609162  -0.608855    0.78777   0.332476 -0.0199156
point 28 166 195.633  186.14 -0.575481  0.304694 -0.641873  -0.52179 -0.628385  0.244848 -0.716092 0.0689422  0.149012 -0.686461
point 29 169 586.662 151.123 -0.614738  0.428526  0.704144 -0.238022 -0.113592  0.518759  0.355702   0.47299 -0.676373 -0.515721
point 30 175 302.284 149.736 -0.366585  0.606054  0.239756 -0.622225  0.757916  0.737093  0.909543  0.949902  0.611547  0.124703
point 31 176 385.765 195.664 -0.688766  0.867231 -0.124839 -0.087529  0.418115 -0.439751 -0.932319  0.251446  0.716324  0.133152
point 32 186 284.105 173.288  -0.351852  -0.377417   0.338789   0.468916   0.884218  -0.883388 -0.0552195  -0.539662   0.102923   0.315977
point 33 216 97.4934 76.7282 -0.645844 -0.967313  0.838634 -0.761274 -0.580511 -0.888375 -0.326539 -0.229741 0.0204915  0.849206
point 34 233 279.282 234.188 -0.191745 -0.452923  0.131923   0.31029  0.354647 -0.218731  -0.94779  0.134493 -0.876765  0.412957
point 35 240  414.66 170.342 -0.508235  -0.63661  0.631548  0.803863  0.764819  0.688011 -0.534788 -0.684078   -1.0112  0.685326
point 36 245 196.797 125.564 -0.639282 -0.439489  0.481025 -0.681013 -0.446835  0.367505   0.91699 -0.647471  0.239641  0.798369
point 37 251 275.725 228.501 -0.0295302  -0.590862   0.165643  -0.845917  -0.390308  -0.137259  -0.485221   0.195327  -0.132443   0.311842
point 38 262 108.154 14.1348 0.0149484  0.390188 -0.327171  -0.53597  0.941248  0.976258 -0.895274 -0.326424  0.397832 -0.412324
point 39 302 125.666 194.725 -0.787935  0.102396  0.522449  0.679512 -0.140511 -0.627834 -0.945458  0.180997  0.206194 -0.167721
point 40 303 332.587 205.879    0.186298     -0.7775   -0.553099   -0.950202   -0.130285    0.546432   -0.430543  -0.0753342 -0.00991793   -0.357863
point 41 304 467.352  158.89  0.533095 -0.542192 -0.377453 -0.421115  0.985106 -0.236115  0.716105  0.520539 -0.585859 -0.465255
point 42 315 563.999 207.613 -0.836103 -0.344116 -0.915133  0.142846 -0.390113  0.134874 -0.600856  0.747793 -0.738698  0.949252
point 43 331 65.8348 204.738  -0.344562  -0.261757  -0.252942    0.14936 -0.0810841   0.953051   0.820132  -0.599201    0.76722   0.893061
point 44 343 587.014     225  0.0162851  -0.989307   -0.35841   -0.82028  -0.230852 -0.0360382   0.320954  -0.857497   0.560726   -0.39184
point 45 352 174.433 171.619   0.512935    0.40002   0.419014  -0.700695    0.60043   0.710345   -0.58709   0.590423 -0.0943869   0.810852
point 46 367 533.635 44.2874  -0.660499  -0.880779   0.897027  -0.441702  -0.505399   0.639862  -0.355803 -0.0562299  -0.598788  -0.758018
point 47 387 314.944 167.391  0.669641 -0.666658  0.593108  0.982326 -0.747025 -0.207312 0.0716521 -0.954054  0.603675  0.642154
point 48 397 44.9913 167.875  0.718333 -0.380008  0.527817  0.169293   0.53065  0.903748 -0.630287  0.591961  0.847938 -0.739856
point 49 428 207.629 187.185 -0.490016 0.0582128  0.584843 -0.812177 -0.246378  0.557093  0.324831 -0.445113 -0.191866 0.0701364
point 50 454 445.319 161.535 -0.848881  0.945393  0.698962 -0.400716  0.577086  0.744483  0.761961 -0.562122  0.390662  0.353063
point 51 460 122.521 202.277    0.85075  -0.533524  -0.307049    0.45701  0.0429373 -0.0826808  -0.366428   0.247623  -0.821403  -0.850636
point 52 467 44.1045 218.581  -0.450656  -0.758159 -0.0715012  -0.336452   0.885224   0.271104   0.438341  -0.139579  -0.582443  -0.750763
point 53 488 52.4639 164.035  0.925465  0.592235 -0.500779  0.162188 -0.701272 -0.395203 -0.243853 -0.693772  0.146429 -0.340199
point 54 491 341.719  180.36 -0.830899  0.811283 -0.312549  0.532161 -0.502037 -0.190252  0.499914 -0.249085 -0.270008   0.67743
point 55 494 200.345 187.631  0.376657 -0.100201 -0.310832  -1.03948 0.0332565 -0.781496  0.531411  0.327861 -0.262389 -0.978982
point 56 495 371.934 155.423   0.235059   0.676816  -0.149834   0.408829  -0.435292  -0.624184    1.00862  -0.562228 -0.0536623  0.0747988
point 57 506 386.664  201.73  0.0982101   0.259516 -0.0379505  -0.590647   -0.97665  -0.615612  -0.692053  -0.617391   0.755592   0.568291
point 58 514 172.077 145.613  0.400776 -0.746147 -0.874676 -0.420429 -0.879183 -0.501039  0.626546  0.828034  0.179769  0.226093
point 59 521 606.397 191.343  -0.771597  -0.338047     0.6241   0.130088  -0.229464 0.00106005  -0.347653  -0.695263  -0.855325  -0.665203
point 60 541 194.785 225.941  0.349177 -0.844284  0.873658  -0.26849 -0.630678  0.645248  0.775326 -0.629457 -0.990998  0.224587
point 61 552 83.2528  162.76  0.817773  -0.18402  0.793694 -0.105352  0.424149 0.0449306   0.75674  0.707961  -0.36427 -0.621891
point 62 578 385.052 205.016 -0.0518789  -0.202877  -0.284249   0.234659  -0.708243   0.456784   0.122319  -0.917767  -0.112739   0.130463
point 63 579 637.424 200.483  -0.841925 -0.0937896  -0.827924 -0.0142342   0.991413   0.566818   0.017473   0.574804   0.181615   0.275822
point 64 581 589.044 239.468 -0.720187 -0.519179 -0.320177  0.947499 -0.923672 -0.106117  -0.14282 -0.813082  0.928149 -0.167676
point 65 586 636.124 201.361 -0.0159301  -0.999159   0.784497   0.235323  -0.299751 -0.0991292  -0.698003  0.0893139 -0.0653855   0.786002
point 66 591 438.036 188.474   1.00973 -0.690476  0.630055 0.0511699 -0.464645 -0.318023  0.993923  0.219948 0.0590766 -0.576958
point 67 596 317.152 211.825  0.0130929  -0.533064    0.43415   0.116402 -0.0614911  -0.459032   0.634219   0.103995   0.555364   0.858206
point 68 599 355.744 214.604  -0.369132   0.244501   0.655162   0.190215 0.00715587     1.0002  -0.124577 -0.0671892  -0.144064    0.51337
point 69 603 523.666 176.437   1.01596  0.634115  0.694738  0.248393 -0.760282  0.409309 -0.886574   0.84168  -0.59887  0.638921
point 70 607 102.538 234.466  0.814299  0.334414 -0.333648 0.0981495 -0.379651 -0.377928 -0.406927  0.238549  0.935454  0.792665
point 71 610 183.136  87.673 -0.182348 -0.227798  0.696625  0.694714  0.418739  0.411102  0.650807 -0.665839  0.203551 -0.426905
point 72 617  328.32 29.2479  0.021163 -0.809207  0.270307  0.160494 -0.498027 -0.931353 -0.227178  0.281414 -0.809167 -0.634195
point 73 622 358.345 167.541  -0.440062   -0.96098   0.451538 -0.0554502  -0.929492  -0.029753   0.644486   0.905558   -0.20759  -0.629505
point 74 623 36.3577  155.89  0.531306 -0.560585  0.598338 -0.497874  -0.20895  0.453725  0.428686 -0.214693 -0.775402 -0.346021
point 75 631 221.487 232.901  -0.851768  0.0739641  -0.704265 -0.0236527   0.365906  -0.140388  -0.291624   0.041961 -0.0280703  -0.280158
point 76 644 300.774 141.037  -0.540347 -0.0956357  -0.576784  0.0213767  -0.171707  -0.796737   0.864392  -0.864451    0.90713   0.417451
point 77 650  82.841 224.383  0.811596  0.194648  0.659697 -0.578845  0.971547 -0.222897  0.906798 -0.808235 -0.223669 -0.884275
point 78 655 522.908 212.865 -0.108303  0.660217  0.440904 -0.582789 -0.549113 -0.408913 -0.940412 -0.638878 -0.828663  0.881272
point 79 658  487.29 217.889   0.392973   0.116762 -0.0837119  -0.360327   0.195948   0.953098   0.601714   0.602459  -0.837936   0.499839
point 80 680 16.4089 225.593 0.0253857 0.0377085  -1.00525 -0.349939 -0.247607 -0.755146 -0.288389  0.455743 -0.155851  0.745943
point 81 687 108.983 225.674    -0.38812    0.238385 -0.00818781   -0.227813    0.706181     0.39486    0.576464   -0.447965    0.175501   -0.532061
point 82 689 210.869 165.426   0.865264  -0.413368  -0.524303 -0.0673155   0.678053   0.174716   -0.79655  -0.296671   0.877152   0.874515
point 83 691 119.429 113.695   0.575575   0.944108   0.189529  -0.221909  -0.898616  0.0675808   0.286472  -0.370263  -0.969447 -0.0119949
point 84 717 576.706 179.495  0.943871  0.644782   -0.9187 -0.237603 -0.309061 -0.721598 -0.599932  0.727368 -0.342104  0.634888
point 85 726 254.767 190.084  0.992651  0.496659  0.511319 -0.741073  0.257833  0.596403 -0.743211 -0.883949 -0.878948  -0.89342
point 86 727 59.4195  222.51   0.099502  -0.963869   0.569879  -0.571564  -0.236783   0.865718  -0.409021 -0.0325548   0.930635   0.875579
point 87 736  162.74 189.445 -0.0744443   -0.93556  -0.199254   0.128868  -0.303504  -0.203313   0.402588   0.658563  -0.989294    1.03684
point 88 750 95.8243 234.594 -0.357497 -0.520866  0.492029  0.211336  0.157761   0.56767 -0.670629  0.794228  0.657034 -0.153106
point 89 796  6.1019 213.501   0.57489 -0.932379 -0.530382 -0.519154 -0.240959 0.0307855  0.903461  0.455934  0.401989 0.0080698
point 90 805 315.053 150.698  0.373336  0.735926   0.55216 -0.202696 -0.820311  0.754422 -0.245175  0.931157 -0.745609  0.207562
point 91 806 405.289 238.138   0.863007  0.0136582  -0.560861  0.0389446  -0.651596  -0.352019   0.388899  -0.406131  0.0628483 -0.0441883
point 92 820 26.9776 158.809  -0.747285 0.00716274   0.678244  -0.517109   0.495768  -0.309538  -0.329651  -0.409512   0.327745 -0.0848754
point 93 873 147.255 178.837  0.302613 -0.575962 -0.923444  0.939815   0.89945  0.338695 -0.823166 -0.786682 -0.552662  0.303761
point 94 876 249.621 33.7124    0.468164   -0.702162    0.947927   -0.248851 -0.00114266   -0.944936   -0.956882    0.371854    0.935325    0.332405
point 95 878 472.447 231.633  -0.934991 -0.0284579  -0.999115  0.0854249 -0.0666162   0.484449   0.343846 -0.0944146  -0.773874  -0.566785
point 96 880 283.973 144.757 -0.618957 -0.509686  -0.24739  0.614744  0.566498 -0.261565 -0.316514  0.641336  0.840815  0.693969
point 97 881 375.826 182.149  0.291537  0.635287  0.372733  0.583453  0.419083 -0.835543  0.160015  -0.78926  -0.37484 -0.614299
point 98 883 294.907 210.075 -0.254133 -0.225349 -0.763469  0.948348  0.283874  0.564323  0.626625 -0.291706  0.258306 -0.070774
point 99 902 12.4857 203.715 -0.448978  -0.73315 -0.171231  0.793277 -0.662959  0.180293 -0.652248  0.902748 -0.318983    0.7924
point 100 905 555.919 133.752  -1.00232  0.133259  0.516673 -0.409336  0.704965  0.308194  -0.84394  0.687156 0.0374145  0.142552
point 101 910 544.287 177.571 -0.893226  0.629561  0.421781 0.0366188  0.673355  0.506625 0.0290874  0.621285  0.784863  0.324819
point 102 916 113.148 177.384   -0.305899    0.186676    0.239389   -0.363879     -0.7264   -0.453504     0.63403    0.272721    0.848632 -0.00153191
point 103 927 482.442 124.004 -0.0134816   0.849202   0.539466   0.392405  -0.884471   0.419278 -0.0284774   -0.33711   0.768897   0.932702
point 104 929 396.291 155.076 -0.875595 -0.271103 -0.303102  0.207883  0.246555  0.743712 0.0626024 -0.166333  0.104227  0.239385
point 105 937  319.36 235.914 -0.451402 -0.604834 -0.479809 0.0490085  0.503344 -0.285788  0.131506 -0.233294 -0.272295  0.512467
point 106 944 193.594  113.74  0.503131 -0.519969 -0.246707 -0.578645  0.727455 -0.065819  0.103783  0.293442  0.436627 -0.685119
point 107 967 332.977   185.4   0.246204 -0.0769964   0.439937    0.99342   0.157301   0.308131   0.583252  -0.380381  -0.778626  -0.438936
point 108 968 418.428 174.305  0.0411001  -0.429754  0.0438456  -0.106216   0.927018  -0.212521  -0.754847 -0.0115651  -0.694995  -0.944213
point 109 978 138.097 183.293  0.830879  0.634038  0.222519  0.900254 -0.828517  0.422633  0.118248    0.4379 -0.621745  0.394938
point 110 979 464.376 120.021 0.0579265  0.424215 -0.176714  0.448419  0.252342  0.329471 -0.522515 -0.130453  0.624761 -0.244066
point 111 989 582.614 235.755  -0.716421   0.324989   0.429513  -0.618282 -0.0421445   -0.56603  -0.128655    0.46546   0.510339  -0.472149
point 112 997 414.954 235.068    0.988013   -0.934776 -0.00132306    0.866981   -0.409719  -0.0101536    0.663802   -0.898138   -0.194191    0.671749

