seq: 222
gt_pose:  5.99901  4.87431 0.289141
odom_pose:  6.36232  3.75387 0.229612
point 0 20 503.772 178.167  -0.47101 0.0734225 -0.866168 -0.439801  0.747671  0.334069 -0.776933 -0.799314  -0.24661  0.121709
point 1 22 205.009 190.363  0.416272 -0.784511  0.374908 -0.202371  0.535001  0.922925  0.827802  0.720281 -0.547825  0.557232
point 2 83  158.66 147.202    0.601087    0.918029 -0.00684631   -0.971108   -0.644569   -0.470036    0.238799   -0.444474    0.511235   -0.905328
point 3 96 316.221  181.63    0.4579 -0.409687  0.271509 -0.678965 -0.852198  0.592102  0.743454 -0.401481 -0.285536  0.739402
point 4 133 237.322 178.214  -0.510068   -0.69222   -0.79282   0.399886  -0.903178  -0.795099  -0.553784  -0.412464 -0.0540784   0.362831
point 5 222 359.736 226.751   -0.69903   0.968895  -0.875236   -0.46832   0.479881  -0.743548 -0.0119842   0.543747   0.441649  -0.518258
point 6 232 248.874 233.266  -0.119688  -0.347986   0.392751  -0.290094  -0.933908 -0.0469721   0.826446   0.771468  -0.944805 -0.0417842
point 7 241 211.213 180.321  0.252593  0.200468  0.578156 0.0392062  0.662778 -0.805856  0.155556  0.827865  0.369452 -0.179058
point 8 243 190.678 166.438   0.982446   0.601435   0.857991   0.814055   0.869101  0.0552086 0.00138535   0.523953  -0.805159  -0.342015
point 9 248 112.508 153.105 0.0691352  0.756336   0.54464  0.178715 0.0237635  0.167564 -0.962719 -0.949062  -0.90293  0.291865
point 10 270 542.618 214.487  -0.444798   0.477064   0.027681  -0.741602 -0.0475519   0.178491   0.504399  -0.216239  -0.887782  -0.837062
point 11 297 299.192 157.082   0.531122 -0.0973534   0.795459  -0.323014  0.0937438   0.497415   0.724435   0.857133  -0.180135 -0.0740778
point 12 300 384.706 158.397 -0.132609 -0.617069 -0.694079 -0.178552 -0.172913  0.763712  0.971034 -0.526136 -0.830056 0.0557836
point 13 349 123.474   129.7  0.666787 -0.241319  0.669236 -0.860966 -0.756489 0.0728925  0.485534 -0.475315  -0.30688 -0.650004
point 14 357 238.951 206.732   0.343514  -0.247666   0.504109   0.433408   0.543637 -0.0786111    0.37121   0.735933   0.457102  -0.284046
point 15 361 72.3216 161.038   0.834744   0.688393  -0.291862  -0.470308   0.667852   0.618716   0.303982   0.362678  -0.967246 -0.0292948
point 16 366 179.838 143.918  0.415683  0.729518  0.192578 -0.699036  0.108139 -0.714138 -0.958794 -0.281785 -0.359204  0.952223
point 17 383 332.297 156.804 -0.668386 -0.346685 -0.966932  -0.69289 -0.705596 -0.160141  0.473405  0.555995  0.477038 -0.161084
point 18 391 251.568 226.891  -0.820188  0.0200205   0.149676 -0.0832285  -0.359928  -0.430838  -0.301225   0.270917  0.0445626  -0.938558
point 19 395 374.063 231.294   -0.680733    0.110115   -0.896113    0.918706    0.886405    0.661295   0.0380244   -0.344737   -0.100956 -0.00211168
point 20 426 284.439 157.231  0.928202  0.182195  0.896609   0.27377  0.820392 -0.226909  0.465309  0.353967 -0.876301 0.0213907
point 21 436 291.041 231.283  0.325558  0.846591  0.193979  0.669924 -0.805838  0.392189 -0.452009 -0.466256  0.902198 -0.281751
point 22 445  259.54 43.1504 -0.940702 -0.304215 -0.719337 -0.877437 -0.344547  0.803857 -0.266877  0.146814 -0.475889  0.554249
point 23 447  359.99 34.9663  -0.397782  0.0775259  -0.963471  -0.738687    0.29831  -0.840905 -0.0515395   0.530005  -0.730073   0.566583
point 24 515 182.774 183.951 -0.0481223  -0.567661  -0.158115  -0.392979   0.632735   0.440813 -0.0355673   0.229269  -0.606552   0.423764
point 25 526 380.801 131.479 -0.235125   1.00035 -0.352628 -0.772402  -0.28181  0.420387  0.944589 -0.972373 -0.581654  0.849229
point 26 549 38.4006 219.979  0.741652 -0.424643  0.845357  0.927294 -0.164448  0.242268 0.0174266  0.518506  0.381114  0.740166
point 27 556 582.016 183.239   1.02814   1.03216 -0.266873  0.514123  0.969086 -0.195624  0.465342 -0.679649  0.909986  0.206663
point 28 579 132.948 85.4463    -0.867924    -0.146264    -0.847733 -0.000913995     0.957573     0.487468    0.0758452     0.558787     0.188609     0.220868
point 29 586 115.152 58.0684 -0.0301374  -0.954331   0.728224   0.178745   -0.34629  -0.110522  -0.752063   0.077666 -0.0670377   0.743817
point 30 590 385.283 153.073  -0.463553   -0.94207   0.666357   0.485963 -0.0162625  -0.603063  -0.463193   0.521134   -0.19704  -0.846062
point 31 712 142.263 234.756 -0.0611705  -0.698303     0.5309   0.772823  -0.550275  -0.500746  -0.712082  -0.164818   0.824306  -0.126479
point 32 730 363.815 170.933   0.799815   0.422837   0.824595   0.797229   0.572769  -0.225969  -0.299863   -0.53937 -0.0810343   0.984152
point 33 759  168.54 126.118 0.0816719  0.604935 -0.838151 -0.804142 0.0339725  0.470396  0.859002  0.310822  0.463973 -0.326293
point 34 765 506.15 120.32 -0.980151 -0.212341  0.532581  -0.57164 -0.384679 -0.330553  0.534164 -0.214179  0.482352   0.90437
point 35 785 132.962 134.671  -0.115148 -0.0728523  -0.476456   0.539945  -0.917303  -0.511686  -0.828804   0.700217   -0.63733    1.00929
point 36 792 250.924 189.666 -0.0300798  0.0919643   0.476458   0.472599   -1.00212   0.766307   0.680865 -0.0418427  -0.503488   0.102315
point 37 813  303.95 230.494   0.689704   0.882099  -0.293343  -0.848329    0.25421  -0.768192    0.79452  -0.713528 0.00728102   0.129565
point 38 865 290.812 171.659   0.907905  -0.314384  -0.973626  -0.292654  -0.320654  -0.218335   -1.00631   0.572746  -0.804752 -0.0799892
point 39 874 473.669 199.468 -0.918094  0.251975 -0.709188  0.877149  0.290534  0.743864  0.713976   -0.6478  0.184155 -0.761217
point 40 914 55.7378 230.337   0.245355  0.0107432 -0.0725568    0.35675   0.298778    0.45121  -0.632908 -0.0825788   0.185726   0.812435
point 41 932 135.404 159.184 -0.0678807 0.00196542   0.761213 -0.0812674  -0.111729   0.708318 -0.0700969  -0.963075  -0.221939   0.514081
point 42 948 294.564 188.507 -0.915086  0.211142 -0.884465  0.404485 -0.151505  0.302892  0.264839  0.382997  0.480761 -0.203166
point 43 964 7.03406  125.91  0.895649 -0.274749  0.208793 -0.255468 -0.819335 -0.973065  0.536017 -0.974279 -0.793632   0.65907
point 44 975 229.568 211.936  -0.761812   0.431917   0.711412 -0.0667854   0.684307   -0.15816  -0.835946   0.284862 -0.0248629  -0.318912
point 45 982 179.416 212.076  0.556421 -0.378596  0.955016 -0.109823  0.292547  0.510427  0.641222 -0.109589  0.992731  0.186601
point 46 992 203.367 161.332  0.389708 -0.659051 -0.249491  0.387471  0.902264  -0.53824 0.0386023  0.844953 -0.861301  0.938502
point 47 995 184.866 193.723 -0.988296  0.781047   0.59158  0.747256  0.971904 -0.686731  0.719748 -0.454719 -0.904887 -0.428896

