seq: 19
gt_pose: 3.43648 1.04142 1.04052
odom_pose:  3.54219 0.836716 0.931683
point 0 20 435.423  216.08 -0.499234 0.0531721 -0.779172 -0.483378  0.731444  0.382224 -0.817838 -0.778796 -0.245969   0.16124
point 1 37 81.8532 213.208  -1.02268 -0.990095  -0.38644  -0.43947  0.300804   0.75863 -0.644729 -0.345672  0.307877  0.776661
point 2 49 408.277 108.438  -0.685484  -0.377405   0.788718     -0.281   0.773925   0.497203 -0.0861482  -0.413657   0.881263   -0.79568
point 3 50  478.14 187.315  0.842239  -0.60765 -0.437474 -0.676968   -0.6242  0.276885 -0.598847 -0.732134 -0.571609  0.923353
point 4 53 186.445 184.772  0.751074  0.291775 -0.339045 -0.874194  0.519143  0.624719  0.416416  0.392533  0.848052 -0.331935
point 5 61 288.144 162.058  0.154557  0.466445  0.516457  0.816785 -0.776726  0.529349  0.916439 -0.754333 -0.405774 -0.559807
point 6 75 405.232 193.152 -0.696799 -0.922947  0.955201  0.550448 -0.747777  0.678145 -0.610519   1.01336 0.0923718  0.334071
point 7 77 149.042 227.656 0.0867531 -0.945784 -0.416025 -0.584275  0.404741 -0.129458 -0.526757  0.293163 -0.600653 -0.311151
point 8 79 403.696 187.188 -0.248227 -0.710955 -0.113169 -0.835042  0.230821  0.949576  -0.81929  0.741758 -0.674457  0.561884
point 9 82  378.82 143.798   0.940232 -0.0404039  -0.236712  -0.282631    0.82131   0.804266     -0.787   0.786361   0.796743  -0.639801
point 10 89 212.142 230.849  0.609286 -0.646679  -0.38046 -0.302539  0.258285 -0.598809 -0.551168 -0.917853 -0.749597 -0.191859
point 11 103 46.3526 213.235  0.405596 0.0980703  0.512084 -0.149329 -0.238522  0.127587  0.702715 -0.841304  0.371912 -0.580642
point 12 106 231.049 234.837 -0.178921   1.00887  0.103774 -0.146869  0.416355  0.206401 -0.187884 -0.934389  0.479323 -0.118715
point 13 120 420.611 96.2769  -1.01254  0.124359  0.728611 -0.563226  0.674279  0.550477 -0.694366  0.237845 -0.950013  0.306709
point 14 134   283.6 151.103 -0.342254  0.082094  0.480356  0.814711  0.679632 -0.326245  0.945931  0.726603  0.571656 -0.774183
point 15 140  329.05 167.847 -0.498606 -0.138351  0.647139  0.073774  0.809778 -0.712206  0.346808 -0.574211 -0.325019    0.8884
point 16 157 249.45 237.65 -0.0156653   0.178764   0.654934    0.45085  -0.759116  -0.952975   0.240745   0.607759  -0.708147    0.49551
point 17 158 143.337 61.1295  0.533701  0.474983  0.346257 -0.278879 -0.163178 -0.441869 -0.768158  0.212699  0.935244 -0.569861
point 18 161 278.893 169.465  0.461501  0.938904 0.0400179 -0.460651 -0.372897 -0.806883 -0.452281 -0.253375 0.0234799  0.574824
point 19 170 330.781 235.243  0.127685 -0.351304  0.180363 0.0972688  0.797545  -0.21503 -0.850821  0.786518  0.469751  0.700518
point 20 173  34.694 164.789 -0.561145  0.533432 -0.796225  0.825937  0.232455  0.120146  0.547509  -0.85019  0.135258 -0.310359
point 21 244  412.88 187.851 0.00239037  -0.882627   0.465175   0.582661  -0.822129   0.745826  -0.369997   0.261596   0.180043   0.270903
point 22 255 622.987 199.776   -1.01358  -0.841716  -0.978383  -0.959368 -0.0333037   0.916085   0.172411   -0.35939  -0.115063   0.353425
point 23 270 521.264 223.565  -0.501826   0.415579  0.0238514  -0.688562 -0.0131819   0.190614   0.420429  -0.189695  -0.868668  -0.879719
point 24 275 35.0239 148.734   0.866199  -0.100295   0.485646  -0.816419 -0.0540967   0.140323  -0.258919   0.433649   -0.55955  -0.124341
point 25 276 476.976  239.28   0.508775  -0.662663   0.114982 -0.0866171   0.285355 -0.0738901   0.257614  -0.663767  -0.469381   0.776108
point 26 304   69.04 36.6604    0.5053 -0.541662 -0.450236 -0.386491  0.983718  -0.21447  0.667136  0.530995 -0.576915 -0.461887
point 27 315 209.295 178.049 -0.840665 -0.384289   -0.9779 0.0799082 -0.373044   0.15147  -0.53264  0.777868  -0.68349   0.89833
point 28 320 118.622 228.501  -0.164237   0.623867   0.945958  0.0222307   0.592348   0.201423 -0.0476779  0.0205218   0.152124   0.292073
point 29 325 389.856 153.604 -0.194688  -0.28569 -0.650542   0.13696  0.164189  -0.32955 -0.300003 -0.505375 -0.626497  -1.00755
point 30 340 484.959 96.7673   0.411534  -0.376451  -0.686984  -0.100984   0.831799 -0.0930967  -0.658287   -0.43921   0.512677  -0.348403
point 31 341 546.276 206.454  -0.672728   0.100804   0.339856  -0.379154   0.261391  -0.394608  -0.867396  -0.678898   0.778787 -0.0436718
point 32 343 280.236 221.864  0.0234582  -0.938787  -0.342188  -0.873556  -0.224048 -0.0605977   0.307658  -0.904511   0.622171   -0.39883
point 33 377 46.4029 227.472  0.592812  -1.01797  0.167127 -0.554422 -0.763151  0.772295 -0.427013 -0.977623 0.0736452   0.70525
point 34 390 413.652 230.974  0.297813 0.0559881  0.282926 -0.603838  0.385151  0.817552  0.296094  0.209467  -0.57941  0.437519
point 35 393 87.6131 218.088  0.521029 0.0824502  -0.30343  0.326851  0.959718  -0.12199 -0.659886  0.121082  0.724619 0.0213853
point 36 396 370.222 63.8301  0.214093 -0.697209  0.890968  0.726351 -0.435279 -0.322507 -0.743326  -0.42867  0.332957  0.658903
point 37 401 462.481 207.344 0.0256251  0.541411  0.307043 -0.485062 -0.569949  0.215367  0.654325  0.780218 -0.885971 -0.623825
point 38 407 570.569 212.238  -0.694987   0.991486  -0.911433   0.701513  -0.779035 -0.0885954   0.707589  -0.959355  -0.373699  -0.448923
point 39 438 115.643  193.09 -0.644045  0.818139 -0.645597  0.997312 -0.308084  0.710458  0.827837  0.884737  0.413105  0.995095
point 40 449 258.912 170.969 -0.0583427  -0.367107   0.868486  -0.480304  -0.102935  -0.538732   0.537964  0.0103826  -0.316968  -0.235109
point 41 450 63.4764 162.232   0.471007   0.202158   0.632436  -0.586279   0.933232   0.555357 -0.0151706  -0.822944   0.833016   0.724453
point 42 456  587.18 97.1334  0.184767 -0.631539  0.527016 -0.465074 -0.329283  0.652461  -0.53322 -0.749265 -0.776379 -0.918205
point 43 458 122.353 195.159 -0.787856  0.226393 -0.815621  0.351329  0.558976  0.402026  0.722768 0.0537882  0.873264 -0.564737
point 44 464 78.9469 233.826 -0.0356798   -0.89682  0.0705981   0.104296  -0.504904   0.110171   0.415871   0.470242  -0.591242   0.220927
point 45 505 96.0526 191.607  -0.649765  -0.266481   0.246348   0.280525  -0.842639  -0.482934  -0.854133   0.920957  -0.480217 -0.0463593
point 46 512 610.382 61.2287 -0.675187  0.110872  0.790676 -0.374078   0.58213 -0.910023 -0.248948  0.218576 0.0594583 -0.433096
point 47 521 309.521   195.4 -0.838561 -0.377154  0.635504  0.147946 -0.218281 0.0456886 -0.398748 -0.703415 -0.831901 -0.707856
point 48 556 528.447 205.738   1.02546   1.04046 -0.308175  0.557471  0.966761 -0.218226  0.427071 -0.684772  0.874708  0.243969
point 49 564 565.292 175.515 -0.647276 -0.180247  0.252072 -0.489977 -0.128633  0.460385 -0.436477 -0.909219 -0.747938  0.969948
point 50 581 265.094 239.246 -0.669271 -0.539489  -0.30014  0.939408 -0.977859 -0.173415 -0.184319 -0.747347   0.85488 -0.137222
point 51 603 217.438 141.352   1.04095  0.549888  0.705299  0.255743 -0.785215  0.370494 -0.832443  0.828032 -0.570995  0.707581
point 52 605 467.663 208.878   0.913295   0.502394  -0.426639   0.286161   0.129556  -0.389574  -0.113911 -0.0795208   0.877419   0.147782
point 53 627 195.944 150.076 0.0411181  0.873956 -0.596067 -0.522572 -0.811099  0.302016 -0.792005 0.0193934  0.321876  0.665587
point 54 630 393.159 216.998 -0.00416764    0.013418   -0.389444   -0.362672    0.622284 -0.00397399     0.50658   -0.224855    0.609028   -0.660488
point 55 668 413.041 146.331 -0.521874   0.76664 -0.767989 -0.472349 -0.544717 -0.159391  0.170331 -0.533114 -0.883377 -0.584191
point 56 678 133.829 165.262  -0.753791  -0.889951  -0.395031  -0.380857 0.00872677  -0.947335  -0.877602  -0.176362   0.315798  -0.313369
point 57 717 283.955 172.997  0.928918  0.691938 -0.910839 -0.295843 -0.393084  -0.68962 -0.607364  0.740055  -0.36685  0.663456
point 58 739 582.149  215.54  0.999834  0.170292 -0.424412 -0.032983  0.777218  0.224977 -0.849055 -0.231057 -0.181024 -0.680197
point 59 749 552.678 195.176  -0.640605   0.256458   0.694518  -0.680008   0.534692 -0.0114168   0.716909    0.12344  -0.283467  -0.188063
point 60 765 454.065 185.408  -1.02591 -0.181934  0.532304 -0.557052 -0.392376 -0.313495  0.516254 -0.196587  0.483247  0.976886
point 61 778  624.35 199.446 -0.180342 -0.637282 -0.800637  0.737162 -0.516801 -0.925562 -0.413007  0.300398 -0.432274 -0.659987
point 62 780 25.5236 239.309 -0.964366 -0.185968 -0.297531  0.151868  0.970113  0.517552  0.540906 -0.786219  0.277821  0.943987
point 63 803  370.44 191.003 -0.787746  0.988109  0.775587 -0.569228 -0.617794   0.19793  0.119325  0.758886 -0.249762  0.703082
point 64 804 329.161 162.632 -0.747333 -0.692522 -0.711129  -0.58665  0.524673  0.747191 -0.114489  0.473815 -0.577465  0.170703
point 65 809 520.725 118.428 -0.242438 -0.946634 -0.943063 -0.297164 -0.509639 -0.228032  0.830592  0.812591 -0.289555 -0.172403
point 66 817 418.162 181.451  -0.318275   0.497516   0.815716   0.623966   0.641962 -0.0811039  -0.666344   0.587862   0.629385  -0.880398
point 67 823 417.658 164.953    0.014119    -0.73638   0.0824234    0.722495    0.520437   -0.582946   0.0269844    0.929689   -0.457165 -0.00686611
point 68 826 32.9724 194.078   0.504116  -0.239799   0.258694    0.58729   0.941707  -0.421526 -0.0493368  -0.695252   0.759286   0.589799
point 69 846 341.227 226.205    0.50326   0.287597   0.391175  -0.878677  -0.947441 -0.0990231  -0.670777  -0.283031  -0.378561   0.221683
point 70 866 387.651 149.549  -0.560198 -0.0974481   0.728748  -0.566382   0.707503  -0.280142  -0.097919   0.369745  -0.429026   0.924979
point 71 868 245.261 206.832   0.615963  -0.339134  -0.835552  0.0189284  -0.612071  -0.423207   0.880236  -0.931723 -0.0373506   0.581283
point 72 874 461.586 218.158   -0.9045  0.219369 -0.709833  0.875548  0.262314  0.744866  0.727241  -0.68456  0.182623 -0.762308
point 73 886 363.077 12.4123 -0.330175 -0.862152 -0.452745 0.0978568  0.308424  0.997497  0.860539  0.837767 -0.685125 -0.821487
point 74 897 152.589  190.19   0.263863   0.899561   0.993825   0.581641   0.168936  -0.822122 -0.0860492  -0.227185  -0.869229   0.217738
point 75 905 195.747  27.393 -0.991492  0.160702  0.446853 -0.368453  0.672944  0.299792 -0.855732  0.616653 0.0193222  0.136064
point 76 910  140.99 84.2313 -0.957821  0.668819  0.467384 0.0291799  0.670989   0.50674 0.0667998  0.628126  0.725867  0.354647
point 77 911 362.967 177.674 -0.977484 -0.354761 -0.796041  0.683346 -0.939362 -0.124886 -0.949668 -0.178628  0.481773 0.0876486
point 78 920 366.767 184.974 -0.926851  0.716491 -0.359962 -0.352697 -0.442638 -0.146152  0.786352 -0.834367    1.0456 -0.570239
point 79 926 421.229 216.742  -0.708675  -0.822576   0.864226  -0.876886 -0.0412076  -0.510222  -0.407534  -0.721751  0.0671229   0.555776
point 80 939  554.08 71.9853  -0.37695 -0.767782  0.541031  0.868908  0.199404 -0.912952 -0.737767  0.655861  0.167697  0.820494
point 81 947 139.498 178.816   -0.3168 -0.982857  0.830341 -0.618804 -0.528774  0.947822  0.659645 -0.729346 -0.858746  0.752523
point 82 951 395.349 207.899   0.210616  -0.841821  -0.074925   0.430082   0.269094 -0.0422075  -0.971552   0.466574  -0.159189  -0.670254
point 83 972 73.6819 148.376  -0.673814  -0.516687   0.983577 -0.0569759  -0.946503  -0.593863  -0.736457  -0.315393  -0.712392   0.698076
point 84 984 106.681 169.295 -0.454878 -0.845278 -0.943026 -0.510559  0.451304  0.534291 0.0768532  0.516303 -0.516701 -0.674967
point 85 993  35.608 155.994  -0.189328   0.966504  -0.467679   0.743118 -0.0838775    0.38085   -0.25877   0.128914   0.332089  -0.324778

