seq: 13
gt_pose:   2.5707 0.232998 0.451358
odom_pose:  2.60117 0.127225 0.401252
point 0 0 595.406 161.186   0.616717   0.831683  -0.637349  -0.327772    0.50138  -0.476637   0.102909 -0.0195157   0.250572  -0.304612
point 1 3  390.09 162.332 -0.162404  0.793485 -0.384562 -0.247151   0.65309  0.808881 -0.897607  0.939115 0.0207359 -0.818231
point 2 15 140.18 175.55  0.750792  0.648741  0.967321  0.514362  0.758509   1.00063  0.365448 0.0135343 -0.646314  0.664331
point 3 42  399.87 33.4294  0.0626899  -0.779117 -0.0576845 -0.0291617  -0.855631   0.606319  -0.262729   0.267651  -0.142449  -0.701252
point 4 49 281.438 154.275  -0.681169  -0.373777   0.735618  -0.260978    0.83724   0.454126 -0.0205941  -0.502765   0.942592  -0.708809
point 5 53 46.8133 179.155  0.789605  0.296984  -0.33383 -0.930293  0.513702  0.591642  0.350232   0.32583  0.762374 -0.345565
point 6 61 171.439 159.987   0.17352  0.509515  0.461597  0.874134  -0.77046  0.546796  0.849477 -0.842354 -0.436357 -0.561445
point 7 64 329.978 37.2801   0.901913    0.50842  -0.805469  -0.886791  0.0588469  -0.162664  -0.531339 -0.0879308  -0.639679  -0.338666
point 8 75 280.727 208.248 -0.645864 -0.909626  0.917834   0.58663 -0.753786  0.751231  -0.61399   1.01148  0.112917  0.311313
point 9 82   263.2 169.011    0.92675 -0.0426898  -0.268895  -0.257739   0.847681   0.882521  -0.746211   0.794372   0.704713  -0.605304
point 10 87 379.406 233.478  0.716144  0.837997 -0.193501  0.915073 -0.646076 -0.612478 -0.514077 -0.278489  0.803694  0.237344
point 11 89 73.6933 229.722  0.572485 -0.624473 -0.317147 -0.287545  0.284542 -0.633209  -0.48982 -0.920623 -0.747895 -0.150861
point 12 94 488.219 193.331  -0.766588   0.438125  -0.564076   0.162037  -0.980925    0.64497 -0.0872804  0.0460741   0.631186  -0.776257
point 13 106 89.3188 233.928    -0.2476   0.980805   0.105611 -0.0766566   0.390247   0.154289  -0.176102  -0.975422   0.543824 -0.0835615
point 14 115 334.283 124.112  -0.685689  -0.768869   0.450472   0.503632 -0.0722655  -0.619879   0.889331  -0.511384  -0.431224   0.440566
point 15 120 283.361 159.986 -0.953187  0.202958  0.654336  -0.50226  0.591258  0.597044 -0.663819  0.259676 -0.935826  0.312427
point 16 130 130.447 179.269   0.782875   0.243097 -0.0328203   0.980643   0.474278  -0.332224   0.995256  -0.875777  -0.469729  -0.503734
point 17 134 173.486 156.951 -0.310326 0.0835046  0.401694   0.81364  0.734485 -0.330049   0.89058  0.723495  0.603591 -0.857166
point 18 140 221.712 180.505  -0.49069  -0.11354  0.677117  0.110969  0.803989 -0.802354  0.356996 -0.574398 -0.375178  0.887629
point 19 157 111.016 237.208 -0.0064368   0.162072   0.672148   0.471325  -0.772421   -1.00227   0.244683   0.655415  -0.678675   0.546193
point 20 158 15.5446  58.256  0.514081  0.436383  0.298351  -0.27716  -0.10285 -0.434922 -0.770242  0.217676  0.939084  -0.64001
point 21 161 160.153 166.566    0.483495    0.950659 -0.00532003   -0.408678   -0.423948    -0.75801   -0.390456   -0.294237   0.0721668    0.586491
point 22 162 407.993 187.946 -0.638753  0.222384 0.0716662 -0.708598  0.103421  -1.01253  0.649409 -0.708628  -0.68031  0.210226
point 23 170 224.392 236.292  0.157795 -0.309888  0.225903 0.0884402  0.818697 -0.237449 -0.901018  0.719697  0.474342  0.707892
point 24 177 542.559 184.123 -0.719171 -0.123471 -0.542337  0.374117  0.119205  0.103129 0.0215544 -0.625354  0.570095 -0.289026
point 25 180 0.388235  159.553  -0.16006 -0.481599 -0.680383 -0.716765  0.152565  -1.04691 -0.126961 -0.120558 -0.127438 -0.232949
point 26 185 456.039 146.177   0.10465 -0.572052 -0.530623  0.301701 -0.251002  0.851124 -0.680721  0.928165 -0.205173 -0.178484
point 27 191 67.4571  218.62  -0.905707  -0.891329  -0.854535   0.733384 -0.0585248  -0.967468   -0.27626 -0.0248523  -0.795511   0.623313
point 28 214 8.86522 186.065  -0.705088  -0.495348  -0.681268  -0.173589   0.163253 -0.0823798   0.740096  -0.763229 -0.0792564  -0.487826
point 29 215 613.982 162.258  0.969432 -0.507224  0.908591 0.0719053 -0.447389  0.376901  0.803013 -0.168002 -0.680159 -0.213531
point 30 217 638.898 99.7958 -0.366064  0.311899 -0.955167  0.216029  0.255281 -0.953985  0.684425  0.116797 0.0924819 -0.783092
point 31 276 315.483 239.606    0.51447  -0.683529   0.035274 -0.0345155   0.277871 -0.0642248   0.278991  -0.586785   -0.49435    0.74908
point 32 280  408.37 195.231 -0.283202  0.128537  0.565603 -0.108511 -0.358708 -0.346324  0.789053  0.805662  -0.11776  0.769282
point 33 289 528.742 172.652  0.912366 -0.444439  0.389438  0.959986 -0.853603  0.934878 -0.714167 -0.470975   1.00673 -0.326696
point 34 290 573.313 63.8653 -0.689363   0.86907 -0.731298 -0.498775  -0.64212  0.526192 -0.867757 -0.812324  0.590425  -0.93962
point 35 310 110.098 166.173  0.620606  0.197806  -0.68377 -0.821837  0.652614 -0.233077 -0.881369 -0.326706  0.793925 -0.615244
point 36 315 115.804 188.605 -0.886284 -0.379699 -0.946298  0.060081 -0.324483  0.210771 -0.518923  0.780655 -0.771111  0.907853
point 37 317 536.454 236.801   0.587006 -0.0832042  -0.619865  -0.123741   0.696423  -0.480425   0.477005   0.729354   0.646699  -0.827957
point 38 325  263.48 195.742 -0.217226 -0.322449   -0.6158  0.124295  0.224322 -0.388962 -0.227979 -0.438436 -0.565569  -1.00026
point 39 340 320.991 160.786   0.420283  -0.361142  -0.675107 -0.0606335   0.827281  -0.132659  -0.658635  -0.430011   0.575903  -0.336373
point 40 343 170.936 223.238 -0.0512025  -0.939641  -0.398927  -0.829777  -0.228066 -0.0433108    0.30919   -0.89547   0.573313  -0.466321
point 41 348  462.69 206.717    0.85156   0.119706  -0.762401   0.279691   0.332955  -0.337302   0.122762  -0.711424 -0.0291397  -0.976126
point 42 353  265.99 112.579  -0.532668   -0.25763   0.966728  -0.332045  -0.334405   0.298149 -0.0399448  -0.604963  -0.377521   0.131682
point 43 372 557.091 218.211    -0.1703   0.854413 -0.0383251  -0.486714    0.98222     0.6289  -0.611812  -0.991675  -0.429963   0.218027
point 44 396 254.535 130.674  0.265543 -0.717205  0.827564  0.669922 -0.380383 -0.326144 -0.826944 -0.387536  0.394432  0.575711
point 45 401 314.036 220.149 -0.0056176    0.53195   0.267103  -0.444718   -0.57092   0.199709   0.618112   0.802077  -0.898503  -0.611747
point 46 403 611.151 204.006  0.230317  0.662721 -0.522958 -0.581357 -0.607093  0.452698   1.02594  0.662217 -0.982845 -0.628931
point 47 418 387.646 230.095  -0.904335 -0.0337567     0.3249   -0.60518   0.885338    0.75574   0.966064  -0.759126   -0.66929   0.595144
point 48 440 39.5158 158.358 -0.875371 -0.930624  0.114487   0.95598 -0.549413  0.393526  0.727412 -0.177791  0.401497 -0.589073
point 49 442 590.075 231.905 -0.157264  0.598047 -0.684963  -0.40652  0.584564 -0.620428 -0.330095 -0.333141 -0.672334  0.186714
point 50 449 127.037 160.725 -0.00423623   -0.334877    0.792508   -0.527306  -0.0361464   -0.533454     0.55625  -0.0343145   -0.367158   -0.182158
point 51 456 350.526 178.699  0.208956 -0.570434  0.526502 -0.527017  -0.34601   0.67528 -0.535999 -0.746347 -0.804211 -0.962487
point 52 487  128.64 180.995 -0.864849  0.974606 -0.722363 -0.889244 0.0304509  0.593911 -0.317267 -0.864624  0.341828 -0.239351
point 53 512 359.744 164.201 -0.604668 0.0243041  0.703918 -0.394272  0.575612 -0.867744  -0.23961  0.176248  0.021807 -0.419828
point 54 517  107.52 186.658   -0.441032 -0.00735528    -0.83135   -0.517295      0.3157    0.177517  -0.0964045   -0.770958    0.644758   -0.454501
point 55 521 197.466 196.672  -0.80395 -0.362814  0.678292  0.130424 -0.189588 0.0177013 -0.420844 -0.649976 -0.839476 -0.655041
point 56 533 518.005 108.883   -0.66279  -0.227294   0.639704  -0.231486  -0.757075  -0.748684   0.623549  -0.219229   0.677675 -0.0757086
point 57 564 353.691 208.541 -0.614971 -0.144958  0.278855 -0.508543 -0.079022  0.546998 -0.508007 -0.996772 -0.758556  0.938033
point 58 569 5.67208 195.775  0.040846 -0.734011  0.320787  0.257894 -0.225684  0.397385  0.408662 -0.542482  0.984204 -0.369224
point 59 581 161.919  239.35  -0.69923 -0.476882 -0.252962  0.942486 -0.959697 -0.166518  -0.12881 -0.793575  0.835611 -0.177515
point 60 582 463.456 182.975 -0.049348 -0.786583 -0.512166  0.936474  0.196398  0.103772 -0.494479   0.25267 0.0371917  0.754179
point 61 588 484.942  219.71 -0.201048 0.0719904 -0.368327 -0.643248  0.540445  0.587249  -0.57942  0.311188 -0.137443 0.0971656
point 62 603  89.639 135.681  0.964773  0.559479   0.75532  0.229694 -0.816467  0.392286  -0.89204   0.84329 -0.541403  0.641851
point 63 605 316.654 221.272  0.879628  0.524457 -0.340589  0.357434  0.134852 -0.364765 -0.097785 -0.145293  0.892687  0.158983
point 64 608 483.039 211.365   0.743853    1.00137 -0.0728291   0.744897 -0.0618821   0.674348   0.346233   0.775209   0.189688   0.994269
point 65 612 498.343 186.958 -0.676548  0.460145  0.148808  0.332271  0.368842  0.995565 -0.843421  0.127343  0.667451  0.562607
point 66 619 449.855 180.693 0.0568472  0.938423  0.378715 -0.924274 -0.963599 -0.573968 -0.766232  0.324287  0.587797 -0.337952
point 67 624 458.212  220.85 -0.00801876    0.678242   -0.690819   -0.630368    0.722975   -0.139255   -0.650553    0.176815    0.707288   -0.628588
point 68 627 28.4968 125.281 0.0618583  0.933625  -0.62833 -0.533868 -0.815685  0.368411  -0.85722 0.0108013  0.270346  0.630175
point 69 628 88.7138 211.768 -0.644325 -0.186768  0.139948 -0.366206 -0.159935  0.879571  0.574793   -0.3821   0.45391  0.788691
point 70 632 424.578  237.41 -0.0542332   0.211348  -0.275031   -0.69591  -0.570478   0.629263   0.270233   0.115159  -0.662387 -0.0598981
point 71 646 505.657 205.457 -0.383961  0.594487  0.782692  0.783349  0.392097 -0.695012 -0.355272  0.841887  0.232452  0.504641
point 72 668  286.17 176.807 -0.578303  0.859471 -0.754586 -0.419552 -0.497679 -0.152325  0.122429 -0.473001 -0.901724 -0.573099
point 73 681 636.096 117.936 -0.243513  0.534332  0.221016  0.450789 -0.720084  0.148095 -0.774962  0.424554 -0.079143 -0.860858
point 74 698  575.54 217.709  0.316376   -0.4092  0.430996  0.430077  0.469266  0.518676 -0.895744 -0.366771 -0.167934 -0.970399
point 75 704 101.938 194.601 -0.391521  0.114447  0.376819 -0.211249 -0.559399  0.874095  0.592013 -0.978136 -0.482538  0.633507
point 76 717 170.258 174.228  0.962837  0.659312 -0.933942 -0.283618 -0.398934  -0.74014 -0.649222  0.759351  -0.37066  0.656021
point 77 737 418.921 208.714 -0.376498  0.150788 0.0261492  0.615923 -0.779303  0.159979 -0.896636  0.132246  0.536058  -0.19646
point 78 753 573.219 178.411  0.572861  0.458991  0.221976 -0.914319 -0.758221  0.892183  0.148224 -0.188449  0.757035  0.540056
point 79 754 519.807 181.134 0.0229279  0.406387  -0.35384 -0.971904  0.196101 -0.534177  0.849118  0.724883  0.352915 -0.345393
point 80 768 532.358 172.424 0.0455386 -0.204245  0.178851  0.402578 -0.762669  0.271609 -0.185675  0.403211  0.734987  0.655578
point 81 771 553.09 199.16  0.199953  -0.37185   0.79804   1.00149 -0.610749  0.912982  0.671211 -0.232208 -0.457765 -0.666522
point 82 778 361.894 223.392 -0.173177 -0.639664 -0.812292  0.689289 -0.575547 -0.869931  -0.41178  0.335328 -0.421526 -0.739976
point 83 789 578.087 183.529  -0.705512  0.0436216   0.611039 -0.0412517   0.134708  -0.604976  -0.689353  0.0200275  0.0293774   0.342739
point 84 804 227.101 191.127 -0.767916 -0.754866  -0.69373 -0.582563  0.495388  0.673487 -0.121022  0.470519 -0.541728  0.143589
point 85 809 333.931 178.357 -0.226431 -0.875696  -1.00028 -0.322711 -0.493606 -0.228034  0.852088  0.757461 -0.194222 -0.252047
point 86 817 289.135 201.119  -0.285885    0.48843   0.863597   0.625522   0.624686 -0.0798733  -0.639836   0.591644   0.641645  -0.952722
point 87 837 310.823  71.058 -0.0526331  -0.225054  -0.527527  -0.355257  -0.743572   0.164287  -0.449709  -0.387351  -0.787375  -0.470383
point 88 839 565.491 209.262 0.0473415 -0.200419 -0.861293 -0.911854 -0.189007 0.0377131 -0.125878  0.269324    0.7143 0.0806054
point 89 846 233.897 230.038   0.468323   0.311676   0.382327  -0.865734  -0.921805 -0.0251474  -0.656604  -0.230887  -0.400903   0.248117
point 90 866 268.993 176.225 -0.580378 -0.139373  0.746859  -0.62123  0.663393 -0.266265 -0.116721  0.349746 -0.425918  0.938928
point 91 868 102.262 199.614    0.655811   -0.373907   -0.872845  -0.0104381   -0.641938   -0.437289    0.897688   -0.856685 -0.00672685    0.490424
point 92 886 248.716 127.596 -0.314733 -0.882866  -0.44712 0.0323046  0.343581  0.959467   0.85934  0.874633 -0.761137  -0.86413
point 93 892 446.999 103.054   0.295193  -0.923756  -0.724134   0.723379  -0.711484   0.729509  -0.642134   0.147274   0.803532 -0.0310894
point 94 898 347.498 231.217  0.771924 -0.617588  0.231953 0.0357654 0.0225453  -0.27252  0.545049  -0.49975 -0.106488  0.415319
point 95 905 101.833 61.1054 -0.942493  0.130705  0.452906 -0.386234  0.709373  0.314473 -0.814657  0.693385 0.0568056  0.188138
point 96 910 60.8445 114.445    -0.963129     0.655538     0.410277 -9.31501e-05     0.625054     0.485603    0.0694515     0.563413     0.821899     0.369223
point 97 911 251.003 192.133 -0.957866  -0.42761 -0.729692  0.752521 -0.918386 -0.136131 -0.960802 -0.177909  0.510387 0.0712424
point 98 920  253.14 201.975 -0.915765  0.694104 -0.306366 -0.335558 -0.382806 -0.156127  0.818172  -0.83346   1.01235 -0.500936
point 99 926 288.633 225.436   -0.755694   -0.761127    0.920248   -0.881013 -0.00903233   -0.500135   -0.432797   -0.686924   0.0124964    0.526544
point 100 928 276.075 137.881 -0.161562  0.925184 -0.852983 -0.901481 -0.241705 -0.546952 -0.692664 -0.363775 -0.407383   0.28103
point 101 939 314.322 184.616 -0.401238 -0.754003    0.5851  0.898348  0.156327 -0.912425  -0.74858  0.681482  0.110781   0.82782
point 102 951   275.9 216.525   0.159577  -0.817366 -0.0964718   0.435065   0.189422 -0.0315791  -0.956482   0.461639  -0.213734   -0.70981
point 103 963  406.96 1.39576 -0.0291394  -0.802798  -0.341307    0.43102  -0.935883    0.28774   0.934643  -0.914389  -0.219092   0.481948
point 104 969 612.589 239.854   0.663085  0.0856437    1.01111    -0.1415    0.49214   0.222011   0.738928 -0.0587158    0.12247  -0.129009
point 105 996 504.103 177.805   0.279317   0.536249    0.50387   0.950344   0.679602   -0.92244 -0.0967341   0.701928   -0.42984   0.603018

