seq: 275
gt_pose:    7.129 -1.96461 -1.75475
odom_pose:  5.56773 -3.40203 -1.99103
point 0 26 542.521 168.588 -0.862255 -0.754452  0.309381 -0.235335 -0.469206 -0.303859 -0.855262 -0.124754  0.851702  0.176225
point 1 35 428.897 204.269  0.149899  0.880281  0.343628  0.666166  0.380551 -0.390125   0.32446 -0.968475 0.0952283  0.733226
point 2 38 609.239 118.694 -0.609051 -0.644871 0.0119552  0.675463  0.318866  0.775807 -0.642101 -0.172823  0.423923   0.75319
point 3 45 504.998  221.99  -0.570586 -0.0904527   0.894834  -0.111555   0.810549   0.934001  -0.592992  -0.129568   0.530486   0.505086
point 4 46 211.793 163.411    0.940448   -0.371004   -0.231952    0.156662   0.0707964    0.242479   -0.646877 0.000503798   -0.312129    0.258136
point 5 47 218.592 217.025  0.770856 -0.744365 -0.211661 -0.606972  0.296668  0.144169  0.365597  0.221984  -0.83536 0.0960221
point 6 48 552.871 153.454  -0.317672  -0.993792   0.826108   0.242692   0.535541    0.74503   0.855831  -0.670224  -0.129047 -0.0152344
point 7 54 454.827 139.805 -0.616036   0.22065 -0.868493 -0.777964 -0.661928 -0.475174 -0.760386  0.222826 -0.852785   0.76404
point 8 56 409.245 194.571  0.312135 0.0974499 -0.995686  0.899228 -0.338787 -0.563931 0.0902342 -0.169419 -0.381719  0.401704
point 9 59 600.491 166.677  -0.959281  -0.903684   -1.00989 -0.0438796  -0.375801   0.440651   0.642541 -0.0074672  -0.107286  -0.816246
point 10 69 383.066 213.484  -0.336983  -0.775238   0.792533  -0.783867 -0.0577087   -0.47017  -0.602358  -0.424518   0.299064   0.873307
point 11 91 298.859 220.869   0.513876 -0.0675576  -0.864608   -0.11716    0.84742   0.727976   0.310793  -0.507249  -0.525382   -0.45945
point 12 118 442.677 193.761   0.841201   0.929699   0.634919  -0.501722 -0.0434632   0.516969   -0.94009  -0.610211  -0.903077   0.653672
point 13 138 585.382 230.108  -0.381019  -0.737527  -0.401999  -0.625332  -0.441872   0.113115   0.560011  -0.802411   0.168369 -0.0316236
point 14 152 394.049 144.758  0.082886  0.458838 -0.645997 -0.562026  0.932681 -0.532116 -0.057361  0.611102  0.791594  0.328448
point 15 174 529.849 65.8576  0.702513  0.130982   0.91515  0.201279 0.0618976 -0.512871 0.0614524 -0.533006 -0.448806  -0.91598
point 16 188 232.083 157.218 -0.449621  0.274189 -0.401965  0.883376  0.478808  0.232011 -0.511371 -0.238989 -0.293637 -0.664723
point 17 194 315.979 95.8287  0.868394 -0.867576 -0.115423  0.802259 -0.713969 -0.675042 -0.179897  0.864762  0.630037 0.0565998
point 18 196 296.535 155.197  0.575215  0.460347 -0.959512 -0.891756  0.419034  0.901057  -0.72007 -0.722376   0.77488 -0.388772
point 19 207 263.873 231.803 -0.970512  -0.69268  0.985145  0.957546 -0.250662  -0.85759 -0.274846  0.552574 -0.581778 -0.726708
point 20 212 39.6259 181.443   -0.414392   -0.134026 -0.00201447    -1.01142    -0.18829    0.708248    0.669523    0.385808   -0.992489    0.837767
point 21 221 177.483 239.704 -0.587466 -0.210423  0.220023  0.628658   0.78512 -0.666551 -0.316805 -0.529226 -0.677192  0.797512
point 22 224 346.753 104.449  0.914949 -0.575861 -0.754299  0.456513  0.402584 -0.440747  0.422155  0.435178  0.169706 -0.125672
point 23 234 590.792 160.677 0.0688738 -0.206929  0.668484 -0.330491  0.786365 -0.472373  0.342687  0.256226  0.196819  0.461418
point 24 237 279.094 130.873 -0.0530522  -0.953006   0.691385  -0.995647   0.169521   0.862276  -0.935217   0.208055   0.391345   0.166496
point 25 252 352.161 182.104  -0.445478 -0.0507541   0.736414  -0.126041    1.01638   0.907356  -0.154009  -0.151446  -0.877114   0.108545
point 26 257 283.068 233.434   0.920095  -0.239821  -0.180405  0.0935096  -0.860956  -0.121356   0.302641  -0.839213 -0.0437521  -0.707991
point 27 261 369.196 199.673    0.91318   0.465484    0.98763  -0.285568  -0.229798   0.195718  -0.669999   0.927152  -0.352321 -0.0942725
point 28 273 334.714 168.351  0.657197 -0.497711 -0.553367   0.27992 -0.839304  -0.80217 -0.258755 -0.858693  0.884027 0.0570521
point 29 292 639.577 218.782 -0.229572  0.144637  -0.30122  0.718614 -0.326362 0.0768744  0.490821 -0.104387  0.599157  0.856197
point 30 305 124.551 128.154 0.0616279  0.320724 -0.237153 -0.729238 -0.423815  0.923222 -0.573082 0.0223835  -1.03269  0.377574
point 31 326 597.666 182.056  0.402572 -0.507482  0.570174  0.238032 -0.898095 -0.295302 -0.453725  -0.60054  0.228155 -0.814206
point 32 327 617.621 182.445 -0.287867 -0.936399 -0.218841   0.82798  0.315648  0.590648 -0.401004  0.699141 -0.384819  0.788606
point 33 329 79.8668 99.9821  0.242961  -0.33077  0.510096  0.828042 -0.984614 -0.771396   0.88828 -0.216272 -0.923017  0.215386
point 34 347 277.325 185.483  0.396932  0.413347 -0.729878  0.613359 -0.121169 -0.819162 -0.918153  0.839962  0.507909  0.355215
point 35 354 173.812 233.315   0.358949  -0.283098   0.827025  -0.677694   0.422131   0.435585   0.678777 -0.0913599   0.655381   0.256139
point 36 368 157.129 239.978    0.545629 -0.00385233   -0.113718    0.398636    0.170455   -0.725598    0.150592   -0.565766   -0.485051   -0.822744
point 37 373 394.921 233.827  -0.418519   0.850666 -0.0542496  -0.296228   0.434939   0.542221 -0.0932979   0.703401  -0.366613  -0.877308
point 38 374 402.926 202.233  0.567866 -0.314825  0.258744 -0.659522  0.449817 -0.926508 -0.719225 -0.596207 -0.465957 -0.752688
point 39 394 281.739 163.528 -0.222329 -0.469098  0.946519 -0.349793   0.42283  0.918277  0.626316  -1.00792  0.185146  0.673045
point 40 417 94.6428 86.8759 -0.790932  0.609787 0.0845983 -0.433201  0.291361  0.576712 -0.804653  0.427056 -0.725273  0.221875
point 41 421  182.65 169.152 -0.851867 -0.799598 -0.212085 -0.756333  0.725677 -0.533391   0.30865  0.239302 -0.343545 -0.245721
point 42 422  638.54 208.394  0.0231232   0.538613   0.570499   0.418235   0.976953   0.962382 -0.0080971  -0.912346   0.494353   0.776238
point 43 444 395.806 177.294   0.613998  -0.946615   0.483301  -0.663025 -0.0374413  -0.717292    0.94287   0.290667 -0.0980227   0.539866
point 44 446 430.955 145.733  0.526083 -0.729601  0.548074  0.936438  -1.04093  0.134105  0.999101  0.491737  0.490111 0.0435145
point 45 451  181.66 117.479   0.526897  0.0153771   0.439923   0.127403   0.191367  -0.611357   0.786063 -0.0516229  -0.113492  -0.315254
point 46 452  427.84 178.185  -0.957173   0.283874  -0.168877    0.72331   0.540009  -0.727686 -0.0887282     0.2273  -0.372652 -0.0618567
point 47 468 430.369 168.251  0.539617 -0.261831 -0.474556  0.484436  0.157341  0.523695 -0.399039 -0.312722 -0.832998 -0.351039
point 48 481 356.748 225.687 -0.929623 -0.883757  0.354593 -0.555934 -0.287714 0.0642192 -0.169733 -0.830172 -0.409322  0.249199
point 49 482 363.942 212.897   0.47888  0.424051  0.286127   0.14736  -0.36029 -0.563999  0.203253 -0.204153  0.275214 -0.354881
point 50 484 487.035  191.14  0.885303  0.674274  0.959159 -0.753061 -0.630629  0.512108  0.616486  0.641474 -0.300944 -0.704908
point 51 498 322.526 212.279 -0.501302  0.435492  0.867225   0.85884  -0.68828  0.917245 -0.851756  0.960135  0.234875 -0.990488
point 52 509 397.076 182.829  0.341195 -0.938421 -0.352782  0.714274  0.796382   0.85811 -0.405062 -0.327984 -0.312677  0.919362
point 53 510 217.313 202.187  -0.612498  -0.914226   0.668223 -0.0808086   0.857065   0.259388   -0.41665  -0.420935  -0.880394  -0.211697
point 54 518  332.66 26.2821 -0.907846 -0.959172  0.234978  0.882084  0.437997 -0.573082 -0.766388  0.614243 -0.401491 0.0821974
point 55 531 207.696 188.779 -0.379475 -0.162698  -0.54981  0.376182  0.424018  0.941411 -0.940891  -0.52407 -0.418971   0.67521
point 56 537  165.51 158.008 -0.416603  0.579879 -0.138426 -0.478316  0.242752  0.217559 0.0578999 -0.473863 -0.582073  0.327376
point 57 560 543.553 201.125  0.946082  0.421331  0.554043  0.789036  0.310522  0.419754 -0.692187 0.0848568 -0.411951  0.350615
point 58 565 510.669 238.771  -0.876892   0.878052   0.430645    0.23265     -0.562  -0.593139   0.849031   0.766358 0.00324603   0.493055
point 59 571  474.44 31.5291  0.793807  0.785502  0.253802  0.612334  0.284819 -0.709633  0.884815 -0.412049  0.516782 -0.319611
point 60 620 411.207 166.213  0.524556 -0.250234  0.847454  0.763613 -0.352885 -0.333371 -0.761215  0.336663 0.0420037   0.51691
point 61 637 217.805 135.445 -0.0096185  -0.648233   -0.56594     0.4773   0.383122  0.0974277   -0.22078  -0.561366   0.668451   0.902258
point 62 638 498.827 209.241 -0.250046 -0.866452  0.555798 -0.769853  0.261708  0.380687 -0.125205 -0.347015  0.502455  0.865562
point 63 639 597.209  212.74  -0.826549   0.860918   -0.39203  -0.389973   0.782749   0.627798 -0.0635178  -0.836193  0.0698035  -0.642583
point 64 651 554.485 158.698   0.84228  0.591613 -0.541472    0.2059 -0.538563  -0.97018 -0.915618  0.321964 -0.199282 -0.450093
point 65 692 277.072 182.426  0.663642 -0.781805  0.919531 0.0600432 -0.353121  0.235787  0.100578  0.832911 -0.339931 -0.976411
point 66 703 98.9601 65.7473   0.79484 -0.643811 -0.630149  0.886022 -0.272247  0.794261 -0.975965  0.102829  0.762009 0.0774855
point 67 722  521.52 166.605  0.520758 -0.565163  -0.23684 -0.770634 -0.820805 -0.918442 -0.319521   0.64331  0.432597 -0.101184
point 68 731 432.144  224.16 -0.337482  0.330453  0.374868 -0.885923 -0.682885  0.918482  0.792079  0.832443  0.601212 -0.822705
point 69 733 264.032 171.261 -0.351961 -0.650268  0.540299  0.105969  0.128321 -0.692905 -0.508644 -0.474985  -0.55693 -0.102778
point 70 742 247.211 177.054 -0.385489 -0.313072  0.635897  0.511151  -0.86858 0.0262575  0.308822 -0.796491 -0.357222 -0.773276
point 71 743 386.041 219.234   0.121015  -0.567815   0.823087   0.240474   0.713455  -0.309152  -0.478874 -0.0761059  -0.199577  -0.470061
point 72 745 439.132 191.573  0.925446 -0.454492 0.0811276  -0.71251  0.291518  -0.74043 -0.286054 0.0964103  0.529298 -0.506431
point 73 751 601.217 221.505  -0.296068   0.113154  -0.420371   0.834197  -0.594813 -0.0934319  0.0956976  -0.881599   0.198034  -0.343858
point 74 763 473.307 176.393  0.178558 0.0765378 -0.813612 -0.227856 -0.634493  0.927452 -0.172817  0.509091  0.366865  0.152201
point 75 764 291.962 194.063 -0.944726 -0.445001  0.255299 -0.695838  0.980194 -0.530467  0.143349 -0.949385 -0.698298 -0.564001
point 76 790 158.721 226.391  -0.709533   -0.89424 -0.0580342  -0.256597   0.437301   0.351859   0.232375  -0.244256  -0.878784   -0.74711
point 77 791 385.054 188.615  0.733855 -0.601381 -0.789712 -0.625122  0.981784 -0.441934  0.389735  0.599093  0.483894 -0.424294
point 78 811 257.486 187.675   0.568373   0.671023 -0.0175842  -0.297963   0.367269    0.71019  -0.187871    0.33702  -0.576226   0.296524
point 79 860 315.561 230.645  -0.771718   -0.84426   0.754248   0.499985  -0.877727   0.301952  -0.189606 0.00222871  -0.912528  -0.483807
point 80 903 536.963  178.05   0.851345   0.582734   0.960881   0.791755 -0.0605015  -0.670826   0.200773  0.0334146  -0.901363  0.0175446
point 81 904 301.078  181.14  -0.401025  -0.223507  -0.447556   0.543125    0.30988   0.095495   0.834045  -0.863797 -0.0664611   -0.82685
point 82 906 191.886 177.683 -0.924212  0.240745  0.874439 -0.569129  0.616651 -0.545452   0.25166 -0.750067  -1.01568 -0.397541
point 83 918 534.856 225.304  -0.82804  0.119352  0.554383  0.217073 -0.354063 -0.798928 -0.557089  0.919536 -0.172408 -0.298402
point 84 925 535.93  183.5   0.798541   0.580686  -0.510678  -0.679652 -0.0584139  -0.237294   0.382492  -0.305227   0.474671  -0.207609
point 85 931 522.077 179.382  0.690854  0.782744  0.432387 -0.138558  0.303503  0.582456  0.614753 -0.916396 -0.212948 -0.152173
point 86 935 411.832 221.791  -0.689108   -0.92796   0.288398   0.917469  -0.654757   0.509866   0.286339   0.784044  -0.774096 -0.0271784
point 87 961 500.357 163.325  -0.363192  -0.439248   0.924684   0.564701   0.589353   0.623987 0.00500911  -0.093366  -0.782545  -0.109868
point 88 977 552.165 185.984  -0.524441 0.00136854   0.636124  -0.780114   -0.78124   0.841044   0.773385    1.03629  -0.141577   0.463586

