seq: 249
gt_pose:  4.72748  2.37836 -0.82382
odom_pose: 4.58371 1.45588 -1.1416
point 0 0 381.027 194.779   0.553617   0.788062   -0.57073  -0.336679   0.510168  -0.467121   0.105824 -0.0609253   0.290366  -0.301091
point 1 3 401.715 120.679 -0.174649  0.813843 -0.431078 -0.344898   0.61212  0.807907 -0.881897  0.861835 0.0772813 -0.829657
point 2 38 626.316 152.232  -0.609644  -0.692392 0.00601705   0.627513   0.339621   0.851422  -0.592316  -0.177703   0.451804   0.737229
point 3 45 460.105 233.995  -0.583348 0.00151036   0.913789  -0.105116   0.757919   0.972411  -0.642593 -0.0467549   0.532586   0.505396
point 4 50  84.438 134.685  0.805586 -0.584836 -0.482148  -0.65687 -0.546829  0.252206 -0.618868 -0.770852  -0.53176  0.897794
point 5 54 477.012 192.919 -0.597832  0.163184 -0.845847 -0.823956 -0.684889 -0.526115 -0.761441  0.154259 -0.915054  0.734995
point 6 59 494.874  213.75  -0.886767  -0.955052   -1.03755 -0.0359409   -0.40446   0.408105     0.6177  0.0644644 -0.0863115  -0.843939
point 7 84 516.244 164.389 -0.457556  0.090729  0.347087  0.890849  0.292173  0.269406 -0.108867 -0.960155   1.01169 -0.284022
point 8 87 261.592 229.122  0.690304  0.812668 -0.207176  0.886149 -0.634948 -0.654567  -0.49615 -0.246674  0.830858  0.284116
point 9 118 550.454 201.468    0.92828   0.853146   0.627367  -0.442303 -0.0120778   0.580759  -0.913217  -0.603667  -0.867356   0.701519
point 10 162 266.959 170.816  -0.60645  0.225826 0.0728102  -0.71229 0.0965734 -0.934581  0.579761  -0.78257 -0.628199  0.216191
point 11 174 444.901 195.312    0.682937    0.168006    0.871176    0.118059 -0.00891493   -0.519701   0.0767212   -0.550194   -0.454524   -0.903913
point 12 185 333.934 146.669 0.0827517 -0.553392 -0.573388  0.359196 -0.244994  0.887202 -0.646659  0.845419 -0.213415  -0.14611
point 13 206 439.961 136.373  0.723264 0.0875202  0.648587   0.93381 -0.734967 -0.630534  0.721861 -0.284784 -0.894547  0.681134
point 14 213 221.725 172.752   0.454702  -0.205357  -0.792458 -0.0505915 -0.0697942  -0.931627  -0.415865   0.790828   0.443243   0.136439
point 15 217 388.559 168.941 -0.353996  0.304262  -1.00788  0.249104  0.185514 -0.947419   0.65685  0.135614   0.10196 -0.707197
point 16 255 193.124 208.367  -0.987852  -0.798497  -0.903737  -0.879255 -0.0402734   0.905234   0.208923  -0.284782  -0.121608   0.403402
point 17 259 514.458 191.039  0.240361  0.685777 0.0580262  0.429456 -0.460518 0.0660062  -0.75061  0.449636 -0.865176 -0.617861
point 18 270 105.314 217.936 -0.536207  0.440358  0.089969 -0.728558 -0.027502  0.210217  0.443991 -0.189277 -0.885334  -0.86132
point 19 276 155.69 238.48   0.546217   -0.72032   0.115098   -0.07453   0.207811 -0.0807434    0.25885  -0.604799  -0.401626   0.770799
point 20 286 569.627 148.014 -0.755893 -0.441191 -0.433444 -0.204606  0.100114  0.362362  0.874423 -0.912744 -0.973456  0.680486
point 21 290 537.165 130.561 -0.677951  0.817536 -0.765907 -0.530585 -0.655017  0.541163 -0.942138 -0.735566  0.573568 -0.940725
point 22 316 487.768 147.196  -0.632974   -0.78089  -0.896917  -0.535985  -0.457172 0.00569907  -0.405086  -0.140986  -0.262376  -0.711127
point 23 327 563.544  209.21 -0.325452 -0.993797 -0.282097  0.830039  0.266767  0.512666  -0.39748  0.688848 -0.343182  0.743543
point 24 341 171.407 200.879    -0.7175   0.157624   0.305842  -0.380545   0.235962   -0.41467  -0.783309  -0.719481    0.78371 -0.0289513
point 25 348 319.713 208.049   0.892681   0.070493  -0.766255   0.260395   0.339536  -0.244941   0.197244  -0.661575 -0.0485451  -0.993003
point 26 401 51.8689  161.51 0.0514313  0.525429  0.319845 -0.517006 -0.581717  0.230602  0.637052  0.800113 -0.925725 -0.546606
point 27 403 404.658 220.265   0.17606  0.707622 -0.484933 -0.517883 -0.550802  0.518656  0.943917  0.714214 -0.963881  -0.61928
point 28 407 182.841 211.879  -0.747452   0.968738  -0.909165   0.657462  -0.805245 0.00342843    0.69524  -0.965919   -0.34032   -0.50261
point 29 418 269.896 224.605  -0.891533 0.00766974   0.295024  -0.623261   0.938426   0.805468   0.979988  -0.777462  -0.663327   0.662006
point 30 427 255.157 163.733  0.688961  0.904325  0.295245 -0.365097 -0.110396  0.854254  0.238559 -0.733178 -0.638495   0.65502
point 31 442 373.225 235.281 -0.184521  0.635436 -0.730953 -0.417216  0.546368 -0.563394 -0.351886 -0.315612 -0.623196  0.176243
point 32 456 256.752 102.261  0.228094 -0.574832  0.544728 -0.530259 -0.371019  0.640343 -0.572417 -0.661076  -0.77337 -0.934045
point 33 484 612.433 193.174  0.881855  0.716333   1.02718 -0.738196 -0.606355  0.471944  0.646896  0.609868 -0.307555 -0.746317
point 34 512 247.795 86.7826 -0.585198 0.0311706  0.700962 -0.385714  0.561975 -0.931156 -0.235148  0.199632 0.0933924 -0.446409
point 35 533  421.43 141.277  -0.715969   -0.17294   0.562456  -0.237602  -0.681599  -0.741624   0.571043  -0.294042   0.655712 -0.0738481
point 36 550 234.312  211.89   0.247071  -0.131929  -0.638483   0.510012  -0.329682  -0.483597  -0.863742   0.184954 -0.0290415  -0.807486
point 37 556 119.592 196.084   1.00661  0.980695 -0.315897  0.566906  0.935969 -0.201617   0.41874 -0.686849   0.87114  0.283274
point 38 564 196.444 172.172 -0.614379 -0.169026  0.266034  -0.43893 -0.162382   0.52166 -0.494383  -0.97436 -0.732829  0.980941
point 39 571  458.41 164.688  0.786958  0.768534  0.307277  0.621117  0.290687  -0.69258  0.894852  -0.41369  0.581934 -0.282372
point 40 582 323.527 185.457 -0.0513229    -0.7926  -0.488822   0.982837   0.152832  0.0817493  -0.479762   0.203385  0.0207659   0.715538
point 41 588  479.24 222.336 -0.261733  0.046217 -0.402794 -0.658192  0.618326  0.623919  -0.54212  0.280199 -0.124436   0.13229
point 42 605 65.5552  169.83   0.940889   0.464402  -0.343646   0.322496   0.196355  -0.387684  -0.034124 -0.0752849   0.893282   0.153718
point 43 608 314.634 215.113   0.698467    1.02959 -0.0556675   0.692951 -0.0991237   0.710426   0.396856   0.818434   0.116471   0.906984
point 44 619 310.493 179.095 -0.0220139   0.940433   0.339088  -0.943169   -0.92392  -0.625122  -0.797669   0.318059   0.538278  -0.337531
point 45 621  272.15 186.046  0.790699 -0.136478 -0.933417 -0.268999  0.224626 0.0597696  -0.28487 -0.418279  0.090075 -0.262149
point 46 624 294.652 221.215 -0.0408581   0.666869  -0.754287  -0.646046   0.759655  -0.139965  -0.630152   0.164119   0.749804  -0.581404
point 47 629 540.499 156.382 -0.434049  0.785593  0.642191  -0.89472  0.930262 -0.317744   1.03156 -0.667905   0.19453 -0.829173
point 48 632  305.96 236.914 -0.0590423   0.230953   -0.32865  -0.730036   -0.51991   0.672073   0.286777   0.102381  -0.640034 -0.0384401
point 49 646 445.083 212.602 -0.290892  0.589091   0.78576  0.757115  0.396638 -0.740963 -0.378157  0.789313  0.296963  0.505718
point 50 665 620.752 212.817   0.459742  -0.953609    0.94723   0.277308 -0.0703386   0.910816   0.752174  -0.182934  -0.163104  -0.524216
point 51 681 518.519 177.148 -0.249012  0.596677  0.232197  0.491671 -0.791865  0.209845  -0.79127  0.469317 -0.130171 -0.854813
point 52 697 499.682 190.046   0.20687 -0.777012 -0.481898  0.931501  0.514825 -0.778504 -0.256751  -0.12278  -0.18701 -0.831237
point 53 709 561.802 200.643  0.921435 -0.871977 -0.983682 -0.973207  0.543596  0.786516  0.823322  0.504812     0.211 -0.441579
point 54 737 280.415 201.384  -0.33588  0.129079 0.0479449  0.594852 -0.770396  0.147885 -0.856337 0.0566875  0.536581 -0.112599
point 55 739 168.289 216.928   1.01262  0.172582 -0.443312 -0.024073   0.80805  0.167856 -0.873558 -0.195106 -0.180064  -0.69527
point 56 740 280.434 208.394   0.363827   0.735085  -0.943416   0.618843 -0.0935698    0.30818   0.701467  -0.439567   0.670764  -0.912578
point 57 749 169.526 189.876 -0.621343  0.273825  0.615755 -0.721858  0.542354 0.0314462   0.69615 0.0969134 -0.234191 -0.131654
point 58 763 613.782  175.81 0.0934928  0.111515 -0.792316 -0.274414 -0.577376  0.879123 -0.124028  0.491737  0.326708 0.0819825
point 59 768 386.665 191.982 0.0575577 -0.212539  0.203489  0.335929 -0.709297  0.217182 -0.182385  0.417033  0.757608  0.702113
point 60 771 491.378 212.907   0.25502 -0.425749  0.816825  0.916291 -0.618305  0.853409  0.701301 -0.205513 -0.430605 -0.620368
point 61 778  257.44 207.174 -0.106658 -0.641955 -0.823513  0.705501 -0.493421 -0.838451 -0.356448  0.293655 -0.441699 -0.664602
point 62 809 194.944 67.6109 -0.232658 -0.889499 -0.995632 -0.317716 -0.508626 -0.167851  0.802233  0.795531 -0.279584 -0.172765
point 63 885 531.382 138.921    0.86288  -0.706093  -0.131797 -0.0503123   0.513223   0.608435   0.734412    0.86947   0.655064 -0.0567515
point 64 889 230.809 229.958  -0.809744   0.230666   0.843486  -0.267336  -0.937333   0.431147 -0.0264581  -0.727446   0.789093   0.168072
point 65 892 396.742  96.338   0.325276  -0.878919  -0.699911   0.735346   -0.69635   0.682251  -0.681663   0.202654   0.804696 -0.0239113
point 66 898 369.217  219.37   0.849926  -0.605208   0.282489 0.00636163   0.113393  -0.273975   0.504448  -0.504848 -0.0996499   0.406682
point 67 903 573.809 197.154   0.839151   0.519832   0.996574    0.78802  0.0334743  -0.705073   0.176299  0.0798623  -0.927463 -0.0369563
point 68 918 610.632 227.916 -0.826623  0.202518  0.601752  0.151898 -0.353786 -0.777973 -0.565992  0.835138 -0.175897  -0.25233
point 69 939 538.851 15.4427 -0.410541 -0.766931  0.547021  0.868735  0.199701  -0.95101 -0.772334  0.699161  0.177142  0.808671

