seq: 15
gt_pose:  2.91148 0.442621 0.651749
odom_pose:  2.93045  0.30464 0.549725
point 0 3 460.876 135.298 -0.198919  0.823246 -0.467327 -0.251326   0.58672   0.81045 -0.855715  0.917593  0.101216 -0.848212
point 1 49 317.856 146.805   -0.728722   -0.387785    0.716449   -0.249541    0.822509    0.541282 -0.00272923   -0.438918    0.864744   -0.713021
point 2 50 362.287 205.215  0.863892 -0.582826 -0.432283 -0.618712 -0.609261  0.294514 -0.637517 -0.696786 -0.585937  0.901045
point 3 53  106.25 183.921  0.779847  0.303007 -0.319653  -0.88246  0.536742  0.625313  0.437027  0.321957  0.795966 -0.335295
point 4 61  215.82 164.062  0.145015  0.471121  0.502717  0.834975 -0.840592  0.564194  0.878708  -0.83478  -0.49619 -0.514058
point 5 75 317.128 205.817 -0.694587 -0.891712  0.925774  0.557851 -0.758285  0.763656 -0.585487  0.964184  0.113231  0.344775
point 6 77 46.5833 226.194   0.115267  -0.996151   -0.49409   -0.63637   0.346107 -0.0899236  -0.478258   0.355141  -0.531694  -0.314737
point 7 82 299.118 165.301   0.962896 -0.0818866   -0.19617  -0.280473   0.869325   0.785114  -0.751548   0.845247    0.71488  -0.570475
point 8 87 434.637 232.049  0.714406  0.787282 -0.211851  0.869318 -0.625735 -0.644016 -0.457442 -0.303678  0.841179  0.294984
point 9 89 131.608 230.581  0.611415  -0.65731 -0.368259 -0.378475  0.295559 -0.645241 -0.487569 -0.932079 -0.734052 -0.159302
point 10 94 605.761 173.543 -0.766926  0.388114 -0.511713  0.234423  -0.95367  0.618977 -0.012301 0.0679927  0.556067  -0.79111
point 11 106 148.401 234.523 -0.190851   1.00395 0.0400425 -0.138258  0.467634  0.209062 -0.169241   -0.9414  0.473408 -0.139216
point 12 112 509.259 235.896   0.0224838    -0.82135    -0.74237   -0.956358   -0.468196   -0.920036   -0.966607 -0.00174441   -0.171215    0.148433
point 13 115 382.152 95.3959  -0.718835   -0.80724   0.411188   0.461144 -0.0148639  -0.537322   0.924831  -0.435499  -0.456359   0.474416
point 14 120 319.897 149.806 -0.935834  0.140618  0.685642 -0.582165  0.644435  0.557113 -0.700959   0.26015 -0.946073  0.301465
point 15 134 214.532 158.723 -0.322449  0.132361  0.432238  0.813025  0.723891 -0.321921  0.912491  0.741419  0.591554 -0.824187
point 16 140 258.385 179.413  -0.530405 -0.0541826   0.620827  0.0636048   0.787102  -0.775528   0.329238  -0.593522  -0.390256   0.901395
point 17 157 168.015 237.489 -0.00291748   0.0902372    0.684187     0.52063   -0.766582   -0.953565     0.21716    0.593701   -0.686433    0.475865
point 18 158 71.5719 68.0428  0.514399  0.416503  0.276878 -0.346298 -0.123345 -0.366988 -0.731252  0.219091  0.924941 -0.613057
point 19 161 205.917 170.667   0.417889   0.896801 -0.0190101  -0.430575  -0.425169  -0.788587  -0.385527  -0.323217   0.022466   0.576343
point 20 162 472.748 174.856  -0.553967   0.276202 -0.0103169  -0.711773   0.106545  -0.988674   0.594944  -0.733027  -0.618168   0.148004
point 21 170 260.104 236.163  0.163067 -0.347429    0.2438   0.17224  0.812019 -0.240047 -0.849285  0.752009  0.473159  0.745483
point 22 180 93.1356 174.209 -0.191598 -0.577014 -0.650388 -0.703525  0.122662  -1.03205 -0.170542 -0.161894 -0.168107   -0.2676
point 23 185 556.673 108.713 0.0760908  -0.59968 -0.494956  0.340593 -0.297396  0.847152 -0.613885  0.903784 -0.184397 -0.124772
point 24 190 85.1188 231.156  0.422462  0.705358 -0.110045  0.798521  0.490758  0.561367 0.0726773 -0.894279  0.378065 -0.494023
point 25 239 66.7621 197.694 -0.476566  -0.88094 -0.798206  0.230361  0.569728  0.111673  0.191101  0.233359  0.176162 -0.560946
point 26 244 324.268 201.073 0.0369621 -0.857019   0.55797   0.59979 -0.861251  0.681105 -0.366096  0.298341   0.18168  0.235467
point 27 276 355.579 239.554   0.493889   -0.66536   0.122242 -0.0961569   0.229121 -0.0485018   0.267895  -0.598556  -0.424328   0.771701
point 28 279 533.227 176.817  -0.480203  -0.324772   0.241119   0.250643 -0.0921031   0.737516   0.407017  -0.788507    0.93965    0.38832
point 29 315 153.758     188 -0.834628 -0.380241 -0.977345  0.110932 -0.359152  0.186395 -0.543845  0.748089 -0.764922  0.901403
point 30 324 75.6535 191.912 0.0727682  0.328006 -0.750673 -0.443935  0.614107 0.0105445   0.45719   0.11942  0.256719  0.373578
point 31 325 297.566 189.287 -0.194673 -0.286271 -0.628832 0.0811534  0.201273 -0.369698 -0.233698 -0.499789   -0.6142 -0.966543
point 32 340 361.609 150.412   0.433606  -0.358117  -0.641928 -0.0783578   0.781157  -0.134149  -0.700735  -0.401057   0.541847  -0.372284
point 33 341 394.63 220.08  -0.731502   0.164299   0.319656  -0.337553   0.266472  -0.420666  -0.781653  -0.706844   0.857152 -0.0485742
point 34 343 211.733 223.543 0.00753979  -0.960408  -0.347671  -0.867764  -0.201476  -0.128997   0.273301  -0.915634   0.559358   -0.42089
point 35 348 563.959 193.775   0.810874   0.124078  -0.758247   0.279739   0.355073   -0.26448   0.170412  -0.637099 -0.0457802   -1.04069
point 36 353 297.983 76.2196  -0.546178   -0.27587   0.921694  -0.345177  -0.292075   0.306341 -0.0934769  -0.555732  -0.422124  0.0740806
point 37 390 324.905 233.258    0.331436 -0.00345571    0.257394   -0.587919    0.335083    0.824584    0.279533    0.201244   -0.578962    0.444617
point 38 396 288.867 119.909  0.251238 -0.729832  0.860985  0.759771 -0.392962 -0.370605 -0.764273 -0.452465  0.324296  0.621741
point 39 401 353.182 218.025 -0.0351108   0.548305   0.294892  -0.519245  -0.567698   0.169829   0.651777   0.851767  -0.879153  -0.622685
point 40 407 405.583 223.978   -0.675775    0.945758   -0.922522    0.646768   -0.782793 -0.00612276    0.701458   -0.889542   -0.332021   -0.417561
point 41 418 445.926 227.786  -0.906804 -0.0284437   0.302274  -0.674228   0.880499   0.720535   0.952554  -0.801294  -0.669423   0.611498
point 42 427 470.309 169.225  0.729114  0.875153  0.208909 -0.435247 -0.106657  0.828829  0.223005 -0.678204 -0.669851  0.641897
point 43 449 180.334 167.769 -0.0567073  -0.414303   0.845491  -0.515338  -0.066976  -0.551202   0.516193 -0.0634716  -0.335475  -0.251839
point 44 456  398.23 167.046  0.248989 -0.627377  0.539834 -0.502114 -0.374533  0.677523 -0.529205 -0.692024 -0.760022  -0.89693
point 45 512 409.21 149.56  -0.68111  0.059204  0.788539 -0.394011  0.599498 -0.927568 -0.241652  0.178293 0.0264732 -0.497158
point 46 564 400.013 203.434  -0.628221  -0.166036   0.214129  -0.488589 -0.0941316   0.525544  -0.440991  -0.998058   -0.74107   0.948124
point 47 569 98.1845 203.965 -0.0131174  -0.682858   0.321835   0.254194  -0.233527   0.431899    0.43446  -0.511473   0.908167  -0.392451
point 48 581  200.62 239.348 -0.675695  -0.52681 -0.248159  0.968486 -0.990704 -0.116183 -0.104343   -0.7384  0.917016 -0.176895
point 49 582 566.301 160.381  0.00538164    -0.81843   -0.532623    0.926477    0.184506   0.0682052    -0.42593    0.207794 0.000338879    0.740215
point 50 603 142.133 142.314   1.00801  0.591217  0.691743  0.309227 -0.834641  0.409172 -0.873772  0.824283 -0.562907  0.667909
point 51 605 356.112 219.218   0.898991   0.432225  -0.370577   0.309634   0.178992  -0.357712 -0.0352929  -0.128024   0.892377   0.141261
point 52 608  596.75 199.485   0.703596   0.985394 -0.0939542   0.754278 -0.0996846   0.703814    0.34464   0.771706   0.114268    0.93434
point 53 612 622.927 163.704 -0.656167  0.527964  0.220618  0.289075  0.416195    0.9492 -0.869731 0.0929649   0.70208  0.514793
point 54 619 540.881 159.671 0.0485267  0.892415  0.338669 -0.962583 -0.957407 -0.569874 -0.797488  0.292972  0.509161 -0.269518
point 55 621 511.064 177.766   0.873766 -0.0918786   -0.95164  -0.270125   0.218684   0.123756   -0.26222  -0.408929  0.0963157  -0.284112
point 56 624 550.21 214.26 0.0158563  0.616794  -0.78328 -0.655209  0.697014 -0.144257 -0.618627  0.215687  0.790519 -0.608613
point 57 627 101.905 139.866 0.0259183   0.92983  -0.61225  -0.56073 -0.831696  0.293454 -0.865114 0.0263801  0.267544  0.575605
point 58 628 152.534 215.226 -0.698176 -0.172818  0.173681 -0.335779 -0.216482  0.916126  0.633212 -0.408286  0.472241  0.787364
point 59 630 310.788 222.108 -0.0456466  -0.063867  -0.383746  -0.347499   0.664347 -0.0530124   0.478026  -0.204171   0.565939  -0.731046
point 60 632 501.394 236.604 -0.0667071   0.178672   -0.26071  -0.736468  -0.555632   0.613273   0.250658  0.0996267  -0.685956  -0.063721
point 61 668 322.874 171.872 -0.553433  0.847317 -0.733049 -0.460949 -0.479406 -0.187334  0.117587 -0.496309 -0.862918  -0.55961
point 62 717 213.157 176.651  0.980045  0.617298 -0.919388 -0.239017 -0.352551 -0.656104 -0.599577  0.752033  -0.41265  0.628153
point 63 737 489.486  200.06 -0.310347  0.160833 0.0258014  0.613692 -0.799381 0.0644848 -0.821457  0.108041   0.51757 -0.177909
point 64 740 527.149 200.729   0.39871  0.743136 -0.992748  0.603186 -0.122721   0.32958  0.697688 -0.459354  0.690503 -0.933509
point 65 749  398.59 213.381 -0.596705   0.28111  0.645913 -0.724724  0.553397 -0.039793   0.70704   0.15501 -0.244219 -0.177797
point 66 778 412.283 220.064 -0.0983942  -0.617892  -0.805644   0.706257  -0.528896  -0.870369  -0.405937   0.295625  -0.439228  -0.672777
point 67 804 259.665  186.61  -0.770229  -0.704765  -0.729514  -0.532351   0.585516   0.700575 -0.0804153   0.480857  -0.523037   0.106701
point 68 809 377.007 168.968 -0.300374 -0.878016 -0.991116 -0.280838 -0.580113 -0.163027   0.83028  0.772798 -0.247551 -0.244943
point 69 817 326.032 197.912   -0.24537   0.500734   0.863816   0.557461   0.632539 -0.0792513  -0.599988    0.63278   0.656351  -0.960947
point 70 837  353.52 28.8181 -0.0750277  -0.212662  -0.485651  -0.313435  -0.780968   0.196291  -0.480799   -0.38414  -0.845033  -0.482781
point 71 845 578.114 218.891 -0.0881113   -0.31235    0.85479   0.943339  -0.427882  -0.562166  -0.256994   0.415931   0.929145   0.817411
point 72 846 268.673 229.472   0.463891   0.266302   0.381792  -0.869946  -0.935241 -0.0178292  -0.660194  -0.304475  -0.352449   0.259232
point 73 853 79.0643 180.827 -0.441089  0.855076 -0.614853 0.0633562 0.0910282 -0.747327 -0.312913 -0.410436 -0.783977 -0.772784
point 74 866 304.908 172.067 -0.521389 -0.137384  0.761006 -0.591494  0.706273 -0.266887 -0.114822  0.394497 -0.436281  0.891485
point 75 868 161.802 204.019   0.670569  -0.428745  -0.865249  0.0172416  -0.654213  -0.363623   0.898176  -0.892706 -0.0563975   0.529448
point 76 886 280.728 110.359 -0.380512 -0.862982 -0.436633  0.089137  0.312809   0.93738  0.951808  0.915418  -0.72845 -0.837787
point 77 889 454.862 231.541  -0.861305   0.183086    0.84763  -0.293107  -0.944251   0.438974 -0.0207297  -0.733895   0.709625   0.101551
point 78 892 557.014 37.4808   0.348325  -0.870503  -0.730337   0.695446  -0.710491   0.722783  -0.710104   0.142203   0.833918 -0.0606387
point 79 897 5.55854 172.558  0.258928  0.871917  0.981765  0.580307  0.138192 -0.799997 -0.113638 -0.213086 -0.856613  0.213625
point 80 898  398.02 229.082  0.763547 -0.579574  0.231721 0.0565378 0.0491953 -0.255703  0.516901 -0.570072 -0.111389  0.451237
point 81 905 140.754 59.8532 -0.985517  0.112729  0.453609 -0.365051  0.696361  0.316982 -0.830246  0.694826  0.034547  0.190872
point 82 910 97.9786 112.232 -0.964264   0.67449  0.456126 0.0104706  0.637449  0.520895 0.0675167  0.543378  0.767473  0.343376
point 83 911 286.919 190.202   -1.02939  -0.390413  -0.817525   0.680765  -0.960417 -0.0973132   -1.01574  -0.148087   0.478882   0.111402
point 84 920 288.216 199.317 -0.950025  0.719575 -0.384182 -0.369114 -0.436152 -0.146954  0.787125 -0.802395   1.02297 -0.554242
point 85 926 325.576 224.009 -0.721895 -0.751649  0.885894 -0.901364   0.01101 -0.522093 -0.417856 -0.768816 0.0705033  0.587059
point 86 928 310.414 104.916 -0.169301  0.911667 -0.855272 -0.897053 -0.226977 -0.591272 -0.649419 -0.403987  -0.42188   0.29277
point 87 939 357.449 171.427 -0.401289  -0.70276  0.522311   0.92048  0.174015  -0.92856 -0.717275  0.668122  0.125712  0.769738
point 88 951 312.192 215.224  0.192911 -0.868636 -0.145075  0.434046  0.217801 0.0398601 -0.979459  0.504959 -0.124187 -0.674781
point 89 996 635.501 149.256  0.247466  0.503545  0.426553  0.962784  0.700001 -0.926029 -0.164533  0.721348 -0.459754  0.612041

