seq: 70
gt_pose: -0.322949   2.86654  -1.58004
odom_pose: 0.347947  2.75055 -1.57731
point 0 0 46.0572 196.755   0.609572   0.873146  -0.614074  -0.291796    0.57722  -0.441444  0.0793323 -0.0159056   0.294105  -0.229805
point 1 14 222.588 202.498 -0.755349 0.0794001  0.470096 -0.406925  0.961596  0.150519  0.735793  0.447632  0.267589 -0.962796
point 2 17 69.5268 99.8514  -0.428771  0.0768229   0.438738  -0.752273 -0.0455587   0.155008   0.856161 -0.0840633  -0.299182   0.728152
point 3 31 98.9361 108.701  -0.367192   0.768254 -0.0141959  -0.695299   0.198024  0.0748903   0.255918    0.19235  -0.529991   0.664047
point 4 34 535.653 211.734 -0.141399 -0.539941 -0.256289 0.0617846    -0.658   0.11015 -0.928172 -0.276453 -0.234298 -0.386746
point 5 57 164.224 195.891  0.385853 -0.371703 -0.533905  0.548098 -0.450098   0.36567 -0.918036  0.641448  0.667445   0.22925
point 6 78 291.685  212.74 -0.865081   -0.7745  0.587241  0.774646  0.925208  0.039619 -0.441423 -0.619739 -0.234451 -0.079306
point 7 80 446.693 233.333 0.0391028  0.477656  0.930865  0.914141 -0.789212 -0.985651 -0.847865  0.822167  0.785492  -0.92321
point 8 92 354.606 199.481  0.151912  0.767794  0.039566  0.909522  0.303131  0.282571  0.984367  0.592632 -0.225918 0.0580946
point 9 109 279.485  223.74  -0.503288   0.864898  -0.812916  -0.424108   0.543816 -0.0360625   0.759748   0.594654 0.00253946   0.306122
point 10 110 85.1882 106.069  0.830674  0.959217 -0.635655 -0.301082  0.032173 -0.754507 -0.531556  0.537974  0.756919  0.204741
point 11 111 431.886 214.384 0.0646339  0.949296 -0.837094 -0.979804  -0.15697 -0.367716  0.949905 0.0806299   0.26192  0.493115
point 12 123 273.813 154.794  0.178553 -0.859015 -0.259379  0.340159  0.852562  0.661417  0.293697 -0.237571  0.375491 -0.622075
point 13 131 561.276 169.858  -0.964696  0.0954195  -0.509252  -0.308121 -0.0736853  -0.133516  -0.507884  -0.130725   0.177171   0.667443
point 14 159 102.377 160.994    0.2404 -0.982575 -0.900187 -0.133038 0.0589158  0.137852  0.938515 -0.347896  -0.38401 -0.715743
point 15 165 192.139 161.509   0.442443   -0.78946   0.382631   0.593673  -0.699003   0.637333  -0.609329   0.843422   0.421423 -0.0367707
point 16 166 448.619 169.802 -0.663229  0.307647 -0.634841 -0.528052 -0.663265  0.282752  -0.76444 0.0830165  0.122785  -0.69316
point 17 175 334.913 33.1653 -0.374276  0.598702  0.289376 -0.632674   0.72747  0.699072  0.951341   0.96261  0.575137   0.13365
point 18 176 148.106 149.872  -0.721699   0.852327 -0.0892094 -0.0197711   0.338008   -0.42912  -0.937943   0.284361   0.695874  0.0814445
point 19 177 3.55281 197.863 -0.765013 -0.141438 -0.520152  0.384694  0.128842  0.163559 0.0107925 -0.591947  0.493231 -0.257571
point 20 179 44.2127 189.749  0.024397 -0.820313  0.113009  0.785457  0.728156  0.353517 -0.324228 -0.789528 -0.256376  0.751969
point 21 184 253.289  217.82  -0.282491   0.515289  -0.358797 -0.0102764  -0.610435  -0.240293   0.123386  -0.361555  -0.384072   0.318102
point 22 198 181.087 237.344  0.926994  0.603722 -0.323879 -0.612203   1.02142 -0.828116  0.847994 -0.924897 -0.679491  0.285749
point 23 200 278.604 175.156  -0.446452   -0.73893   0.691015   0.321747   0.259787   0.567386 -0.0607251   0.884726   0.957027  -0.070085
point 24 202 27.4102 110.968 -0.545233 -0.214995  0.242784  0.329109  0.121132  0.829326  0.588635 -0.245915  0.128017 -0.108808
point 25 206 81.0277 160.154  0.686258 0.0144701   0.66598  0.965702 -0.786048 -0.659823  0.680914 -0.262629 -0.967541  0.752357
point 26 216 337.87 188.63   -0.679963   -0.900869    0.835011   -0.827766    -0.59683   -0.903078   -0.303708   -0.218039 -0.00805535    0.902478
point 27 218 551.117 232.313 -0.159434  0.628018  -1.01187  0.713494 -0.818021 -0.645965  0.867573 -0.935458 -0.435928 -0.747365
point 28 245 336.411 178.995 -0.593514  -0.43976  0.429385 -0.698279 -0.543532  0.413165  0.834034 -0.691451  0.242201   0.75819
point 29 251 402.012 213.054 -0.0311798  -0.562148   0.125883  -0.843238  -0.410799  -0.143916  -0.492068   0.226224 -0.0640819   0.392344
point 30 259 120.075  209.57  0.183439  0.668155 0.0428865  0.493797 -0.421103 0.0373336 -0.742513  0.420097 -0.914005 -0.627523
point 31 262 330.736  172.38 0.0724217  0.382177 -0.349324 -0.604962  0.936164  0.937367 -0.913871 -0.363905  0.383834 -0.368042
point 32 266 607.434 198.758   0.834917  -0.399148   -0.22762    0.76616  -0.664889  -0.210523  -0.362758 -0.0771361   0.617349   0.853185
point 33 280 19.4504 226.673  -0.196456    0.13476   0.539432 -0.0930532  -0.360527  -0.339912   0.812251   0.832157  -0.124764   0.787119
point 34 286 157.732 189.604 -0.755775 -0.452692 -0.436239 -0.203576 0.0883888  0.384498  0.918398 -0.877857 -0.973985  0.685776
point 35 290 52.1838  177.99 -0.697201  0.877936 -0.774973 -0.515969 -0.652916  0.470353 -0.858902 -0.771603   0.53835 -0.934559
point 36 296 180.003 156.425 -0.0128875  -0.630953  -0.385075   0.333139  -0.144373   0.592329  -0.648623   0.958203  0.0669811  -0.308553
point 37 301 227.671 210.582  0.168071 -0.514789 -0.970183  0.431589 -0.997133 -0.659575 -0.615415  0.538622 -0.762779 0.0835994
point 38 303 262.309 148.169   0.108307  -0.813999   -0.56565  -0.927997 -0.0699278   0.526187  -0.424659 -0.0772428  0.0189913  -0.371368
point 39 313 115.242  125.21  0.112728  0.322675  0.177655  0.130853  0.439171  0.713286 -0.459961 -0.569029  -0.12957  0.454366
point 40 316 89.8368 178.537  -0.577455  -0.781155  -0.957018    -0.4971   -0.46149 -0.0500362  -0.422437  -0.124843  -0.304772  -0.705556
point 41 319 124.644 169.319 -0.954894  0.238677  0.626253 -0.260218 -0.665982  0.159354  0.709874 -0.315327  -1.01999  0.375685
point 42 331 483.737 211.928 -0.397465  -0.22727 -0.324621  0.188828 -0.103054   0.88881  0.871731 -0.560179  0.728872  0.885668
point 43 334 348.942 217.618 -0.353728 -0.332195  0.978448 -0.671227  0.229456 -0.367592  0.110278   -0.8534  0.955353 -0.128629
point 44 352  353.53 201.668  0.582525  0.399552  0.459734  -0.73288  0.540578   0.72541 -0.681724  0.584379 -0.126948  0.792067
point 45 364 283.075 215.742  0.0929359   0.816053   0.681655  -0.630907   0.942805  -0.461184  -0.558906  -0.890374  0.0895183 0.00541079
point 46 367 20.1845 17.0213  -0.715222  -0.866528   0.898364  -0.486134  -0.472373   0.722569  -0.346405 -0.0203241  -0.577289  -0.762918
point 47 372 15.4086 224.445  -0.224124   0.842481 -0.0048109  -0.555095   0.966045   0.645824  -0.673282  -0.982999  -0.392366   0.266662
point 48 387 293.699 113.668   0.71918 -0.661057  0.562428  0.944185 -0.767265 -0.189376 0.0312672  -1.00268  0.669953   0.70841
point 49 397 603.681 158.194  0.745981 -0.398819  0.584893  0.190689  0.530489  0.842414 -0.706732  0.636697  0.876506  -0.77617
point 50 398 183.562 226.436 -0.851319  0.855198 -0.665819  0.461496  -0.97625   0.53788  0.708257  0.908426  0.309602 -0.728083
point 51 403 56.0855 222.837  0.200057  0.648811 -0.523727 -0.576087 -0.579096  0.518441   1.01257  0.637151 -0.967215 -0.574626
point 52 425 264.224 239.955 -0.407423 -0.375375  0.396929 -0.484585  -0.54466 -0.614747 -0.117539 -0.911433  0.887061  0.851867
point 53 442 42.0579 235.334 -0.227471  0.629606 -0.673576 -0.370162  0.589423 -0.602874 -0.303349 -0.338059 -0.610084  0.112524
point 54 448 76.7205  205.66  0.880517 -0.431161 -0.808695 -0.687087 -0.268519   0.68775 -0.361543 -0.710684  0.609605 -0.377217
point 55 463 186.268 167.107  0.521086 -0.103434 -0.358644  0.585145 -0.803926  0.305256  0.977065 -0.851192 -0.745709 0.0391404
point 56 469  163.37 165.225 -0.0850841   -0.80916   0.987281    0.93433  -0.142977  -0.456342  -0.798615   0.821801   0.147515  -0.905459
point 57 472 337.793 207.273  -0.924594 -0.0343305   0.690829  -0.212206   0.960616   0.104178   0.743302  -0.656662 -0.0559075  -0.641206
point 58 491 244.713 136.028 -0.812129  0.824881 -0.345624  0.589462 -0.492786 -0.124041  0.550657 -0.334894 -0.231347    0.6874
point 59 503 435.477 198.351  0.279476 -0.102385  0.750931   -1.0257 -0.147976  0.147307 -0.242725  0.613693  0.945381 -0.911663
point 60 514 400.818 161.544  0.425065 -0.812869 -0.855631 -0.448768 -0.885794 -0.491319  0.589985  0.844847  0.150449  0.201539
point 61 519 153.462 122.007  0.423978  0.405128  0.524146  0.117524   0.74485 -0.833303 -0.850445  0.874852 -0.327634  0.486254
point 62 533 8.01248 161.361 -0.683649 -0.161531  0.557558 -0.268045 -0.772217 -0.706248   0.62028  -0.21724  0.719266 0.0161173
point 63 541 371.237 229.254   0.39128 -0.807061  0.819833 -0.301195 -0.683747  0.659527  0.740677 -0.602045 -0.928388  0.280745
point 64 543 503.735 213.088   -0.389708   -0.725721    0.648394    0.630935    0.362314 -0.00206871     0.86635    0.192792    0.639495   -0.820083
point 65 555 472.782 230.345   0.282085   0.370693   0.266332  -0.965971 -0.0702058  -0.519709 -0.0151946  -0.133899   0.708722  -0.378472
point 66 568 300.561 217.489 -0.930071 -0.604921   1.00595 -0.687746  0.373132  0.575328 -0.989571 -0.826099 -0.759115  0.112553
point 67 573 121.557 150.283   0.864196  -0.254693   0.207787  -0.499816  -0.277342 0.00395147  -0.637217   -1.02397  -0.279122   0.658115
point 68 577 452.016  231.01   0.31829 -0.994791  0.552965  0.690502 -0.743758 -0.410664  0.783389  0.664503 -0.422548  0.580068
point 69 607 388.275 237.071  0.842811  0.384801 -0.326133 0.0731496 -0.351699 -0.375247 -0.361132  0.186236  0.906761  0.745276
point 70 610 392.55 112.04 -0.216186  -0.23278   0.74745  0.657543  0.432305  0.411113  0.644606 -0.639019  0.145811 -0.476045
point 71 617  263.13 112.058 0.0177346 -0.802083  0.253581  0.194518 -0.579576 -0.966085  -0.16256  0.323266 -0.830548 -0.597014
point 72 623 587.246   151.8  0.526323  -0.52158  0.609899 -0.476339 -0.228723  0.414171  0.402137 -0.176392 -0.809675 -0.348769
point 73 629 151.943 190.849 -0.470047  0.783149  0.683198 -0.888124  0.999852 -0.303704   1.03804 -0.692158    0.1857 -0.823988
point 74 644 322.452 59.6149  -0.515634 -0.0844349  -0.517972  0.0335398  -0.141527  -0.825725   0.791964  -0.891776   0.890773   0.411561
point 75 646 5.05865 219.987  -0.34529  0.668038  0.739198  0.814899  0.371934 -0.688741 -0.380042   0.84352   0.29033  0.476384
point 76 661 253.681 163.809  0.266607 -0.511157  0.458597   0.35897 0.0976208  0.165333 -0.931895 -0.767116  0.184335  0.449818
point 77 667 93.4651 151.998   -0.9389 -0.600706 -0.221549 -0.588011   0.73171 -0.733221 -0.502804  0.712144  0.521156  0.364563
point 78 681 70.1126 202.244 -0.250057  0.580727  0.230876  0.472942 -0.768043  0.165304 -0.788647  0.421863 -0.155273 -0.881932
point 79 691 352.237  188.12  0.604866  0.980443  0.266814 -0.224432 -0.910667 0.0765495  0.296033 -0.374881 -0.917479 0.0313499
point 80 695 276.955 220.428    0.747971   -0.254239    0.312974   -0.448528    0.464474  -0.0425441    0.953276 -0.00890836    0.552866    0.861383
point 81 697 128.239   207.5  0.130597 -0.765252 -0.483222   0.89966  0.480175 -0.711956 -0.277104 -0.101871 -0.200291 -0.799314
point 82 709 145.022 218.147  0.904057 -0.910023   -1.0184  -1.01913  0.530556  0.825842  0.767646  0.486642  0.173274 -0.528484
point 83 710 521.422 169.117 0.000774209   -0.537992   -0.626073    0.395101   -0.434411    0.322951   -0.694883   -0.162094   -0.165114   -0.101193
point 84 719 550.836 156.088 -0.786517 -0.290948  0.720219  0.746111  -0.60261  0.625118  0.400304 -0.565946 -0.539522  -1.01545
point 85 726 562.748 57.1588  0.920466  0.471462  0.531672 -0.721444   0.23645   0.60202 -0.744582 -0.877848 -0.872697 -0.874777
point 86 735 605.456  228.95 -0.894585 -0.432953 -0.138624 -0.559157 -0.299515   0.55259 -0.278622  -0.68321 -0.381281  0.855796
point 87 750 483.276 235.163 -0.436343 -0.475629  0.510098  0.278758  0.186628  0.537793 -0.626084  0.719356  0.709247 -0.172111
point 88 752 246.396  143.73  0.800947  0.846292 -0.488272 -0.163461 -0.195363 0.0398672   0.29237 -0.596036 -0.642375  -0.44014
point 89 768 8.88995 195.978 0.0408057 -0.188449  0.195191  0.395026 -0.738874  0.293234 -0.199402  0.389199  0.756229  0.685579
point 90 771 40.0834 222.653  0.226666 -0.382548  0.759803  0.918676 -0.629047  0.875941  0.672518 -0.253671 -0.398111 -0.654773
point 91 776  293.28 160.881  0.864185 -0.147166 -0.192292 -0.496824  0.725152 -0.873353  0.427891  -0.46421  0.779456  -0.76628
point 92 777  173.49 193.305  -0.578676    0.64943  -0.343763  -0.492208   0.568817   -0.27378   -0.34776   0.591657 -0.0357663   0.116386
point 93 794 265.404 211.035  -0.404149   0.397577  -0.311399  -0.605724 0.00235654   0.628563   0.468311  -0.476227   0.154565    0.46738
point 94 795 589.265 200.218 -0.229773   0.88362 -0.261802 -0.577811  0.760046  0.117796 -0.551878  0.104639  0.877419 -0.179472
point 95 797 249.463 199.039  -0.765828  -0.678035   0.697621  0.0212662  -0.195676  -0.559216 -0.0728306   0.559013  -0.124686  -0.270565
point 96 815 167.136 158.638  0.102524 -0.181608   1.01835 -0.341513  0.735339  0.576952 -0.392621 -0.641378  0.827208  0.927296
point 97 820  478.06 184.992   -0.70574  0.0595098   0.726865  -0.431567   0.543295  -0.316495  -0.375868  -0.419857   0.335034 -0.0646131
point 98 839 22.4247 218.979 -0.0240318  -0.206401  -0.857993  -0.862732  -0.191269    0.10835 -0.0439159   0.243263   0.735268  0.0939897
point 99 841 275.201  175.21   0.10773  0.864103 -0.939724  0.869421  -0.40957   0.13856  -0.33455 -0.200214  0.198497  0.536829
point 100 843 190.845 119.007  -0.424321  -0.164202 -0.0717445   0.417902   0.134637  -0.917048   0.340857    0.25386   0.951043    1.01995
point 101 848 496.493 202.386 -0.437282 -0.216594 -0.886144  0.885158  0.821077  0.547217  0.160375  0.222865  0.696495  0.188426
point 102 862 319.786  207.92 -0.834457 -0.355939 -0.754805 -0.215263  0.596005 -0.515386 -0.102187  0.359254 -0.914116  0.069547
point 103 863 457.193 164.637  -0.251847   0.311962  -0.118291   0.396929 -0.0392256    1.03383  0.0340222  -0.200728  -0.112968   0.562212
point 104 867 65.7935 201.879     1.00739    0.085938    0.122102    0.546614   -0.487624 0.000458409   -0.789527   -0.361487    0.693886  -0.0637349
point 105 876 317.283 105.528  0.474378 -0.683204  0.921538 -0.254657 0.0685731  -1.02473 -0.960575  0.317073  0.885323  0.296469
point 106 880 304.933 157.431 -0.568418 -0.474156 -0.230116  0.625852  0.521978 -0.238726 -0.371226  0.566928  0.785151  0.673245
point 107 881   78.94 4.94839  0.326167  0.651904  0.373814  0.604635  0.419018 -0.832013  0.188153  -0.82884  -0.37526 -0.591262
point 108 882  155.18 205.876 -0.464402   1.00087 -0.606314  0.552199  0.424712 -0.236577 -0.962571 -0.795727 -0.558295  0.639982
point 109 883 322.874 193.445  -0.178966  -0.254368   -0.70679    1.00445   0.287139   0.631687   0.568042   -0.28821    0.16735 -0.0239459
point 110 908 327.445  136.74 -0.972918 -0.910796  0.952865 -0.680128 -0.746881  0.983077  0.631294 -0.814371  -0.57298  0.290087
point 111 916 504.154 173.926  -0.340616   0.276424   0.268883   -0.42298  -0.729743  -0.471131   0.666495   0.254351   0.870266 -0.0495113
point 112 927  141.81 152.544 -0.0806266   0.855942   0.580295   0.400625   -0.90929   0.351093 -0.0146211  -0.362916   0.697803   0.932222
point 113 929 123.177 64.2221  -0.87286 -0.269176 -0.286222  0.247575  0.222088  0.684993 0.0588134 -0.212725  0.104236  0.217177
point 114 942 256.626  221.44 -0.800372 -0.335134   0.63802 -0.440358  0.225513 -0.190786  -0.66659  -0.90852  0.930692  0.397892
point 115 944 358.152 155.557   0.493808  -0.541288  -0.275402  -0.547139   0.714356 -0.0193332   0.167104   0.294199   0.457306  -0.592892
point 116 958 379.757 141.219 -0.424026 -0.860265 -0.786335 -0.255896 0.0688376 -0.384415 -0.205461 -0.200938  0.435841 -0.961684
point 117 962 385.216 203.924  -0.197176  -0.255609   0.862669  -0.811246  -0.800517 -0.0296921  -0.450844  -0.512979  -0.047159 -0.0973079
point 118 963 25.2973 176.223 -0.018865 -0.786407 -0.338696  0.371742 -0.908527  0.286679  0.974923 -0.948312 -0.139596  0.466983
point 119 971 98.9468 196.457   0.647845  0.0290945   0.234213  -0.661172    1.03671 -0.0633182   0.388688   0.951388   0.792641  -0.183858
point 120 973 502.999 185.405  0.129796  0.142736  0.616355 -0.874454 -0.477801  0.259313    0.0963  0.786883   0.60663 0.0602327
point 121 974 438.411 233.145 -0.519525  0.748628 -0.738916 -0.948782  0.497599 -0.511095 -0.406373  0.449215  0.496214 -0.398158
point 122 978 382.583   206.1    0.8686  0.670247  0.282785  0.965412 -0.837675   0.38948  0.120891  0.395261   -0.5498  0.330732

