seq: 69
gt_pose: -0.316797   3.06657  -1.62294
odom_pose: 0.352509  2.94972 -1.60533
point 0 0 31.2331 195.702   0.574415   0.780489   -0.64391  -0.359014   0.566103  -0.457528  0.0925579 -0.0251954    0.29825  -0.225208
point 1 14 217.536 203.641 -0.751812 0.0612381  0.478681  -0.37912   1.01049  0.193388   0.78764  0.481104  0.223438 -0.961667
point 2 17 66.6411  102.86  -0.395572  0.0847158   0.401878  -0.800573 -0.0233391   0.206165   0.918701  -0.122546  -0.298996    0.71486
point 3 31 128.633 131.527  -0.345744   0.733284 -0.0201457  -0.703688   0.195835  0.0578231   0.231446   0.203388  -0.556348    0.64372
point 4 57 158.455 196.542  0.412591 -0.358969 -0.537227  0.538729  -0.44624  0.376906 -0.957888  0.710195  0.750066  0.226901
point 5 60 612.494 152.782   -0.87577   -0.79159  -0.542406   0.373491   0.184936  -0.862712   0.944997   0.777457  -0.690621 -0.0479365
point 6 70  625.34 173.126  0.884708 -0.742887 -0.404792   0.11071  0.268587  0.779211  -0.48928  0.371134  0.252097  0.636472
point 7 78 284.862 213.806 -0.941822 -0.761764   0.61532  0.798996  0.993195 0.0266688 -0.430712 -0.660062  -0.32741 -0.126047
point 8 92 344.611 201.929  0.128114  0.793402 0.0152577  0.916555  0.349838  0.287038  0.944449  0.611597 -0.230134  0.032744
point 9 109 273.869 224.709  -0.511879   0.838706  -0.802252  -0.395225   0.489698 -0.0977722   0.723917   0.595543  0.0439832   0.316614
point 10 110 89.6078 113.351  0.860212  0.983487 -0.563206 -0.365714   0.10078 -0.695882 -0.585374  0.561321  0.768808   0.21857
point 11 111 406.707 218.285 0.0865978  0.937387 -0.897657 -0.982149 -0.161847 -0.381571  0.952028 0.0358352  0.267029  0.491021
point 12 123 267.576 157.964  0.208408 -0.862496 -0.187665  0.380679  0.877964  0.679013  0.272506    -0.248  0.393975 -0.601822
point 13 131 530.713 176.507  -0.964633  0.0434421  -0.564729  -0.335609 -0.0902947  -0.120386  -0.476747  -0.101152   0.213648    0.71047
point 14 156 37.7729 58.8788   0.244495   0.514953  -0.663715   0.372643  -0.863521   0.914945   0.174907  -0.701832  -0.933577 -0.0803745
point 15 159 109.809 166.735   0.23812 -0.986281 -0.875357 -0.131087 0.0191194   0.10979  0.940324 -0.363226 -0.376627 -0.723037
point 16 165 191.472 166.119    0.484074   -0.827543    0.400915     0.64802   -0.750724    0.643953   -0.662162    0.777875    0.366186 -0.00596807
point 17 166 426.303 177.643 -0.583112  0.347402 -0.576327 -0.462158  -0.71777  0.307831 -0.696373  0.153587  0.177965 -0.678022
point 18 175 324.628 61.5927 -0.371511  0.551602  0.300807 -0.605079  0.682321  0.670707  0.950875  0.919269  0.531442  0.140567
point 19 176  158.35 159.663  -0.772334   0.850262  -0.120375 -0.0521214    0.39029  -0.412007  -0.863674    0.28381    0.74744   0.100477
point 20 179 42.4939 190.951 -0.0108783  -0.808446   0.124594   0.753636   0.703467   0.416251  -0.296498  -0.824532  -0.173511    0.79747
point 21 184    247 218.37  -0.246363   0.492379    -0.4394 0.00828536  -0.568509   -0.31916  0.0762027  -0.358779  -0.415766   0.335803
point 22 198   174.2 237.365  0.876205  0.583121  -0.29041 -0.530908   1.02386 -0.783472  0.919533 -0.904093 -0.715136   0.33683
point 23 200 272.344 177.821  -0.482371   -0.70985   0.653964   0.297413   0.257046   0.605646  -0.122325   0.909715   0.960283 -0.0488196
point 24 202  24.472 113.345 -0.574743 -0.175611  0.241139  0.318995  0.179078  0.769607  0.599655 -0.235153  0.171073 -0.129483
point 25 206 69.8241 159.126   0.714722 0.00673751   0.624704   0.927635  -0.712486  -0.698665   0.687491  -0.217528  -0.985578   0.723289
point 26 216 328.896 191.647 -0.683781 -0.954825  0.835023 -0.768635  -0.57512 -0.905806 -0.306317 -0.257929 0.0142052  0.903125
point 27 217 52.3546 172.145 -0.392763  0.257651 -0.963007  0.249655  0.188371 -0.979448  0.615493  0.115977 0.0885956  -0.71578
point 28 218 520.845 233.063  -0.16893  0.663556 -0.941305  0.790633 -0.763318 -0.613986  0.881795  -0.99122 -0.444922 -0.771342
point 29 245 327.332 183.142 -0.589922 -0.440549   0.41096 -0.735264 -0.455256  0.402831  0.845308  -0.63567  0.246779  0.820401
point 30 251 381.886 216.985  0.0361894  -0.560983   0.210734  -0.839415  -0.453753  -0.142796  -0.434712   0.203659 -0.0762932    0.38416
point 31 259 111.306 209.466  0.150518  0.646448 0.0702405   0.43144 -0.465672 0.0193912 -0.772892   0.38975 -0.887709 -0.566895
point 32 262  322.19 176.249  0.018098  0.312065 -0.289485 -0.577711  0.929068  0.985482 -0.896954 -0.359728  0.387729 -0.346548
point 33 280 15.2239 226.854   -0.25688  0.0934053   0.527237  -0.164537    -0.3345  -0.388312   0.812344   0.823542 -0.0893594   0.752443
point 34 286 150.009 189.701  -0.79029 -0.470414 -0.432703 -0.226789 0.0728751  0.357949  0.905624 -0.862265 -0.937755  0.689155
point 35 290 43.0934 177.786 -0.676507   0.85177 -0.778796 -0.519991 -0.720608  0.535987  -0.85833 -0.738243   0.54737  -1.00269
point 36 296 174.775 158.115 0.0242137 -0.582357 -0.394562  0.258045 -0.167262  0.608869 -0.672117  0.935407 0.0749058 -0.396642
point 37 301 222.764 211.576  0.110599  -0.54138 -0.975995  0.477652 -0.946937   -0.6809 -0.595901  0.476044 -0.768513 0.0393437
point 38 303 262.289 161.473   0.149108  -0.799037  -0.536072  -0.891018 -0.0589884   0.588073  -0.422046 -0.0657314  0.0142374  -0.359736
point 39 313 109.981 126.833  0.156107  0.355023  0.137883 0.0647455  0.496424  0.650626 -0.409529 -0.635269 -0.115026  0.412723
point 40 316 80.1455  178.12  -0.631785  -0.724083  -0.925253  -0.457241  -0.458355 -0.0680748  -0.403903  -0.202194  -0.285388  -0.692755
point 41 319 118.912 170.187   -0.9765  0.198862  0.554016 -0.252246 -0.668818  0.198056  0.679732 -0.315551 -0.969779  0.340789
point 42 331 460.299 214.605  -0.386056  -0.233677  -0.227169   0.160464 -0.0755691   0.943515   0.880707  -0.582262   0.817337   0.909188
point 43 352 343.199 204.394  0.584937  0.326486  0.423876 -0.741873  0.531677  0.649224 -0.616974   0.54163 -0.146221  0.803443
point 44 364 276.437 216.592   0.133907   0.809249    0.64383  -0.585717   0.873127  -0.532569  -0.545638  -0.893418   0.132079 -0.0295333
point 45 367  28.933 29.8274  -0.668484  -0.928325   0.928328  -0.423914  -0.441842   0.676677  -0.347551 -0.0320978  -0.545033   -0.79965
point 46 387 288.451 127.876    0.7099 -0.721176  0.550613  0.931654 -0.724277 -0.172512 0.0444322 -0.953469  0.678427  0.718354
point 47 397 561.556  168.11  0.749621 -0.330338  0.588319  0.170869  0.581226  0.897137 -0.686912  0.619696  0.797882 -0.802534
point 48 398 178.061  226.69  -0.80832  0.914878 -0.676587  0.422201 -0.979234  0.558006  0.727918  0.919499  0.333067 -0.706597
point 49 403 42.8595 222.507  0.163954  0.662996  -0.46236 -0.524004 -0.577442  0.522796  0.981521   0.65197  -1.01365 -0.597205
point 50 425 258.225 239.957 -0.482659 -0.418168   0.34283 -0.456396 -0.607273  -0.61811 -0.134627 -0.954227  0.866698  0.856156
point 51 442 26.5958 235.212 -0.196628  0.652242 -0.709608 -0.350086  0.572764 -0.541891 -0.263147 -0.335057 -0.638027  0.176191
point 52 448 72.0482 206.162  0.805004 -0.395207 -0.830842 -0.701232 -0.280482  0.667257 -0.371332   -0.7537  0.603931 -0.433438
point 53 463 179.302 167.673   0.555491 -0.0843443  -0.357658   0.565451  -0.756648   0.243629   0.954008  -0.821001  -0.750128   0.095721
point 54 469 158.116 166.575 -0.0506052  -0.882736   0.966498   0.932777 -0.0964782  -0.493785  -0.839185   0.808501   0.213074  -0.873971
point 55 472 329.082 208.803  -0.874227 -0.0442843   0.658271  -0.183987   0.936517  0.0596572   0.751028   -0.69055 -0.0434435  -0.639154
point 56 474 617.176 224.694 -0.105488  0.769556 -0.907928  0.739663 -0.659199 -0.795621 -0.406231   0.93764 0.0188161  -0.43766
point 57 491 244.537 147.201 -0.778446  0.852488  -0.30445  0.580431 -0.526637 -0.153318  0.581078 -0.337527 -0.290172  0.726548
point 58 503 419.121  201.43   0.331324 -0.0577418   0.687446   -1.00226  -0.141122   0.123864  -0.246522   0.664988   0.984364  -0.976178
point 59 514 385.796 168.426  0.448085 -0.818944  -0.91044 -0.479382 -0.972471 -0.482565  0.623229  0.777936  0.184763  0.184795
point 60 519  150.49 125.673  0.405707  0.473125   0.53501  0.140427  0.703817 -0.856292 -0.856819   0.86424 -0.353256  0.421055
point 61 541 359.093 230.132    0.3984 -0.848034  0.883051 -0.335998 -0.634825  0.705782  0.739854 -0.607748 -0.991368  0.280012
point 62 543 479.919  215.44  -0.337573  -0.795885   0.657643   0.687778   0.306107 -0.0719616   0.855074   0.118961   0.639711  -0.795358
point 63 555 451.795 231.178   0.289239   0.385848   0.287757  -0.944743 -0.0688569  -0.461668   0.051643  -0.128604   0.705853   -0.37506
point 64 568 293.388 218.344  -1.01638 -0.600671  0.968387 -0.610835   0.44258   0.58669 -0.966404 -0.857474 -0.753456   0.17274
point 65 573 117.599 152.186  0.932089   -0.1969   0.29781 -0.422674 -0.262706 0.0377677 -0.629969  -1.02061 -0.319137  0.565579
point 66 577 434.657 231.662  0.346376 -0.927651  0.575585  0.740014  -0.75539 -0.486696  0.790942  0.719709 -0.493284  0.584752
point 67 607 375.342 237.287   0.90143  0.327758 -0.317198  0.094208  -0.33183 -0.396865 -0.428711  0.229271  0.953769  0.783355
point 68 610 378.282 123.194 -0.212964  -0.21788  0.743323  0.650788  0.424347  0.421622  0.671668 -0.639727  0.159681 -0.488998
point 69 617 258.625 120.079 0.0244901 -0.860127  0.307768  0.123893 -0.588107 -0.923529 -0.209216  0.322289 -0.832786 -0.614406
point 70 623 548.435 162.053  0.530029 -0.565199  0.635464 -0.463698 -0.251284  0.459604  0.393161 -0.166532 -0.821206 -0.310738
point 71 629 143.842  190.83 -0.422107  0.774839   0.63613 -0.944311  0.984788  -0.25873  0.992362 -0.680161  0.229965 -0.755796
point 72 644 313.978 81.0155   -0.51659  -0.133414  -0.607823 -0.0132288  -0.161131  -0.824107   0.787752  -0.958036   0.891413    0.40511
point 73 661 248.438 166.985  0.299547 -0.489892  0.422196   0.37804  0.121701 0.0943999 -0.871508 -0.709934  0.275564  0.373017
point 74 667 93.4377 155.201 -0.920068 -0.596148 -0.231425 -0.626343  0.768023 -0.747111 -0.471415  0.686609  0.576844  0.429829
point 75 681 60.8523  202.08 -0.321883  0.536394  0.142826   0.39893 -0.758329  0.190301 -0.843309  0.428068 -0.106064 -0.833515
point 76 691 342.232  191.47  0.608653  0.962593  0.236496 -0.257045 -0.909448 0.0703124  0.292486 -0.413275 -0.966533 0.0190327
point 77 693 629.914 216.461  0.612991  0.388739  0.631804 -0.483558  0.930394  0.179259  -0.46465  0.129161   0.95055 -0.403653
point 78 697 119.288  207.35   0.158696  -0.734058   -0.51083   0.939709   0.537357  -0.729849  -0.312058 -0.0993513  -0.211979  -0.785059
point 79 709 137.147 218.169  0.954994 -0.917924  -1.02199 -0.998512  0.490042  0.823465  0.782029   0.54258  0.132503 -0.463156
point 80 710 496.838 175.053 -0.0556044  -0.493957  -0.590967   0.330963  -0.415449   0.289502  -0.730466  -0.182093   -0.23573 -0.0337576
point 81 719 519.435 164.687 -0.789789 -0.333465  0.718848  0.715231 -0.605078  0.680928  0.351531 -0.603368 -0.581192  -0.97591
point 82 726 504.946 94.5475  0.997298  0.480729  0.563309 -0.648208  0.266336  0.593143 -0.773722 -0.933578 -0.925635 -0.844688
point 83 727 628.052 217.692 0.0993884 -0.923725  0.566366 -0.630291 -0.232638   0.86542 -0.346338 0.0348435  0.953095  0.937383
point 84 735 565.713  230.19 -0.901654 -0.470263 -0.138137 -0.620342  -0.28024  0.498005 -0.262743 -0.767988 -0.361652  0.843182
point 85 750 459.227 235.643 -0.373311 -0.499135  0.527337  0.247513  0.172357  0.511481 -0.637712  0.778313  0.651216 -0.166876
point 86 752 241.946 148.435  0.796099  0.761624 -0.548346 -0.194365 -0.162297 0.0380617  0.315451 -0.662601   -0.6276 -0.488305
point 87 771 29.7252 222.521  0.187448 -0.416438  0.779163  0.977579  -0.60591  0.834236  0.627075 -0.217698 -0.449654 -0.641986
point 88 776  286.42 164.056  0.871326 -0.069009 -0.144442  -0.50925  0.664647 -0.817203  0.425785 -0.472255  0.814765 -0.813795
point 89 777 169.305 194.551  -0.587199   0.693986  -0.327091  -0.510525   0.596744  -0.248217  -0.349327   0.596041 0.00994035   0.122531
point 90 794 259.463 212.112  -0.45022  0.404066 -0.339144 -0.632435 0.0677484  0.623955  0.499896 -0.456279  0.185932  0.447422
point 91 797 243.485 200.193  -0.740784   -0.71674   0.768415   0.112818  -0.179466  -0.570611 -0.0306474   0.559012  -0.112434  -0.311882
point 92 815  161.05 159.687  0.133841 -0.248476  0.964906 -0.356288   0.68439  0.654523 -0.367981 -0.635161  0.822252  0.885068
point 93 820 456.034 189.938   -0.73521  0.0701753   0.735903  -0.464511   0.496116  -0.276739  -0.330464  -0.436842   0.317245 -0.0821138
point 94 839 4.60019 218.297 -0.0124212  -0.199146  -0.814198  -0.880327  -0.192463  0.0683548 -0.0729062   0.284253   0.695272  0.0772516
point 95 841  268.99 177.739  0.107402  0.955423  -0.92333  0.915653 -0.333024  0.104005 -0.310747 -0.199028  0.270159  0.455675
point 96 843 188.673 124.592 -0.465364 -0.222011 -0.142233  0.485897  0.143884 -0.934716  0.348609  0.208511   1.01639   1.00991
point 97 848 473.012 205.733 -0.400131 -0.239636 -0.888927  0.866104  0.880439  0.543242  0.101325  0.253238  0.733509   0.18938
point 98 862 311.905 209.245 -0.820822 -0.319253 -0.762531 -0.185235  0.578923 -0.546566 -0.106714  0.365974 -0.944109 0.0366819
point 99 863 439.769 169.942   -0.22628   0.340926  -0.108965   0.452008 -0.0422662   0.952404  0.0714336  -0.196017  -0.139743   0.564971
point 100 867 63.0023 202.701    1.00206  0.0963124   0.101818   0.638506  -0.496304 -0.0604624  -0.801611  -0.429217   0.663337 -0.0388045
point 101 876 309.467 115.056  0.407602 -0.700118  0.883155  -0.22916 0.0816865 -0.980193 -0.966256  0.325659  0.836577  0.260793
point 102 880 298.058 163.915 -0.592697 -0.497335 -0.236827    0.6109  0.553878 -0.248478 -0.367605  0.636239   0.78011   0.65009
point 103 881  112.45 46.1747  0.298237  0.641537  0.461034  0.656421  0.400543 -0.753474  0.179019 -0.759399 -0.464451 -0.530945
point 104 882 148.183 206.096 -0.470031  0.944901 -0.562911  0.608187  0.494242 -0.180061 -0.962049 -0.831879 -0.593192  0.591759
point 105 883  314.42 198.489 -0.250793 -0.213544 -0.678192  0.925915  0.313011  0.592185  0.579751 -0.358718  0.197159 -0.017278
point 106 908 319.101 142.466  -0.96658 -0.908917  0.949166 -0.686571 -0.693215  0.960903   0.60339 -0.769839 -0.525713  0.272991
point 107 916 476.452 181.051 -0.335767  0.218063   0.19582 -0.374728 -0.732116 -0.474665  0.671263    0.2525  0.930581 0.0203601
point 108 927 143.336 157.342 -0.0307008   0.844429    0.59099   0.379149  -0.899342    0.38766  0.0243999  -0.341259   0.763863   0.901052
point 109 929  135.86 83.1105 -0.844535 -0.296778 -0.215513  0.172202  0.188042  0.709368 0.0612657 -0.174675 0.0731418  0.166896
point 110 942 251.025 222.139 -0.779417 -0.361379  0.629379 -0.492466  0.247519 -0.201801 -0.722232 -0.981745   1.01783  0.402566
point 111 944 347.285 161.993   0.590455  -0.504228  -0.282242  -0.539798    0.72994 -0.0162244   0.111013   0.348804   0.482072  -0.682923
point 112 957 619.729 170.658  -0.533053   0.976377  -0.226009  -0.939861    0.28597   0.869472   0.441483   0.572988  -0.407013 -0.0953298
point 113 958 367.871 147.831 -0.423254 -0.869267 -0.761147 -0.225731 0.0217334   -0.3327 -0.143864 -0.248893  0.477127 -0.875828
point 114 962 373.654 205.985  -0.194199  -0.235907   0.862753  -0.823866  -0.814152 -0.0849794   -0.45208  -0.476988  -0.115553  -0.131644
point 115 963 21.4382 177.189 0.00695727  -0.846868  -0.349043   0.395122  -0.923791   0.241096   0.976071  -0.894103  -0.144765   0.450092
point 116 971 93.6741  197.03   0.695717  0.0246966   0.308321  -0.688112   0.962477 -0.0363146   0.313462   0.938752   0.771689  -0.117798
point 117 974 421.399 233.676 -0.524524  0.799885 -0.749849 -0.919351  0.446268  -0.50808  -0.42693  0.498403  0.557085 -0.414097
point 118 978 369.911 208.676  0.843074  0.698945  0.294899  0.918262 -0.858785  0.423791  0.129835  0.472665 -0.574775   0.37594
point 119 991 610.177 235.876  -0.187316 -0.0298669  -0.781822  -0.941091    1.00179  -0.446814   0.359967    0.49334 -0.0222915  -0.780237

