seq: 16
gt_pose:  3.06446 0.571928 0.751945
odom_pose:   3.1123 0.427931 0.628992
point 0 3 516.864 110.479 -0.168886  0.774033 -0.469424 -0.286604  0.653539  0.882984 -0.909203  0.876607 0.0387847 -0.794067
point 1 49  337.41 140.888   -0.68337  -0.373978   0.760559  -0.247931   0.771665   0.460868 -0.0205776  -0.437124   0.885375  -0.778514
point 2 50 385.234 202.479  0.859312 -0.674927 -0.479462 -0.651337 -0.557817  0.261637 -0.626062 -0.750333 -0.544136  0.894162
point 3 53 130.482 185.178  0.813657  0.274841 -0.275749 -0.850748  0.573299  0.636037  0.441273  0.405026  0.765704 -0.393479
point 4 61 235.564 164.805  0.182229  0.486212   0.45834  0.816299 -0.823891  0.568972  0.879618 -0.835928 -0.489618 -0.492517
point 5 75 336.497 203.854 -0.661227 -0.889719  0.955215  0.544032 -0.788917  0.744541 -0.632183  0.945007 0.0405687   0.33988
point 6 77 78.9633 226.856  0.0892064     -1.035  -0.427151  -0.618526   0.338966 -0.0864277   -0.54969   0.352247   -0.54513  -0.316431
point 7 79 337.964 197.432  -0.250688  -0.727759 -0.0986822   -0.79562    0.21353   0.916897  -0.740246   0.787646   -0.68873   0.557084
point 8 82 317.559 162.022  0.953411 -0.019105 -0.208283 -0.269439  0.836192  0.791555 -0.807411   0.77958  0.715677 -0.612015
point 9 87 471.694 230.903  0.745502  0.840419 -0.218911  0.929554 -0.682119 -0.614637 -0.512955 -0.282471  0.840839   0.21503
point 10 89 155.463 230.818  0.608584 -0.613923 -0.348811 -0.301639  0.256177  -0.67244 -0.551106 -0.979197 -0.760751 -0.160213
point 11 106 172.685   234.7   -0.23584     1.0203  0.0515322 -0.0753585   0.440978   0.169041  -0.229086  -0.930177   0.535182  -0.140982
point 12 112 563.915 235.157 -0.00107676   -0.762677   -0.712117   -0.953555   -0.445685    -0.93992   -0.944581  -0.0118995   -0.212669   0.0867879
point 13 115  414.02 71.6366  -0.675091  -0.771957   0.404793   0.482566 -0.0894477  -0.593923   0.929034  -0.489852  -0.463843   0.467413
point 14 120 340.191 141.948 -0.941006  0.188145  0.694989 -0.575847  0.654862  0.539803 -0.634662  0.310732 -0.952161  0.329536
point 15 134 233.136 158.296 -0.273632  0.102712  0.418981  0.892095  0.697045 -0.312667  0.971676    0.7366  0.590653 -0.806456
point 16 140  276.08 177.852 -0.496869  -0.11134   0.67384 0.0907462  0.851367 -0.797098  0.399779 -0.625053 -0.366179  0.864452
point 17 157 191.648 237.573 0.0585486  0.109142  0.594772  0.491442  -0.74136 -0.932553  0.270662   0.58522 -0.714838  0.523278
point 18 158 94.2075 69.7701  0.533988  0.436914  0.294644 -0.339966 -0.123865 -0.376069 -0.815666  0.177757   1.01104 -0.598372
point 19 161 226.059  171.51  0.494286  0.916438 0.0385176 -0.401164 -0.378391 -0.766794 -0.377687 -0.305898  0.012727  0.608259
point 20 162 518.719 164.055  -0.57359  0.227929 0.0405047 -0.720811  0.129084  -1.01263  0.606918 -0.756986 -0.650605  0.131572
point 21 170 277.536  236.03  0.086522 -0.360276  0.247779   0.11346  0.805503 -0.236587 -0.917145   0.76108  0.435284  0.763724
point 22 180 127.289 178.845 -0.167842 -0.538492  -0.71251 -0.722242 0.0905941  -1.04739 -0.167466 -0.186122 -0.166132 -0.274263
point 23 190 120.671 231.812  0.383136  0.656971 -0.101883  0.759571  0.530767  0.559108 0.0403141 -0.872017  0.344284 -0.470764
point 24 213 495.987 174.642   0.514063  -0.215579  -0.791296 -0.0647623 -0.0671244  -0.875583  -0.428768   0.762878     0.3998   0.179787
point 25 239 105.655 201.173 -0.417866 -0.865359 -0.821263  0.226938  0.566592  0.156548  0.272334  0.233299  0.196809 -0.577737
point 26 244 343.831 199.013 0.0302395 -0.928683  0.523532  0.638132 -0.874405  0.719982  -0.36015  0.319741  0.105845  0.285057
point 27 255 461.459 215.324 -0.987332 -0.802034 -0.978202  -0.92561 0.0229601  0.915903  0.152109 -0.335954 -0.148761  0.402306
point 28 276 378.805 239.513    0.49773  -0.727645  0.0800327 -0.0859347   0.206657 -0.0309869   0.330923   -0.68558  -0.413138   0.738798
point 29 279 597.278 164.016  -0.471797    -0.3833   0.257608   0.170566 -0.0861633   0.672779   0.376817  -0.843117    0.91979     0.4153
point 30 315 170.185 186.796 -0.867635 -0.408346 -0.977314 0.0973674 -0.369332  0.129774 -0.596343  0.808452 -0.734982  0.913457
point 31 320 21.0505 226.445  -0.129756   0.661329   0.996103  0.0217626   0.630493   0.172871 -0.0052427  0.0319751   0.201759    0.29075
point 32 324 112.703 195.636 0.0682215  0.315073 -0.691014 -0.477146  0.573801 0.0329345  0.376949  0.109548  0.235497  0.384919
point 33 325  316.21 184.282 -0.233509 -0.317281  -0.59715  0.107462  0.225871 -0.373624 -0.266971 -0.447516 -0.549687 -0.949359
point 34 340  385.21 142.443    0.41112  -0.413358  -0.702209 -0.0578566   0.766707  -0.156533  -0.682222  -0.421145    0.49539  -0.398375
point 35 341  421.87 218.098   -0.746952    0.113295    0.280632   -0.293344    0.282257   -0.399996   -0.815054   -0.671299    0.867949 -0.00319751
point 36 343 230.215 223.428 -0.0455755  -0.988446  -0.333305  -0.789198  -0.203205 -0.0900332   0.247941  -0.950636   0.550595  -0.481736
point 37 353 317.137 44.7938  -0.502323  -0.233775   0.943901  -0.328801  -0.307773   0.314748 -0.0605763  -0.601918  -0.452056   0.130537
point 38 390 344.492 232.902  0.295043 0.0149241  0.211535  -0.56583  0.329897  0.867026  0.328714  0.206556 -0.622336  0.459301
point 39 396  306.86 111.461  0.246499 -0.753003   0.90656  0.691426 -0.418012 -0.328717 -0.763342 -0.411659  0.371298   0.67233
point 40 401 375.274 216.384 -0.000351804     0.539162     0.287577    -0.462279    -0.560466     0.146815      0.61715       0.7919    -0.948353    -0.587243
point 41 407   434.4 222.297  -0.679186   0.940166  -0.868702   0.697497  -0.766296 -0.0574875    0.69463  -0.923864  -0.378075  -0.467764
point 42 408 11.5824 174.925 -0.393417  0.770714 -0.301739 -0.904712  0.131057  0.446475 -0.945199   0.50703  0.964276 -0.844641
point 43 418 485.906  225.91  -0.881933 -0.0639422   0.255797  -0.645929   0.921542   0.787491   0.973533  -0.714248  -0.589516   0.632922
point 44 427 514.501 158.055   0.711537   0.921071   0.212453  -0.423521 -0.0926728   0.857144   0.242167  -0.678313  -0.653443   0.613228
point 45 449 202.817 169.799 -0.0175235  -0.335684   0.859102  -0.536593 -0.0800648  -0.590836   0.513336 -0.0239176  -0.284914  -0.182824
point 46 456 428.509 157.886  0.150534 -0.551944  0.573351 -0.547046 -0.370801  0.652083  -0.50718 -0.667313 -0.798416 -0.894998
point 47 458  16.187 185.154 -0.790651  0.240914 -0.789972  0.352802  0.527206  0.464002   0.75553  0.137626  0.954926 -0.541044
point 48 512  440.96 138.037 -0.584276 0.0445669  0.789733 -0.307285  0.586589 -0.925847 -0.210004   0.24431 0.0741008 -0.407978
point 49 550 512.993 210.025   0.270011 -0.0692506  -0.662536   0.531962  -0.330721  -0.563659  -0.904935   0.207689  0.0213873  -0.757369
point 50 564 428.62 199.49  -0.645477  -0.163715   0.249375  -0.442466 -0.0823569   0.530811  -0.444676  -0.977653  -0.742877   0.990489
point 51 581 218.153 239.337 -0.707367 -0.466161 -0.249079  0.938008 -0.943329 -0.130012 -0.133099 -0.759377  0.869204 -0.158024
point 52 603 164.172 143.824  0.995336  0.545857  0.668083  0.242773 -0.800671  0.441612 -0.890272  0.812143 -0.552342  0.626073
point 53 605  378.49 217.633   0.902347   0.522846  -0.391616   0.372516   0.197519  -0.408275 -0.0571293  -0.119758   0.890283   0.109624
point 54 619 615.819 140.313 -0.0228884   0.967736   0.333804  -0.907563  -0.987609  -0.561386  -0.777677   0.327192   0.544652  -0.280054
point 55 621 568.108 165.959  0.863902 -0.049494 -0.905628 -0.184776   0.19897  0.076101 -0.265154 -0.406528 0.0881634 -0.253257
point 56 624 625.198 208.268 -0.00193964    0.657827   -0.744916   -0.709192    0.712503     -0.2122   -0.644278    0.126453    0.744113   -0.656118
point 57 627 130.661 144.434 0.0601091  0.912008 -0.584435 -0.531404 -0.794498  0.291067 -0.827301 0.0833894  0.299378   0.64891
point 58 628 178.253 216.312 -0.651703 -0.150847   0.18937 -0.343293 -0.209163  0.912102  0.578042 -0.403901  0.470617  0.824042
point 59 630 329.619 221.323 -0.0104067  0.0167136  -0.306035  -0.373896   0.690946 -0.0598125   0.483686  -0.203224   0.569904  -0.671792
point 60 632 560.626 235.895  -0.113265   0.216828  -0.319278  -0.755211   -0.58815   0.691903   0.229529   0.104922  -0.650317 -0.0530157
point 61 668 342.538 167.904 -0.574834   0.82943 -0.800373  -0.46666 -0.504807  -0.14734  0.207851 -0.476881 -0.918539  -0.57097
point 62 678 30.2248 148.431  -0.834643   -0.86821  -0.414427  -0.452989 -0.0178211  -0.916668   -0.93772  -0.149855   0.232699  -0.333407
point 63 711 23.7977 212.466 0.0743837  0.212838 -0.991131  0.909524  0.952472  0.968891 -0.987968  0.989422 -0.948493  0.488049
point 64 717 232.392  176.82  0.979471  0.648069 -0.885724 -0.221975 -0.353474 -0.735876 -0.636545  0.728709 -0.343177  0.682131
point 65 737 541.443 192.739 -0.324753 0.0716657 0.0428267  0.619715 -0.822285  0.134428 -0.824347 0.0719777  0.466595 -0.210465
point 66 740  590.71 192.659   0.443898   0.741969  -0.969227   0.666236 -0.0990609    0.24219    0.66222  -0.419447   0.729155  -0.935744
point 67 749 426.193  210.73  -0.588594   0.219188   0.674449   -0.68295   0.508516 -0.0121797   0.769043   0.173162   -0.23993  -0.146321
point 68 778 444.946  217.43 -0.126265 -0.628008 -0.763335  0.695412 -0.532989 -0.850964 -0.346839  0.288642 -0.455886 -0.664654
point 69 804 276.022 183.027  -0.809768  -0.676235  -0.722558  -0.548369   0.577096   0.731191 -0.0838231   0.436969  -0.552514   0.141945
point 70 809 402.887 161.732 -0.246497 -0.899382 -0.917793 -0.298425 -0.559705 -0.234585  0.840307  0.755208 -0.200957 -0.230627
point 71 817 345.928 195.355  -0.231484   0.519457   0.868017   0.613656   0.640417 -0.0791442  -0.624387   0.599756   0.649474  -0.902005
point 72 822 31.6255 224.154  0.736451 -0.253374  0.881684 -0.301889  0.331772 -0.832902  0.703696 0.0272067 -0.280313  0.162846
point 73 823 347.999 180.772  0.0320529  -0.772886  0.0803299   0.703926   0.572887  -0.492502  0.0241338   0.890659   -0.50911 -0.0592517
point 74 846 286.025 228.979  0.459687  0.244834  0.418277  -0.86995 -0.900514 -0.073467  -0.66009 -0.294147 -0.341111  0.252459
point 75 866 323.629 168.595 -0.492922 -0.126878  0.817178 -0.604427  0.699765 -0.195775 -0.188862  0.367698 -0.418057  0.944291
point 76 868 186.219 205.372   0.644558   -0.43032  -0.910043  0.0254177  -0.680143  -0.392762   0.914554  -0.883233 0.00774511   0.586047
point 77 886 297.837 96.9421 -0.336357 -0.877029 -0.518339 0.0466295  0.345202   1.00954  0.925345  0.872767 -0.774324 -0.838333
point 78 889 493.679 230.371 -0.830984  0.265679  0.857592 -0.306614 -0.974591  0.442427 -0.063125 -0.738275  0.786279 0.0773795
point 79 897 55.0247 179.286   0.219276   0.832697   0.938118   0.562562   0.108562  -0.845901 -0.0746827  -0.253241  -0.844518     0.2742
point 80 898 431.956 227.325    0.767667   -0.595052    0.294924 -0.00930235   0.0288403   -0.313103    0.559968   -0.492526  -0.0742694    0.477216
point 81 905 157.378 56.1184 -0.984466 0.0991932  0.500604 -0.419505  0.683556  0.254056 -0.803309  0.693277 0.0956232  0.180039
point 82 910 112.981 108.809  -0.885116   0.595914   0.506074 -0.0540285   0.641129   0.441213  0.0571142   0.586013   0.747635   0.345069
point 83 911 304.989 188.338  -1.02618 -0.406131  -0.73131  0.747179 -0.941975 -0.131453  -1.00673 -0.186578  0.522288 0.0575349
point 84 920 306.246 197.123 -0.862539  0.664032 -0.351584 -0.334634 -0.446148 -0.227163  0.858679 -0.885454   1.04121 -0.521611
point 85 926 345.738 222.895 -0.715786 -0.754257  0.939949 -0.845308 0.0439023 -0.564358 -0.441482 -0.746326 0.0708728  0.543595
point 86 928 332.286 75.2635 -0.145118  0.915247 -0.814453 -0.886655 -0.256984 -0.532011 -0.673161 -0.324981 -0.501111  0.312434
point 87 939 385.137 160.596  -0.47615 -0.694505  0.586433  0.878216   0.21675 -0.874435 -0.739747  0.682413 0.0967778  0.765509
point 88 947 36.0394 164.616 -0.366967 -0.894422  0.792906 -0.520986 -0.501082  0.870171  0.605174  -0.71324 -0.863971  0.774739
point 89 951 331.103 214.095    0.137526   -0.874857  -0.0930277    0.412428    0.243894 -0.00530931   -0.978258    0.469717   -0.195563   -0.639456

