seq: 106
gt_pose: -2.63802 -2.07299 -3.09151
odom_pose: -1.50727 -2.54705 -2.86343
point 0 2  115.61 165.912   -0.583585  0.00430903    0.656985    0.258401   -0.361056    0.283879   0.0308439 -0.00927415    0.967547   -0.427765
point 1 25 142.902 219.862  -0.395865   0.818776   0.836231   0.210336   0.651822   0.651838 -0.0455368  -0.348228   -0.21977    0.33301
point 2 28 221.574  169.52  0.229698  0.947815 -0.352056   0.75329 -0.748856 -0.202272 -0.979651  0.570442  0.541583 -0.443996
point 3 34 335.138 197.815 -0.142257 -0.515297 -0.231412 0.0841783  -0.68472  0.104767  -0.99358 -0.201469 -0.188134 -0.339926
point 4 60 426.383  146.23  -0.937907  -0.879125   -0.55604   0.467274    0.19068  -0.831873   0.933278    0.71545  -0.653573 -0.0963826
point 5 70 482.449 163.171  0.918559 -0.699135 -0.430948 0.0893328  0.313837  0.755671 -0.540834  0.332322  0.221441  0.701389
point 6 80 328.356  204.46 0.0676608  0.492464  0.949076  0.867576  -0.85201 -0.994159 -0.899813  0.793961  0.751968 -0.928994
point 7 86  588.53 165.077    0.84821   0.329618   0.733731  -0.446536  0.0682395  -0.677773    0.69135  -0.521103  -0.731842 -0.0962925
point 8 90 315.993 171.592 -0.706009 -0.935482 -0.745134  0.454821 0.0166177 0.0872617 -0.482664  -0.55173 0.0575867  0.830189
point 9 114 274.082 157.674    0.497549   -0.869552    0.973229   -0.495777    0.184551 -0.00287798    -0.36278    0.376531   0.0380473     0.20798
point 10 125 584.451 211.253 -0.131837  0.973511 -0.649574   0.68222  0.860943  0.532208  0.926672 -0.291426 -0.128148  0.771736
point 11 126 20.9385 197.403   0.713549  -0.506201  -0.166283   0.341166   0.868652   0.300585 -0.0268054   0.627639   0.785736   0.178031
point 12 131 367.328 144.648  -0.984153  0.0480065  -0.559363  -0.312322 -0.0957101  -0.113334  -0.559625  -0.135871   0.215698   0.639954
point 13 167 130.749 202.984  0.767058 -0.445716 -0.428928 -0.140584 0.0958917 -0.946901 0.0428097 -0.407435  0.643365  0.266145
point 14 197 66.6221 81.9808 -0.817912  0.590288 0.0728262  -0.20408  0.795319 -0.536464  0.767894 -0.486674  0.546259  0.371607
point 15 210 618.284   157.6  -0.272934   0.585226  -0.400448  -0.731161  -0.815884  -0.398934 0.00299612  -0.706252   0.530092   0.776095
point 16 218 417.531 227.171 -0.157562  0.635243 -0.954214  0.736181  -0.85386  -0.61225  0.880006 -0.943585 -0.433454 -0.714613
point 17 223 18.0029 146.696 0.0317283 0.0996468  0.951439  0.427933 -0.907862 -0.676012 -0.753638  0.317204  0.941489    1.0115
point 18 228 605.844 168.623  0.406808 -0.833768 0.0176028 -0.017706  -1.03449  0.936379  -0.62664  0.548647  0.602979 -0.640009
point 19 254 593.141 219.793  0.117599 -0.257878 -0.156637   0.52535 -0.621863  0.426993 -0.505409 -0.937261 -0.760868  -0.45351
point 20 260 618.424 201.439    0.244412    0.599573   -0.353676    0.452448   -0.469236    0.605741 -0.00279993   -0.153912   -0.107199    0.193286
point 21 263 158.412 199.738   0.203068   0.627101  0.0614915   0.577102  -0.852684 -0.0718045  0.0370677  -0.858415     0.5504   0.818929
point 22 266  340.31 200.554   0.802051  -0.386557  -0.128953    0.71239  -0.682783  -0.216678  -0.439637 -0.0362451   0.619183   0.838083
point 23 284 235.173 206.051  -0.243633  0.0665286   0.106782  -0.326458   0.867913   0.463663  -0.988791   0.938257 -0.0664908  -0.781445
point 24 291 40.7731 195.817   0.279016    0.76217  -0.630148  -0.940505   0.573892  -0.792472  -0.439351 -0.0866297  -0.775284   -0.25771
point 25 302 595.073 146.747  -0.79544 0.0666323  0.508661  0.676258 -0.120298 -0.595034  -1.01744  0.225097  0.126279 -0.228117
point 26 306 128.196  108.58   0.484066   0.156844   0.493305   -0.15129   0.286677 -0.0175399   0.308951   0.914291   0.664582   0.333605
point 27 308 208.045 175.194  -0.525154   0.943147 -0.0366183  0.0183749  -0.722572  -0.543268  -0.767469   0.744644   0.414769   0.519649
point 28 330 262.055 230.376 -0.0832033  -0.588511   0.209719   -0.66985  -0.326616  -0.971134   0.804973   0.946797   0.233071   0.511602
point 29 351  17.847 135.242  0.325096 -0.735965  0.706773  0.249677 -0.866894  0.390464  0.988517  0.850852  0.477396 -0.841397
point 30 358 305.407 153.905  0.701373 -0.281494  -0.11322  0.990037  0.217285 -0.824574  0.390293  0.475639 -0.923844  0.742418
point 31 362 601.759 142.046 -0.160738 -0.912224 -0.758959 -0.357956 -0.482546   0.75211  0.160189  0.473642  0.918168  0.808823
point 32 389 311.259 181.349  0.417448   0.78173 -0.336345 -0.459117  0.350827 -0.635584  -0.21541 -0.156458 -0.724223 0.0654251
point 33 397 524.404 114.718  0.706445 -0.329252  0.623263   0.24615  0.548677  0.906133 -0.698515  0.666949  0.838378 -0.721351
point 34 400 289.173 220.904  -0.960818  -0.116669    1.01825 -0.0875239   0.725277   -0.80244  -0.211013  -0.870939   0.606207  -0.183674
point 35 413 52.1451 198.256 -0.763141 -0.992011 -0.162201  -1.00186  0.122756 -0.727835  0.908066 0.0189654 -0.740553  0.349994
point 36 424  550.41 217.073 -0.115186 -0.824011  0.516254  0.359337  0.562004  -0.47113 -0.127711  0.117872  0.884127 -0.106673
point 37 431 21.5546  198.74   0.221042   0.318074   0.958519   0.532241   0.710524   0.436534 -0.0893653  -0.950409   0.909313  -0.446539
point 38 434 144.015 182.236 -0.809775 -0.189851  -0.60417 -0.453923 -0.815312  0.190946 -0.814724 -0.819979  0.785199  0.331065
point 39 460 581.792 165.405  0.825443 -0.485328 -0.300714  0.377571  0.030051 -0.155132 -0.343919  0.270213 -0.753552 -0.824943
point 40 467 423.554 218.603 -0.428682 -0.787649  -0.08696 -0.367349  0.886667  0.287862  0.431149 -0.120429 -0.653245 -0.709719
point 41 473 614.403 196.273    0.59849    0.32857  -0.668957   0.689281   0.807945   0.175742  -0.615198    0.56903 -0.0394972  -0.216343
point 42 474 372.782 225.948  -0.110391   0.700608  -0.909738   0.701577  -0.683546   -0.75688  -0.348585   0.953919 -0.0224936   -0.46697
point 43 488 441.341 155.036  0.978653  0.590184 -0.510812  0.173509 -0.675732 -0.372322 -0.316461 -0.777356  0.140356 -0.315355
point 44 501 292.862 165.186  0.487836 -0.244386 -0.154148 -0.178657  0.358815 -0.341843  0.355628 -0.284549 0.0722738 -0.430409
point 45 504 616.208 214.595  0.355682  0.862161 -0.686293  0.374977   0.23122  0.649906 -0.371453 -0.828169  0.129321 -0.495278
point 46 511 23.0116 113.544 -0.270961  -0.45055  0.560787  0.245329  0.123018 -0.138662  0.421419  0.828771 -0.438392  0.166945
point 47 543 465.913  163.33  -0.330314  -0.788313   0.563856   0.661299   0.354643 0.00940718   0.872737   0.126568   0.677554  -0.811089
point 48 545 286.445 181.539  0.923482  0.539084 -0.838495  -0.27566 -0.793204 -0.220468 0.0108692  0.846719 -0.530885  -0.69476
point 49 552 522.316 112.735   0.81929 -0.154212  0.874959 -0.112443  0.472356 0.0413656  0.828081  0.772012 -0.391083 -0.592274
point 50 553 311.914 195.803   0.162187 -0.0606343   0.872173    0.19844   0.656132   0.119077    0.52259   0.962268  -0.945534  -0.233322
point 51 559 287.876 132.636  -0.48592   1.00562  0.960558 -0.691144  -0.15581  0.728797  0.522085 -0.694574 -0.542271  0.852391
point 52 563 603.789 175.586 -0.026066 -0.416407  0.354439 -0.390559  0.713758  0.452074  0.300195  0.469058 -0.702333  0.315721
point 53 574 253.024 172.728   0.86886  0.333722 -0.744937 -0.207014 -0.488977 -0.681364  -0.58573  0.870172 -0.358238  0.165438
point 54 575 81.8176 146.692  -0.025024  -0.894276   0.522273   0.965421   0.828593   0.380016  -0.249749 0.00390368   0.936732   0.438006
point 55 577 513.334 174.023  0.354502    -1.002  0.577867  0.680665 -0.762794 -0.467969  0.818469  0.668622  -0.44298  0.554262
point 56 587 615.235 139.621  0.768189 -0.430081  -0.26541  0.678559  0.227045 -0.251425  0.288934 -0.917621 -0.422817 -0.427184
point 57 593 106.135 174.124 0.0953153 -0.724062 0.0084243 -0.671685  0.734363 0.0834535 -0.357466  0.401617 -0.910199  0.175895
point 58 600  287.73 176.473  0.952202  0.444878  0.640755  0.608467  0.942677 -0.457449  0.169357  0.518595 -0.317262 -0.794674
point 59 606 25.9875 233.268 -0.291749  0.633978 -0.144072  0.427927 -0.439251 -0.765349  0.558595 -0.323032  0.680702  0.906139
point 60 623 525.084 91.9786  0.506159 -0.506731   0.62914 -0.526331 -0.258822   0.48194  0.378949 -0.179643 -0.774623 -0.381847
point 61 625 547.724 188.767 -0.00621634    0.725021   -0.131453    0.993273    0.421152   -0.569208   -0.564928   0.0562016  -0.0603202    0.171538
point 62 634 150.228 181.063   0.262215 0.00847724    1.01463  -0.728487  -0.952131  -0.124547   0.445152  -0.198635   0.120406   0.892642
point 63 635 119.546 238.684 -0.267055  0.301248 0.0275197 -0.481567 0.0552232 -0.266683 -0.266948  0.505698  0.563652   0.73446
point 64 645 602.691 230.133   -0.94462   0.797765 -0.0132514   0.289873   0.101486   0.969376   0.306752  -0.414918  -0.296416  -0.290422
point 65 648 251.734 203.805   0.117412   0.402634  -0.749429  -0.958918  -0.731733 -0.0515328   0.705028  -0.930024  -0.281751  0.0791546
point 66 649 608.105 228.453   0.550866 -0.0814694 -0.0659112  -0.327521  -0.597017  -0.138077   0.268532  -0.551743   -1.02522  -0.347385
point 67 650 505.444 216.106   0.77205  0.221153  0.603001 -0.542089  0.981122 -0.275902  0.925015 -0.735552 -0.138511  -0.83341
point 68 654 488.616 238.574  0.122752  0.688299  0.153299 0.0635508 -0.306053  0.448791  0.735016 -0.935899 -0.283354  0.673452
point 69 657 0.635323  183.677  0.153797  -0.91835  0.907435 -0.575513  0.181554 -0.202844 -0.900981 -0.287038  0.192778 -0.478274
point 70 670 507.856 195.049  0.809759 -0.376323 -0.917379 0.0263503 -0.108815 -0.526694 -0.144757  0.106712 0.0213157  0.351582
point 71 679 247.563 165.329  0.977447 -0.279295  0.198418  0.710711  0.939777 -0.430959 -0.336898 -0.376778   0.91307  0.854277
point 72 680 408.928 226.721 -0.050515 0.0345172   -1.0048 -0.335394 -0.193375 -0.791629  -0.28127  0.386194 -0.211905  0.797284
point 73 687 519.602 217.324  -0.34356  0.220357 0.0289773 -0.229005  0.629461  0.407584  0.528225 -0.468248  0.239914 -0.532187
point 74 694 486.455 223.445  -0.718484  -0.776392 -0.0491108  -0.449547    1.02772  -0.369183  -0.201513   0.858737   0.686918   0.435132
point 75 708 165.897 164.927 -0.0854864 -0.0367246  -0.730305   0.555897  -0.422935  -0.682224   0.143279   0.695282   0.937701   0.249031
point 76 710 349.356 114.953 -0.0624326  -0.469905  -0.591943   0.312103  -0.441222   0.314394  -0.676744  -0.145905  -0.237992  -0.070257
point 77 715 315.813 238.319 -0.770656  0.622033  0.112077 -0.709954  0.338172   1.00539  0.328654  -0.87203 -0.181347 0.0495285
point 78 719 483.511 76.5262  -0.73746  -0.29442  0.736815  0.667858 -0.614791  0.721729  0.417621 -0.596367 -0.593694  -1.03025
point 79 727 492.575 214.138   0.0746198   -0.901588    0.639426   -0.656035   -0.229363    0.812706   -0.347189 -0.00815825     0.93657    0.934269
point 80 732 547.335 166.551  0.223732  0.704903   -0.9349 -0.292133  0.165993  0.811941  -0.92433  0.013713  0.675733  0.626446
point 81 735 421.789 226.627 -0.949127 -0.437837  -0.14527 -0.649848 -0.295188  0.481158 -0.351448 -0.716847 -0.371497  0.841975
point 82 748 222.084 192.737 -0.950387  0.130603 -0.490541 -0.862606 -0.490688  0.218393 -0.172609  0.994351   0.71946 -0.387915
point 83 767 42.7631 232.314 -0.0242648  0.0289486  -0.175821  -0.723934   0.395803 -0.0855987    0.13638   -0.10589   0.331474   0.711691
point 84 770 309.522  121.59  0.773431 -0.492642   0.73744 -0.415091 0.0392484 -0.240458  0.424811 -0.746567 -0.907593  0.730644
point 85 795 326.759 199.787 -0.307377  0.890729 -0.264659 -0.566341  0.735251  0.115034 -0.579282 0.0751846  0.846201  -0.20265
point 86 808 144.064 182.536  -0.498992   0.570797 -0.0931762   0.824318   -0.47725  -0.273036  -0.204889  0.0473159   0.831072  0.0670647
point 87 810 111.956 202.858  0.958437  -0.66339  0.479504 -0.755939 -0.888843   1.02923  0.815399 0.0210449  0.789176 -0.636195
point 88 836 235.233 188.551  -0.775468  -0.633204   -0.18702 0.00286385   0.541432   0.301634  -0.303474   0.671255   0.264716  -0.935182
point 89 840 5.93619  147.37 -0.337179  -0.15313  0.893341 0.0705718  0.178522 -0.718318   -0.9341  0.968446  0.400774   0.82518
point 90 844 276.021 220.833   0.571918  -0.832445  -0.395354   0.715872 -0.0383567  -0.760768 -0.0470582  -0.842156  -0.828206   0.908518
point 91 848 572.337 95.8916 -0.460956 -0.177199 -0.904789  0.891271  0.850309  0.574612  0.161608  0.230084  0.747973  0.231351
point 92 850 279.342 184.646 -0.615628  0.871923 -0.136935  0.296348  -0.53921  0.381769 -0.898316 -0.411279  0.278687  0.989454
point 93 852 80.0823 43.4959  -0.449613   -0.30523    0.94714   0.211812 -0.0577316  -0.544363  0.0988782   0.893915     0.7549   0.570012
point 94 871 277.569 203.275    0.24535  -0.754369  -0.720502   0.114952   0.163187   0.739333 -0.0819338   0.362174  -0.798676   0.912845
point 95 890 146.297 163.312  0.353195 -0.365937 -0.141197 -0.850093 -0.322177  0.213131  0.888593 -0.926299 -0.227409  0.325231
point 96 895 124.941 214.618 -0.795623  0.350153  0.698735  0.968301 -0.665758  -0.29395 0.0135134  0.667274 -0.699106  0.239133
point 97 896 545.057 208.149   0.458403  -0.459911   0.359958  -0.766713   0.899462  -0.811237  -0.378362  -0.128118   0.866489 -0.0422945
point 98 900 534.066 159.043  -0.591071  -0.498623   0.649531   0.551086   0.468078   0.445565   0.895124  -0.230605  -0.505328 -0.0446343
point 99 915 116.042 186.688   0.220388   0.638639   0.143093 -0.0736599  -0.761395   0.319587    1.00149  -0.484328 -0.0991604  -0.384324
point 100 919 181.584 138.276 -0.779549  0.510575 -0.292831 -0.538535  0.411178 -0.340873 -0.395632  0.827577  0.186146  0.343471
point 101 921 136.751 173.116  0.205024  0.147805 -0.298382  0.706897  0.141833 0.0200977  0.184518  0.806854  0.510997 -0.423333
point 102 923 241.195 213.665  -0.732609  0.0250751   0.738722  -0.281526   0.332804 -0.0157909   0.797018  -0.878317  -0.302861 -0.0822104
point 103 938 42.8903 214.818   -0.50114 -0.0692066  -0.625251   0.282159 -0.0633243   0.383541   0.849757   0.506782  -0.935593  -0.625687
point 104 940 23.5566 185.456  0.125124  0.745972 -0.222574  0.186184  0.119955  0.348297 -0.844557  0.478405 -0.389681  0.110019
point 105 952 284.155 182.189  0.778973 0.0505013 -0.430329  -0.26938   0.64638 -0.211217   0.43661 -0.726956 -0.359076  0.712888
point 106 957 414.515 169.933 -0.462704  0.950397 -0.240897 -0.878078  0.332156  0.859913  0.398548  0.550636 -0.384031 -0.107503
point 107 970 293.291 200.949 -0.476402  0.273399  -0.28031  0.813819  0.414177  0.731783 -0.502566 -0.463291 -0.278092 -0.588971
point 108 973 316.383 135.477  0.158087  0.183169  0.617292 -0.912138 -0.413618  0.227332 0.0629702   0.80356  0.594394  0.122636
point 109 983 78.1488 166.626  0.634534 -0.539623 -0.819921 -0.964045 -0.818862 -0.254102  0.924132  0.135439 -0.535109  0.566621
point 110 991  397.71 235.822  -0.187556 -0.0511409  -0.748256  -0.941934   0.931988  -0.423434   0.285351   0.484601 -0.0717854  -0.808158
point 111 998 88.3773 111.698  -0.425438   0.117937   -0.99046   0.383608  -0.191457   0.254061 -0.0845017  -0.722234   0.235734  -0.448257

