seq: 265
gt_pose:    6.8269 -0.023537  -1.09158
odom_pose:  5.77293 -1.51886  -1.3933
point 0 0 427.769 115.983   0.570073    0.83168  -0.626743  -0.348193   0.560065  -0.411518  0.0975527 -0.0889564   0.231988  -0.250506
point 1 35 556.873 204.939 0.0824996  0.846015  0.363502  0.574022  0.350079 -0.390073  0.268956  -1.00869 0.0969235  0.659454
point 2 45 569.952 227.084  -0.526913 -0.0468581   0.853196 -0.0375552   0.749527   0.925892  -0.669741 -0.0368582   0.515571   0.560773
point 3 46 362.385  199.65   0.895547  -0.357993  -0.208979   0.118261   0.118574   0.204202   -0.63832 0.00521204  -0.313672    0.31163
point 4 54 562.491 152.539 -0.602658  0.176206 -0.932417 -0.836347 -0.687014 -0.546617 -0.730888  0.203851 -0.889504  0.756881
point 5 56 544.043 193.154  0.314418 0.0555565 -0.940885  0.813839 -0.345594 -0.631866 0.0373988 -0.225987 -0.431894  0.357072
point 6 69 515.338 212.787    -0.3241  -0.816541   0.802446   -0.80935 -0.0214476  -0.474101    -0.6045  -0.375905   0.299834   0.906172
point 7 91  415.19 226.753   0.481426 -0.0925369  -0.858857 -0.0599197   0.846994   0.766042   0.308479  -0.455881  -0.590313  -0.471317
point 8 94 240.529 128.413  -0.683256   0.388053   -0.53299   0.209095   -1.00598   0.649396 -0.0323357  0.0658557   0.615075  -0.721047
point 9 99 388.408 125.529 -0.539386 -0.576949 -0.696866  -0.75451  0.139335 -0.862435 -0.856346  -0.70003  0.553419  0.992131
point 10 112 50.1559 228.165 -0.0194784  -0.814064   -0.73525  -0.923552  -0.401207  -0.868154  -0.919963 -0.0318489  -0.226824  0.0855618
point 11 118 616.608 182.911  0.921308  0.863326  0.647757 -0.499692 0.0234201  0.569636 -0.850992 -0.624003 -0.907726  0.718232
point 12 152 520.278  147.26 0.0508467  0.476162 -0.611118 -0.596821  0.937292 -0.492832 -0.142035  0.663617  0.786359  0.313908
point 13 174  553.9 137.36   0.683535   0.151501   0.920347   0.115983 -0.0156289  -0.456352   0.135918  -0.528114  -0.514931  -0.948187
point 14 177 327.396  144.01  -0.753374  -0.177619  -0.482008   0.431794   0.123198   0.134475 -0.0331677  -0.608005   0.514187  -0.269171
point 15 182 581.317 232.486 -0.922824 -0.907023 -0.782274  0.909502 -0.777783  0.123975  -0.63703 -0.463301    0.4064  0.427749
point 16 187 620.161 166.799  0.859268  0.532703  0.690874 -0.203279  0.458466  -0.22096  0.184795  0.926735 -0.893618  0.949324
point 17 194 425.037 147.666  0.900495 -0.794458 -0.206497  0.777317 -0.656551  -0.67036 -0.180296   0.86418  0.644864 0.0389269
point 18 196 411.76 186.61  0.566118  0.429002  -0.95283 -0.945108  0.469766  0.941415 -0.791787 -0.730406  0.750757 -0.376711
point 19 207 391.094 235.849 -0.940467 -0.721944  0.968936   0.96303 -0.271576 -0.812973  -0.28451  0.501725 -0.545109 -0.801991
point 20 212 309.141 219.225   -0.424231  -0.0652562 -0.00417893    -1.01234   -0.244462    0.763503    0.673292    0.329236   -0.937816    0.856364
point 21 215 298.937 168.744   1.01128  -0.56126  0.913809 0.0892964 -0.407499  0.411813  0.832356 -0.146125  -0.67509 -0.278661
point 22 217 431.532 65.1031 -0.368014  0.351605 -0.963861  0.251169  0.202257  -1.01865  0.655806   0.12556 0.0445216 -0.762744
point 23 224 435.311 170.524   0.983485  -0.557495  -0.787323   0.409217   0.395911  -0.433231   0.437261   0.451496   0.136292 -0.0995011
point 24 237     399 186.127 -0.093791 -0.973578   0.62526 -0.949133  0.181387  0.888373 -0.950718  0.192717  0.337948   0.18095
point 25 252 468.482   189.9 -0.412143 -0.071584  0.710868 -0.173298   1.01191  0.847294  -0.10277 -0.194942 -0.881355   0.10743
point 26 256 533.153  221.55 -0.675326 -0.676467 0.0104171  0.751195     0.479 -0.869006 -0.555073 -0.713633  0.742168 -0.120548
point 27 261 492.429 201.759  0.889777  0.438995  0.951537 -0.275098 -0.209773  0.171491 -0.633431  0.931676 -0.391887 -0.111102
point 28 279 117.049 98.5883   -0.45775  -0.339938    0.20687   0.196308 -0.0766388   0.677501   0.362883  -0.835934   0.892904   0.390921
point 29 289 290.651 125.126  0.874896 -0.524421  0.313399  0.994312 -0.890883  0.870509 -0.751383 -0.458132   0.97701 -0.299162
point 30 299 614.914  191.49   -0.719489  -0.0843882    0.419091    0.909932   -0.291418 -0.00654925   -0.144076   -0.508551    0.694084    0.993476
point 31 317 262.847  235.57   0.574222 -0.0279392  -0.622932  -0.106718   0.637361    -0.4692   0.539901   0.734831    0.68972  -0.885572
point 32 347 399.368 204.241  0.442809   0.36652  -0.71316  0.541131 -0.137705 -0.786469 -0.953172   0.82127  0.570045  0.407342
point 33 348  237.21 84.7257   0.90707  0.113247 -0.737069  0.200394  0.294378 -0.286231  0.191126 -0.669546 -0.112361  -1.04596
point 34 354 349.388 237.003  0.301892 -0.217365  0.918205 -0.683174  0.457803  0.394487  0.607655 -0.143309  0.719742  0.264968
point 35 372  328.09 207.008   -0.18283   0.901898 -0.0547053  -0.571061   0.984048   0.603206  -0.642698   -1.03184  -0.379637   0.210517
point 36 373 479.327  235.97   -0.411191    0.851807   -0.058367    -0.34996    0.472623    0.498735 -0.00554639    0.741668   -0.297539   -0.889752
point 37 374 550.736 197.384  0.597974 -0.402808  0.312033 -0.638233  0.456354 -0.937546 -0.739035 -0.560792 -0.428943 -0.808137
point 38 394 402.504 189.106 -0.178085 -0.511289  0.948148 -0.273632  0.412242  0.963451  0.597161  -1.02721  0.248201  0.691306
point 39 403 553.573 170.906  0.176575  0.686448 -0.495286 -0.560353 -0.640889  0.499528  0.989545  0.633152  -1.02325 -0.615459
point 40 417  334.72 190.075 -0.849216  0.598714 0.0686958  -0.42835  0.247627  0.482978 -0.823424  0.349663 -0.665335   0.26813
point 41 421 353.294 208.065 -0.798914 -0.811964 -0.222377 -0.714892  0.754194 -0.563505  0.296279  0.194373  -0.30937 -0.194548
point 42 429 581.962 194.249  0.466159  0.344246 -0.702819 -0.537571  0.559232 -0.971456 -0.578913 -0.133158 -0.375306  0.344401
point 43 442 397.678 227.895 -0.224173  0.591492 -0.674255 -0.381061  0.533123 -0.603899 -0.308628 -0.367006 -0.666666   0.13236
point 44 444 532.817 173.803   0.620423  -0.976063   0.503038  -0.591141  0.0341556  -0.759523   0.976023   0.296913 -0.0895172   0.516835
point 45 446 569.088 141.825  0.558535 -0.792937  0.567991  0.869683  -1.03198  0.200415  0.971275  0.492116  0.560223 0.0124816
point 46 452 577.934 171.033    -0.9129   0.281117   -0.26396   0.667561   0.560288  -0.814428 -0.0882326   0.276881  -0.369823 -0.0825101
point 47 468 581.845 159.534  0.478437 -0.323176 -0.463406   0.50013   0.12153   0.50809 -0.377954 -0.253114 -0.787729 -0.369493
point 48 482  485.48 214.785  0.550599   0.41797  0.218053  0.155147 -0.339569 -0.544399  0.191866  -0.28825  0.318787 -0.313434
point 49 509 496.405 195.944  0.327542 -0.905487 -0.287847  0.715113  0.833197  0.814728 -0.401012 -0.368909 -0.349799  0.894415
point 50 518 423.766 143.571 -0.911336 -0.954474  0.248286  0.880205  0.423739 -0.579102 -0.754519  0.571118 -0.438579 0.0821882
point 51 571 551.235 86.4684  0.783758  0.833371   0.31772  0.638614  0.250796 -0.696022  0.958213 -0.399391  0.541696 -0.254419
point 52 584 598.246 213.737 0.0894946 0.0407732 -0.621544 -0.907173  0.407852  0.325148 -0.791972  0.968112  0.311774   0.39235
point 53 602 619.915 184.051 -0.860914  0.681817 -0.244247 -0.201104  0.199363 -0.352743 -0.747183 -0.106035 -0.756981 -0.759692
point 54 604 244.864 228.664  0.276098 -0.948036 -0.893157  0.544758 -0.637506 -0.782329  0.219506 0.0667117 -0.032579 -0.550998
point 55 608 237.572 165.097   0.685621   0.951718 -0.0870353   0.725573  -0.147649   0.642615   0.402083   0.756625  0.0956179   0.981064
point 56 612 241.076 133.733 -0.696641  0.445632  0.223131  0.300115  0.369046   1.00383 -0.858403  0.163706   0.67589  0.560315
point 57 620 567.253 153.343  0.571158 -0.247882  0.908591   0.72655 -0.313795 -0.379226 -0.753237   0.42023  0.057991  0.431638
point 58 621 47.0811 21.6295  0.854002  -0.12867 -0.981502  -0.18297  0.253188 0.0459293 -0.336263 -0.416982  0.103408 -0.276806
point 59 624 163.484 176.625 -0.0454731   0.683413  -0.758306  -0.614026   0.774672  -0.166432  -0.622817   0.204673   0.739086  -0.638994
point 60 698 320.006 211.616  0.338688 -0.409085  0.462111   0.38249  0.432011  0.535679 -0.878313 -0.439094  -0.13903 -0.970315
point 61 703 328.433 175.594  0.791653 -0.695897 -0.635584   0.88276 -0.345861  0.809346 -0.990977 0.0387539  0.773995  0.058382
point 62 731 572.711 223.284  -0.31859  0.392764  0.336235 -0.831111  -0.62399   0.93299  0.730406  0.773295  0.532947 -0.798823
point 63 740 104.735  127.15   0.410994   0.784587  -0.938729   0.607121 -0.0810045   0.327006   0.707966  -0.465684   0.743961  -0.957971
point 64 741  636.36 220.951  -0.102132   0.302975   0.192673  -0.977786   -1.00725   0.198017   0.211379  -0.398748  -0.774814 -0.0684585
point 65 743 522.181  218.06  0.140518  -0.61498   0.83155  0.321344  0.721102 -0.241794 -0.483497 -0.130133 -0.291367 -0.442949
point 66 745 629.354 175.459  0.995302  -0.45278 0.0713986 -0.682317  0.310196 -0.694071 -0.264774  0.160833  0.536098 -0.576631
point 67 753 292.655 168.596  0.612283  0.462602  0.191542   -0.8987 -0.720998  0.883282 0.0973556 -0.159973  0.697415  0.573917
point 68 754 304.599 122.087 0.0755072  0.444198 -0.269579   -0.9355  0.192719 -0.483217  0.849317  0.696995  0.322598 -0.301125
point 69 764 410.721 207.185   -1.0112 -0.465662  0.238008 -0.772045  0.989725  -0.52908    0.2135  -1.01857 -0.632489 -0.587049
point 70 789 310.259 172.025   -0.676603   0.0323283     0.61383 -0.00343486    0.145939   -0.643967   -0.767746   0.0872922   0.0150651    0.321085
point 71 791 518.556 186.797  0.730353 -0.619023 -0.770421  -0.57276  0.969571 -0.511611  0.405608  0.559667  0.520627 -0.398938
point 72 811 387.054 210.759   0.609944   0.641277 -0.0128896  -0.273683   0.361316   0.724416  -0.162205   0.401219  -0.531189      0.288
point 73 818 636.125 196.217 0.0523432  -0.84065 0.0450319 -0.397891 -0.727017 -0.281979  0.366744 -0.557225 -0.858605 -0.395486
point 74 839 335.811 195.249 -0.0382691  -0.219717  -0.802625  -0.827529  -0.243656  0.0462871 -0.0492629   0.278722   0.722812   0.123536
point 75 845 183.843  207.34 -0.103004 -0.312456  0.876679  0.950751 -0.443751 -0.474955 -0.303747  0.405455  0.953426  0.873487
point 76 855 633.318 161.396   0.051467    0.95911   0.113249 -0.0655514  -0.901285   0.660757  -0.227798   -0.45714  -0.243144   0.862775
point 77 860 420.936 234.758 -0.827269 -0.924958  0.755741  0.572603 -0.803767  0.279576 -0.177911 0.0316706  -0.88747 -0.510959
point 78 935 520.694 224.437  -0.722247  -0.894153   0.271931   0.984123  -0.625407   0.504805   0.326203   0.845461  -0.750002 -0.0592733
point 79 969 305.547 239.861    0.61953  0.0106979   0.934316   -0.10055   0.521874   0.157906   0.834849  -0.121999   0.185039 -0.0594369
point 80 994 408.991  119.06  -0.363434 -0.0140628   -1.01921  -0.499821  -0.283156   0.491816  -0.215869   0.507438  -0.148727  -0.247842
point 81 996 253.631 118.211  0.209784  0.493001  0.475638  0.981279  0.708813 -0.912047 -0.138329  0.708743  -0.38249  0.613625

