seq: 46
gt_pose: 2.22714 5.86734 2.68865
odom_pose: 2.77087 5.73195 2.67954
point 0 1 441.923 138.512  0.255601   0.43794 -0.679174  0.174807 -0.983492 -0.474404 -0.728831  0.585643 -0.715362 -0.223511
point 1 27 117.469 201.084 -0.0128817   -0.71548   0.794404   0.202534  0.0821025  -0.625856  0.0668113  -0.181643   0.697289  -0.228919
point 2 30 97.5465 186.708  -0.705016  -0.869496  -0.869831 -0.0915114   0.577254   0.394938 -0.0770823  -0.772801   0.195704    0.11821
point 3 58 99.6885 235.067   0.741296  -0.548971  -0.473258  -0.820612 -0.0097581   0.827818   0.245561  0.0702491   0.618144   0.961933
point 4 73 43.7314 166.068   0.835881 -0.0978543   0.726458   0.360814 -0.0397456 -0.0960547  -0.395565  -0.510528  -0.531232   0.160425
point 5 76 277.657 136.359  0.396757 -0.231259 -0.628545  0.722241 -0.689316  0.397284 -0.345242 -0.316547 0.0539918 -0.112036
point 6 93   54.43 192.293  0.728389 0.0516823  0.142669 -0.836455  0.868946  -0.36692  0.115438 -0.873327  0.618148 0.0234069
point 7 101 164.578 180.436   0.669428  -0.185606   0.360685  -0.661325  -0.252598   0.842588  -0.360762 -0.0275411  -0.964524   0.835859
point 8 103 244.238 142.692   0.446607  0.0729672   0.474329 -0.0575702  -0.275534   0.161086   0.730273  -0.833504   0.390893  -0.571014
point 9 145 409.975 237.567  0.521117  0.498029  -0.89556  0.576098  0.392072  0.816662   0.52986 -0.270404  0.689199  0.530531
point 10 173 381.243 125.211  -0.55707  0.518854 -0.790246  0.881396  0.222542  0.161512  0.606895  -0.80416  0.210924 -0.263921
point 11 181 174.496 177.271   0.749742   0.555286  -0.219328  -0.162593  -0.139851   0.811485 -0.0070903   0.943308   0.594846  -0.269766
point 12 189 252.465 222.242   0.973456 -0.0607317  -0.945171  -0.851397 -0.0777135    0.86281   0.692427   -0.45388  -0.370041   0.138042
point 13 192 377.606 171.167    0.52535  0.0437296   0.518236   0.244463  -0.773337  -0.140789 0.00777641   0.136584   -0.37924  -0.523921
point 14 205 457.585 173.021 -0.799225 -0.269838 -0.220965 -0.722257   0.51261  0.163524  0.184036 -0.713558  0.333595  0.137559
point 15 208 232.873 205.696  -0.89699 -0.257337 -0.937068 -0.118273 -0.288627  0.833177  0.886591 -0.605051  0.781924 -0.805066
point 16 209 159.603 233.926 -0.194284  0.200698 -0.294552  0.381286 -0.920065 -0.258701  0.585997   -0.8272 -0.312261 -0.679576
point 17 226 78.1401 8.59819 -0.0064885   0.457585    0.54151   0.656319   0.908233     0.4419  -0.943252  -0.800259  -0.109207   0.435594
point 18 229 285.779 132.681  0.966999  0.026482   0.25279 -0.713533  0.971127  0.168024   0.44894 -0.372409  0.141364 0.0395847
point 19 275 349.019 65.2716   0.872238 -0.0797888   0.417075  -0.822848  0.0304722  0.0882503  -0.262859   0.387282  -0.521369  -0.141641
point 20 285 209.237 149.811 -0.538775 -0.146347  -0.48679     1.032  0.961319  0.764431  0.346244  0.558659 -0.341669  0.378398
point 21 302 6.53072 193.883  -0.797611  0.0754073   0.507749   0.704938 -0.0763163  -0.593316  -0.980293   0.180935   0.133156  -0.160142
point 22 307 98.9878 223.747   0.121834   0.901906  -0.280178   0.607508    0.69765   0.825607 -0.0941536  -0.524764  -0.895389   0.477525
point 23 311 605.854  92.926 -0.434961  0.475202 -0.112161  0.232687 -0.178511  0.380419  0.229674 -0.151678  0.168552 -0.964938
point 24 321 156.323 161.808   0.117705  -0.719564  -0.039076  -0.939709   0.919816 -0.0059059   0.262143   0.564774    0.77904   0.554496
point 25 322 176.625 171.618  -0.27507  -0.11916   0.48383 -0.748139   0.91058 -0.596985  0.912345  0.940251  0.308928  0.513646
point 26 333 435.876 189.764  -0.839354   0.520678   0.113146   0.145717   -0.74595   0.780317   0.983073 -0.0379305 -0.0425401  -0.125832
point 27 337 371.969 215.529 -0.176088 -0.254203  0.346926 -0.434829 -0.366248  0.494521 -0.228386  0.343758  0.781439  0.352425
point 28 377 392.927  219.89  0.556785  -1.04746   0.20486 -0.487081 -0.799816  0.745868 -0.360692 -0.948761 0.0492853  0.662221
point 29 393 377.537 151.486  0.555582  0.111779 -0.329865  0.305345  0.994988 -0.122475 -0.701238  0.168734  0.721108  -0.02664
point 30 402 258.951 205.046   0.292454  -0.282374 -0.0189202   0.965194   0.500252  0.0337224  -0.113964   0.454954   0.987223  -0.278325
point 31 404 267.762 155.757 -0.0388497  -0.893004   0.239545   -0.42684  -0.134903  -0.518095   0.309975   0.838328  -0.549242  -0.254431
point 32 405  1.8854 101.594 -0.120981 -0.930724  0.891734  0.695114 -0.181014 0.0733461  0.325026  0.326249  0.500785  0.735014
point 33 406 163.118 189.239 -0.169363  0.947372 -0.678746 -0.575349 -0.880929   0.26106 -0.468316  0.346911  0.894049  0.417374
point 34 408 540.816 118.601 -0.372909  0.736432 -0.310978 -0.884018  0.204127   0.48548  -1.03918  0.446117  0.918102 -0.868991
point 35 428 20.1602 167.366 -0.495735 0.0889101  0.555078 -0.889029 -0.300785  0.541294  0.316228 -0.406437 -0.191691  0.104718
point 36 435  488.85 210.519  -0.731723   0.332271 -0.0630935  -0.346345    0.55802    1.00654 0.00659134  -0.906353   0.168848   -1.02108
point 37 438 493.527 96.2897 -0.636171   0.85416 -0.635588  0.991749 -0.272745  0.697084  0.806072  0.931152  0.400451  0.958236
point 38 441 87.5333 192.502  0.920347  0.208494  0.709339  0.715042  0.758725  -0.14894 -0.674113  -1.02498 -0.842733  0.700794
point 39 453 256.101 236.008  -0.383054   0.357574 -0.0907054   0.110736   0.301724  -0.614946  -0.861707  -0.246448   0.517529   0.308263
point 40 460 9.71936 202.106  0.816191 -0.580243 -0.306282  0.384494 0.0565366 -0.139062  -0.36516  0.284509 -0.726233 -0.832023
point 41 464 377.099 220.101 0.0108831 -0.892999 0.0426362  0.115315 -0.523494 0.0996224  0.451142  0.473741 -0.650244  0.208228
point 42 477 341.223 135.996  0.895717  -0.63686 0.0504551 -0.370534  0.212515 0.0921301   0.72974 -0.786349 -0.288147 -0.571203
point 43 478 210.905 193.581  0.130831 -0.710355   0.55286  0.844078 -0.388557 -0.386507   0.20618  0.136915 -0.415056  0.810182
point 44 505 412.105 46.9815 -0.596045 -0.257708  0.187763  0.266697 -0.751744 -0.505547 -0.824289  0.944099 -0.433887  0.031055
point 45 520  238.44 97.8108 -0.298239 -0.887308  0.390255  0.390868  0.822389  0.415303  0.387111  0.176034  0.307898 -0.218959
point 46 524 164.972 226.047 -0.223102  0.795486  0.336497 0.0610757  0.989936  -0.51962 -0.219503  0.132372  0.297023 -0.740838
point 47 527 60.6924 236.352  0.791851  0.501398 -0.901456  0.957847 -0.503283 -0.514484  -0.10588  0.711559  0.669756  0.699219
point 48 539 46.8655 132.447  0.827959 0.0626963 -0.995275 -0.707402  0.440826 -0.370061  0.962823 -0.706383  0.184649  0.216504
point 49 542  498.72 169.189  -0.696494   0.242168  0.0573607  -0.441816 -0.0698163 0.00423456  -0.828925  -0.414276   0.512927  -0.151642
point 50 544 114.327  184.61  -0.157737  -0.260966   0.712744  -0.164932  -0.738144   0.979425  -0.951563   0.306489  -0.404049 -0.0495678
point 51 561 255.122 223.478  -0.859394  -0.359584   0.781069 -0.0908154  -0.964238   -0.70731  -0.178229  -0.906141  -0.426346   0.657216
point 52 585  439.99 193.157 -0.972676  0.641034 -0.162289  0.787022  0.310973  0.428597 -0.512315  -0.66077  0.214082 -0.891935
point 53 587  59.805 190.564  0.801146  -0.44767 -0.318082  0.668661  0.203351 -0.225453  0.339266 -0.883674 -0.435854 -0.411848
point 54 613 113.188  166.47  0.779176  0.912171  0.996295 -0.699766  -0.73688  0.212978 -0.218562 -0.364648 0.0859484  0.905261
point 55 614  220.18 198.443  0.413743  0.667373 -0.673605 -0.754876  0.956735 -0.369311  0.719138  0.141463   1.03024  0.113684
point 56 616 255.344 226.484   0.868766   0.528181   0.489253   0.365531  -0.974136 -0.0197608  0.0670345  -0.647349    0.22787  0.0104767
point 57 662 125.224 210.647  0.369496 -0.312407 -0.346133 -0.830245 -0.213188   0.82838  0.507213   0.98952 -0.751457  0.755022
point 58 669 91.8975 224.807    0.53058   0.640405  -0.701771  -0.502313   0.185815    -0.6922 -0.0922267   0.947321  -0.225009  -0.360758
point 59 674 353.253 231.158  0.861925 -0.768538  0.414854  0.758015 -0.389464 -0.530079 -0.729783   0.17184 -0.140008  0.256109
point 60 711 561.03 182.34  0.107017   0.18443 -0.920536  0.867745  0.945918   1.01171 -0.977746  0.984702    -1.026  0.541296
point 61 725 13.4044 192.241 -0.764306 -0.793231 -0.690602 -0.954305  0.258262  0.390509 -0.868765 -0.739999 -0.413789 -0.180702
point 62 736 16.8477 181.997 -0.0301797  -0.970519  -0.220805  0.0759731  -0.332128  -0.245644   0.421393   0.663795  -0.915281   0.999711
point 63 780 342.122 238.757  -1.01253 -0.223958 -0.301372 0.0955202  0.962102  0.520136  0.536616 -0.794039  0.320577  0.924142
point 64 798 97.9446  162.73 -0.467246 -0.865169  0.943273  0.530871  0.496431  0.600851  0.683958  0.952083 -0.929778 -0.516733
point 65 800 92.3683 163.503  0.603321 -0.922096 -0.563765 -0.101386  0.793722   0.01277 0.0669466  0.775581 -0.474045 -0.452162
point 66 822 583.521 195.967   0.779235  -0.217874   0.825482  -0.306609   0.299776  -0.834579   0.740863 0.00771527  -0.325068   0.226148
point 67 826 386.514 174.086   0.539255  -0.193877   0.183981   0.589712   0.991367  -0.413691 0.00374445   -0.71238   0.787045    0.66846
point 68 830 432.118 172.079  0.853929 -0.348865 -0.877331  0.749584   0.86481  0.134276 -0.886505   0.99622 -0.914265 0.0088107
point 69 832 148.488 144.166  0.643043  0.948963 -0.361783  0.643869   0.76278 -0.548033 -0.662235  0.816889 -0.782148 -0.914294
point 70 847 192.818 166.739 0.0993915  0.465303  0.386369  0.947343 -0.776697 -0.714358 -0.379073 -0.908055 -0.820487  0.227238
point 71 856 66.5437 171.395 0.0625299  0.602354  0.399435 -0.573044 -0.499525 0.0243156   0.57639  0.853924  0.318651 -0.592795
point 72 858 14.2083 100.418    0.494251    0.196726   -0.133194   -0.083736    0.723853    0.873471   -0.424894    0.110378   -0.773996 -0.00162972
point 73 869 353.813 233.873   0.403727   0.774572  -0.722008  -0.501852 -0.0284857  -0.788803   0.573284  -0.925372   0.806938  -0.928388
point 74 873 5.83853 172.868  0.272655 -0.564425  -0.97666  0.981136  0.863791  0.298151  -0.77768 -0.830732 -0.525207  0.354132
point 75 877 236.578 51.2927  -0.692375   0.827669   0.789604  -0.972341 -0.0973907   -1.00021   0.907919  -0.587959      0.419    0.41634
point 76 899   191.8 190.677  -0.47999  -0.47375  0.614998 -0.747963 -0.837057 -0.142785 -0.860252 -0.891901 -0.644198  0.310104
point 77 924 457.193 209.481  -0.434399  -0.540264   0.236906  -0.371108 -0.0195159  -0.125447  -0.931603 -0.0412025   0.802284  -0.185816
point 78 946 102.941 190.128  0.184802  0.850067 -0.405111 -0.824255  0.513203 -0.879569 -0.282213 -0.766402 -0.457901 -0.630002
point 79 953  287.65 111.249  0.0479745   0.565715   0.726629  -0.604935 -0.0801097 -0.0145895  -0.445591   0.759749  -0.674079   0.792953
point 80 966 365.727 211.085   0.699219   0.314098  0.0646185   0.574385   0.709976 -0.0299012  -0.681869 -0.0760144   0.688731  -0.588548
point 81 980 98.9982 209.951  0.523164 -0.217217  0.559171 -0.539556  0.524994   0.44204  -0.82344 -0.248734  0.311385 -0.619565
point 82 984 464.252 11.2369  -0.44594 -0.772177 -0.934729 -0.549273  0.475454  0.581072 0.0443389  0.506092 -0.586494 -0.608888
point 83 990 466.771  165.38  0.619773  0.682775  0.816255  0.712711 -0.164287  0.217474  0.599579 -0.787615  0.710404 -0.789352
point 84 993 349.551 78.6081 -0.202816  0.989903 -0.488945   0.78016 -0.124784  0.316774 -0.243399  0.186913  0.343735  -0.25618

