seq: 76
gt_pose: -0.141735   1.68653  -1.21656
odom_pose: 0.587554  1.57599  -1.1537
point 0 3 11.2197 170.898 -0.220052  0.757239 -0.465283 -0.267119  0.572493  0.879422 -0.855737  0.852333 0.0629357 -0.789226
point 1 5 345.437 193.715   0.037392   0.366973  0.0631343  -0.884492 -0.0779048   0.820749   0.898099   0.395258  -0.443369   0.435958
point 2 14 275.567 193.024 -0.825477 0.0831708  0.510498 -0.415004  0.963677  0.194543  0.717638  0.460361   0.26363 -0.963283
point 3 17 125.944  91.077  -0.436993   0.127515   0.428592  -0.752428 -0.0437674   0.182179   0.901016  -0.130146   -0.32652   0.668694
point 4 42 70.5766 143.621 -0.0132207  -0.811605 -0.0655303  0.0273006  -0.952954   0.580373  -0.217002   0.311839  -0.140732  -0.760311
point 5 57 223.475 192.502  0.451788  -0.35395 -0.547672  0.509743 -0.477105  0.319648 -0.985718  0.709327  0.672065  0.239262
point 6 64 65.7202 174.324  0.921401  0.556576  -0.73279 -0.948458 0.0210473 -0.215097 -0.554758 -0.141145 -0.675355 -0.410618
point 7 72 448.405 207.926 -0.821749 -0.337574  0.724868   0.19693 -0.824046  0.597613  0.482837 -0.171163 -0.293846   -0.2231
point 8 78 362.877 201.302  -0.866056  -0.843383   0.637397   0.764317    0.98259  0.0178807  -0.422648  -0.598498  -0.237066 -0.0959846
point 9 92 485.753 163.426  0.202039  0.781261  0.025897  0.945639  0.261929  0.326399   1.00827  0.623932 -0.179737 0.0236914
point 10 109 345.857 211.837  -0.426824   0.853972  -0.873177  -0.430188   0.497999 -0.0806394   0.742605    0.64222 -0.0307393   0.314485
point 11 110 80.6063 54.4608  0.823948  0.984531 -0.646954   -0.2799  0.067145 -0.690235 -0.608348   0.53575  0.736019   0.18594
point 12 119 279.138 219.673 -0.368898 -0.442257  0.858303 -0.391301  0.828105   0.50146  0.873448 -0.459359 -0.761151  0.346638
point 13 123 338.117 122.755  0.133391 -0.797788  -0.26751  0.334737  0.807709  0.707468  0.243698 -0.199566  0.369108 -0.605353
point 14 129 576.087 154.024  -0.510713    0.81604   0.938086   -0.65978   0.204776  -0.639086   0.957242 -0.0608584  -0.942422  -0.139607
point 15 146 428.491 172.953   1.03439 -0.515833 -0.675754   0.15927 -0.631232 -0.147128  0.963102 -0.465132 0.0691895 -0.744018
point 16 155 534.514 230.696 -0.560947  0.773861  0.307305 -0.801022  -0.71623  0.659031 0.0859071 -0.297538 -0.769696 -0.923371
point 17 159 49.4405 105.798  0.251132 -0.975193 -0.947766 -0.179561 0.0386067  0.124997  0.930952 -0.268171 -0.411141  -0.72895
point 18 165 209.744 115.876    0.439954    -0.79805    0.417488    0.621701   -0.763697    0.601629   -0.652669    0.850466    0.336809 -0.00507672
point 19 179 99.2076 186.552 -0.0225787  -0.790744  0.0480457   0.783681   0.661636   0.415756   -0.34107  -0.761706  -0.228063   0.777615
point 20 184 314.168  212.83   -0.279494     0.46566    -0.43748 0.000525907   -0.604847   -0.285248    0.131215   -0.375598   -0.408422    0.328318
point 21 185 74.1991 165.018  0.0596724  -0.573036  -0.518537   0.349561  -0.283476   0.889967  -0.623347   0.897604  -0.219137 -0.0999982
point 22 195 519.207 170.912  0.308241 0.0361276 -0.183545 0.0404505  0.550774 -0.283658  0.265848  0.589008 -0.390147  -0.20027
point 23 197 588.936 183.688 -0.771589  0.590443    0.1174 -0.204135  0.759365 -0.593577  0.760885 -0.483289  0.516938  0.407244
point 24 198 244.703 237.231  0.882513  0.627836 -0.345659 -0.529597   1.00037 -0.769255  0.902876   -0.9381  -0.72196  0.274796
point 25 200 344.573 147.236  -0.456279  -0.736824   0.679591   0.325853   0.254456   0.581674 -0.0927188   0.939995   0.960884  -0.120484
point 26 202 93.2671 108.824 -0.545618 -0.236164  0.225431  0.325952  0.182735  0.794672  0.614958 -0.222437  0.136936 -0.184693
point 27 216 450.449 146.612  -0.701841  -0.895939   0.823829  -0.789336  -0.536166  -0.826884  -0.346596  -0.270916 -0.0227542   0.876293
point 28 245 460.747 115.087 -0.635278 -0.363833  0.404598 -0.740316 -0.524474   0.43606  0.906134 -0.646727  0.236275   0.82811
point 29 259 197.917 211.359    0.224813    0.660105   0.0475666    0.434074   -0.395628 -0.00425001   -0.719357    0.418444   -0.893852   -0.629682
point 30 262 435.375 120.134 0.0689452  0.347716 -0.274779  -0.53127  0.918548  0.983377 -0.922623 -0.346147  0.445428 -0.334221
point 31 277 373.219 178.541 -0.536298 -0.874096  0.318225 -0.815989 -0.985869  0.139057  0.120431  0.456781  0.413799 -0.908391
point 32 280 93.9193   226.9  -0.193313   0.132589   0.577682   -0.18523   -0.32242  -0.376186   0.778491   0.793419 -0.0626916   0.773511
point 33 286 226.932 190.083 -0.796672 -0.494096 -0.484307 -0.269929 0.0206767  0.318813  0.898054 -0.854321 -0.921912  0.727026
point 34 290 142.156  183.63 -0.639844  0.793809  -0.74084 -0.477894 -0.658736  0.468975 -0.880017 -0.823307  0.536216 -0.999219
point 35 296 235.173 145.698   -0.0182905    -0.629943    -0.351906     0.265987    -0.235541     0.563605     -0.65205     0.933275 -0.000480802    -0.349907
point 36 301 279.899 202.029  0.129536 -0.523148 -0.952941  0.444985 -0.971845 -0.710045 -0.567704  0.543566 -0.689713 0.0833842
point 37 306 619.526 171.893  0.506434  0.209354  0.552051 -0.145722  0.279702 0.0280887  0.294515  0.836773  0.653644  0.290929
point 38 309 493.539 204.684  -0.58544   1.02185 -0.969022  0.824502 -0.234013  0.171537   0.65861   0.59466 -0.196523  0.384024
point 39 313 177.226 120.451  0.0837853   0.312516   0.152544  0.0635502   0.511862   0.721894  -0.455961  -0.578749 -0.0611401   0.369095
point 40 316 175.759 184.087  -0.610218  -0.755065  -0.902788  -0.521663  -0.449927 -0.0622589  -0.360473  -0.212059  -0.305073  -0.708758
point 41 319 187.852 166.843 -0.965104  0.257729  0.570246 -0.187683   -0.7097  0.136006  0.701442  -0.31677 -0.933385  0.341082
point 42 334 453.114 204.913 -0.321294 -0.403215  0.951716 -0.727446  0.216477 -0.357734  0.190694 -0.858808  0.949512 -0.106634
point 43 348 78.2325 212.764   0.857483   0.104558  -0.792264   0.219326   0.387924  -0.263705   0.188216  -0.668575 -0.0383829   -1.04473
point 44 350 552.443 151.632 -0.688965 -0.917638   1.00013  0.155427   0.44401  0.812952 -0.732461  0.747067    0.1004  0.606751
point 45 352 505.463 156.174  0.516734  0.364014  0.411692  -0.71989  0.598974  0.698453  -0.67018  0.577694 -0.173713  0.820246
point 46 359 367.934 163.289 -0.0819696  -0.237881   0.615189  -0.535351   0.743747 -0.0226028     0.2083   0.196501  -0.524811  -0.257935
point 47 364 350.614 207.014  0.125928  0.798428  0.662258 -0.629648  0.945159 -0.481458 -0.553533 -0.911199  0.108746  -0.01483
point 48 369 518.613 233.093  0.393771 -0.442627 -0.912815 -0.540503 -0.406161 -0.523716 -0.367522 -0.496007   0.00936   0.16269
point 49 398 240.032 224.825 -0.792114  0.933964 -0.651906  0.465119 -0.968352  0.593853  0.634287  0.923323  0.273483 -0.692075
point 50 425 325.609 239.939 -0.483203 -0.325525  0.360677 -0.471741 -0.575455 -0.683971 -0.144626 -0.983836  0.885627   0.89336
point 51 448 141.712 204.927  0.854348 -0.481072 -0.799061 -0.644966 -0.331047  0.761856 -0.416503 -0.759468  0.626996 -0.357989
point 52 463 249.946 163.957   0.506081 -0.0793841  -0.286922   0.553859  -0.822886   0.264518   0.914893  -0.826281  -0.773087  0.0577959
point 53 469 219.914 157.742 -0.137799 -0.845135  0.929259  0.948383 -0.083049 -0.443984 -0.785479  0.753941  0.221197 -0.944961
point 54 470 366.764 238.481   0.398222 -0.0850459  -0.650703   0.913346  -0.273954   0.861194  -0.377581   0.168862   0.391417   0.729365
point 55 472 437.155 187.979   -0.92564 -0.0872214   0.645517  -0.178062   0.949988    0.11012   0.698703  -0.744407 -0.0690885  -0.579889
point 56 475 362.129 228.343  -0.998218   0.067589 0.00897706    0.59966   -0.29768   -0.39588  -0.101955 -0.0462928  -0.730322  -0.306225
point 57 519 196.84 98.465  0.364162  0.439067  0.568663   0.14307  0.684187  -0.83554 -0.872277  0.931698 -0.316638  0.512294
point 58 529 380.403 194.866  0.419477 -0.354614 0.0436638 -0.297656  0.685171 -0.163765 -0.860197  0.760096 -0.209323 -0.362293
point 59 532  256.37 204.246  -0.81227  0.376117  0.843598  0.793849  0.694154  0.754287  0.169886 -0.455694  0.969711 -0.472398
point 60 533 123.984 174.806  -0.643645  -0.233976    0.63949  -0.264603  -0.730139  -0.768699   0.640936  -0.295298    0.63717 -0.0150257
point 61 541 587.69 211.27  0.319178 -0.833713  0.835846  -0.32023 -0.600267  0.656839  0.764081  -0.60249 -0.994375  0.258842
point 62 568 375.189 208.155  -1.00726 -0.670643  0.932466 -0.697839  0.360318  0.518396  -0.95963 -0.847123  -0.78652   0.13189
point 63 573 175.377 141.756   0.909669   -0.19273   0.256704  -0.453906  -0.281495 0.00799411  -0.651534  -0.996477  -0.341786   0.640417
point 64 582 79.5951 194.069 -0.070793 -0.833859 -0.567253  0.969758  0.167549 0.0496928 -0.443116  0.255799 0.0146561   0.77491
point 65 588 108.478 230.167 -0.254528 0.0817964 -0.457146 -0.618938   0.57402   0.57816 -0.544137  0.271461 -0.178144  0.146907
point 66 607 601.435 233.019  0.857528  0.326474 -0.288722 0.0646958 -0.364992 -0.418202 -0.451426  0.215484  0.961666  0.743508
point 67 617 317.375 13.8227 0.00774632    -0.7955   0.261571   0.121901  -0.568295  -0.986298  -0.224741   0.340286  -0.769672  -0.600167
point 68 619  63.236 187.508 0.0432716  0.914609  0.337931 -0.932235 -0.910489 -0.570585 -0.732494  0.329473  0.584077 -0.326064
point 69 621 34.0131 187.888   0.81673 -0.110328 -0.945821 -0.261367  0.218709 0.0449921 -0.307241  -0.40462  0.125748 -0.282704
point 70 632 31.3554 237.435 -0.0679914   0.223566  -0.258591  -0.753084  -0.513218   0.622517   0.232355  0.0673715   -0.63896  -0.118503
point 71 635 615.652 239.145 -0.214805  0.361466 0.0716488 -0.469874 0.0771374 -0.287145 -0.272596   0.51417  0.630294  0.745873
point 72 646 118.184 223.158 -0.317197   0.62214  0.831816  0.752557  0.383961 -0.741076 -0.346112  0.770517  0.302748  0.535834
point 73 661 309.973 132.601  0.263479 -0.535753  0.432689  0.366017  0.121447  0.145635 -0.938236 -0.710968  0.262134  0.382243
point 74 667 125.997  134.47 -0.891242 -0.571916 -0.209188 -0.581156  0.790294 -0.766208 -0.461512  0.751061  0.548369  0.439443
point 75 681 157.547 205.556  -0.282024   0.536034   0.159857   0.433594  -0.775079   0.206312  -0.780331   0.448756 -0.0872678  -0.861197
point 76 691 488.491 136.793  0.591208  0.945321  0.262953 -0.263998 -0.938742 0.0965156  0.336768 -0.409297 -0.941364 0.0498844
point 77 695 342.592  214.87   0.745979  -0.230466   0.360299  -0.438159   0.495101 -0.0366361   0.930657  0.0630114   0.497691   0.765977
point 78 709 216.128 218.619  0.943447 -0.862979  -1.01446 -0.949327  0.449658  0.812335  0.786984  0.527161  0.149295 -0.483444
point 79 720  566.79 142.112   0.32608 -0.537849  0.457926  0.304931 -0.810467 -0.954718 -0.594678 -0.937062  0.503971 -0.822609
point 80 737 13.9564  205.34 -0.328256  0.167738 0.0207218  0.560557 -0.784142 0.0923372 -0.831611 0.0435347  0.462242 -0.110828
point 81 752 296.933 95.6316  0.766815  0.815292 -0.504631 -0.224265 -0.167737  0.107576  0.352227 -0.690058 -0.664563 -0.422702
point 82 755 488.227 237.491   0.119927    0.18493 -0.0359283   0.768455    0.48022  -0.439026   0.246433  -0.340422   -0.38509   0.539007
point 83 760 546.063 185.038  0.801161  0.208785 -0.420402 -0.701836 -0.584909  0.418694 -0.761656 -0.673887   0.90629 -0.350775
point 84 767 584.231 237.798 -0.0222995  0.0959559  -0.120938   -0.71129   0.320814  -0.160555  0.0848375 -0.0436854    0.28298   0.733553
point 85 768 131.15 204.57 0.0876073  -0.16668  0.190886  0.378161 -0.695203  0.210525 -0.214477  0.460284  0.719888  0.644796
point 86 771 137.441 224.682  0.176882 -0.386655  0.741909  0.955423 -0.629621  0.826598  0.643958 -0.222786 -0.384584  -0.58734
point 87 774 493.688 223.704   0.334985 -0.0607183 -0.0712189   0.653129  -0.200092   -0.31497   0.148076   0.165424   0.175026  -0.288986
point 88 776 365.315 126.485  0.948119 -0.125704 -0.188126 -0.567474  0.715474  -0.90134  0.355976 -0.442339  0.835845 -0.767473
point 89 777 222.897 185.057  -0.595298   0.693904  -0.307467  -0.431559   0.590274  -0.214673  -0.260949   0.574551 -0.0193468   0.117289
point 90 783 529.123 218.574  0.990518 -0.428658  0.528925  0.865206  0.882232 -0.584533 -0.964127  -0.45041  0.283958  0.148666
point 91 794 326.844 200.415  -0.365234   0.471048   -0.34387  -0.669816 -0.0153708   0.627729   0.446488   -0.52305   0.152829   0.452001
point 92 797 308.703 188.646 -0.691337 -0.690665   0.67527 0.0320536 -0.247656 -0.560109 -0.102936  0.493843 -0.142685 -0.284251
point 93 810 609.382 218.647   1.00888 -0.620761  0.484305 -0.744951  -0.90567   1.03955   0.74233 0.0123767  0.757015 -0.621972
point 94 815 227.802 153.297 0.0904947 -0.238068  0.996459 -0.286014  0.714788  0.637337 -0.337956 -0.583752  0.840771  0.880225
point 95 819 365.484  210.41  -0.496175   0.448287  -0.716498   0.803657   0.985764  0.0199345   0.275042   0.719228  -0.383397 -0.0863743
point 96 841   339.9 149.286  0.188761  0.939083 -0.931142  0.966101 -0.412071 0.0863385 -0.256469 -0.239018  0.267052  0.465667
point 97 843 223.821 70.9973  -0.465112  -0.204534 -0.0915405   0.493374   0.177219  -0.980705    0.38019   0.261477    1.02031   0.998824
point 98 852 594.447 167.973 -0.417898 -0.237414   0.97474   0.21836 0.0203028 -0.605503 0.0584966  0.843235  0.744093  0.633062
point 99 861 453.862 182.917   0.127544   0.630965   0.837308  -0.171742  -0.529929   0.305032  0.0591704   0.150978 -0.0936445  -0.474903
point 100 862 404.691 192.438 -0.826004 -0.370647    -0.711  -0.26491   0.56731 -0.492743 -0.130486  0.376958  -0.95797 0.0202235
point 101 867 122.414 199.561    0.970661    0.144202   0.0403739      0.6028   -0.496319 -0.00214799   -0.715605   -0.432722    0.613258  -0.0773593
point 102 880  403.77 49.5608 -0.560829 -0.474415 -0.268788  0.672745  0.504074 -0.213477 -0.323788  0.594151  0.845337  0.656539
point 103 882 221.314 205.328 -0.423158   0.93976 -0.582004  0.584179  0.452829 -0.189684  -0.97287 -0.800529 -0.573268   0.63113
point 104 883 551.161 16.9018  -0.213262  -0.237885  -0.721001   0.982838   0.238668   0.601983   0.585793  -0.357488   0.219641 -0.0200057
point 105 888 594.547 108.478 -0.681479  0.746219  0.479541  0.569448  0.370809 -0.881883  0.700556  0.959767  0.122892 0.0232066
point 106 892 75.4194  145.71  0.311429 -0.942235 -0.681608  0.687735 -0.717255  0.651478 -0.725797   0.17616  0.866491 -0.037495
point 107 894 570.008 185.887  -0.269147  -0.587064 -0.0440379   0.765014  -0.581126  -0.706526   0.824598  -0.340156   -0.98125  -0.836809
point 108 908 427.652 61.2602   -1.0068 -0.883304  0.950312 -0.659324 -0.666983   1.01997  0.595676 -0.798791 -0.554475  0.272038
point 109 915 611.253 216.088   0.159685   0.591431   0.177773 -0.0482621  -0.755383   0.303985   0.938986  -0.537947  -0.095458  -0.362085
point 110 921 632.409   190.4   0.253454    0.10631  -0.328392   0.669607   0.181484 -0.0663701   0.202452   0.826833   0.490496  -0.350223
point 111 927 148.232 112.609  -0.060197   0.907064   0.600266   0.405886  -0.858435    0.38431 -0.0154192  -0.395793    0.70198    0.88737
point 112 936  381.33 148.142 -0.000787182    -0.438197    -0.445317    -0.310695    -0.501214     0.930623    0.0388433    -0.748307     0.049426     0.165106
point 113 942 315.107 214.703 -0.725553 -0.276308   0.58964 -0.441042  0.267679 -0.250531 -0.746006  -0.97919  0.970435  0.442296
point 114 944 530.709 38.7102   0.501273  -0.481116  -0.279877  -0.519703   0.679789 -0.0729533   0.127758   0.358834   0.470809  -0.628061
point 115 958  555.69 30.2525 -0.504243 -0.875749 -0.770208 -0.233893  0.044271  -0.29474 -0.151129  -0.24953  0.415891 -0.872475
point 116 962 540.987 172.433  -0.222855   -0.30074   0.910704  -0.785305  -0.846332 -0.0394905  -0.484649  -0.538209 -0.0276277 -0.0913701
point 117 963 96.5379 176.536 0.000307803    -0.85941   -0.372586     0.38644   -0.854094    0.218222    0.936001   -0.933226   -0.143419    0.441563
point 118 965 397.509 162.312     0.94682    0.554113     0.54998  -0.0377969 -0.00526537    -0.53802    0.150088    0.600755    0.914339    0.280046
point 119 971 163.382 195.356  0.649082 0.0188024  0.236747  -0.64789  0.961276 -0.108922  0.360701  0.993512  0.774274 -0.160987
point 120 978 595.397 156.755  0.867573  0.633769  0.272006  0.919217 -0.832642  0.370595  0.107916  0.458738 -0.567094  0.355367
point 121 998 594.154 173.082   -0.37732   0.100562   -1.01356    0.40799  -0.158846    0.26637 -0.0731821  -0.722847    0.23393  -0.470805

