seq: 6
gt_pose: 1.20082       0       0
odom_pose:    1.20588 -0.0204544 -0.0079616
point 0 3 296.087 191.733 -0.237729  0.816644 -0.478257 -0.274007   0.61468  0.821263 -0.830003   0.88409 0.0318794  -0.78242
point 1 17  296.28 30.6954  -0.393877  0.0819882   0.452778  -0.814245 -0.0790344   0.152526   0.906329  -0.127495  -0.288148   0.680895
point 2 35 577.637 207.809 0.0737707  0.792897   0.39526  0.594912  0.411013 -0.408494  0.333384 -0.989105 0.0937856  0.683747
point 3 42 295.035 148.505 0.0346358 -0.735025 -0.040867 0.0303492 -0.892245  0.657446 -0.187822  0.266555 -0.131576 -0.739286
point 4 44 72.4177 98.8016  -0.573714   0.220705    0.85955   0.426829  -0.104883 -0.0823532   0.669571    0.94243   0.859014    0.75572
point 5 45  472.09 233.285  -0.589097 -0.0645671   0.860904 -0.0217445   0.774307   0.961134  -0.668946  -0.086645   0.535913   0.574284
point 6 49 208.887 165.554  -0.646123  -0.384219   0.795477  -0.295226   0.788517     0.4871 -0.0969276   -0.47151   0.926348  -0.789708
point 7 54 519.367 178.953 -0.616607  0.151998 -0.917262 -0.829302 -0.714721 -0.516431 -0.769346  0.167365 -0.901519  0.748612
point 8 56 630.358 186.725  0.263845 0.0813585 -0.966863  0.870975 -0.303982 -0.633064 0.0297763  -0.18358 -0.382879  0.369792
point 9 57 455.818 129.268  0.412211 -0.338227 -0.580965  0.505324  -0.46507  0.396789 -0.938914  0.710414  0.666979  0.213323
point 10 59 488.484 209.755  -0.876361  -0.934851  -0.958273 -0.0638247  -0.379017   0.368829   0.647231  0.0583441  -0.073627  -0.804169
point 11 61 53.2266 145.209  0.120256   0.51103  0.481777   0.85801 -0.811146  0.620534  0.911244 -0.766475 -0.440508   -0.5502
point 12 62 624.096 202.944  -0.455024  -0.687862   0.892575    0.55226  -0.804194   0.948071   0.700724  -0.335746   0.340949 -0.0646372
point 13 64   267.1 171.265  0.929417  0.578241 -0.766071 -0.898923 -0.016631 -0.226432 -0.550018 -0.084265 -0.711183 -0.415224
point 14 71 117.518 170.128  0.180565  0.216688  0.483917  0.592938 -0.387031 -0.844058   0.79934 -0.641792 -0.659027 -0.281407
point 15 75 206.458 211.703 -0.615251 -0.886992  0.933991  0.551185 -0.769987  0.689532 -0.548563  0.952654 0.0704055  0.378763
point 16 82 186.798 173.819   0.961699 -0.0585234  -0.196206  -0.307176   0.827405   0.871975  -0.792191    0.84434   0.749917  -0.596641
point 17 84 497.288 151.761 -0.468871  0.153934   0.30185  0.882639  0.290651  0.321342 -0.114599 -0.951008   1.00058  -0.31989
point 18 115 259.906 161.747  -0.732676  -0.768415   0.478492   0.538704 -0.0151655  -0.596503   0.888619  -0.440484  -0.473813   0.462153
point 19 120 216.253 176.439 -0.953153  0.141244  0.639548 -0.538244  0.638088  0.544638 -0.668297  0.241199 -0.946301  0.357311
point 20 134  80.033 152.431 -0.291898 0.0734392  0.476066  0.885224  0.681278 -0.299531  0.950981  0.726796  0.606454  -0.82541
point 21 135 36.0479 205.446 0.446169 0.504388 0.488473 0.341744 0.271884  1.00043 0.560432 0.363537 0.355935 0.702459
point 22 140 141.311 181.668 -0.466807 -0.128088  0.674364  0.120064  0.853456 -0.758279  0.413685 -0.629409  -0.34958  0.933843
point 23 152 602.051 139.969 0.0309346  0.451391 -0.655124 -0.620809  0.899256 -0.518123 -0.146565  0.672787  0.803386  0.312068
point 24 161 38.7117   152.6  0.430549  0.958638 0.0105901 -0.480313 -0.389382 -0.780367 -0.397965 -0.272661 0.0730932  0.596219
point 25 169 126.031 114.898 -0.592206  0.462827  0.724066 -0.277388 -0.129297  0.469291  0.370679  0.512982 -0.686953 -0.537209
point 26 170 150.069 236.532  0.170814 -0.314639  0.257044 0.0924125   0.83606 -0.151411   -0.8593  0.689692  0.475678  0.690658
point 27 174 449.381 193.651   0.710365  0.0932444   0.929456   0.145999 -0.0035859  -0.468132  0.0488807  -0.530258  -0.509028  -0.906852
point 28 179 270.674 171.719 -0.0255129  -0.813993  0.0519202    0.81849   0.659652   0.341697  -0.291495  -0.760877  -0.242792   0.793952
point 29 198 520.779 233.327  0.878615  0.540039  -0.35096  -0.61457  0.952467 -0.807972  0.945382 -0.908983 -0.714319  0.358037
point 30 202  282.13 87.1699 -0.594787   -0.2295  0.200672  0.298385  0.143213  0.768775  0.625602 -0.191176  0.100684 -0.205206
point 31 204 611.358 225.698  -0.315705   0.780812  -0.449747   0.741443   0.946026 0.00500837  -0.428038    0.29151  -0.666001   0.625188
point 32 206 399.479 154.006  0.711174 0.0948815  0.609569  0.963537 -0.808004  -0.68519  0.698893 -0.287197 -0.976993  0.735508
point 33 252 560.582 188.994  -0.386544 -0.0596814   0.725295  -0.112732   0.948525   0.879412  -0.143993  -0.135133  -0.959478  0.0399726
point 34 259 423.186 197.235  0.238634  0.673827  0.104432  0.499152 -0.452472 0.0546958 -0.717513  0.394093 -0.873001 -0.607966
point 35 261 607.174 195.598   0.832589   0.397375   0.964637  -0.332026  -0.236122   0.160138  -0.632721   0.886986  -0.363289 -0.0429621
point 36 273 598.659 161.592  0.625171 -0.549744 -0.510984  0.336775 -0.878028 -0.827642 -0.229844 -0.887402  0.874867  0.103599
point 37 276 241.129 239.681   0.534247  -0.721814  0.0315007  -0.113037   0.290299 -0.0707116   0.318554  -0.641432  -0.463054   0.722326
point 38 280 293.106  225.43  -0.217593   0.145387   0.552281  -0.185905  -0.286608  -0.374071   0.805717   0.837459 -0.0584459   0.794519
point 39 286 473.255 145.587 -0.782938 -0.440262 -0.399921 -0.249221 0.0894066  0.394696  0.880297 -0.911547 -0.981419  0.735254
point 40 290 356.805 174.579 -0.648082  0.854184   -0.7427 -0.461269 -0.635527  0.527217 -0.936737 -0.766169  0.536804 -0.977304
point 41 313 368.834 40.4622  0.067125  0.362846  0.203677  0.104805  0.503075  0.724249 -0.471486 -0.638316  -0.10893  0.449115
point 42 315 61.4798 194.719  -0.80979 -0.353282 -0.906604  0.128278 -0.333167  0.198665 -0.541389  0.772303  -0.76945  0.950724
point 43 316 396.116 167.355  -0.558672  -0.711341  -0.924818   -0.47515  -0.459047 -0.0363348  -0.399165  -0.150834  -0.320237  -0.696322
point 44 319 387.924 113.521  -1.00326  0.214238  0.570121 -0.277641 -0.695132  0.114206  0.735789 -0.300896  -1.00663   0.33434
point 45 325 204.677 206.795 -0.190034 -0.337889 -0.594552  0.121646  0.236175 -0.334861 -0.283895 -0.482258 -0.547072  -1.00075
point 46 327 575.74 196.16 -0.350038 -0.942959 -0.294347  0.818647  0.319765  0.559398 -0.419329  0.732991 -0.354622  0.811759
point 47 343  80.335 222.591 -0.0400926  -0.963633  -0.312962  -0.835846  -0.208609 -0.0650283   0.287068  -0.912835   0.569222  -0.406122
point 48 353 220.077 162.661  -0.528152  -0.283798    1.00059  -0.313836  -0.298691   0.329077 -0.0167275  -0.519474  -0.471998   0.151556
point 49 373 468.677 237.565   -0.466337    0.818752  0.00194878   -0.361133    0.421904    0.513514 -0.00414499    0.777368   -0.359562     -0.8631
point 50 396 190.462 150.243  0.274768 -0.744356  0.880066  0.740038 -0.356012 -0.360615 -0.789725 -0.410532  0.377201  0.664574
point 51 398 506.889 194.151 -0.856936  0.860655 -0.609757  0.374981 -0.962942  0.596334  0.700379  0.888818  0.296481 -0.692133
point 52 403 389.728 223.943  0.178903  0.683545 -0.547644  -0.59771 -0.554964  0.496451  0.966969  0.720477 -0.990627 -0.600058
point 53 446 613.119  139.34  0.493069 -0.768104  0.612615  0.955463  -1.03222  0.187527   0.95185  0.480204  0.496516 0.0270377
point 54 448 327.426 191.347  0.851421 -0.447717 -0.853287 -0.652786  -0.30356  0.734635 -0.444142  -0.75001  0.606645 -0.389503
point 55 463 538.523 49.7136   0.591225 -0.0501403  -0.350925   0.593839  -0.786917    0.23858   0.952263  -0.765541  -0.800357  0.0244386
point 56 469 442.217 38.9905 -0.112014 -0.861863  0.931221  0.914146  -0.16424 -0.469985 -0.770268  0.756439  0.149192 -0.858096
point 57 482 597.762 211.297  0.465399  0.405629  0.227036  0.144123 -0.406451 -0.499982  0.269029 -0.280884   0.30618 -0.388994
point 58 498 586.582 211.056 -0.446013  0.436073  0.859988   0.90651 -0.647003  0.915541 -0.916458  0.883527  0.170969  -1.01582
point 59 509 500.796 208.493   0.28118 -0.891971 -0.329141  0.704148   0.83388  0.843303 -0.477861 -0.331501 -0.290173  0.895949
point 60 521 91.6204 190.651 -0.831077 -0.294312  0.649446  0.185624 -0.281787 0.0394862  -0.40037 -0.635714  -0.79074 -0.704001
point 61 532 563.123 144.673 -0.809668  0.382455  0.753087  0.853756  0.717707  0.767682  0.261127 -0.470856  0.977284 -0.480064
point 62 533   355.2 175.586  -0.669019  -0.230416   0.648602  -0.307729  -0.701393  -0.710902    0.60502  -0.220351   0.647261 -0.0400811
point 63 571 479.212 153.413  0.753237  0.798952  0.263032  0.660177  0.257755 -0.722926   0.92662 -0.357816  0.491405  -0.29655
point 64 573 348.644 56.8505  0.939136 -0.195026  0.298284 -0.413558 -0.274566 0.0483458 -0.655263 -0.984742 -0.357435  0.616325
point 65 581 87.0084 239.377 -0.643379 -0.468372 -0.269609   1.00724 -0.927429 -0.127482 -0.126279 -0.779836  0.873525 -0.105398
point 66 588 336.797 230.373 -0.222076 0.0735891 -0.418705 -0.568002  0.538501  0.627722 -0.600099  0.327486 -0.185645  0.094823
point 67 629 466.507 154.363 -0.474629  0.759299  0.624921 -0.860654  0.937133 -0.250544  0.993358  -0.62399  0.165792 -0.800321
point 68 646 347.728 223.357 -0.333928  0.604621  0.754124  0.759172  0.334169 -0.672614 -0.303747  0.834587   0.26709  0.465394
point 69 667 230.059 44.1151 -0.939264 -0.635419 -0.223779 -0.536858  0.712721 -0.699916 -0.482112  0.710274  0.550087  0.358911
point 70 681 373.126  197.78 -0.261174  0.571399  0.172271  0.481117 -0.761143  0.187682 -0.784833  0.468613 -0.116673 -0.805976
point 71 697 436.646 193.118   0.15826  -0.80655 -0.517531  0.951253  0.487344 -0.776605  -0.26865 -0.175849 -0.239837 -0.773008
point 72 709 451.063 202.705  0.928041 -0.875518  -1.02219  -1.02323  0.491962  0.785657  0.810748  0.463917  0.187558 -0.502912
point 73 717 65.2018 166.704  0.937557  0.630605 -0.878494 -0.257643 -0.397314  -0.72575 -0.683662  0.751101 -0.412211  0.684052
point 74 731 621.584 222.467 -0.290428  0.378686  0.376796 -0.805859 -0.679711  0.916558  0.733619  0.813263  0.557401   -0.8385
point 75 768 365.925 205.375 0.0761338 -0.143473  0.249464  0.396137 -0.682205  0.242155 -0.165207   0.45887  0.726391  0.659951
point 76 771 357.405 223.116  0.174038  -0.40469  0.809844   1.00168 -0.676915  0.903105  0.643958 -0.263507 -0.410905 -0.644529
point 77 777 433.968 59.4675   -0.568068    0.635998   -0.247251    -0.42714    0.584102   -0.299395   -0.342229    0.577907 -0.00260596   0.0910595
point 78 804   169.5 200.475  -0.74572 -0.730718 -0.694699 -0.539495  0.497596  0.687505  -0.14158  0.418232 -0.605929  0.152282
point 79 815 469.132 38.9942  0.108359 -0.247505   0.94681 -0.322571  0.674576  0.597634 -0.408437 -0.628892  0.805609  0.917248
point 80 837 244.781  128.56 -0.0688293  -0.218265  -0.535254  -0.316727  -0.793346   0.185645  -0.420263   -0.36577  -0.854659  -0.439134
point 81 846 164.81 231.14   0.429534   0.269267   0.355413  -0.855928   -0.96082 -0.0898073   -0.66182  -0.288039  -0.405602   0.177955
point 82 866 194.629  182.23  -0.488117 -0.0808227    0.74531  -0.634702   0.619279  -0.249933  -0.132993   0.370889  -0.411365   0.889594
point 83 867 293.318 184.096   0.963086   0.113515   0.120305   0.583297  -0.466187 -0.0574748  -0.705844  -0.418549    0.69181 -0.0802042
point 84 872  31.329 162.583  0.461622  0.806314 0.0727321  0.536595 -0.415591  0.798431 -0.535282 -0.276541 -0.800559 -0.962431
point 85 882 457.972 172.232 -0.445695   1.00939 -0.569534  0.626088  0.445322 -0.171178 -0.948177  -0.76514 -0.588868  0.585531
point 86 885 495.425 124.227   0.817639  -0.668491 -0.0905824 0.00417346   0.582485   0.613929   0.682965   0.859391   0.596515 -0.0598646
point 87 886 195.889 158.009 -0.406104 -0.881356 -0.494516 0.0637089  0.383109   1.02734  0.879389  0.916606 -0.723546 -0.865516
point 88 892 327.033 162.009   0.279011  -0.928027  -0.741578   0.667788  -0.761138      0.684  -0.727239    0.15697   0.834402 -0.0545367
point 89 898 268.701 233.958  0.826702 -0.620743  0.289466 0.0243518 0.0523433 -0.297736  0.527933 -0.517344 -0.133489  0.471618
point 90 905 49.5874 82.7015 -0.946622  0.112332  0.510715  -0.33776  0.722404   0.31181 -0.798309  0.626465 0.0961155  0.142077
point 91 910 32.3096 137.502 -0.931435  0.678666  0.459945 0.0141567   0.59259  0.485618 0.0381923  0.545845   0.73161  0.368834
point 92 911 173.372 194.492 -0.998881 -0.363121 -0.733236  0.669019 -0.965311 -0.109877 -0.969521  -0.14195  0.519047  0.135522
point 93 920 183.147 206.594 -0.923507  0.698635 -0.360458 -0.385491 -0.429801 -0.197188  0.865576 -0.864106   1.00437 -0.514222
point 94 926 216.272 227.579   -0.7324 -0.837414   0.93009  -0.90805 0.0289306 -0.522757  -0.35982  -0.78022 0.0723069  0.609232
point 95 928 228.042 180.231 -0.155248  0.843979 -0.805806 -0.898711 -0.306411 -0.546701 -0.663639 -0.337201 -0.471172  0.318714
point 96 935 526.932 227.801  -0.703198  -0.901005   0.206407    1.01079   -0.60374   0.518268   0.284754   0.850919   -0.72284 -0.0158369
point 97 939 246.482 202.722 -0.425633 -0.734304  0.603803  0.858481  0.235402 -0.908741  -0.68916  0.698814  0.152091  0.798604
point 98 963 291.606 167.606 -0.0126445  -0.840384  -0.362827   0.394692  -0.870699   0.301513   0.898566   -0.92018  -0.178744   0.482082
point 99 971 353.283 172.064    0.63779 -0.0307892   0.238352    -0.7285   0.965258 -0.0412602   0.369207    0.97064   0.802426  -0.155639
point 100 989 109.062 234.159 -0.702029  0.271738  0.442143 -0.624946 -0.087861 -0.517703  -0.11761  0.491649  0.543166 -0.499408

