seq: 94
gt_pose: -0.318818    -1.677  -2.38743
odom_pose: 0.755859 -1.77361 -2.28087
point 0 9 204.552 169.623 -0.784665 -0.746459 0.0285365  0.485455  0.940018  0.857822  0.321187  -0.19469  0.464385 -0.300168
point 1 11 35.6339 166.304    0.59821   0.474872   0.269101   0.921162   0.243199   0.553001  -0.832691  -0.738316 0.00908466  -0.876883
point 2 24 52.9958 68.2401   0.318592   0.412644   -0.70206   0.247722 -0.0625876   0.688889   0.398507  -0.624195   -0.52705 -0.0417728
point 3 28 398.254 203.545  0.245164  0.957701 -0.310948  0.750624 -0.725335 -0.145343 -0.995865  0.571377  0.570787 -0.404483
point 4 34 479.411 207.952 -0.114665  -0.56338  -0.26078 0.0889838 -0.679573 0.0928017 -0.964018 -0.198243  -0.21178 -0.363697
point 5 43 234.689 218.698   -1.00711   0.459314   0.180473   0.653698    0.18099  -0.070915 -0.0548511    1.00596  -0.877564  -0.882034
point 6 60 605.748 143.183   -0.886406   -0.808333   -0.502827     0.41208     0.25083    -0.85431    0.895582    0.706604   -0.653026 -0.00363948
point 7 66 20.2607 114.084 -0.751124 -0.241904  0.161477  0.324369  0.356075  0.108901 -0.207213   0.65707  0.176758  0.796544
point 8 72 323.146 123.384 -0.810923 -0.319195  0.766443  0.185937 -0.784465  0.604766  0.455774 -0.154837 -0.307591 -0.200196
point 9 80 462.928 227.594 0.0317409  0.525637  0.924255  0.942021 -0.847952 -0.996465 -0.859367  0.793208  0.783226 -0.921294
point 10 81  205.53 188.661   0.548689   0.209594  -0.821349 -0.0660199  -0.220482 -0.0433564    0.19473   0.662183   0.125642  -0.633057
point 11 90 460.738 192.208 -0.746113 -0.936982 -0.668247  0.462433 0.0185358 0.0465371 -0.490708 -0.586946 0.0801446  0.818239
point 12 129 361.275 153.344  -0.506023   0.806952   0.960509   -0.73289   0.180155  -0.633497   0.925379  -0.116401  -0.990008 -0.0997869
point 13 131 514.313 161.764  -0.916745   0.083598  -0.534562  -0.302064 -0.0933712 -0.0541182  -0.522056  -0.101534   0.194846   0.718858
point 14 143 72.0574 172.122   0.733694   0.935412   0.450862   0.913129  -0.953741  -0.838069 -0.0296302  -0.327556   0.145538   0.852923
point 15 146 222.766  52.351  0.975067 -0.500143  -0.69344   0.17045 -0.629129 -0.120054  0.965367 -0.551471 0.0372026 -0.779745
point 16 155 315.025 230.459 -0.592474  0.789458  0.376083 -0.781536 -0.775304  0.657921 0.0184299 -0.265748 -0.771049 -0.919632
point 17 195 318.889 156.911  0.351043 0.0471749 -0.275469 0.0455176  0.610438 -0.194303  0.255313  0.630588 -0.432324 -0.247206
point 18 197 356.453  188.68 -0.793592  0.661298  0.122798  -0.28857  0.800633 -0.550262  0.807309 -0.452088  0.517118   0.40866
point 19 218 560.798  229.93  -0.17481  0.648021  -0.98258   0.73315 -0.806047 -0.627048  0.819482 -0.942225 -0.462759 -0.747372
point 20 227 233.78 232.64  0.833833  0.149519 -0.391389  -1.04756  0.581573  0.815092 -0.317399 -0.617951  0.118286   0.32934
point 21 234 68.0343 68.5983  0.114382 -0.201317    0.6285 -0.323486  0.780289 -0.424332  0.290742  0.168975  0.195481  0.459455
point 22 235  639.41 225.874 -0.752086 -0.977205  0.934016  0.481096  0.119052 -0.165869  0.984924 -0.791785 -0.912006   0.36197
point 23 236 42.0602 189.616  0.155561  0.529866  0.545215  0.641886  0.472891 -0.416508 -0.464671  0.133564  0.314776 -0.705762
point 24 292 255.814 212.531 -0.221112  0.141974 -0.243681  0.724445 -0.251046   0.10926  0.523929 -0.108446  0.526538  0.854773
point 25 294 219.989 192.995 -0.00181092  -0.0185369    0.201231    0.469152    -0.67989    0.938209   -0.417924   0.0909351    0.646885    0.322386
point 26 306 361.437 185.671  0.525126   0.21517  0.484512 -0.113919  0.252541 0.0266388  0.350632  0.841086  0.667026  0.320812
point 27 309 331.412 179.515 -0.552784  0.955291  -1.00103  0.766291 -0.145722  0.120859  0.687013   0.55671 -0.260573  0.403638
point 28 326 123.386 129.903  0.467497 -0.470709  0.570406   0.23651  -0.90887 -0.292508 -0.449383 -0.667757  0.266508 -0.779125
point 29 334 353.676 104.667 -0.383766 -0.362727  0.951563 -0.721609   0.21506 -0.336322  0.163936 -0.884265   1.00454 -0.142405
point 30 350 378.544 126.614 -0.696806 -0.906835  0.997713  0.142695   0.48961  0.848559 -0.766058   0.66786  0.109938  0.584617
point 31 358 451.385 176.863  0.699934 -0.241005 -0.156084   1.01629  0.161508 -0.782201  0.404559  0.447125 -0.990857  0.745566
point 32 369 321.596 231.496    0.349485    -0.49163   -0.915962    -0.48008   -0.395567    -0.58255   -0.408784    -0.52855 -0.00893188   0.0917323
point 33 409 285.456 194.791 -0.420618  0.858392  0.314558  0.711009 0.0729141  0.581361  0.724466  0.170227  0.247584  0.914923
point 34 410 556.793 171.277 -0.221672  0.526936 0.0535924 -0.230915  0.360543  0.693068 -0.514297  -1.00175  0.739856  0.661311
point 35 422 236.928 196.032  0.011991  0.513435  0.553933  0.401066  0.922571  0.930046 -0.044131 -0.869519  0.451045  0.741086
point 36 459 252.207 217.635 -0.0401395  -0.505305  -0.245862 -0.0847822 -0.0907789  -0.755283  -0.697889  -0.886009   -1.00089   -0.81934
point 37 467 637.937  212.55 -0.395346 -0.742631 -0.125309 -0.383251  0.861165  0.296931  0.492031 -0.125388 -0.641252 -0.691039
point 38 474     535 225.811 -0.0811704   0.776287  -0.933736   0.713028  -0.638997  -0.814894  -0.344667    1.00725 0.00989286   -0.40566
point 39 493 58.6155 224.515   0.425546  -0.463981   0.904058  -0.397272   0.163544  -0.907824  -0.590985   0.830335   0.651424 -0.0584225
point 40 497 268.189 197.048   0.489687  -0.472153   0.605057  -0.241294  -0.622862  -0.152185  -0.586672   0.238932  -0.656503 -0.0459688
point 41 525 26.4249  237.34  -0.653724 -0.0666704   0.218515  0.0740444  -0.212019  -0.307557   -0.38335  -0.676334   0.815039  -0.481668
point 42 543 570.891 194.386  -0.311426  -0.798989   0.624792   0.674478   0.351689 -0.0225696   0.847251    0.14938   0.651652  -0.821477
point 43 546 206.801 198.531  -0.451083  -0.474771  -0.646718   0.918305    0.16394   0.182772  -0.343291  -0.142682  -0.934103 -0.0897917
point 44 559 443.355 194.351 -0.461589  0.980151  0.952641  -0.69079 -0.162758  0.735427  0.516247 -0.706823 -0.586075  0.798587
point 45 577 528.988 220.688   0.30494  -1.01154  0.501615  0.737363 -0.753098  -0.49685  0.771212  0.668528 -0.466037  0.591213
point 46 600 438.377 201.057  0.896047  0.405732  0.622122   0.61472  0.991538 -0.482897  0.247558   0.43085 -0.396708 -0.854054
point 47 642 296.516 154.766  0.774772 -0.212156   0.26402   0.64986  0.548808 -0.757908  0.430173  0.465736  0.663479 -0.483872
point 48 648 413.592  219.19   0.105084   0.409933  -0.774128  -0.935023  -0.780969 -0.0398905   0.700501  -0.953461  -0.243145  0.0144067
point 49 659 6.44095  203.94   0.69909 -0.336218  0.134441 -0.922937   0.29816 -0.612341 -0.828365  0.189747 -0.302527  0.307795
point 50 676 214.615 233.635  0.399168  0.487498   0.79645  0.265903 -0.376579  0.661972  0.501441 -0.976659  0.421715  -1.00263
point 51 679 420.097  206.38   1.01158 -0.212576  0.182696  0.738777  0.933176 -0.401353 -0.316488 -0.324685  0.865055  0.893382
point 52 680 604.761 224.007 0.0408184 0.0132923 -0.927315 -0.367071 -0.253581 -0.804305 -0.280903  0.461963 -0.194396  0.746415
point 53 702 131.291   208.9 -0.506766 -0.246287   0.59777 -0.377763 -0.875479 -0.400223  0.045565  0.327283 -0.690329   -0.2797
point 54 710 490.416 151.045 -0.0199559  -0.531186   -0.60097   0.314699  -0.474023   0.328922  -0.645553  -0.112435  -0.161669 -0.0957314
point 55 715 460.754 238.793 -0.796302  0.642636  0.122973 -0.679884  0.278254   1.02749  0.389875 -0.858237 -0.109534 0.0107813
point 56 719  622.48 113.806 -0.728991 -0.298232  0.726447  0.727029 -0.610648  0.660069  0.356847  -0.60041 -0.539013 -0.956234
point 57 720 423.246 101.749  0.378137 -0.557876  0.398597  0.314948  -0.74067  -1.02928 -0.652765 -0.869393   0.56086 -0.735595
point 58 724 34.1884 134.248  -0.874734   0.901197  -0.135769  -0.478323   0.960102   -0.61255 -0.0685559  -0.322056  -0.390658  0.0695061
point 59 735 584.326 227.665  -0.90883 -0.458489 -0.138806 -0.619918 -0.256668  0.491765 -0.283179   -0.7391 -0.364934  0.864925
point 60 748 397.388  215.03 -0.998629 0.0517421 -0.470433 -0.898118 -0.563999  0.138255  -0.22819  0.941117  0.770265 -0.430097
point 61 751 152.218 207.398  -0.361069  0.0882014  -0.407396   0.892223  -0.575934 -0.0548972   0.120031  -0.951015   0.297341  -0.397471
point 62 755 311.355 235.971   0.153265   0.176731 -0.0575442   0.782368   0.496769  -0.477572   0.304656  -0.316995  -0.390761   0.600505
point 63 757 616.576 206.136  0.316237  0.700402 -0.804139  0.981771 -0.249843  0.338458  0.162645  0.716761  0.171531 -0.400371
point 64 760 337.453 180.595  0.844125  0.217725  -0.43353 -0.739706 -0.514775  0.416016 -0.682764 -0.695999  0.928551 -0.274357
point 65 767 362.606 237.871 -0.0160248  0.0993203  -0.145415  -0.713112   0.331591  -0.132282   0.165423  -0.046083    0.37021   0.756171
point 66 769 427.833 143.844  -0.89551  0.684211 -0.560359 -0.264912 -0.284059  0.316879  0.727603  0.541452  0.671179  0.153093
point 67 770 455.085 159.697   0.794518  -0.506338   0.691397  -0.411589 -0.0363062  -0.271802   0.481521  -0.735903  -0.839484   0.757223
point 68 774 299.032 217.687   0.335464 -0.0713985 -0.0887103   0.629131  -0.212594  -0.321685   0.152351   0.233509   0.165914  -0.297482
point 69 783 336.791   213.6   1.00989 -0.439419  0.551848  0.894793  0.800492 -0.599836   -0.9019  -0.48095  0.280252  0.125304
point 70 796 590.814  212.48    0.643542   -0.868278   -0.594375   -0.526952   -0.168813 -0.00568499    0.928171    0.483406    0.341478  -0.0648707
point 71 802 105.701 215.917  0.376279 -0.583982  0.938721 -0.222756 -0.778095  0.503714 -0.214669 -0.268308 -0.589881 -0.430353
point 72 825 291.811 181.333    0.35664   0.658353    1.00323  -0.325018   0.421045   0.056215 -0.0261076  -0.521277  -0.203955  -0.469485
point 73 833 109.652 144.329 0.0926229  0.270449  0.757991 -0.177666 -0.657646 -0.364954 -0.696718 -0.920557  0.802982  0.682088
point 74 836 404.764 212.101 -0.686651 -0.625723 -0.169717  0.016388  0.618172  0.314726 -0.364761  0.705263  0.243315  -0.95883
point 75 848 624.644 165.283 -0.491576 -0.262357 -0.914788  0.872567  0.832353  0.559703  0.128955  0.290924  0.697974  0.175523
point 76 852 360.258 175.049  -0.438677  -0.322651   0.984268   0.240602 -0.0542623  -0.634307  0.0935933   0.866436   0.795092   0.635434
point 77 861 279.788 110.158   0.062122    0.69119   0.855683 -0.0966881  -0.511721    0.30068  0.0828704   0.192151 -0.0431629  -0.466281
point 78 863 485.596 101.763  -0.266226   0.328318 -0.0978286     0.4167  -0.064562    1.01497  0.0998188  -0.215603  -0.141724   0.628324
point 79 870 62.0094  216.61  -0.269382  0.0222338  -0.901516  -0.668809   0.600518   0.771595 -0.0516568   0.673849  -0.198002   0.283773
point 80 879 165.886 171.475  -0.240571   0.618312  -0.122646  -0.652687   0.233446   0.117358  -0.792826 -0.0462295   0.218075   0.131298
point 81 884 189.234 220.724  0.480383 -0.185991 -0.499243 -0.732335 -0.735314 0.0713621 -0.703683 -0.374713 -0.381164   0.70815
point 82 887 144.035  206.59  0.575642 -0.723091 -0.724628 -0.701478 -0.788373  -0.87018 -0.351383 0.0119887 0.0239018 -0.839663
point 83 888 426.624 80.3843  -0.706193   0.735257   0.492231   0.482472   0.406776  -0.912952   0.669526   0.938311   0.171763 -0.0107044
point 84 894 411.96 168.45  -0.278139  -0.577654 -0.0208133   0.722533  -0.612566   -0.64742   0.876774  -0.331727   -1.00511  -0.830709
point 85 902 597.887 200.996 -0.484896 -0.717361  -0.16927  0.877475 -0.628124  0.213894 -0.604764  0.914639 -0.272467  0.776709
point 86 915 363.842 219.886  0.180269  0.583124  0.156495 -0.135438 -0.781294  0.292967  0.969744 -0.531649 -0.108202 -0.432505
point 87 941 203.773  208.53 -0.0786656  -0.158572  -0.835478   -1.00602   0.431662  -0.293258  -0.651952 -0.0155629  -0.340642   0.478478
point 88 952 433.938 201.326  0.724775 0.0935673 -0.417571 -0.213576   0.69419 -0.229246  0.467763 -0.727515  -0.33646  0.736336
point 89 954 234.869 220.693   0.601556  -0.369733   0.667785  -0.734421   0.126112    0.43411   0.346283   0.719202     -0.881 -0.0051164
point 90 957 591.398 167.171  -0.478561    1.02868  -0.269679  -0.936695   0.332224   0.852976   0.402794   0.589882  -0.374112 -0.0925549
point 91 962 526.105 79.2173  -0.246319  -0.238694   0.901966  -0.743164  -0.784757 -0.0617334  -0.490184  -0.505537  -0.115015  -0.149248
point 92 973 460.722  170.84  0.100273  0.195395  0.583813 -0.876028 -0.428512  0.291068   0.08665  0.777311  0.560759 0.0938798
point 93 977 80.4164 130.706  -0.522451 -0.0517134   0.617399  -0.757024   -0.77418   0.806663   0.746553    0.97058   -0.13179   0.414404
point 94 985 119.782 223.424 -0.0868782   0.284719   0.430989    0.10525    0.35211   0.119038   0.503089   0.451982   0.146089   0.715512
point 95 991 566.567 235.773  -0.118696 -0.0272765  -0.804209  -0.997225    1.01349  -0.407312   0.288159   0.422888 -0.0899957  -0.744923

