seq: 34
gt_pose: 3.52246 3.96744 1.72987
odom_pose: 3.98061 3.76094 1.65372
point 0 15 468.329  103.06   0.738363    0.69024   0.912768   0.537486   0.805599    0.92749   0.382848 -0.0125491  -0.637817   0.614675
point 1 76 98.3078 146.998   0.445878   -0.22757  -0.644429   0.675047  -0.709803    0.35281  -0.352081  -0.275539  0.0663288 -0.0779821
point 2 83 600.935 157.274  0.595156  0.931036 0.0454943 -0.978564 -0.639176 -0.432663  0.254239 -0.427452  0.473202 -0.895022
point 3 89 358.117 156.822  0.552059 -0.629022 -0.339495 -0.352472  0.293341 -0.676977  -0.52315 -0.934233 -0.721822 -0.190632
point 4 103 155.193 203.996   0.453667  0.0687367   0.466837 -0.0663947  -0.226959   0.133107   0.676975  -0.891767   0.403922  -0.511976
point 5 106 403.84 223.08 -0.178521  0.979051 0.0574189 -0.112842  0.397625  0.184772 -0.231464 -0.960428  0.521902 -0.131984
point 6 130 447.886 124.442    0.7787  0.310463 0.0603217  0.947513  0.476211 -0.276244  0.926385 -0.891113 -0.493411 -0.516595
point 7 135  515.43 184.986 0.528752 0.406177 0.500248 0.284059 0.268092 0.991814 0.639171 0.392677 0.390214 0.683429
point 8 136 517.951 154.257 -0.435112  0.161795  0.733727  -0.97133  0.348971 -0.674742  0.106516 -0.216834 -0.758224 -0.226243
point 9 157  426.99 234.323 0.0135431 0.0904191  0.611874  0.484447 -0.777205 -0.960616  0.213785  0.581759 -0.752352  0.491614
point 10 173 201.932 168.677 -0.516284  0.469201 -0.783694  0.884866  0.203844  0.120888  0.557189 -0.835861   0.19892 -0.334136
point 11 180 334.234 157.566  -0.119165  -0.576853  -0.653671  -0.679029   0.142491   -1.03523 -0.0975636  -0.179958  -0.171572  -0.249165
point 12 189  29.966 219.051     0.939561 -0.000597949    -0.953494    -0.834881   -0.0978857     0.868913     0.671288    -0.427189    -0.349565     0.158238
point 13 190 328.899 229.403   0.425177   0.719232 -0.0764752   0.778717   0.494656   0.561579  0.0787346  -0.824485   0.350954  -0.505577
point 14 191 376.726 214.368 -0.916936  -0.88854 -0.900149  0.702607 0.0143349 -0.981939 -0.327707 0.0359835 -0.811802  0.621933
point 15 193 28.7299 203.665  0.946853 -0.745039  0.997188  0.814313   0.49635 -0.846553  0.927749  0.628152  0.851252 -0.103623
point 16 214 343.703 189.484   -0.76159   -0.53584    -0.6519  -0.140504   0.224529 -0.0806649   0.765495   -0.78101 -0.0640429  -0.414273
point 17 229 141.778 174.781   1.00857 0.0853412  0.318359 -0.740893  0.994359  0.186831  0.463774 -0.329165  0.150492 0.0916891
point 18 239 317.962  193.64 -0.428402 -0.900093 -0.797147  0.142254  0.559485  0.204625  0.184963  0.240407  0.193328  -0.55738
point 19 243 620.439 159.744    0.946438       0.588     0.80187    0.779424    0.872006    0.144415 -0.00455957    0.532209   -0.835742    -0.40564
point 20 248 532.353 176.249  0.051199  0.770818  0.588453  0.218698 0.0900185  0.164968 -0.997337 -0.993405 -0.903639  0.341643
point 21 275 184.903 143.037   0.927976 -0.0150498   0.438653  -0.806743 -0.0659546   0.112038  -0.332011    0.38605   -0.56752  -0.111645
point 22 310  419.68 112.738  0.614926  0.219596 -0.656432 -0.777116  0.620657 -0.197418 -0.821043 -0.303676  0.783693 -0.634297
point 23 320 166.534 214.018  -0.166468   0.700092    1.01176 0.00341642   0.578677   0.153907 -0.0481173  0.0232076   0.187868    0.29612
point 24 324 321.994 183.853 0.0819307  0.333706  -0.71952 -0.409505    0.6145 0.0179799  0.469505  0.115389  0.288505   0.36456
point 25 344 84.5042 231.136  -0.465838   -0.26835   0.100443  -0.638359   0.829707   0.793708  -0.337786  -0.417093   0.674062 -0.0315187
point 26 349 559.813 156.401  0.621972 -0.262902  0.705903 -0.934697 -0.820987 0.0487248  0.495618 -0.508676 -0.397794 -0.667262
point 27 361  518.68 190.877   0.877846   0.710152  -0.347859  -0.507411   0.665907   0.622238   0.286301   0.319331  -0.949322 -0.0655948
point 28 366 636.187 144.399  0.449459  0.718212  0.213906 -0.777423  0.107958 -0.665766 -0.935083 -0.264877 -0.285683  0.926973
point 29 377  209.78 227.966  0.579159  -1.03116  0.191033 -0.527993 -0.814292  0.838172 -0.360529 -0.952743 0.0217775   0.74917
point 30 379 593.373 108.857  0.279153 -0.563994  0.120934 0.0122263  0.618031 -0.286187 0.0933936 -0.233222  0.206334  0.250462
point 31 380 48.1304 219.699  0.623988  0.494502  0.649716  0.688029  0.307584 0.0637016 -0.731572 -0.289034 -0.577471  0.077257
point 32 392 480.667 232.381   0.957722 -0.0512937   -0.42981   0.262155   -1.01183   0.919968  -0.726176   0.226076  -0.659521   0.648157
point 33 393 207.977 211.527  0.598036 0.0560879 -0.322577  0.276341  0.936211  -0.10794 -0.617904  0.115777  0.737798 0.0557599
point 34 402 82.3233 208.984   0.320877  -0.309581 -0.0113181   0.948729   0.469099  0.0214026 -0.0887291   0.479047    1.00981   -0.30864
point 35 404 66.8586 151.297 -0.0194066  -0.940373   0.175511  -0.374812  -0.135249  -0.508045    0.30387   0.789574  -0.526602  -0.197644
point 36 411 432.104 225.602   0.499251   0.919581   0.892758    1.01279   0.428712  -0.601828   0.879205  -0.274185  -0.837125 0.00537812
point 37 438 251.81 186.13 -0.664743   0.77339 -0.695258  0.941924 -0.299944  0.699492  0.832507  0.960546  0.345063  0.948053
point 38 439 333.395 204.008  0.221271 -0.393392 -0.779137  0.294902  0.404572  0.670603 -0.357947  0.227007 0.0806754  -0.22156
point 39 440 358.086  150.87  -0.84286 -0.968706 0.0894657  0.933283 -0.587191  0.386705  0.758086 -0.166238  0.441895 -0.580883
point 40 449 455.467 58.7945   0.013447  -0.378944    0.80206  -0.480649 -0.0552385  -0.532843   0.515682 -0.0647375  -0.324202  -0.208163
point 41 450 172.797 133.986  0.392815  0.193097  0.667906 -0.572909  0.930616  0.505178 0.0100574 -0.830776  0.874112  0.740287
point 42 453 8.32642 234.618 -0.380954  0.338755 -0.117025 0.0217834   0.28588 -0.603488 -0.895477 -0.196944  0.599805  0.238433
point 43 458  221.63 166.828 -0.825793  0.218202 -0.761305  0.346965   0.55044  0.404038  0.724293   0.12297  0.900157 -0.570447
point 44 464 206.109 232.403 -0.0395522  -0.948119   0.055827   0.135894  -0.442833   0.192785   0.397291   0.457541  -0.616461   0.243441
point 45 477 164.754 157.656  0.905962 -0.700978 0.0668495 -0.386608  0.159444 0.0926804  0.725124 -0.773189 -0.338092 -0.593542
point 46 487 442.593 133.518  -0.822881    1.00379    -0.7256  -0.937323 -0.0149756   0.675361  -0.331736  -0.931527   0.354922  -0.150676
point 47 505 219.561  178.15  -0.610278  -0.276567   0.207802   0.265655  -0.750025  -0.504846  -0.832169   0.891967  -0.449387 -0.0430414
point 48 515  618.78 182.237 -0.0683705  -0.582839  -0.150086  -0.417742   0.631553    0.47294 -0.0562789   0.219362   -0.67344   0.399457
point 49 516 444.208 204.678     0.1496  -0.575561  -0.812699  -0.797657   -0.10865   0.612575  -0.601527 -0.0227999  -0.822369  -0.560809
point 50 517 412.518 160.778  -0.393058 -0.0433596  -0.829331  -0.467947   0.320049   0.124863  -0.103161  -0.755026   0.720968  -0.430005
point 51 520 89.0731 134.946 -0.243428 -0.915858  0.332433  0.358752  0.886934  0.368767  0.461697  0.182238  0.294273 -0.236972
point 52 534 30.1956 201.103   0.300571   0.344369  -0.240541   -1.01201 -0.0947238 -0.0997965    0.40518  -0.323833  -0.304546  0.0863353
point 53 561 23.3892 219.465 -0.860551 -0.312649  0.766498 -0.153106 -0.938363 -0.714904 -0.110486 -0.928269 -0.387059  0.697288
point 54 569 340.732 197.569 0.0127873 -0.711939  0.357368  0.249077 -0.178015  0.414662  0.451403 -0.516489   0.92938 -0.397238
point 55 592 494.859 180.021  0.865968  0.923993  0.662513  0.304858 -0.890769 -0.847417  0.323137  0.829462  0.677912 -0.700673
point 56 616 8.04016 221.843   0.827722   0.572438   0.547822   0.349573   -1.02022 -0.0524292  0.0527185  -0.581228   0.282531 -0.0418045
point 57 628 395.226 195.787 -0.683045 -0.171391  0.190703 -0.403006 -0.158349  0.883035  0.605433 -0.367734  0.482195  0.867301
point 58 640 335.908 220.199 -0.0152305    0.72376   0.935356   0.430859   0.189459  -0.332299   0.591922  -0.216632  -0.189146  -0.190748
point 59 663 69.1912 226.125   0.898633  -0.502361   0.918016 -0.0900443  -0.198784   0.224731   0.302696  -0.803832  -0.375996  -0.509331
point 60 674 175.156 233.078   0.896277  -0.796654   0.390198   0.745747  -0.422347  -0.517938  -0.740937   0.201862 -0.0869985   0.258021
point 61 675  405.35 181.771   -0.0632338     0.778831     0.768284     0.215914    -0.131871     -0.72443    -0.119686     0.824947 -0.000541347    -0.523304
point 62 678 247.017 128.436 -0.802062 -0.898992 -0.350433 -0.447373  0.017917 -0.946592 -0.878249  -0.13321  0.247359 -0.324472
point 63 704 408.725 167.946 -0.390395 0.0963205  0.417949 -0.166353 -0.473264  0.808538  0.582265 -0.984277 -0.524143  0.683482
point 64 712 618.645 235.811 -0.0283596  -0.746364    0.50733   0.778506  -0.564337  -0.569364  -0.757952  -0.205673   0.838991  -0.137345
point 65 714 506.841 153.867  0.691604  0.413154  0.753775  0.441046  -0.54509 -0.250039  0.795442  0.932861 -0.525211 -0.771133
point 66 723 472.168 236.649   0.166567  -0.909909 -0.0544907   0.166993  -0.394747   -0.45887  -0.414844   0.674964  0.0962318   -0.67366
point 67 759 628.084 134.312 0.0966956  0.619504 -0.884329 -0.864384 0.0407662  0.440531  0.908031  0.303538  0.458433 -0.330245
point 68 780 179.276 239.279  -1.00304 -0.166121 -0.278769  0.151162  0.920915  0.533706  0.487361 -0.803719  0.290718  0.980756
point 69 785 585.395 157.837 -0.0602493  -0.104305  -0.522764   0.581565  -0.895971  -0.514101  -0.827654   0.636675   -0.63458   0.936747
point 70 822 277.922 225.632    0.752009   -0.227834    0.917331   -0.353301    0.316315   -0.845001     0.70545 -0.00116921   -0.252955    0.169581
point 71 826 204.988 197.789   0.472581  -0.226813   0.182649   0.581198   0.990904  -0.474414 -0.0382418  -0.750945     0.8018   0.660254
point 72 831 529.241 233.748  -0.144833   0.445199   0.690892   0.106249   0.340465  -0.867214 -0.0886498   0.559713  -0.667821 -0.0449207
point 73 835 13.3974 206.465 -0.322957  0.884242 -0.598864 -0.018058 -0.989238  0.452326 -0.701245  0.838944 -0.633834 -0.366409
point 74 847 13.8931 172.586 0.0757465  0.497424   0.32597  0.922366  -0.75309  -0.77522 -0.364773 -0.826434 -0.819914  0.156292
point 75 853 328.996 177.114  -0.397327   0.871058  -0.605913 -0.0308664  0.0749254  -0.662241  -0.319492  -0.437591  -0.808925  -0.729784
point 76 868 412.644 166.105    0.621813   -0.362377   -0.816063  -0.0259629   -0.693527   -0.395437    0.887802    -0.84916 -0.00728671    0.514792
point 77 869 173.404 234.948  0.442091  0.773927 -0.723378 -0.523888 0.0458916 -0.766566  0.590386 -0.936695  0.810796 -0.910713
point 78 872 513.476 112.345  0.402354   0.80107  0.108606  0.535793  -0.47552  0.824643 -0.450704 -0.266275 -0.889575 -0.964227
point 79 877 122.285 137.906 -0.728963   0.84487  0.784686 -0.987186 -0.120154 -0.939722  0.883152 -0.643008  0.445314  0.414572
point 80 897 277.437 171.853   0.234779   0.862347    1.01609   0.567752   0.119358  -0.813218 -0.0757612  -0.246141  -0.855652   0.239434
point 81 907 336.523 221.711 -0.745826 -0.977972 -0.914142  0.544365 -0.767209 -0.873517 -0.339716  0.694447 -0.285162 -0.654961
point 82 909 21.9346 196.954  -0.268774  -0.712691  -0.215844  -0.398878  0.0686035 0.00337422  -0.330415   0.145885  -0.415469   -0.14844
point 83 914 510.435 234.328  0.252828 0.0949053 -0.068347  0.370941  0.305566  0.443323 -0.694893 -0.118276  0.216233    0.8565
point 84 924 244.296 224.841  -0.451629  -0.555785   0.302579  -0.375196 -0.0460149 -0.0855703   -1.00876 -0.0197689   0.802873  -0.215893
point 85 932 587.315 176.232   -0.149698   0.0225855    0.800426  -0.0211781   -0.181975    0.663241 -0.00888116   -0.894781   -0.272218    0.506953
point 86 947 260.404 154.729 -0.328516 -0.916384  0.786396 -0.542997 -0.575092  0.900154  0.603807 -0.790424 -0.844874  0.764424
point 87 953 117.179 134.523  0.0753779    0.52264   0.816161  -0.583971 -0.0718527 -0.0676965  -0.447178   0.728766  -0.708834   0.820741
point 88 964 520.438 183.799  0.937935 -0.313135  0.195688 -0.268055 -0.809614 -0.994646  0.473395 -0.942701 -0.782947  0.690757
point 89 972 160.809 96.4953  -0.749197  -0.486094   0.936751 -0.0429709  -0.970885  -0.577921   -0.74016  -0.256674  -0.711566   0.679856
point 90 982  614.61 211.804   0.559089  -0.426719   0.975863 -0.0867351    0.34515   0.482195   0.651276  -0.146682   0.985289   0.185802
point 91 984 239.799 156.341 -0.440382 -0.831901 -0.924524 -0.522126  0.478217  0.593849 0.0202353   0.48296 -0.547004 -0.647133
point 92 993 185.293 150.669  -0.251388   0.951919  -0.491682   0.706523 -0.0743689   0.327292  -0.271022    0.12192   0.336409    -0.2629
point 93 995 624.791  191.82 -0.948485  0.848974  0.531657  0.796204   1.01749  -0.67376  0.693187 -0.540755 -0.897204 -0.431867

