seq: 301
gt_pose:  3.63287 -5.17902  2.92312
odom_pose:  1.43581 -5.74303  2.69954
point 0 5 434.466 180.583 0.0512219  0.364369 0.0798982 -0.925325 -0.164574  0.829384  0.836488  0.482339 -0.429225  0.466215
point 1 9 221.878 177.279  -0.80096 -0.738119 0.0236754  0.531068  0.949868  0.834479  0.387602 -0.224747  0.454003 -0.245976
point 2 11 186.604  169.27  0.644184  0.431285  0.342763  0.982981  0.273501  0.548186 -0.787194 -0.680988 0.0497979 -0.803827
point 3 14 564.641 190.292 -0.840786 0.0471447  0.533218 -0.364791    1.0161  0.182724   0.79756   0.45213  0.277035 -0.934638
point 4 18 33.8226 208.957   0.192621   0.628399  -0.577966   0.329397 -0.0120691 -0.0515131  -0.397172   0.414917  -0.591397   0.241023
point 5 23 355.215 130.143    0.776725    0.790037  0.00964106    0.189474   -0.634237   -0.494241    0.744949 0.000892256   -0.115531    0.673053
point 6 24 328.476 176.856   0.37416  0.422179 -0.711186  0.180652 0.0285406  0.668608   0.40172 -0.607555 -0.557216 0.0194819
point 7 26 324.611 46.6678  -0.87436 -0.739792  0.328758 -0.288003 -0.450505 -0.330855 -0.798287 -0.129472  0.916106  0.180048
point 8 31  581.95 216.878  -0.428179   0.732003 -0.0418451  -0.633756    0.26109  0.0467289   0.272391   0.199815  -0.571358   0.701301
point 9 48 279.008  76.035  -0.279725   -0.96472   0.806147   0.196143   0.582939   0.726854   0.902176  -0.609088 -0.0655471 -0.0400748
point 10 65 37.7208 210.214 -0.730342 -0.107062 -0.852636  0.562058  0.575705  0.371305  0.778384  0.707651 -0.906828 -0.950587
point 11 66 184.132 118.828 -0.744788 -0.242934  0.151986  0.267968  0.358357 0.0300619 -0.150386   0.68707  0.164015  0.890815
point 12 68 579.677 239.632  0.191528  0.334932 -0.926202  0.554557  0.233953 -0.715585 -0.666991 -0.588033  0.556016  0.722178
point 13 78 454.605 210.903 -0.944413 -0.842951  0.571365  0.741674  0.993254 0.0490174  -0.39584 -0.611829 -0.251755 -0.168595
point 14 81 233.192 196.899   0.589727   0.261498  -0.868226 -0.0344729   -0.22498 -0.0879518   0.247438   0.714512   0.111047  -0.593093
point 15 109 503.229 229.553  -0.435073   0.854459  -0.783115  -0.409579   0.459422 -0.0236424   0.683592   0.565369  0.0151421   0.284107
point 16 116 417.213 221.882  0.933326  0.590565  0.413028 -0.405402  0.622696  -0.10472 -0.345535     0.593  0.333146  0.791622
point 17 119 611.985 176.713 -0.369819 -0.470888  0.863579 -0.403923   0.74002  0.409391  0.915627 -0.441967 -0.736293   0.43228
point 18 121 159.364 185.347 -0.0729491   0.923918  -0.123613   0.674005   0.140626   0.491798  -0.781486 -0.0278981  -0.866267  -0.948447
point 19 123 479.433 145.186  0.127219 -0.855525 -0.261478  0.306959  0.806934  0.650669  0.246675 -0.222919  0.401677 -0.575008
point 20 128 166.501 179.083  0.727572  0.979598 -0.362148  0.842405 -0.474958 -0.732471 -0.642843  0.312425  0.703635 -0.774303
point 21 138 447.577 214.626  -0.430969  -0.722701  -0.420272  -0.635856  -0.443409   0.104303   0.526354  -0.828606   0.164165 -0.0769153
point 22 146 344.464 178.124    1.0382 -0.498207 -0.669056 0.0988289 -0.636202 -0.129695  0.920711 -0.528081  0.057906 -0.772572
point 23 154 96.5577 204.754  0.614095  0.729171 -0.871675 -0.942606  0.783628  0.155708  0.521626 -0.861096  0.590178  0.452914
point 24 156 614.956 197.953  0.255474  0.575225 -0.690111  0.408604 -0.796703  0.961738   0.18573 -0.760427  -0.91455 -0.104258
point 25 159 635.817 202.898  0.235724 -0.974759  -0.93007 -0.167982 0.0735769  0.154144  0.931897 -0.358231 -0.433704 -0.786197
point 26 163 95.1435 146.091  -0.823979  -0.245855   0.521754   0.789205  -0.402011 -0.0456674   0.666685   0.592593   0.577204  -0.768046
point 27 165 583.208 191.394   0.466025  -0.734395   0.452945   0.644827  -0.688388   0.645976  -0.629519   0.844972   0.410142 -0.0437038
point 28 176 585.192   212.3  -0.765534    0.83751  -0.103114 -0.0477069   0.414137  -0.436746  -0.925511   0.297499   0.723873   0.122385
point 29 184 491.367 200.699 -0.278773  0.536126 -0.354429 0.0274761 -0.564541 -0.313878  0.100974 -0.402261 -0.398369  0.319829
point 30 200 479.976 175.638  -0.481113   -0.68599   0.621008   0.383049   0.274532    0.60704 -0.0733929   0.881572    1.01276  -0.106731
point 31 216 443.362  205.16 -0.664243 -0.885578  0.893714 -0.814961 -0.574401 -0.834499 -0.288493 -0.230718 0.0097005  0.870262
point 32 234  277.23 138.968 0.0753437 -0.136055  0.676904 -0.360783  0.784967 -0.454002  0.307066   0.24294  0.250332  0.463509
point 33 242 331.886 136.785 -0.843944 0.0402091  0.194632  0.403533 -0.355145  0.656211  0.788701  -0.78621  0.405901  0.659014
point 34 262 447.735 192.903  0.082895  0.358458 -0.287154 -0.547436  0.903665  0.932767 -0.946403 -0.402926  0.435016 -0.425546
point 35 277 381.983  162.19 -0.499108 -0.892243  0.330776  -0.84049 -0.998489  0.163057  0.145873   0.49591  0.364334 -0.910584
point 36 301 554.177 205.127 0.0951438 -0.541914  -1.03494  0.388907 -0.979183 -0.636665 -0.573405  0.483277 -0.766917  0.107133
point 37 303  538.01 219.227   0.123375  -0.772739  -0.572854  -0.978752 -0.0934417   0.552454  -0.469188 -0.0473566 -0.0115143  -0.344265
point 38 318 76.0117 145.199  0.221855  -1.00741  0.461046 -0.930077 -0.676976  0.770288 -0.744137 -0.650776 -0.685323 -0.203394
point 39 323 140.175 156.673 -0.713739  0.645256  0.296976  0.774322  0.313744 -0.555733 -0.939573 -0.718258 -0.465487 -0.965558
point 40 326 273.918 171.509  0.446085 -0.535706  0.587887  0.184848 -0.959292  -0.37874 -0.392254 -0.655709  0.280419  -0.81124
point 41 345 150.413 198.697   0.908177  -0.478971 -0.0241267   0.313993     0.3641   0.919578   0.366856    1.01696  -0.886289   -0.79204
point 42 359  381.62 135.489 -0.109292 -0.268278  0.678911 -0.537853  0.741584 0.0297985  0.188775  0.176668 -0.577492 -0.260931
point 43 364 457.219 210.658  0.0689377   0.803182    0.65103  -0.601014    0.94452  -0.495895  -0.545716  -0.880183  0.0510846 0.00398291
point 44 382   368.3 180.468  -0.66309  0.845351   0.96645 -0.910977  0.147617  0.540714  0.514146 -0.255287  0.233143 -0.130868
point 45 387  520.29 201.059  0.656473 -0.704341   0.51316   0.98751   -0.7961 -0.220088  0.033529 -0.978242  0.642507  0.687143
point 46 425 491.917 239.947  -0.45115 -0.343887  0.348759 -0.450916 -0.565183 -0.696527 -0.138237 -0.965746  0.904086  0.842087
point 47 466 105.035 198.511 0.0367574  0.109485  0.595328 -0.329711 -0.977973 -0.461969 -0.229792 0.0607898  0.645202  0.225294
point 48 470  377.02 237.831    0.41608 -0.0467408  -0.580066   0.888044   -0.31093   0.924521   -0.38383   0.233852   0.376127   0.741018
point 49 472 409.789 210.676   -0.892262  -0.0642248    0.601372   -0.205915    0.890631   0.0822447    0.733398   -0.680219 -0.00796326   -0.618249
point 50 475 396.626 224.453    -1.0321   0.113028  0.0873285    0.60834  -0.347516  -0.380557  -0.119201 -0.0708202  -0.693302   -0.24091
point 51 491 541.925 206.693 -0.845049  0.781985 -0.308646  0.519989 -0.472979 -0.187213  0.586746 -0.324809  -0.21479  0.677461
point 52 492 354.901 144.364  0.492187  0.505483 -0.716492 -0.407064 -0.525726  0.741177  -0.55559  0.845772 -0.819531 -0.538746
point 53 493 68.5922  217.19  0.427159 -0.452026  0.888433 -0.458602  0.115708 -0.914015 -0.607129  0.827449   0.65665 -0.115194
point 54 495 593.544  172.53   0.239928   0.623489  -0.153771   0.417239   -0.52296   -0.64275   0.966508  -0.554057 -0.0431724  0.0899913
point 55 506 612.497 208.744 0.00821434   0.281578 -0.0126509  -0.576311   -0.91172  -0.604174  -0.696891  -0.643907   0.756706   0.473237
point 56 508 372.271 140.334  0.674005  0.641673 -0.194018 -0.119113 -0.812032  0.804132  -0.84419  0.190423 -0.712286 -0.816928
point 57 529 402.072 194.747  0.446931 -0.401027 0.0335916 -0.313037  0.660622 -0.157076 -0.896068   0.82459 -0.208593 -0.331972
point 58 546 220.038 202.642  -0.542743  -0.491876  -0.673728   0.975993   0.184746   0.199276  -0.337111  -0.180257  -0.935609 -0.0961253
point 59 547  136.75 177.944  0.374216 0.0942257 -0.408842 -0.858796 -0.267077 -0.531226  0.669296 -0.173219  0.274255  0.885202
point 60 560 269.234 161.023  0.924225  0.516708  0.600256  0.767345  0.285659  0.423992  -0.73796 0.0623009 -0.493499  0.378535
point 61 565 220.259 236.628 -0.910858  0.898874  0.447863  0.301801  -0.58231 -0.598282  0.775137  0.821646 0.0423863  0.525633
point 62 568  435.79 214.833 -0.930199  -0.59177  0.980257 -0.695729  0.423386  0.512981 -0.997198 -0.806131 -0.760485  0.164722
point 63 578 622.084 208.491 -0.0380929  -0.236511  -0.265094   0.192483   -0.72608   0.470461  0.0819444   -0.98371  -0.061595   0.183334
point 64 597 324.863  151.58 -0.694962  0.691113  0.900145  -0.10442 -0.345681  0.601045  0.891084  0.900352  0.453799 -0.304762
point 65 617 520.426 163.257 0.0595567 -0.830152  0.267552  0.117664 -0.546193 -0.952313 -0.205163  0.322186 -0.861374 -0.595353
point 66 638   183.1 152.985 -0.282443 -0.898587  0.548824 -0.845451  0.217609   0.38702 -0.119681 -0.345742  0.508003  0.818042
point 67 639 525.853 162.771  -0.769986   0.829505  -0.369891  -0.354891   0.743779   0.660249 -0.0209022  -0.870551   0.132434  -0.716172
point 68 651 300.189 71.8717  0.883188  0.588507 -0.537156  0.213456 -0.510591 -0.905867 -0.882843  0.352884 -0.239673 -0.430384
point 69 661  517.07 167.313  0.251473 -0.493026  0.445851  0.377562  0.151149 0.0985551 -0.956027 -0.778269  0.180653  0.367196
point 70 676 243.984 234.947  0.383308  0.506269  0.859808   0.23496 -0.450357  0.723951  0.423733 -0.979614  0.455453 -0.995127
point 71 686 154.955 197.296 -0.476254 -0.839869  0.724717 -0.598284  0.620322 -0.306017 -0.532832 0.0218121  0.145008  0.366147
point 72 695 446.285 209.939   0.740554  -0.247291   0.351915  -0.446072   0.452707 -0.0427443   0.922623  0.0426332   0.532674   0.818298
point 73 702 120.024  199.41 -0.548854 -0.239779  0.537882 -0.356494 -0.899914 -0.433889 0.0288128   0.32514 -0.726951 -0.262714
point 74 722 216.901 87.5978   0.528814  -0.552265  -0.278636  -0.716495  -0.798154  -0.866134  -0.312616   0.554232   0.487446 -0.0731142
point 75 724 180.129 135.709  -0.901325   0.907771  -0.133881  -0.549327   0.955611  -0.684886 -0.0927845  -0.343147  -0.361402  0.0176798
point 76 751 271.462 219.031  -0.291884  0.0444783  -0.381063   0.809381  -0.576094 -0.0785005  0.0839329  -0.921984   0.276391  -0.369426
point 77 752 530.781 164.025   0.79921  0.811317 -0.533277 -0.186987 -0.188602 0.0732482  0.316845  -0.63431 -0.667515 -0.494897
point 78 776 454.936 158.008  0.867347 -0.155491  -0.14563 -0.501808  0.643384 -0.855893  0.339554 -0.409081  0.834387 -0.750074
point 79 794 493.419  208.02 -0.388642  0.458771 -0.370065 -0.631384 0.0633689  0.664733  0.504266 -0.516302    0.1118  0.505963
point 80 797 508.178 178.209  -0.687874  -0.666169   0.687186  0.0351592  -0.245409  -0.573448 -0.0582799   0.540209 -0.0624438  -0.357645
point 81 799  21.012 134.958  -0.693041 -0.0295506  0.0211435   0.110968  -0.458822   0.317108   0.489947  -0.734556  -0.551498  -0.737258
point 82 802 110.926 208.053   0.40663 -0.515932  0.915425 -0.250398  -0.77025  0.459451  -0.26361 -0.334192 -0.602993 -0.420265
point 83 819  381.42 198.209 -0.508671  0.400233 -0.695379  0.803076  0.940815 -0.056699  0.261123  0.718935 -0.413664 -0.120052
point 84 821 612.067 134.998  0.358048  0.294595 -0.666462 -0.963669  0.948311 -0.217964  0.484602 -0.807498  -0.37064  0.419689
point 85 824 97.5682 228.397   0.31928   0.45872 -0.721743  0.224204 -0.380855 -0.950049    1.0178 -0.480088 -0.247447  0.246791
point 86 833 177.164 140.498 0.0260501   0.26463  0.797294 -0.178323 -0.684239 -0.355818 -0.721329 -0.949915  0.762314  0.693689
point 87 841 481.071 171.836   0.18464  0.888962 -0.947533  0.870372 -0.380573  0.127125 -0.342798 -0.162403  0.223174  0.440625
point 88 843 595.286 142.444 -0.440662 -0.158691 -0.088256  0.453486  0.119536  -0.90078  0.407207  0.196312  0.981015  0.987231
point 89 862 416.323 207.049 -0.813223 -0.320216 -0.691777 -0.253338  0.636794 -0.540467 -0.125643  0.400401 -0.936095 0.0451318
point 90 876 481.381  167.97  0.445513 -0.658432  0.917627 -0.192764 0.0427428  -1.01149 -0.953608  0.352145   0.84659  0.252561
point 91 879 189.557 170.286  -0.204486   0.589073  -0.139155  -0.642909   0.268307   0.101779  -0.770101 0.00430155   0.171639   0.157284
point 92 880  497.78 201.037 -0.631392  -0.47534 -0.274322  0.613522  0.509655 -0.268386 -0.357276  0.573079   0.76333  0.690689
point 93 881 586.512 199.182  0.340127  0.635151  0.413185  0.601743  0.375033 -0.851206  0.211746 -0.830035 -0.410212 -0.551303
point 94 884 250.785 225.518  0.408306 -0.175378 -0.505261 -0.683101 -0.742544 0.0258892 -0.708917 -0.329543 -0.310204  0.700796
point 95 887 297.493 222.482  0.602868 -0.792352 -0.796651 -0.729113 -0.860326  -0.93012 -0.371452 0.0482796 0.0619328 -0.814351
point 96 908 447.549 165.485 -0.990687 -0.946031  0.996867 -0.658527 -0.685008  0.983095  0.633702 -0.828905 -0.574158  0.257543
point 97 918  503.67 160.836 -0.796296  0.166406  0.611135  0.127773 -0.384712 -0.790761 -0.633092  0.847114 -0.205706 -0.238415
point 98 925 231.685 138.683   0.795043   0.615263  -0.442935   -0.61681 -0.0423765  -0.256547   0.437842  -0.301722   0.467008  -0.237443
point 99 927 631.894 183.451 -0.0675375   0.832822   0.606789   0.345101   -0.93188   0.372808   -0.01308  -0.331211   0.760365   0.970025
point 100 929 596.524 185.713 -0.851761 -0.278701 -0.264471  0.197215  0.242854  0.726525   0.10088 -0.179295  0.125024  0.223025
point 101 931 250.831 81.6309  0.721642  0.754205  0.387945 -0.131918  0.302949    0.5006  0.600588 -0.859046 -0.197251 -0.198992
point 102 936  400.09 147.506 0.0482131 -0.446424 -0.412803 -0.351629 -0.488591  0.931884  0.121747 -0.689449  0.108377  0.129247
point 103 941  253.39 216.534 -0.0675442  -0.243722  -0.858983  -0.986519   0.444455  -0.223434  -0.658349  -0.020304  -0.370558   0.533067
point 104 942 508.429 219.997 -0.729996 -0.264859  0.588056 -0.508253     0.232 -0.249778 -0.708125 -0.975691  0.937275  0.417952
point 105 965 392.291 170.343   0.925312   0.614362    0.53321 -0.0851657  0.0585835  -0.464664   0.166463   0.657688    0.93019   0.235354
point 106 977  240.67 157.967  -0.504488 -0.0220704   0.651507  -0.726349  -0.728143    0.80211   0.717577   0.992021   -0.20603   0.471761
point 107 985 56.1745 213.855 -0.0796143   0.292847   0.509969  0.0528092   0.304971  0.0749771   0.517445   0.494612   0.182415   0.735256

