seq: 18
gt_pose:   3.3279  0.87306 0.952336
odom_pose:  3.41516 0.683976 0.820513
point 0 1 42.1224 176.028  0.285194  0.434167 -0.669444  0.239724 -0.999493 -0.507553 -0.704359  0.591886 -0.714316 -0.232474
point 1 37 61.4303 212.909 -0.985987  -1.02391 -0.353846 -0.463273  0.309475  0.696851 -0.593739 -0.328867  0.309711  0.740352
point 2 49  382.81 122.274  -0.666752  -0.457923   0.776767  -0.283529   0.848122   0.522998 -0.0143803  -0.445775   0.856402  -0.782361
point 3 50  442.84 193.793   0.82713 -0.604976 -0.412872 -0.690267 -0.591368  0.292717 -0.615447 -0.772806 -0.570897  0.848251
point 4 53 171.854 185.827   0.76818  0.329185 -0.347961 -0.924495   0.53275  0.624474  0.404336   0.35713  0.764612  -0.34218
point 5 61 272.512 163.907  0.182845  0.501737  0.525693  0.833122 -0.843963  0.612784  0.858571 -0.749803 -0.454457 -0.542536
point 6 75 380.865 197.679 -0.678949  -0.88674  0.875146    0.5929 -0.724868  0.730921 -0.552235   1.01967  0.104476  0.293067
point 7 77 131.421 227.632   0.11796  -1.01657  -0.41962 -0.661984   0.38365 -0.119446 -0.504711  0.259993 -0.526044 -0.272545
point 8 79 380.914 191.466 -0.191643 -0.708059  -0.13927  -0.76922  0.250055  0.956238 -0.770035  0.703124 -0.663265  0.562455
point 9 82 357.936   151.5   0.918869 -0.0113614  -0.199933  -0.284049   0.892805   0.863954  -0.835641    0.81614   0.762741  -0.576338
point 10 87 590.838 226.644   0.73525  0.816237 -0.264803  0.926832  -0.64976 -0.615846 -0.548695 -0.305133  0.847377  0.298375
point 11 89 196.777  230.98  0.529808  -0.64834 -0.345765 -0.321002  0.248159  -0.63287 -0.531129 -0.917005 -0.705704 -0.114771
point 12 103 8.13918 211.225   0.473491  0.0565554   0.519114 -0.0841067  -0.238735   0.135704   0.684002  -0.845888   0.390798  -0.594717
point 13 106 214.873 234.867  -0.200062    0.93422  0.0776442   -0.10042   0.455422   0.122639  -0.203233  -0.944866    0.48553 -0.0670106
point 14 120 390.007  116.54  -0.95706  0.151089  0.678655 -0.573048  0.582546  0.590394 -0.638249  0.266151 -0.909247  0.306719
point 15 134 268.516 154.694 -0.336859 0.0907547  0.438852  0.827136  0.653515 -0.367962  0.966473  0.781772  0.625356 -0.834755
point 16 140 312.122 172.232 -0.457512 -0.105792  0.611921  0.088738  0.788785 -0.708358   0.37801 -0.610553 -0.331647  0.925809
point 17 157 233.134 237.657 -0.000302348     0.127619     0.619072     0.516257    -0.720083    -0.980569     0.246068     0.602909    -0.707435     0.541599
point 18 158 131.961 67.4174  0.528862  0.481089  0.301007 -0.325222 -0.144648 -0.413236 -0.756217  0.151771  0.919046  -0.60422
point 19 161 263.352 171.016  0.440001    0.9638 0.0382177 -0.417369 -0.433037 -0.829676 -0.405151 -0.282313 0.0643453  0.615326
point 20 170  313.55 235.584  0.136155 -0.395076   0.26972  0.169878  0.819179 -0.186639 -0.905807  0.713476  0.393291  0.746244
point 21 205 55.3026 200.405 -0.856287 -0.190497 -0.157648 -0.772644  0.490785  0.104864  0.226098 -0.713568  0.345491  0.153185
point 22 213 617.335   146.7   0.512044  -0.196879  -0.732839 -0.0372181  -0.110318  -0.869698  -0.395907   0.781231   0.398826   0.127249
point 23 244 388.539 192.527 0.0213158 -0.939128  0.499672  0.592164 -0.817037   0.68643 -0.338656   0.26361  0.150965  0.286515
point 24 255 555.013 206.758  -0.932851  -0.800647   -0.91236  -0.898418 -0.0583704   0.864195   0.203824  -0.270276  -0.158814   0.416407
point 25 270 480.732 225.604   -0.460996    0.486588   0.0598521   -0.710154 -0.00411424     0.17333    0.450563   -0.238346   -0.924955   -0.803511
point 26 276 438.578 239.382   0.533912  -0.666821   0.114208 -0.0390394   0.289402 -0.0175337   0.249268  -0.623124  -0.410879   0.738796
point 27 304 50.9223 36.5097  0.506079  -0.53529 -0.443468 -0.406874  0.989793 -0.235823   0.69795  0.507135 -0.569961 -0.395577
point 28 315 199.405 182.204 -0.885026 -0.408796 -0.926153  0.102982 -0.363884  0.136794 -0.510917  0.825683 -0.739242  0.897047
point 29 320 94.7651 228.128  -0.101716   0.693251   0.940518  -0.016022    0.60931    0.20003 -0.0295741  0.0291377   0.191374   0.268678
point 30 325 361.654 167.679 -0.223385 -0.245661 -0.667565  0.115032  0.183835 -0.340498 -0.243285 -0.454916 -0.561306 -0.943879
point 31 340 446.032 116.706  0.428303  -0.35562 -0.647819 -0.132468  0.775704 -0.144771 -0.704447 -0.473583  0.508819 -0.350316
point 32 341 496.034 211.578  -0.708384   0.159466   0.307328   -0.32025   0.281801  -0.410174  -0.809885  -0.640385   0.771837 -0.0469101
point 33 343 265.331 222.636 -0.0614235  -0.974434  -0.405397  -0.875461  -0.181623  -0.104161   0.294804  -0.905368   0.529067  -0.446492
point 34 377  1.776 226.23  0.555627 -0.994307  0.140296 -0.552442 -0.770971  0.789368 -0.376707   -1.0316 0.0563459  0.751698
point 35 390  389.27 231.781    0.34192 0.00303296   0.288036  -0.592258     0.2911   0.843071   0.292108   0.172927  -0.615377   0.426584
point 36 393 55.0378 216.654   0.581251  0.0616014  -0.250012   0.323864   0.936965  -0.126147  -0.706437   0.185475   0.719606 -0.0182691
point 37 396 347.714 84.6694  0.230824 -0.739407  0.874978  0.716251 -0.375496 -0.346316 -0.836352 -0.418581  0.355169  0.648577
point 38 401  429.76 211.195 -0.0178381   0.507731   0.243762  -0.523416  -0.592049   0.158035   0.641491   0.854132  -0.879843  -0.572626
point 39 407 514.694 216.701  -0.732008   0.957836  -0.881083   0.617911  -0.815672 -0.0809992    0.71983  -0.942543   -0.40171  -0.441695
point 40 418 619.533 218.728  -0.910218 -0.0185467   0.268566  -0.663648   0.846877   0.804293   0.987424  -0.806996  -0.651782   0.577241
point 41 438 85.1489 190.024 -0.649851  0.819236 -0.673852   1.02114 -0.258162   0.70637  0.807462  0.884056  0.360406   1.03501
point 42 449 242.884  171.49  0.0138091  -0.367354   0.815091  -0.503383 -0.0488845  -0.514482   0.553272 -0.0270085  -0.351756  -0.184449
point 43 450 28.1106 156.831   0.400117   0.265019   0.640337  -0.589031   0.934283   0.491769 -0.0348713  -0.808337   0.841942   0.693562
point 44 456 517.976 125.641  0.243642 -0.628419  0.497222 -0.534454  -0.30234   0.67259 -0.506687 -0.742696 -0.756932 -0.944371
point 45 458 96.4475 193.189 -0.741367  0.217992 -0.742034  0.344422  0.527496  0.429663   0.74011  0.137617  0.963511 -0.582182
point 46 464  44.365 233.386 -0.00119051   -0.977463   0.0160138   0.0466859   -0.488298    0.156638    0.394674    0.467146   -0.630168    0.208655
point 47 505 64.4005 188.507 -0.683751 -0.246531  0.237196  0.216745 -0.792069 -0.465142 -0.797784  0.898059 -0.455856 0.0294366
point 48 512 536.039 97.2914 -0.624251 0.0817211  0.758071 -0.349554  0.546072 -0.874108 -0.296787   0.19986 0.0792027 -0.490688
point 49 521 293.566 196.816 -0.774722  -0.32292  0.597269  0.157201 -0.221657 0.0240585 -0.343026 -0.627988 -0.856626 -0.691061
point 50 556 485.865 210.178  0.988615  0.981748  -0.27143  0.511475  0.944269 -0.230911  0.498867 -0.650915  0.939125  0.240126
point 51 564  508.74 186.257  -0.637623  -0.164893   0.219078  -0.512929 -0.0887562   0.491333  -0.423513  -0.917181  -0.735705    1.00266
point 52 581  251.36 239.288  -0.634826  -0.463417  -0.313199   0.935617  -0.992533 -0.0898492  -0.109739  -0.806299   0.913873 -0.0873686
point 53 585 41.7079 210.951  -0.94296  0.609953 -0.135788  0.752405  0.267915  0.435571 -0.543592 -0.701783    0.2505 -0.896457
point 54 603 202.923 143.679   1.03124  0.625699  0.735744   0.23019 -0.766805  0.405779 -0.865406  0.828322 -0.563793  0.647261
point 55 605 434.041 212.613   0.928913   0.472207  -0.427833   0.374517   0.186106  -0.416797 -0.0440765  -0.126306   0.865393   0.129335
point 56 627 178.583 149.744 0.0529346  0.952625 -0.584228  -0.51982 -0.820528  0.332548 -0.807589 0.0750689  0.311707   0.66861
point 57 630 371.332 218.811  -0.0577558 -0.00646547   -0.310611   -0.385816    0.676847 -0.00673148    0.518722   -0.203254    0.606561   -0.741145
point 58 668 387.919 155.436 -0.560593  0.779791 -0.778833 -0.412263  -0.54321 -0.213685  0.203195 -0.461772 -0.884456 -0.563354
point 59 678 108.317 161.893 -0.800896 -0.879213 -0.395525 -0.416123 0.0222159 -0.957257 -0.882337 -0.178457  0.261551 -0.328272
point 60 717 268.614 175.118  0.929846  0.684103 -0.945626 -0.216082 -0.324063 -0.669843 -0.630361  0.721218 -0.425472  0.637991
point 61 739 526.235 219.315    1.00034   0.172951  -0.436726 -0.0433207   0.739964   0.214171  -0.913686  -0.235448  -0.220488  -0.645907
point 62 749 501.569  202.01 -0.624159  0.269888  0.639546 -0.664056  0.512856 0.0470998  0.722939 0.0968698 -0.227046 -0.136279
point 63 778 544.469 207.988 -0.120417 -0.688904 -0.777986  0.752635 -0.492055 -0.886634 -0.376142  0.313855 -0.376451 -0.693825
point 64 803 351.33 193.96 -0.719833  0.983998  0.728739 -0.574631 -0.567645  0.225898  0.132124  0.808441 -0.243804  0.655039
point 65 804 311.253  171.65 -0.819006 -0.727864 -0.726727 -0.560529   0.51794  0.688153 -0.109524   0.48605 -0.578049  0.132502
point 66 809 472.913 137.748 -0.243496 -0.959256 -0.960604 -0.305471  -0.51382 -0.204869  0.852626  0.772885 -0.192531 -0.206435
point 67 817 392.237 187.328   -0.22431   0.562453   0.777574   0.571083   0.601496 -0.0690974  -0.591259   0.560195   0.590947  -0.899356
point 68 823 393.103 171.555 0.0384097  -0.74649 0.0281236  0.731187  0.536448  -0.54398 0.0766377  0.950666 -0.505962 -0.057796
point 69 846 322.879 227.403    0.429023    0.312648    0.374532   -0.852181   -0.882685 -0.00518955   -0.752954   -0.261973   -0.390114    0.174176
point 70 866 365.431 157.611 -0.566969 -0.122332  0.806961 -0.631757  0.671853 -0.279771 -0.106682  0.388346   -0.4659  0.880799
point 71 868 228.695 206.819    0.631165   -0.371807    -0.84714  -0.0401817   -0.694369   -0.366297    0.897478   -0.844955 -0.00578383    0.572118
point 72 886 338.521 51.8661 -0.396624 -0.821222 -0.464454 0.0426178  0.318778  0.981253  0.889611  0.853479 -0.770437  -0.82307
point 73 889 617.227 226.108  -0.828556   0.195519   0.877401  -0.314403   -0.97208   0.434325 -0.0549103  -0.753585   0.698824   0.137751
point 74 897 128.165 187.971  0.240474   0.83185  0.957002  0.546664  0.142115 -0.841243 -0.164116 -0.236765 -0.901582  0.271238
point 75 898 545.026   220.4   0.770214  -0.612384   0.247769  0.0471302   0.107497  -0.286684   0.488114  -0.549604 -0.0671379    0.40925
point 76 905  186.45 41.2625 -0.926281  0.108753  0.462478 -0.341511  0.685327  0.318441 -0.833417  0.603262 0.0446985  0.162477
point 77 910 136.847  96.191 -0.914759  0.666188  0.487664 0.0352125  0.595504  0.456356 0.0510131  0.550954  0.779254  0.381903
point 78 911 343.611 182.211   -0.9642 -0.371964 -0.811807  0.762003 -0.951376 -0.133295 -0.965484 -0.167833  0.463369  0.105911
point 79 920 345.951 190.184 -0.911759  0.663298 -0.293649  -0.32198 -0.468889 -0.167456  0.835718 -0.838303    1.0109 -0.495497
point 80 924 59.3448 223.874  -0.487574  -0.537845   0.295518   -0.36113 -0.0681546 -0.0791349  -0.999731 -0.0348994   0.843156  -0.159187
point 81 926 393.585 219.379  -0.776464  -0.785209   0.911769  -0.889525 0.00630161  -0.516567  -0.401508   -0.76127 0.00607881   0.583822
point 82 939 472.849 118.188 -0.394022 -0.742273  0.604463   0.91828  0.181636 -0.879145 -0.739978  0.724338  0.139218  0.734971
point 83 947 113.938 175.934 -0.298928 -0.922393  0.802416  -0.55656 -0.517874  0.908971  0.620362 -0.703711 -0.901983  0.705632
point 84 951 373.188 210.497    0.204995   -0.852847  -0.0844504    0.372003    0.245429 -0.00422373    -1.03598    0.448935   -0.160725   -0.695721
point 85 972 41.5644 142.949 -0.663406 -0.535295  0.983618 0.0168633  -1.01574 -0.511589 -0.728811  -0.28684 -0.661642  0.677244
point 86 984 75.4141 164.635 -0.411848 -0.776656 -0.903395 -0.495453  0.482169  0.584822 0.0531076  0.507886 -0.540535 -0.641949

