seq: 122
gt_pose:  -5.8205 -1.97364  2.81385
odom_pose: -4.67923 -3.08381  2.98558
point 0 19 270.519 193.965   0.37549  0.318235 -0.298027 -0.589451  0.206322  0.223681  0.433405 -0.376883  0.504809 -0.617722
point 1 108 268.948 226.801  0.868348  0.765685 -0.478899  0.423875 -0.246064  0.284129  0.452856  0.861757 -0.831029 -0.157896
point 2 144 429.898 154.517 -0.466585 -0.235201 -0.874813 -0.732793  -0.65893  0.496344  0.017663  0.377193 -0.710723 -0.814385
point 3 178 516.535 212.944   0.692699  -0.466748   0.690239  -0.206051   0.930218   0.992348  -0.351251  -0.281608 -0.0295215  -0.900521
point 4 199 78.0329 165.165  0.743225  0.160568 -0.807489 -0.702073  0.501552 -0.612718  0.969604 -0.420455 0.0884622   0.79851
point 5 211 513.774  174.01   0.853765   0.643274  -0.138263   0.327602  -0.439481   0.595014  -0.499706   0.257424 -0.0787958  -0.443825
point 6 219 481.134  236.97  0.217488 0.0761915 -0.331672  0.884036  0.151545  0.285869  0.241075 0.0959937 -0.475093 -0.581818
point 7 228 575.627  160.76   0.407342  -0.840229 -0.0511193 -0.0341335  -0.946045   0.948242  -0.588693   0.543352   0.581729  -0.644115
point 8 235 416.316 221.478  -0.83302  -1.01431  0.958312  0.429742  0.138188 -0.148422   1.00529 -0.727194 -0.881582  0.355317
point 9 249 415.872 165.194   0.743829  -0.648476  -0.344558    1.03867  -0.147362  -0.683122   0.484278  -0.757956 -0.0147809  -0.466264
point 10 254 612.357 213.619  0.155597 -0.252506 -0.225204  0.589312 -0.666921  0.338327 -0.502523  -0.93162  -0.78434 -0.478083
point 11 266 273.987 118.194   0.785917  -0.380538   -0.16414   0.744519  -0.677982  -0.220678  -0.418282 -0.0757383   0.631302   0.863001
point 12 274 484.676 235.449  0.910192 -0.590772  0.112966  0.582737 -0.526409 -0.367523 -0.855025 -0.472199  0.458609  0.517554
point 13 295 439.419 168.556    0.651089 -0.00506566   -0.332106    0.340642    0.141392   -0.287321   0.0468878    0.577352  -0.0372852    0.298701
point 14 312 281.022 182.437     -0.2095   -0.764731 -0.00158047   -0.450653   -0.798684   -0.363977    0.677748   -0.417633   -0.174518    0.346349
point 15 342 639.707 231.815 -0.280332 -0.662877 -0.233578  0.888016 -0.694447 -0.826448 -0.477291 -0.418728 0.0542315 -0.727382
point 16 363 330.767 200.681 -0.416688  0.124585  0.210543 -0.426076 -0.207976  0.114493 -0.778203  0.500384  0.595036  0.910436
point 17 370 604.274 169.394  -0.355591   0.833849  -0.969598 0.00900296 -0.0728054   0.644279  -0.987645   0.723737  0.0122351   0.169529
point 18 375 304.886 165.579 -0.332427 -0.821899  0.817592   0.23423 0.0936871 -0.632312 0.0901824 -0.951096 0.0778189 -0.471181
point 19 384 0.920085  205.526  0.564854  0.103131 -0.690934 -0.807078 -0.520233 -0.343742 -0.951834  -0.54186 -0.287717  0.147322
point 20 388 441.167 163.339 -0.388023 -0.175817  0.800286 -0.405542 -0.828651 -0.253363  0.350909  0.414407 -0.783381   0.33934
point 21 400 65.1795 164.044  -0.951943 -0.0788124    1.01791   -0.10767   0.821115  -0.873307  -0.175677  -0.867051   0.553103  -0.154182
point 22 410  354.51 122.022 -0.223599  0.498485 0.0999839 -0.232705  0.310522  0.631471 -0.535628 -0.966456  0.771952  0.683363
point 23 424  562.62 209.241 -0.0631244  -0.782886   0.547508   0.340315   0.611759  -0.482811  -0.106566   0.137343   0.916129 -0.0812026
point 24 467  438.01 198.767  -0.404512  -0.763786 -0.0909038  -0.353634   0.887536   0.262804   0.473121 -0.0851172  -0.641898  -0.693774
point 25 473 583.913 191.691     0.5831    0.34022  -0.716493   0.609448   0.784334   0.174461  -0.675636   0.561305 -0.0699129  -0.188882
point 26 474 364.135     202 -0.0767498   0.699052  -0.882785   0.731805  -0.677747  -0.783865  -0.367893    1.00768 -0.0374033  -0.457444
point 27 476 83.4458 105.534  0.128913  0.460104 -0.417905   0.98463 -0.424981   0.39898  0.760935 -0.270765 0.0939667 -0.992675
point 28 488 518.965 39.6767  0.944762  0.554975 -0.487109  0.225627 -0.714452 -0.370422 -0.280937 -0.704399  0.119665 -0.258204
point 29 489 491.692 216.644  -0.829378   0.937766  -0.859282   0.852105  -0.789825  -0.646819   0.897134  -0.564994  -0.576187 -0.0525118
point 30 490 401.021 239.987  0.446425  0.866382  0.325451 -0.530374  0.945454  0.281338 -0.945009 -0.573962 -0.569512 -0.660585
point 31 523 125.383 9.40168   0.490062   0.496091   0.426041 0.00563887   0.905001   0.661977   0.660757    0.59179  -0.187978   -0.55632
point 32 538 78.5468 225.305   -0.72273 -0.0736112   0.195813  -0.862481   0.933257 -0.0437154 -0.0856358   0.762647  -0.539604   0.196261
point 33 553 176.068 91.8618   0.236091 -0.0704305   0.899356    0.24615    0.64445   0.116261   0.480147   0.944741  -0.917498   -0.26002
point 34 572 336.938 224.124  -0.96589  0.560956  0.361605 -0.569884 -0.205016 -0.410364   0.69221 0.0257055 -0.402481  0.757468
point 35 580 359.139 237.294  -0.350913  -0.450273  -0.913307   0.875109    0.14392 -0.0131638  -0.340749   0.888115  -0.699827 -0.0463933
point 36 589  448.18 144.501 0.0598309 -0.138224 -0.332341 -0.679022 -0.508303 -0.580181 -0.146333  0.249004 -0.872836 -0.941177
point 37 595 119.152 236.403   0.651242 -0.0924414   0.243354   0.893977   -0.11694  -0.730155  -0.813008   0.883435  -0.362588    1.00094
point 38 598 625.842 204.663  -0.163068   0.621795   0.447216  -0.890096 -0.0312616  -0.493775  -0.379698  -0.564363   0.674138   0.558552
point 39 609 194.698 198.208  0.690709 -0.401667  0.490041 -0.294248  0.560563  0.270585 -0.919168 -0.723284  -0.54162 -0.375371
point 40 611 56.8082 143.594  0.236585  -0.46231 -0.676186  0.890245 0.0989614 -0.948496 -0.498729 -0.418283 -0.212164 -0.955948
point 41 625 546.732 174.156 -0.0387766   0.684221  -0.149047   0.951662   0.430544  -0.648829  -0.571931  0.0833124 -0.0770628   0.118634
point 42 636 551.198 231.304   0.818622  -0.251923   0.401443  -0.860556 -0.0301292  -0.382081   0.180257 -0.0681577 -0.0357087   0.226857
point 43 643 462.743 212.695   -0.05728  -0.968011   0.411518  -0.307381   0.368394 0.00816638  -0.692059  -0.904638   0.136117  -0.317989
point 44 647 391.119 192.325  0.961855 -0.417713  0.956549  0.211315  0.448494 -0.926075 0.0691772 -0.552386  0.370727 -0.805087
point 45 654 602.083 236.932 0.0629411  0.719407  0.188076  0.133114 -0.326234  0.371401  0.736657 -0.934101 -0.308461  0.688593
point 46 656 463.881 171.446 0.0502058 -0.117471 -0.582335 -0.770019  0.928887  0.507948  0.911612 0.0887591  -0.43932 -0.473521
point 47 660 274.056 147.941  0.225129  0.321279  0.302649  -0.59067 -0.779057 -0.379367  0.481278  0.114347  0.321711 -0.358845
point 48 670 528.292 173.347   0.753014  -0.288601  -0.924289   0.109683 -0.0748365  -0.533514   -0.16449   0.148327  0.0809486   0.390351
point 49 680 416.579     213 0.00948083  0.0415826  -0.970188  -0.397835  -0.192592  -0.806118  -0.258025   0.389202  -0.174567   0.782815
point 50 690 531.831 196.995   0.308742   0.947657   0.202823   0.406164 -0.0532837  -0.713571  -0.801615  -0.288791   0.510891  -0.512969
point 51 693 275.935 201.362  0.657923  0.378101  0.541324 -0.414493  0.903866  0.207373 -0.490618  0.129877  0.957473 -0.419217
point 52 694 506.928 214.213  -0.751845  -0.752595 0.00387022   -0.38882   0.997569  -0.397234  -0.162583   0.831587   0.732067   0.447184
point 53 716 335.197 217.502   0.980869 -0.0629844  -0.467946   0.862822 -0.0449085  -0.791693   0.259687   -0.21022   0.688191   0.760502
point 54 732 621.322 119.974   0.145363   0.692545  -0.936142  -0.341197   0.114178   0.793243  -0.947655 -0.0277574   0.684427   0.577471
point 55 757 375.925 201.035  0.325359  0.696669 -0.751045  0.958455  -0.19699   0.32706  0.188588  0.733868  0.145229 -0.374757
point 56 787 158.309 135.084 -0.247897   0.25924  0.939484 -0.423659  0.120466 -0.212408   0.52203  0.550451 -0.580453  0.593904
point 57 788 25.7039 196.654  -0.660867  -0.470288   0.351303  -0.209596 -0.0164641  -0.329652   -0.69122   -0.93667  -0.722013    -0.9699
point 58 795 228.959 110.024 -0.301868  0.846121 -0.232897 -0.513682  0.764251  0.128034 -0.600357  0.107999  0.852444 -0.220211
point 59 796 387.713 196.906   0.593416  -0.887129  -0.571097  -0.444083  -0.178582 0.00750789    0.89756   0.459973   0.398039  0.0225415
point 60 834 194.235 195.884  -0.54927  0.701929 -0.852175  0.980536  0.360284  0.730671  0.905438  0.988504   0.42184  0.621585
point 61 900 585.653 113.038 -0.648568 -0.465742   0.61272   0.53505  0.449165  0.383209   0.87383 -0.283354 -0.531927 -0.028509
point 62 902  397.34 178.528 -0.414458 -0.683376 -0.234657  0.808885 -0.626909  0.224507 -0.613847   0.97515 -0.337392  0.829318
point 63 950 346.878 201.808 -0.767603 -0.283096 -0.404428  0.884782 -0.723191  -0.34008 0.0631192 -0.593603 -0.910558   0.84142
point 64 959 305.345 237.661  0.618477  0.523166  0.381345 -0.359867  0.814692  0.925708 -0.444621 -0.379295  0.970496  0.919206
point 65 970 87.3743 89.0388 -0.525019  0.213904 -0.305421   0.86884  0.435779  0.751614 -0.531861 -0.502061 -0.330771  -0.57919
point 66 986  445.37 224.211  -0.290592  -0.334167    -1.0187  -0.589333  -0.108739  -0.404375   -0.37456 -0.0804956  0.0397774   -0.81688
point 67 991 485.923 225.112  -0.149734  0.0193781  -0.746399   -1.03009   0.979251   -0.47484   0.367309   0.457886 -0.0810239  -0.777904

