seq: 311
gt_pose:  2.09942 -3.96888  2.09545
odom_pose: 0.108184 -4.23668  1.94532
point 0 5 279.285 131.653 0.00610921   0.360239  0.0597037  -0.890003 -0.0961807   0.884791    0.85492   0.448205  -0.391393   0.498999
point 1 14 392.188 189.504 -0.822526 0.0745049  0.494029  -0.42818  0.991574  0.199136  0.733606   0.53597  0.286136 -0.957345
point 2 17 496.134 125.303  -0.468745    0.10497   0.389506  -0.763309 -0.0178889   0.206005   0.854677 -0.0862082   -0.34397   0.694319
point 3 28 38.6035 196.984  0.301987  0.984056 -0.349772   0.76629 -0.732048 -0.226138 -0.946892  0.605666  0.557359 -0.380333
point 4 42 586.403 147.533  0.0411305  -0.737924 -0.0251805  0.0611713   -0.95299   0.581019  -0.195016   0.253702 -0.0530871  -0.698052
point 5 44  461.39 196.233  -0.560222   0.224326   0.823765   0.477048 -0.0503269  -0.156992   0.673269   0.945334   0.925662   0.803597
point 6 57 525.622 150.261  0.395333 -0.331696 -0.601161  0.531119 -0.460087  0.382741 -0.952657  0.706226  0.709518    0.1751
point 7 64 515.886  196.45   0.884735   0.502139  -0.795472   -0.87998 -0.0139271  -0.241035  -0.531063  -0.052832  -0.690922  -0.345032
point 8 72 187.508 201.512 -0.792776  -0.30962  0.691193  0.247793 -0.801523   0.63786  0.547914 -0.190224 -0.250116 -0.185206
point 9 78 300.064 200.758   -0.931418   -0.856109    0.597546    0.745465    0.991241 -0.00495284   -0.478407   -0.656785   -0.263001   -0.114291
point 10 80 150.128 232.675 0.0712008  0.456812  0.963541  0.934379 -0.862658 -0.929326 -0.866615  0.751858  0.820568 -0.954573
point 11 82 623.766 167.184   0.969668 -0.0722942  -0.276032   -0.23665   0.821679    0.82878  -0.770351   0.760239   0.708512  -0.627003
point 12 92 269.727 205.193  0.207836  0.726816 0.0244026  0.907236  0.319912  0.251683  0.936084  0.612837 -0.225066 0.0656943
point 13 109 336.317 229.333  -0.503079   0.838281  -0.875381  -0.368975    0.51745 -0.0901627   0.747441    0.60551 -0.0154572   0.268285
point 14 110 421.115 182.829  0.864809  0.911368 -0.583753 -0.302778 0.0345695 -0.676366 -0.611506  0.617544  0.767105  0.195644
point 15 113 444.586 217.851 -0.0572149  -0.538735   0.582262  -0.875002   0.567308  -0.390909  -0.875288    0.60176  -0.265353 -0.0647836
point 16 114 36.9534 166.836  0.554992 -0.851153  0.961651   -0.4959  0.199491 0.0336006 -0.366013  0.423698 0.0725594  0.219625
point 17 116 168.236 13.7153   0.85977  0.541894  0.367023 -0.406442  0.607548 -0.111441  -0.31793    0.6045  0.330938  0.833063
point 18 119 543.557 134.974  -0.44219 -0.434177  0.817456 -0.366286  0.750752  0.448155  0.917985  -0.44579   -0.7829  0.372568
point 19 120  609.99 172.621  -1.00634  0.151228   0.66035 -0.549255  0.615852   0.54183 -0.671643  0.273486 -0.873303  0.347423
point 20 123 325.524 121.392  0.173746 -0.768222 -0.196862  0.307481  0.893197  0.700136  0.240475 -0.209051  0.362645 -0.583416
point 21 129 24.7813 134.316  -0.544142   0.791577   0.924035   -0.65678   0.238132  -0.678846   0.929319 -0.0881474  -0.987455  -0.081606
point 22 132 425.972 209.227  0.259926 -0.925063 -0.958856 -0.125253 -0.782854  0.861852 -0.849755  0.275316  0.897066  0.730349
point 23 140 560.153 194.855  -0.503806 -0.0955462   0.679229  0.0709186   0.828643  -0.720446   0.408254   -0.65458  -0.353641   0.863387
point 24 146 70.8632 76.1317   1.02325 -0.480464 -0.658946 0.0821588  -0.63334 -0.127583  0.931727 -0.551742 0.0579278 -0.710833
point 25 148 436.671 174.989 -0.0828067  -0.213436  -0.220428    0.58351  -0.122973  -0.222113  -0.988198   0.208925   0.954895  -0.657047
point 26 159 401.325 213.293  0.178579  -1.03104 -0.859205  -0.19202 0.0203156  0.107898   1.02723 -0.359006 -0.403259 -0.757627
point 27 165 382.612 199.729   0.459054  -0.801308   0.424181    0.55761  -0.744066   0.606214  -0.597216   0.838722   0.354783 -0.0608849
point 28 169 454.123 203.741   -0.58797   0.427342   0.675692  -0.236428 -0.0415417   0.439184   0.292892   0.457066  -0.729933  -0.497473
point 29 170 556.327 237.358  0.152876 -0.367337  0.265982  0.148031   0.77749 -0.233317 -0.910988  0.727031  0.408323  0.727192
point 30 179 491.046 205.133 0.0503043 -0.834697  0.125725  0.791514  0.716318  0.336705 -0.326105 -0.806264 -0.173482  0.826187
point 31 184 352.878 181.595 -0.253136  0.476448 -0.348669 0.0246495   -0.6459 -0.246255 0.0905247 -0.416336 -0.430033  0.360091
point 32 200 323.884 162.457  -0.416226  -0.685958    0.69578   0.359722   0.242518   0.538539 -0.0464504   0.914525     1.0099  -0.140253
point 33 202 514.071 143.342 -0.566678  -0.18087  0.257702  0.317852 0.0876627  0.769119  0.604925 -0.192293  0.149102 -0.174752
point 34 216 284.724 196.694 -0.666597  -0.97239  0.867415 -0.806802 -0.559501 -0.845729 -0.354611 -0.208065 0.0129082  0.859324
point 35 245 301.603 200.672 -0.617581 -0.388118  0.438494  -0.70643  -0.51489  0.358019  0.896885 -0.690874  0.232764  0.767875
point 36 262 289.391 182.015 0.0296729  0.309475 -0.265636 -0.531764  0.943452  0.924152 -0.886429 -0.315137  0.423973 -0.370758
point 37 277 166.308 45.5094 -0.544409 -0.873155  0.306014  -0.77856 -0.943513  0.155919  0.133677  0.554398  0.364371 -0.910983
point 38 280 537.072 228.982 -0.236544  0.150754  0.588651  -0.18065 -0.275483 -0.414266  0.792879  0.850709  -0.12125  0.733863
point 39 296 469.191 100.804 0.0424332 -0.590287 -0.389421  0.352739 -0.222012  0.622763 -0.713863  0.939874 0.0443325 -0.327987
point 40 301 382.027 204.748  0.154449 -0.467337 -0.950355  0.436713 -0.931497 -0.659337 -0.581146  0.472906  -0.72263 0.0958652
point 41 309 93.4061 189.869 -0.558213  0.944526 -0.980817  0.774485 -0.215196  0.146977  0.711645  0.570873 -0.173229  0.447991
point 42 313 534.156 81.8352   0.116961   0.375119    0.13193   0.130741   0.511214   0.689922  -0.429639  -0.562225 -0.0712622   0.362039
point 43 319 553.194 124.538 -0.950676  0.245044  0.638207 -0.228713 -0.759636  0.171896  0.664928 -0.296984 -0.937706  0.394189
point 44 325 565.878   212.1 -0.198732 -0.296254 -0.575693  0.161963  0.248519  -0.37377 -0.287913  -0.48418 -0.571466  -1.01275
point 45 330 18.1765   231.1 -0.0701252  -0.620138   0.198684  -0.645659  -0.238821   -1.04393    0.81857   0.970028   0.289075   0.492069
point 46 334 198.304 202.092 -0.356513 -0.354645  0.910107 -0.718888  0.214204 -0.386124  0.183377 -0.861216    1.0209 -0.100486
point 47 350 107.284 151.036 -0.768843   -0.8961  0.960047  0.149012  0.460308  0.805425 -0.746597  0.733565 0.0784604  0.661107
point 48 352 292.357 215.802  0.596725  0.391629  0.367716 -0.783802  0.555531  0.723337 -0.678644  0.531222 -0.153649  0.783754
point 49 353 537.936 184.632   -0.49963  -0.222437   0.981521  -0.346738  -0.261816   0.352323 -0.0873063  -0.520782  -0.457037  0.0895052
point 50 364 304.695 198.921  0.122482   0.76736  0.688286 -0.573176  0.907675 -0.539132 -0.604588 -0.862819  0.137569  0.012175
point 51 367 432.106 160.328   -0.670272   -0.870414    0.904407   -0.416754    -0.45015    0.726461   -0.319186 -0.00977113   -0.591278   -0.736752
point 52 396 572.128 162.786  0.285377 -0.779837  0.876382  0.715442    -0.439 -0.319999 -0.801566 -0.425716  0.363805  0.628841
point 53 398 478.983 214.264  -0.82966  0.856188 -0.619103  0.391893  -1.00535  0.570806  0.676578  0.867845  0.254893 -0.730885
point 54 425 337.816 239.935  -0.47933 -0.351193  0.335319 -0.456793 -0.570068 -0.610436 -0.116538 -0.975597  0.920842  0.876977
point 55 448 531.158 203.613   0.81405 -0.419387  -0.78063 -0.620408 -0.329536   0.75278  -0.40514 -0.707046  0.599699 -0.345185
point 56 469 493.152 117.601  -0.131195  -0.816064   0.915962   0.907761 -0.0830561  -0.475941  -0.810811   0.767182   0.219525  -0.906622
point 57 470 137.506  233.71   0.453534 -0.0294275  -0.645958   0.919543  -0.306425   0.891106  -0.375596    0.15948   0.430138   0.763578
point 58 472  243.13 195.475  -0.847228 -0.0359822   0.611903  -0.206776   0.925643  0.0642352   0.713762  -0.735232 0.00778835  -0.580652
point 59 475 203.243  203.47   -1.02721  0.0510694  0.0372845   0.557371  -0.354822   -0.36758 -0.0762002 -0.0287666  -0.688782  -0.282142
point 60 503 215.497 207.105   0.335124 -0.0978249    0.69407  -0.950571  -0.189309   0.211751   -0.27234   0.599084    0.93143  -0.976463
point 61 519   437.3 135.174  0.388465  0.484598   0.51721   0.17786  0.721231   -0.8116 -0.925489  0.851178 -0.305943  0.423501
point 62 529 224.311 153.828  0.494096 -0.344358 0.0312995 -0.332741  0.630015 -0.154889 -0.843056  0.837561 -0.157442 -0.388703
point 63 541 293.811 234.374  0.353737 -0.810351  0.882379 -0.274037 -0.645452  0.656923  0.789701 -0.644194  -1.00613  0.276925
point 64 545 71.5963 197.556  0.848239  0.547397 -0.822636 -0.255562 -0.763547 -0.206927 0.0521207   0.85518 -0.526614 -0.652765
point 65 559 127.561  207.54 -0.491646  0.980487   1.00702 -0.634728 -0.155967  0.782216  0.585276  -0.67999 -0.540186  0.840668
point 66 568 278.347 202.826 -0.945257 -0.676214  0.928866 -0.640387  0.428998  0.536542 -0.944816 -0.821209 -0.740049  0.179565
point 67 573 486.254 144.647   0.865267  -0.220222   0.261542  -0.423094  -0.234402 0.00478634  -0.708464  -0.950859  -0.306252   0.615224
point 68 574 7.58774  177.62   0.86051   0.29254 -0.674482 -0.216068 -0.474676 -0.710686  -0.56344  0.873746 -0.290062  0.197537
point 69 577 184.166 232.003  0.294654 -0.966631   0.56136  0.662324 -0.811717 -0.436301  0.789711  0.737863 -0.490762  0.530318
point 70 600 96.1272 205.374  0.936264  0.404457  0.699903  0.556309  0.957373  -0.46299  0.186053  0.456985  -0.34801 -0.787853
point 71 607 267.215 238.055  0.899357    0.3396 -0.270952  0.141218 -0.387322 -0.374749  -0.42679  0.221823  0.922441   0.73386
point 72 617 347.272 166.024 0.00122043    -0.8285   0.283412   0.186398  -0.534169  -0.904214  -0.196316   0.274995  -0.795316  -0.598983
point 73 648 59.3093  217.56  0.0917856   0.414206  -0.780675  -0.989104  -0.732302 -0.0945437   0.717304   -1.01313  -0.277096   0.055409
point 74 655 447.037 226.399 -0.070252  0.700249  0.472406 -0.560205  -0.59157 -0.491747 -0.949812 -0.667058 -0.851398  0.879124
point 75 661 352.358 162.863   0.32921 -0.516778  0.398246   0.41185  0.111042  0.168486 -0.921373 -0.787551  0.276224  0.373247
point 76 667 446.092 186.077 -0.911564 -0.626969  -0.24051 -0.545462  0.724345 -0.761186 -0.532319  0.677002  0.529121   0.43448
point 77 679 96.6094  210.66  0.980783 -0.278351  0.169433   0.66069  0.897474 -0.401107 -0.368153 -0.364464  0.870692  0.896257
point 78 691 282.059 201.153  0.573587  0.962138  0.209749 -0.216062 -0.876093  0.132906  0.307555 -0.429785 -0.881557 0.0347615
point 79 695 295.568 190.305   0.716495  -0.190981   0.390123  -0.398965   0.470281 -0.0727599   0.874874  0.0673834   0.487508   0.790946
point 80 706 8.15895 192.555   0.99044  0.661737 0.0823799  0.742374 -0.895408  0.703433 -0.163985  0.506185 -0.514518  0.365796
point 81 720 156.531 166.147   0.36568  -0.57031  0.422024  0.391326 -0.794992  -1.02797 -0.571893   -0.8508  0.510231 -0.740016
point 82 748 32.7368 209.742 -0.968822  0.118899 -0.437029 -0.887724 -0.531581  0.152726 -0.218673  0.972862   0.69286 -0.397294
point 83 752   357.8 165.535  0.851971  0.816332 -0.558873 -0.210921 -0.157127  0.115234  0.363186 -0.683253 -0.645126 -0.426583
point 84 755 34.2213 235.473  0.0740126   0.143967 -0.0722694   0.786639   0.425652  -0.459892   0.291364  -0.372204  -0.419694   0.590198
point 85 767 17.4221 237.315 -0.0110452  0.0204563  -0.129943  -0.703379    0.35451  -0.149109   0.147704 -0.0411293   0.355447   0.753917
point 86 769 122.607 169.809 -0.931621  0.735925  -0.60969 -0.292467 -0.350238   0.38843   0.74942  0.593436  0.690889  0.180434
point 87 776 300.069 130.665  0.940173  -0.15657 -0.195704 -0.560017  0.666628 -0.867506  0.432494 -0.389344   0.79503 -0.770765
point 88 777 440.884 185.919  -0.595422   0.628813  -0.281401  -0.480982   0.631479  -0.306972  -0.302715   0.573391 0.00315959  0.0671067
point 89 783 10.3275 206.402  0.973688 -0.447386  0.482892  0.909256   0.86497 -0.634971 -0.915887 -0.394655  0.197101  0.131028
point 90 794 337.583 201.942  -0.379485   0.476245  -0.292375  -0.691645 -0.0027162   0.630377   0.458493  -0.533878   0.108472    0.52319
point 91 797 359.843 161.118  -0.705457  -0.635145   0.681368  0.0439993  -0.241559  -0.512807 -0.0832895   0.558173 -0.0965422  -0.342098
point 92 804 540.363 212.367 -0.844523 -0.767873 -0.700504 -0.619721  0.576964   0.65682 -0.142558  0.481413 -0.522302  0.110605
point 93 815 552.677 42.1151 0.0944593 -0.190401  0.932477 -0.330555  0.740624  0.586009 -0.379849 -0.645911  0.778615  0.893976
point 94 819 154.348 124.376   -0.487145    0.372012   -0.747228    0.718784    0.921434 -0.00469791    0.237473    0.774545   -0.443699  -0.0778008
point 95 836 47.6953 208.322  -0.698407   -0.68788  -0.172306 -0.0206993    0.56286   0.277331  -0.360667   0.690068   0.191247   -1.01722
point 96 837  596.91 126.267 -0.0651972  -0.216401  -0.462188  -0.299538  -0.751753   0.203927  -0.489164   -0.38567  -0.783753  -0.451679
point 97 841 325.906 156.735  0.106988  0.958345 -0.905603   0.91731 -0.420312  0.127227 -0.339369 -0.243398  0.227196  0.479932
point 98 843 392.879 158.376  -0.400135  -0.202198 -0.0780036     0.4477   0.126466  -0.985096   0.412456   0.239124   0.991189   0.954725
point 99 844 47.1867 224.053   0.579045  -0.839785  -0.319361   0.711688 -0.0799007  -0.727623  -0.059202  -0.840995  -0.908559    0.92854
point 100 846 560.125  233.02    0.42424   0.251763   0.406808  -0.850986  -0.916458 -0.0402858  -0.707165  -0.252924  -0.346403   0.268052
point 101 861 89.2283 133.828  0.0576152   0.658616   0.789527 -0.0948155  -0.458618   0.287837   0.105276   0.222873 -0.0608856    -0.4475
point 102 862 251.799  188.91 -0.867085 -0.364674 -0.760251 -0.188364   0.56792  -0.49682 -0.102586  0.374943 -0.992066  0.057798
point 103 863 160.861 165.635     -0.2773    0.293909  -0.0873279    0.446386 -0.00411625    0.967646   0.0663995   -0.241018  -0.0928255    0.541685
point 104 866 627.012 175.159  -0.553316 -0.0549108   0.781173  -0.602034   0.694983  -0.237918  -0.166228   0.420485   -0.44986    0.93244
point 105 867 496.402 209.366     0.991984    0.0982228      0.12314     0.602705    -0.478329 -0.000394474    -0.789922    -0.370689     0.650569   -0.0750702
point 106 871 44.0309  208.22  0.251793 -0.772667 -0.683694  0.160328   0.13141  0.734454 -0.156549  0.401512 -0.775908   0.94843
point 107 876 318.091 163.743  0.475074  -0.68688   0.94175 -0.209848 0.0707759 -0.951473 -0.998324  0.300638  0.891773  0.306078
point 108 880 329.577 201.252 -0.584799 -0.468718 -0.223908  0.664137  0.560696  -0.26801 -0.330764  0.615978  0.843759  0.595464
point 109 886 546.772 178.997 -0.408551 -0.885521 -0.447346 0.0671735  0.375762  0.951172  0.867224  0.913619 -0.678768 -0.887614
point 110 888 147.931  146.66 -0.634265   0.77858   0.44279  0.557013   0.39082 -0.938058  0.691352  0.935684  0.125458 -0.017817
point 111 894 143.786 197.003  -0.280942  -0.525479 -0.0434962   0.699797  -0.627707  -0.672166   0.823949   -0.39315  -0.987387  -0.910856
point 112 908 289.383 147.507  -1.02889  -0.92765  0.925157 -0.674132 -0.743085   0.95766  0.631648 -0.829009 -0.606718  0.289532
point 113 911 602.367 194.976  -1.00636 -0.336258 -0.750447  0.716034 -0.894346 -0.110944  -0.96756 -0.158395  0.524067   0.12176
point 114 920 584.994 209.414 -0.899021  0.649523 -0.321426 -0.331582 -0.459384 -0.203265  0.808323 -0.846929  0.977887 -0.508644
point 115 927 404.162 197.656 -0.0167015   0.853201   0.551617   0.424227  -0.927105   0.359559 -0.0593875  -0.428491   0.747012   0.891158
point 116 928  540.45 196.205 -0.122204  0.921969 -0.856474 -0.882878 -0.281406 -0.526402 -0.648875 -0.410235 -0.467318    0.3385
point 117 936 220.324 61.5401 0.0750171 -0.366276 -0.389669 -0.336565 -0.453983  0.967401  0.111196 -0.770628 0.0953632 0.0740392
point 118 939  608.87 199.706 -0.395058 -0.777857  0.552246  0.846036  0.161116 -0.929466 -0.735663  0.645903  0.131523  0.737572
point 119 942 348.893 217.482 -0.788716 -0.331803  0.666945 -0.489257  0.277834 -0.233036 -0.697477 -0.914181  0.956511  0.471002
point 120 944 295.908 192.045   0.558715  -0.539887  -0.243747   -0.55781   0.696953 -0.0526418   0.125442    0.29832   0.458194  -0.598456
point 121 952 78.224 201.77  0.740007 0.0423607 -0.491373 -0.243315  0.655183 -0.282328  0.407239 -0.706222 -0.402827  0.734873
point 122 958 258.786 163.065 -0.425991  -0.88163 -0.765793 -0.190901 0.0125804 -0.307032 -0.240269 -0.233291  0.470359 -0.933549
point 123 962 209.423 198.901  -0.210161  -0.274415   0.869372  -0.801332  -0.770673 -0.0113476  -0.465964  -0.519079 -0.0924057  -0.169407
point 124 963 529.309 188.199 -0.0506668  -0.800549   -0.39007   0.392122  -0.912885   0.295914   0.926522  -0.927229   -0.17717   0.497481
point 125 965 207.338 106.934   0.947425   0.598613   0.500018 -0.0327767 -0.0177734  -0.519673   0.142815   0.599107   0.948925   0.227242
point 126 971 542.179 183.961    0.68636 -0.0339171   0.310269  -0.651945   0.992529 -0.0597403   0.384789   0.943451   0.742586  -0.201677
point 127 974 226.115 235.084 -0.489291   0.73473 -0.754476 -0.869922  0.504081 -0.431014 -0.418279  0.507297  0.497379 -0.447638
point 128 978 276.793 219.129   0.85718  0.651935  0.293766  0.963126 -0.854922  0.425916  0.171482  0.456461 -0.622718  0.401847
point 129 989 462.897 238.101  -0.710062    0.32351   0.526697  -0.635197 -0.0665913  -0.563153   -0.11904   0.506839   0.554757  -0.458447

