seq: 297
gt_pose:  4.42648 -5.16493 -2.92522
odom_pose:  2.27135 -5.90206 -3.10203
point 0 5 539.764  172.48 -0.00466411    0.330438   0.0775331   -0.950908   -0.155955    0.830129    0.823597    0.394243   -0.413857    0.524679
point 1 11 300.906 193.043  0.551782  0.508515  0.354324  0.949295  0.267334  0.525938 -0.839366 -0.736727 0.0193405 -0.891588
point 2 23 431.723 141.103   0.846806   0.766718 -0.0291413   0.168338  -0.654722  -0.406302   0.741537 -0.0375736 -0.0542814   0.649147
point 3 24 407.088 182.366   0.370404    0.49376  -0.725631   0.172585 -0.0559662    0.69129    0.43133  -0.672417  -0.538708 -0.0525671
point 4 26  396.56 109.473 -0.886132 -0.760757  0.338003 -0.312828 -0.435429 -0.355223 -0.801259  -0.13364  0.894463  0.212505
point 5 48 363.433 119.663  -0.298665   -0.97886   0.861509   0.241077   0.510304   0.758283   0.900644  -0.622559 -0.0925191 -0.0220653
point 6 66 300.093 160.479 -0.748377 -0.260443  0.183535  0.255646  0.380611 0.0791699  -0.14292  0.657609  0.176868  0.854312
point 7 72 469.88 217.16 -0.785489 -0.308288  0.723637  0.221928 -0.841387  0.634367  0.538171 -0.185741 -0.281913 -0.197316
point 8 78 585.309 203.082 -0.886995 -0.763214  0.585909  0.734222   1.00966 0.0286532 -0.421354 -0.619258 -0.314064 -0.150415
point 9 92  551.41 206.184  0.146035  0.701881 0.0148659  0.957751  0.286364  0.304124  0.934417  0.570106  -0.24281 0.0670327
point 10 102 229.141 145.851  -0.291794  -0.734593  -0.325549  -0.818794  -0.488929   0.803219   0.855544   0.322906 -0.0314919  -0.313317
point 11 107 0.207225  137.369 -0.274404 0.0920617 -0.915087 -0.963524  0.530818  0.545085 -0.922974  0.120753 -0.310386 -0.119336
point 12 116 492.902  223.24  0.856812    0.5414  0.402458 -0.449403  0.603997 -0.156411 -0.380933  0.603158  0.326251   0.80433
point 13 123 631.131 113.187  0.177422 -0.860473 -0.254165  0.351396   0.82829     0.719  0.215643 -0.258966  0.334158 -0.592699
point 14 138 496.985 220.596 -0.397185  -0.75668 -0.409522 -0.583074 -0.504829  0.104354  0.573542 -0.759568  0.201185 -0.070939
point 15 143 178.867 170.773   0.705497   0.874215    0.43738   0.864527  -0.988703  -0.890974 -0.0269797  -0.314374  0.0613307   0.831908
point 16 146  426.06 178.789  0.955436  -0.49101 -0.671272  0.123381 -0.684567 -0.110554  0.913593 -0.507478 0.0409994 -0.747208
point 17 166 588.455  208.75   -0.6596  0.338831   -0.5902 -0.449963 -0.712336  0.307633 -0.687245  0.157151    0.1897 -0.628115
point 18 182 103.712 216.658 -0.892075 -0.944902 -0.742134  0.841207 -0.724843 0.0629676   -0.6557 -0.485888  0.329202  0.475778
point 19 184 633.056 190.287  -0.236311   0.458706   -0.40248 0.00343761  -0.594021  -0.269249  0.0565655  -0.346108  -0.443855    0.31486
point 20 187 166.377 109.627  0.773717  0.526806    0.6701 -0.224447  0.420028 -0.234446  0.182069  0.975685 -0.910614  0.894812
point 21 200 636.305 152.424  -0.439914  -0.764245   0.685334    0.33122   0.213771   0.558653 -0.0520308    0.91754   0.993666 -0.0628246
point 22 216 574.917 194.777  -0.689821  -0.966209   0.898366  -0.783837  -0.574531  -0.862899  -0.354639  -0.257055 -0.0340331   0.845473
point 23 220 204.507 180.181  -0.792071  -0.560217  -0.955878  0.0696053   0.487802   -0.11786   -0.18404   0.556764  -0.368832 -0.0286717
point 24 234 360.505 158.084 0.0566823 -0.206705  0.698055 -0.286964  0.812113  -0.48517  0.311643  0.195686  0.274288  0.465312
point 25 236  224.26 196.524   0.14779  0.513942    0.5517  0.624303  0.524289 -0.413795 -0.497741  0.125714  0.307862 -0.668051
point 26 242 410.036 146.617 -0.788943 -0.012412  0.141619  0.408988 -0.386299  0.618944  0.863758 -0.782875  0.396888  0.615209
point 27 245 612.842 192.292 -0.571318 -0.437423  0.442506 -0.670349 -0.452367  0.359517   0.91326  -0.68001  0.198901  0.799214
point 28 262 582.457 178.378 0.0213786  0.359712 -0.282471 -0.601613  0.981748  0.987651  -0.94745 -0.359108  0.436731 -0.422765
point 29 277  467.81 160.276 -0.533387 -0.857532   0.27609 -0.804075 -0.952175  0.221995  0.177171  0.502573  0.375625 -0.936994
point 30 299 175.921 121.929  -0.637461 -0.0701388   0.408588   0.933278  -0.292258 -0.0574441  -0.148679  -0.490181   0.686753    0.93579
point 31 323 280.161 190.469 -0.732172  0.602131  0.343534  0.730401  0.272279  -0.55146 -0.900836 -0.699979 -0.553424 -0.961828
point 32 326 357.464 183.761  0.485221 -0.512783  0.542462  0.204683 -0.976131 -0.313987 -0.452823 -0.688238  0.204222 -0.819162
point 33 334 476.675 216.186 -0.385542 -0.409815  0.944074 -0.727833  0.248384 -0.368964  0.112395 -0.884536  0.933683 -0.138284
point 34 352 594.489  211.92   0.531393    0.35846    0.43841  -0.780905   0.597274   0.646249  -0.616024   0.567743 -0.0844656   0.859397
point 35 359 466.459  134.06  -0.096544  -0.207645   0.631138  -0.549645   0.665775 0.00819648   0.186206   0.164058  -0.552881  -0.245458
point 36 364 586.321 203.199   0.122505   0.785037   0.649561  -0.653743    0.93449  -0.471009  -0.565042  -0.845292   0.148325 0.00165547
point 37 382 444.101  186.31 -0.725593  0.831877  0.923984 -0.973295  0.106066  0.589999  0.530358  -0.17201  0.248026 -0.186784
point 38 429 104.224 61.1584  0.502363   0.42251  -0.70181 -0.540317  0.538246 -0.957777 -0.604182 -0.191247 -0.328107  0.340387
point 39 470 460.324 237.835  0.449746 -0.067874 -0.629287  0.838975 -0.296331  0.934473 -0.360576  0.165846  0.450319  0.801272
point 40 472 514.899   205.6  -0.850612 -0.0948235   0.607137  -0.274401   0.897149  0.0677012   0.747336  -0.679152 -0.0488303  -0.614355
point 41 475 485.687 223.731  -0.939512  0.0576449  0.0183397   0.546043   -0.34961   -0.35371 -0.0847494 -0.0239271  -0.674142  -0.287573
point 42 484 336.329  110.59  0.823654  0.677914   1.03406 -0.754384 -0.633359  0.507403   0.64424   0.60547 -0.291838 -0.728555
point 43 492 433.426 150.743  0.479454  0.525931 -0.709653 -0.414032 -0.473765  0.654534 -0.477102  0.811671 -0.805107 -0.601125
point 44 493 246.592 227.469   0.496952  -0.445019   0.870671  -0.457798   0.160418  -0.933871  -0.579478   0.806611   0.583687 -0.0683827
point 45 508 449.794 147.616   0.672281   0.585147  -0.246172 -0.0901318  -0.726082   0.869383  -0.835165   0.194996  -0.769622  -0.809408
point 46 514 579.352 194.811  0.450588 -0.792456 -0.844774 -0.453773 -0.978261 -0.515226   0.60839  0.859195  0.189367  0.156895
point 47 525 204.847 237.586  -0.640036 -0.0508959   0.279151   0.113115  -0.238338  -0.243429  -0.409692  -0.705105   0.744278    -0.4738
point 48 529 497.141 190.361    0.4206 -0.419501 0.0793776 -0.339729   0.70685 -0.128445 -0.819364  0.782324 -0.133873  -0.42486
point 49 541 601.118 233.172  0.367993 -0.787511  0.851899 -0.313624 -0.669202  0.699125  0.804341 -0.569095 -0.974442  0.283326
point 50 560 356.577 183.706   1.00566  0.489682  0.575395  0.821002  0.271545  0.449799 -0.730955 0.0548142 -0.482591  0.392879
point 51 565 327.575 237.906   -0.889426    0.919263    0.460733    0.251233   -0.514637   -0.563924    0.849907    0.821082 -0.00979079    0.564599
point 52 566 209.799 234.484  0.574047  0.703431 -0.219903 -0.307489 0.0651726  0.171637  0.600474 -0.610836  0.678138 -0.571384
point 53 568 551.826 209.573  -0.95175 -0.646946   1.02209 -0.668772  0.363855  0.515376 -0.922525 -0.800153 -0.708333  0.113968
point 54 584 136.728 184.558  0.124632 0.0725498 -0.585743 -0.965502  0.505362  0.356274   -0.7907   0.96514  0.389516  0.393252
point 55 597  402.85 161.749 -0.709503   0.71377  0.807093 -0.145583 -0.292873  0.514838  0.871915  0.918804  0.495934 -0.349595
point 56 602 164.926 142.266 -0.881472  0.736601 -0.270534 -0.154155   0.21436 -0.336694 -0.709503 -0.120105  -0.79049 -0.744774
point 57 607 550.692 238.023   0.81573  0.406673 -0.327786  0.136127 -0.410463   -0.4083 -0.448529  0.211389  0.910936  0.723977
point 58 610 588.303 165.147 -0.183631 -0.192609   0.74905    0.6859   0.46529  0.437493    0.6813 -0.618762  0.209895 -0.422708
point 59 615 169.144 168.446 -0.184867  0.678967 -0.171032 -0.904773  0.580558 -0.451099 -0.945851  0.565054 -0.184802  -0.76275
point 60 638 306.274 187.957 -0.292885 -0.909744  0.568816 -0.788067  0.269286  0.360016 -0.143366 -0.434315   0.50038  0.835791
point 61 639 564.231 179.332  -0.821762   0.812388  -0.312651  -0.335477    0.74617   0.669844 -0.0531045  -0.786839  0.0553311  -0.705461
point 62 651 379.586 117.681  0.874802  0.606393 -0.491341  0.279697  -0.59426 -0.954761 -0.931021  0.319015 -0.203841 -0.474015
point 63 659 178.092 205.082  0.710158 -0.353537  0.118917 -0.877865  0.354664 -0.695205  -0.88221  0.251546 -0.293237  0.326623
point 64 665 254.964  180.36   0.554678  -0.944684   0.998659   0.327154 -0.0522958    0.95229   0.762947  -0.229508  -0.188735  -0.455129
point 65 691 572.657 198.763  0.555244  0.956359  0.245347 -0.272699 -0.957694  0.120373  0.305891 -0.449726 -0.901268 0.0199869
point 66 695  560.18 204.593   0.696703   -0.24462   0.364521   -0.44471   0.411121 -0.0473633   0.920874  0.0297877   0.487145   0.824864
point 67 707 9.55178 175.453   0.807105   0.712413  -0.958926   0.352269  -0.308073 -0.0148552   0.614749   0.613609  -0.458506   0.719472
point 68 722 320.604 136.569    0.50445   -0.61499  -0.288151  -0.756401  -0.860602  -0.927691  -0.351734   0.643168   0.425668 -0.0453131
point 69 724 297.466 171.649 -0.925173  0.902143 -0.203409 -0.460568  0.951345    -0.696 -0.108645 -0.349164 -0.385361 0.0562902
point 70 741 175.844 212.557   -0.10236   0.216114   0.227535  -0.954295  -0.980098   0.225334   0.184317  -0.391187  -0.807359 -0.0650147
point 71 745 209.554  77.687  0.982407 -0.431318  0.124285 -0.655175  0.318511 -0.685184 -0.207026  0.191125  0.598469 -0.588273
point 72 751 355.234 222.678  -0.302362  0.0492005  -0.414867    0.88329  -0.597179 -0.0711255   0.127648  -0.912349   0.254005  -0.384557
point 73 763 295.934 76.9438  0.102055  0.104332 -0.791472 -0.249464 -0.636082  0.831449 -0.147661  0.529076  0.385649  0.103153
point 74 775  52.691 64.7488  -1.00322 -0.853128  0.936812 -0.748925 -0.649655  -0.91483 -0.827553 -0.947991  0.163095  0.249676
point 75 776 586.714 135.485  0.873219 -0.065786 -0.117445 -0.517875  0.706221 -0.877195  0.432778 -0.403892  0.846032 -0.773523
point 76 802 260.349 220.726   0.35467 -0.580819  0.976267  -0.25386 -0.728262  0.459755 -0.221988 -0.250019 -0.560509  -0.41831
point 77 818 186.564   166.3 0.00229162  -0.834512   0.121928  -0.371665  -0.719549  -0.259638   0.397514  -0.598297  -0.829785   -0.40944
point 78 819 465.756 197.871 -0.584533  0.384642 -0.783725  0.805256  0.971688 0.0226134  0.255894   0.78883 -0.411919    -0.124
point 79 833 292.866 172.728  0.050732  0.305625   0.75982 -0.152171 -0.669867 -0.270019 -0.688043 -0.992815  0.839032  0.653548
point 80 841 636.499 147.732  0.168128  0.904017  -0.92197  0.916604 -0.413043 0.0509478 -0.306919 -0.248498  0.226884  0.479372
point 81 855 210.953 55.5586 0.0130789  0.940239  0.115815 -0.101694 -0.869054  0.680959 -0.247444  -0.46335 -0.325698  0.936739
point 82 862 522.702 201.391  -0.78174 -0.339754 -0.715544 -0.259328  0.643409 -0.549862 -0.145834  0.340303  -0.98839  0.101659
point 83 870 188.595 217.018 -0.273615 0.0482451 -0.863032  -0.68222  0.536987   0.81639 -0.060156  0.716445   -0.1946  0.331666
point 84 887 377.637 224.751  0.561858 -0.721035 -0.815291 -0.662609 -0.870324 -0.909108 -0.387337 0.0338634 0.0232595  -0.82129
point 85 908 581.456 142.858  -1.01918 -0.968902  0.966753  -0.67648 -0.739449  0.986452  0.617812 -0.836146 -0.546122  0.299495
point 86 918 494.092 196.947 -0.872095  0.154394  0.610962  0.180989 -0.374608 -0.812422 -0.627638  0.872915 -0.128338 -0.253651
point 87 925 328.501 167.441   0.845727   0.551621  -0.486855  -0.684766 -0.0395149  -0.210464   0.390899  -0.314745   0.398675  -0.223059
point 88 931 346.113 137.643   0.76499  0.737587  0.421773 -0.121854  0.391638  0.579423  0.532312 -0.889729 -0.292308 -0.165345
point 89 936 494.347     139 0.0605799 -0.444986 -0.456481 -0.340864 -0.446749  0.919235 0.0943831  -0.69255  0.140546  0.114856
point 90 944 603.836 182.043   0.542436  -0.458992  -0.283882  -0.598735   0.728413 -0.0839586   0.156126   0.305683   0.503227  -0.612882
point 91 958 537.191 167.063 -0.502983 -0.849983   -0.7616 -0.183401 0.0573699 -0.311307 -0.174082 -0.230782  0.443839 -0.893196
point 92 961 325.839  90.695 -0.363098 -0.512787   1.01035  0.546451  0.555836  0.626972 0.0938153 -0.111191 -0.787351 -0.106764
point 93 965 485.101 164.208  0.911074  0.637346  0.560931 -0.113341 0.0533159 -0.475491 0.0907958  0.643071    0.8767  0.191035
point 94 977 333.035  178.22 -0.500027 -0.046469    0.6818 -0.748563 -0.693749  0.835625  0.696296   1.00256 -0.229735  0.452873
point 95 978 566.798  217.48  0.831292  0.656829  0.295297  0.906396 -0.782589  0.366074  0.147569  0.459622 -0.589072  0.333907

