seq: 334
gt_pose: 0.322606 0.280024  1.95864
odom_pose: -1.21858 0.172923  1.84302
point 0 7 549.282 104.516  -0.0837614    0.836226   -0.155262    0.678939    0.332974    0.825336 -0.00884828   -0.583316    0.873637    0.791356
point 1 15 624.854 162.677   0.733213   0.678478   0.935849   0.446636   0.786145   0.947995    0.36583 -0.0308611  -0.719445   0.656947
point 2 21 547.559 165.558  0.545751 -0.448191 -0.371228 -0.626069  0.926929 -0.958359  0.607549 -0.296212  -0.58177 -0.155269
point 3 27 174.134 196.957 0.00392041  -0.656509   0.776096   0.278262  0.0637823  -0.559753  0.0954444  -0.143078   0.619473  -0.207768
point 4 30 192.388 185.373  -0.730973  -0.900719  -0.923297 -0.0519654   0.567015   0.383423  -0.151473   -0.77443   0.203166   0.123295
point 5 31 450.572  156.96  -0.357158   0.745555 -0.0557549    -0.7066   0.231996  0.0507722   0.276095   0.207697   -0.54258   0.689689
point 6 37 561.272 220.253 -0.960707  -1.01941 -0.380503 -0.479795  0.356842  0.702483 -0.666053 -0.340862  0.376576  0.739238
point 7 39 430.088 156.541  -0.503878   0.850669    0.13037   0.916583 -0.0310651  0.0878994   0.877271   0.592819   0.648388     0.1619
point 8 58   213.5 235.318  0.705553 -0.495198  -0.49653   -0.9029 0.0369054  0.733177  0.222729 0.0584504  0.661519  0.957928
point 9 63 292.853 197.936  0.177441 -0.734149 -0.878281 -0.208529 -0.773124   0.27505 -0.798233  0.735955  0.146623  -0.61353
point 10 68 401.503 239.065  0.163432   0.30529 -0.928786  0.495182  0.160764 -0.679616 -0.696063  -0.59784  0.540731  0.674726
point 11 73 104.469 143.845   0.836367 -0.0901384   0.803009   0.323983 -0.0326046  -0.058036  -0.437301   -0.55517  -0.462786   0.200134
point 12 77  583.51 229.036 0.0682928  -1.01679  -0.46004 -0.621537  0.343745 -0.106251 -0.526782  0.286027 -0.531548 -0.269129
point 13 86 114.955  185.98  0.845355  0.337339  0.783936 -0.491373  0.114687 -0.734414  0.706485 -0.568749 -0.758631 -0.109485
point 14 88 192.278 235.541   -0.220943  0.00248681    0.368798   -0.952001    0.323231    0.215648    0.348075 -0.00882819    0.813414   -0.561409
point 15 93 184.687 191.127  0.776016 0.0261438  0.145866 -0.800523  0.905694 -0.368195  0.108732 -0.958821  0.588542 0.0713603
point 16 103  431.23 223.562   0.469043  0.0534659   0.452767 -0.0757733  -0.284446   0.157502   0.717265  -0.900228   0.383543   -0.55744
point 17 105 154.388   190.6   0.473802  -0.947721   0.479869   0.104676  -0.203941 -0.0146327  -0.873896   -0.71235   0.880055 -0.0512397
point 18 106 612.273 233.948 -0.183052   1.00065  0.105257 -0.167979  0.407458  0.152205 -0.195265 -0.994026   0.49498 -0.157481
point 19 111 195.877 215.699 0.0280264  0.970795 -0.920878 -0.954414 -0.170882 -0.381505  0.922856 0.0879669  0.217757  0.447718
point 20 130 604.926 171.642  0.786517  0.302097 0.0159348  0.995199  0.518966 -0.328295  0.938172  -0.88083 -0.441523 -0.482704
point 21 156 542.493 81.4994  0.284685  0.558891 -0.674831  0.367568 -0.823698   1.00248  0.186171 -0.679843 -0.966109 -0.112535
point 22 157 599.394 237.079 -0.0389699   0.114475   0.661057   0.447518  -0.721101  -0.926328   0.240517      0.652  -0.687098   0.530238
point 23 175 273.741 4.29937 -0.381941  0.547455  0.294622 -0.539461   0.75711  0.710936  0.877169  0.906065   0.54733  0.170114
point 24 176 560.711 77.7237   -0.775785    0.866518   -0.135358 -0.00807344    0.355853   -0.487732   -0.888394    0.226082    0.663432    0.158111
point 25 186 259.412 127.395 -0.356558 -0.444989  0.292874  0.407105  0.858311 -0.883803 -0.111315 -0.493214  0.143734  0.275946
point 26 209 268.87 235.28 -0.245527  0.155289  -0.34674  0.318946 -0.887451 -0.314664  0.623582 -0.878538 -0.336638 -0.632316
point 27 219 38.1421 237.809  0.154861 0.0511745 -0.290888  0.958468  0.100314  0.358088  0.275624  0.191032  -0.50274 -0.604453
point 28 226 382.041 164.031  0.0141878   0.484376   0.509248   0.584098   0.967031   0.466381  -0.982575  -0.870676 -0.0324478   0.482861
point 29 233 254.066 230.588 -0.200402  -0.49646  0.137527  0.279527  0.320774 -0.169078 -0.911553  0.225579 -0.927199  0.324163
point 30 240 541.285 77.1632 -0.508813 -0.613361  0.612141  0.788716  0.781578  0.747906 -0.558517 -0.744207 -0.965948   0.61881
point 31 251 213.091 212.233 -0.00176543   -0.530062    0.201502   -0.833415   -0.387923  -0.0880101   -0.457617    0.274953  -0.0832765     0.36948
point 32 295 13.4296 180.501   0.721293  0.0722317   -0.36114   0.329236  0.0957125  -0.281617   0.100714   0.595768 -0.0897611   0.231822
point 33 303 352.877 150.878   0.195257  -0.844347  -0.580287  -0.934651 -0.0988836   0.573285  -0.459235  -0.079455 -0.0662675   -0.43771
point 34 304 590.132 91.3069  0.534318 -0.571881 -0.390407 -0.378387   1.02437 -0.210043  0.674686  0.545146 -0.549044 -0.472567
point 35 307 226.961 225.379   0.112308   0.900127  -0.200526   0.600652   0.706315   0.833248 -0.0572393  -0.517705  -0.907918   0.458796
point 36 310 581.575 165.089   0.57616  0.227457 -0.660782 -0.776858  0.649084 -0.178406   -0.8331 -0.322808  0.787919 -0.584831
point 37 320 500.195 231.158 -0.0977661   0.623803    0.96253 -0.0335407   0.605888   0.121065  0.0219614  0.0440237   0.209682   0.271373
point 38 321 306.632 190.583    0.167568   -0.747631 -0.00705703   -0.918595    0.940845  -0.0251116    0.333885     0.52013    0.774141    0.620693
point 39 346  317.01 164.937 -0.550567  0.960689  0.011433 -0.751187 -0.159546  0.489116 -0.014471  0.921703  0.773785 -0.210633
point 40 362 116.782 171.781 -0.206539 -0.922008   -0.8299 -0.400694  -0.47806  0.748927  0.150828  0.384605  0.998741  0.828104
point 41 387 303.457 2.40017  0.677427 -0.681887  0.519178  0.989325 -0.748383  -0.17809 0.0795734 -0.955329  0.650101  0.650483
point 42 405 312.589 163.636 -0.142881 -0.998798  0.901838  0.663322 -0.132007 0.0513411   0.36604  0.321947  0.530521  0.772336
point 43 406  309.87 208.398 -0.175212  0.950491 -0.699259 -0.502774 -0.869067  0.274441 -0.442294  0.374546  0.863199  0.378936
point 44 428 142.234 156.449 -0.515068  0.117362   0.56756 -0.864867 -0.251349  0.574042  0.325724 -0.399177 -0.165559  0.133184
point 45 441 128.927  180.69   0.904907   0.264869   0.702226   0.777076   0.729773 -0.0999853  -0.713979  -0.974646  -0.900357   0.635623
point 46 449 622.107 149.515 -0.0169754  -0.363609   0.770555  -0.465457 -0.0767554  -0.553808   0.541534 -0.0573392  -0.344087  -0.239972
point 47 450 435.931 190.218   0.442076    0.22894   0.636476  -0.540763     1.0106   0.468627 0.00759489  -0.801942   0.881326    0.74065
point 48 454 577.984 78.4704  -0.88871  0.969118  0.669473 -0.461531  0.597533  0.758671  0.837744 -0.594687  0.425844  0.319856
point 49 458 470.883 205.995 -0.787422  0.236547 -0.746585  0.353831  0.583977  0.397242  0.810194 0.0823593  0.900758  -0.60443
point 50 486 110.783 213.684 -0.884455  0.575352   1.01954 -0.401096   1.01441  0.859784 -0.725283  0.970734 -0.909557 -0.398139
point 51 487 597.556  174.73 -0.852149  0.966559 -0.753788 -0.866095 0.0345562  0.625043 -0.322278 -0.894168  0.372891 -0.232698
point 52 491 397.781 26.4244 -0.798789  0.818789 -0.364434  0.571728 -0.433344 -0.112827  0.577467 -0.255002 -0.289684  0.689452
point 53 494 115.914 150.679   0.368605 -0.0656232  -0.352107   -1.03539   0.102828  -0.789853   0.554508   0.369509  -0.270722  -0.965707
point 54 495 424.458 69.8857   0.211373   0.659972 -0.0862096   0.443536  -0.490137  -0.671025    1.02216  -0.640885  -0.035187    0.13462
point 55 496 162.971 233.935  -0.938943  -0.727913   0.541983   0.237567   0.859777 -0.0673524   -0.88279  -0.368789  0.0311295   0.216571
point 56 499 312.302 196.382  0.836919 -0.455961  0.345677 -0.650514  0.131681  -0.14132 -0.135215 -0.250364  0.714754  0.255817
point 57 506 459.941 159.663  0.0682219   0.250986 -0.0328626   -0.59952  -0.954095  -0.598702  -0.672976  -0.614509   0.784718    0.53562
point 58 527 131.986 235.563  0.758884  0.423807 -0.888784  0.919579 -0.522867 -0.484292 -0.162056  0.732116  0.612303  0.646049
point 59 539  257.76 158.129  0.889766 0.0758783  -0.96192 -0.697717  0.507468 -0.319039  0.921998 -0.662934  0.255504  0.263753
point 60 544 318.206 208.328 -0.0810193  -0.308187   0.730685  -0.151325  -0.703002   0.978642  -0.961456   0.334311  -0.410381 -0.0588837
point 61 563 65.2986  192.41 -0.060697   -0.4199  0.335371 -0.396164  0.771125  0.480816  0.323883  0.456539 -0.700411  0.328137
point 62 578 439.863 175.541 -0.0236308  -0.239197  -0.267039   0.257587  -0.737881   0.496902  0.0736891  -0.920747  -0.120318   0.132946
point 63 587 61.6144 167.497  0.817211 -0.456636  -0.29044  0.702667  0.207991 -0.262669  0.272489 -0.888927 -0.445249 -0.384956
point 64 591 607.715 114.405   1.02428 -0.606529  0.625267 0.0725056 -0.466993 -0.270879  0.907007  0.169811 0.0302654  -0.52891
point 65 596 315.179 192.298  0.0213783  -0.535614   0.498953   0.169048 -0.0135131  -0.422525   0.655615  0.0529072   0.561249   0.902839
point 66 599  377.83 198.912  -0.419644   0.301813   0.699279    0.10243  0.0586326    1.02497  -0.161347 -0.0834145  -0.107406   0.495197
point 67 613 186.838 162.349  0.713106  0.878372   1.03456 -0.680807 -0.743931  0.155366 -0.228756 -0.372905 0.0496111  0.851622
point 68 622 382.827 121.278  -0.447178  -0.979786   0.403864 -0.0987858   -1.00086  0.0528903   0.686974   0.909445  -0.258098   -0.70271
point 69 627 574.202 148.893 0.0213887  0.919701 -0.665664 -0.533241 -0.781835  0.357511 -0.815739 0.0811259  0.263046  0.579061
point 70 628 561.348 214.049 -0.728391 -0.142874  0.173381 -0.412354 -0.209554  0.851589  0.582946 -0.355983  0.451007  0.836593
point 71 631 154.005 228.037   -0.77238  0.0284926  -0.618752 0.00388512   0.392142  -0.119993  -0.231584  0.0328091  0.0254331  -0.258545
point 72 645 117.952 233.154 -0.888204  0.869996 0.0354085  0.268141  0.134105  0.945616  0.354638 -0.407639 -0.375395 -0.211931
point 73 662 208.821 211.154  0.387023 -0.313247 -0.350867 -0.818239 -0.274686  0.892367   0.56442   1.01266 -0.696178  0.760184
point 74 669  402.31 236.088  0.452897  0.670586 -0.732214 -0.502744  0.188843  -0.68792 -0.081428  0.929536 -0.195364 -0.356203
point 75 678 464.505 181.902  -0.81872 -0.876037 -0.329702 -0.371771 0.0574332 -0.980743 -0.961186 -0.133533  0.232545 -0.364028
point 76 683 178.542 175.045   0.291019   0.082417   0.557861  -0.751566   0.760442  -0.683527   0.818913 -0.0759972   0.725506  -0.959733
point 77 689  132.89 112.139  0.845618 -0.448731 -0.507326 -0.012673  0.754903  0.183176  -0.73318 -0.315408  0.879307  0.923539
point 78 694 53.0794 222.745   -0.74344  -0.751804 -0.0388034   -0.44285   0.976304  -0.420477  -0.205002   0.858965   0.740746   0.465265
point 79 704 568.419 196.039 -0.369546  0.107962  0.414266 -0.220124 -0.529783  0.823884  0.590092 -0.968457 -0.465994  0.646908
point 80 725 253.464 203.685 -0.719122 -0.798183 -0.694695 -0.935723  0.298227  0.411961 -0.871694 -0.747011 -0.429567 -0.218492
point 81 726 191.346 141.554  0.938789  0.472803  0.501702 -0.661738  0.251762  0.626479 -0.810807 -0.852446 -0.839616 -0.897052
point 82 732 97.8077 179.713    0.198583    0.714049   -0.947754    -0.31389    0.164146    0.849558   -0.870697 -0.00997554    0.700186    0.653647
point 83 736 63.7362 157.618 -0.0227931   -0.93125  -0.180144   0.129468  -0.333553  -0.207805   0.438098   0.658828  -0.991051   0.965157
point 84 798 225.004 169.981 -0.489022  -0.86246  0.943907  0.528465  0.462653  0.602926  0.689311  0.904919 -0.899035 -0.512859
point 85 800 222.216 170.155   0.569718   -1.00258  -0.556548 -0.0426696   0.840568 -0.0464433  0.0707261   0.791678  -0.447255  -0.447303
point 86 805 309.372 48.1294  0.336519  0.760792  0.546869 -0.220403 -0.894845  0.819082 -0.167374  0.892132 -0.780684  0.183605
point 87 806 479.055 236.528  0.852301 0.0102034 -0.540437  0.132699 -0.733047  -0.30788  0.381043   -0.3355 0.0631063 -0.122151
point 88 832 326.571  186.97  0.687864  0.997324 -0.365049   0.62501  0.752388 -0.555206 -0.722145  0.801476 -0.794356 -0.842946
point 89 847 377.229 212.663 0.0846177  0.512508  0.329098  0.984055  -0.81058 -0.764221 -0.321445 -0.823564 -0.805463   0.17228
point 90 854 329.089 219.874   0.671329   0.115763   0.347768   -0.77353  -0.143287   0.944271 -0.0686938 -0.0912193   0.284795   0.945312
point 91 856 284.387 193.661 -0.0276176   0.656789   0.391719  -0.616006  -0.525545 0.00147609   0.527458   0.888236   0.284468  -0.631599
point 92 858 264.005 138.909    0.515684    0.256059   -0.123133  -0.0937369    0.735011    0.895078   -0.425688    0.119301   -0.731659 -0.00624869
point 93 868 583.817 199.889    0.675649   -0.371864    -0.83321 -0.00687575   -0.699316   -0.450239    0.891935   -0.908874   0.0234082    0.543389
point 94 873 31.3805  137.81  0.345632 -0.501364 -0.981939  0.946396   0.88389  0.366853  -0.83526 -0.759565 -0.522193  0.362369
point 95 877  412.08 193.787  -0.660012   0.852116   0.757175  -0.929916 -0.0829449   -1.02148   0.871951  -0.574307   0.406651   0.422708
point 96 881 460.235 94.6794  0.315691  0.576885   0.46229  0.588921  0.404053 -0.849165  0.183212 -0.794038 -0.439414 -0.606275
point 97 883  234.62 138.178  -0.185518  -0.290612  -0.771844   0.919619   0.239197   0.583497    0.61613  -0.323814   0.180916 -0.0376349
point 98 896 77.2388 213.013    0.411059    -0.54521    0.434943   -0.776225     0.95034   -0.813945   -0.425713  -0.0947354    0.912678 -0.00664516
point 99 900 94.9126 170.769  -0.581483  -0.507971   0.619503   0.530925   0.450819   0.406281   0.923803  -0.255222  -0.519013 -0.0722749
point 100 937 318.961 233.367 -0.463404 -0.594959 -0.545736 0.0881374  0.543607  -0.24076  0.106984 -0.222642 -0.231299  0.494236
point 101 946 150.438 181.032  0.178877  0.873252 -0.424893 -0.744801   0.49336 -0.899238 -0.265666 -0.776814  -0.40887 -0.608953
point 102 967  345.62 132.208    0.24024 -0.0779005   0.420304   0.950171  0.0889597   0.362106   0.595102  -0.396735  -0.736884  -0.412273
point 103 968 486.387 128.947  0.0470553  -0.400016  0.0803838 -0.0661879   0.895886  -0.235719  -0.769791 -0.0672199  -0.607541   -1.01816
point 104 972 452.422 179.159  -0.694005  -0.569174   0.943782 -0.0579993   -1.03296  -0.561815   -0.77105  -0.271107  -0.680758   0.655661
point 105 980 234.842 213.833  0.478134 -0.207009  0.566223 -0.493766  0.565996  0.443499  -0.83156 -0.174338  0.391008 -0.692426
point 106 997 488.882 231.227   0.966277  -0.974857 -0.0293258   0.785741  -0.410673   0.034146   0.614986  -0.840921  -0.287438   0.595822

