seq: 133
gt_pose: -7.21405 -0.41019  1.97883
odom_pose: -6.33636 -1.78346  2.15773
point 0 4 478.847  137.96  -0.339499  -0.834495    -0.9818 -0.0882479  -0.903495  -0.539894     0.9698   0.756377   0.674081  -0.480574
point 1 67 467.932 221.259 -0.198037 -0.779056  0.593631 -0.223374  0.506538  0.883967  0.707886  0.709639  0.394493  0.319222
point 2 86 464.443 136.006   0.843371    0.30839   0.702108  -0.409244   0.127889  -0.703855      0.657  -0.513478  -0.793774 -0.0737189
point 3 100 511.301 178.872   0.148455   0.594669  -0.168816   0.246688 -0.0638871   0.809235  -0.393367  -0.910961  -0.654535   0.498355
point 4 105 621.281 134.252   0.427897  -0.977038   0.509705  0.0558676  -0.243281 0.00408853  -0.783808  -0.703037   0.894556  -0.118229
point 5 125 431.324 203.434  -0.115914   0.949573  -0.669764    0.76652   0.874297   0.471667   0.884889  -0.312422 -0.0810644   0.768022
point 6 144 258.411 86.7385  -0.47401 -0.176819 -0.794177 -0.716544 -0.666184  0.581912 0.0645007  0.402339 -0.682004  -0.77512
point 7 150 483.18 175.15  -0.904398  -0.500348   0.674033   0.340312  -0.566007  -0.415285  -0.930938     0.2317  -0.894224 -0.0156254
point 8 171 314.416 187.165  -0.132122    0.66612 0.00277889  -0.983996   0.169849     0.3424    0.49303  -0.178169  -0.845956  -0.600579
point 9 172 429.251 163.197  -0.328436   0.907599   0.431565    1.01135 -0.0588051  -0.476946  -0.346318  -0.751778   0.650421  -0.602382
point 10 178 337.212 214.099  0.696933 -0.390176  0.766401 -0.133349  0.891998   1.02372 -0.351182 -0.273422 -0.023786 -0.947782
point 11 208 600.245 200.348   -0.89658  -0.262826  -0.885236 -0.0900678  -0.221256   0.818283   0.964711  -0.651396   0.762011  -0.817636
point 12 210 413.959 157.245 -0.296745  0.638579  -0.40847 -0.717792 -0.826466 -0.321811   0.03751 -0.750812  0.560591  0.703328
point 13 219 322.957 235.803   0.14807  0.048535 -0.257126   0.89078 0.0965905  0.322195  0.279192  0.141109 -0.430581 -0.537966
point 14 235 224.099  194.91 -0.845042 -0.961749  0.971066  0.488293 0.0871377 -0.186096  0.962017  -0.77747 -0.873854  0.364995
point 15 238 278.203 206.482 -0.866718 -0.368552 -0.525521 -0.710242  0.163482  0.687971  0.834478 -0.362053  0.351373  0.316522
point 16 249 238.182 110.365   0.687794  -0.697516  -0.311614   0.957182  -0.189658  -0.705133   0.539115  -0.762135 0.00832347  -0.466915
point 17 254 393.435 218.746   0.19527 -0.231548 -0.144102  0.561414 -0.659579  0.365214 -0.424451  -0.95749 -0.773085  -0.48306
point 18 260 425.813 199.584  0.254687  0.592978 -0.290328  0.446208 -0.425801  0.599016 -0.047633 -0.143284 -0.157751   0.21237
point 19 274 315.535 235.107  0.887501  -0.64552 0.0925618   0.59299 -0.562645 -0.330223 -0.866783 -0.553598   0.49173    0.4289
point 20 281 532.715 221.832 -0.872133   0.37791 -0.191282 0.0302053   0.53096  0.359671  0.703803 -0.148516 -0.494097 -0.474302
point 21 283 461.963 230.286  0.316285  0.283218  0.625475 -0.220934 -0.844474  0.841088 -0.866251 -0.109836 -0.188261  0.715207
point 22 295 273.282 127.229  0.687853  0.069203 -0.297163  0.395516 0.0943496 -0.318497 0.0585133  0.578496 -0.123206  0.260722
point 23 328 442.176  169.79 -0.201747  0.412917  0.223276  0.237002  0.731494  -0.31691  0.709354  0.275059  0.904359  0.784448
point 24 332 551.394 210.275  -0.309765  -0.141129 -0.0759362   0.348269   0.755468    0.87126   0.761781  0.0080084  -0.741419  -0.497399
point 25 338 449.232 223.647 -0.468875  0.406063 -0.233768 -0.283593 -0.699683   0.27364  0.605948 -0.861832 -0.493699  0.902716
point 26 362 483.134 105.771 -0.217141 -0.952188 -0.786267 -0.428851 -0.399074  0.698977  0.137084  0.404544  0.990761  0.866036
point 27 388 275.721 94.5718 -0.380628 -0.171556  0.804841 -0.462808 -0.832871 -0.262565  0.351927  0.435366 -0.833302  0.329843
point 28 399  540.53 228.565  0.894692  0.121444  0.370984 -0.150488 -0.244383  0.125859  0.578478 -0.661189 -0.680751  0.108759
point 29 424 371.754 211.498 -0.0990444   -0.85324   0.568402   0.341393   0.569638   -0.45721 -0.0871691   0.148503   0.834192  -0.144752
point 30 453 615.807 235.919 -0.398957  0.369878 -0.074664 0.0918171  0.279872 -0.583323 -0.831593 -0.195816  0.593562  0.318266
point 31 467 268.267 122.683 -0.390959 -0.776588 -0.112786 -0.300254  0.874467  0.277788  0.455085 -0.157294 -0.653525 -0.717737
point 32 486 609.476 178.079  -0.88135  0.549891   1.02341 -0.421372   1.03157  0.813806 -0.755994  0.985213 -0.963092 -0.381408
point 33 489 321.346 215.234 -0.796725  0.985155 -0.811584  0.869367 -0.842243 -0.635404   0.89891 -0.574136 -0.555171 -0.086365
point 34 490 201.895 239.972  0.390219  0.874126  0.335059 -0.534324  0.905972  0.199041  -1.00168 -0.562995 -0.609616  -0.71625
point 35 496 546.668 228.391   -0.947956   -0.692572    0.607458    0.213705    0.909691 -0.00944174   -0.859755   -0.438676  -0.0540486    0.229428
point 36 504 435.807 212.132   0.35185  0.936636 -0.689133  0.386179  0.197509   0.64124 -0.377122 -0.849868  0.107142 -0.482693
point 37 524 598.583 216.513 -0.240867   0.76317  0.271665 0.0320741  0.908105 -0.541532 -0.199432  0.132228  0.283108 -0.730037
point 38 580 13.3987 229.868 -0.397513 -0.378296 -0.906622  0.878762  0.141393 0.0469056 -0.284386  0.890322 -0.696494 -0.016543
point 39 589 287.379 54.5801   0.14372 -0.110009 -0.313276 -0.676642 -0.477232 -0.582071 -0.150987  0.250298 -0.885647 -0.879465
point 40 601  262.89 201.679  0.699782 -0.106607   0.60113 0.0629427  0.515134 -0.806515 -0.751006  0.180072  0.357961  0.386266
point 41 614 610.642 189.718  0.405191  0.682477 -0.607652  -0.67687  0.911673 -0.293544  0.775169   0.16884   0.96986  0.152274
point 42 616 620.488 226.231   0.833497   0.501412   0.506147   0.378378  -0.937633  0.0141831  0.0197065  -0.652515   0.269998 -0.0111004
point 43 625 359.754 178.555 -0.0754566   0.702974   -0.18571   0.953014   0.387515  -0.596644  -0.629006 0.00734774 -0.0812671   0.184023
point 44 636 357.818 232.392   0.809865  -0.267286   0.416764  -0.867416 -0.0199288  -0.298626   0.154473  -0.082119 -0.0458312   0.241011
point 45 643 300.074 203.765 -0.0334386   -1.01002   0.448819   -0.36257   0.414195 0.00788387  -0.671574  -0.874935   0.100203  -0.294161
point 46 645 481.848 226.594 -0.923799  0.809591 0.0750262  0.356436  0.173052   1.02402  0.345879  -0.40743  -0.39063 -0.272241
point 47 647 189.674 144.149  0.933927 -0.418754  0.911241   0.19373  0.467931 -0.946758 0.0212606 -0.540738  0.296464 -0.867645
point 48 649 419.897 227.549  0.548315 -0.108039 -0.110354 -0.345333 -0.518996 -0.140354  0.283025 -0.568467 -0.949695 -0.351826
point 49 653 399.842 220.037 0.0818893  0.621253  0.861896  0.582682  0.768389  0.808938  0.150268 -0.704633  0.042433  0.601122
point 50 654 483.201 235.374 0.0429733  0.694713  0.158523 0.0529118 -0.380472  0.447239   0.82948  -0.93605 -0.346737  0.711953
point 51 656 299.098  156.93  0.0803308 -0.0918668  -0.547966  -0.771453   0.894241   0.512215   0.899393  0.0676787  -0.428377  -0.458015
point 52 670 359.106 165.256  0.736065 -0.309493 -0.955492 0.0600411 -0.160106 -0.501895 -0.132114 0.0919396 0.0481565  0.350665
point 53 680 181.906 118.761 0.0103617  0.007368  -0.95878 -0.311134 -0.175136 -0.753243 -0.229817   0.44689 -0.216763  0.809899
point 54 683   548.4 119.721   0.323196   0.127302   0.537265  -0.798035   0.719784  -0.710709   0.727165 -0.0502829   0.749946   -1.00343
point 55 694 347.362 207.089  -0.686517   -0.72345 0.00513612  -0.429937   0.959663  -0.456993  -0.251619   0.874318   0.687575   0.452698
point 56 705 575.202 238.893 -0.0255776  -0.767773  -0.172736   0.537276  -0.916688  -0.356746   0.851595  -0.579786  -0.369161  -0.439776
point 57 729 516.409 238.597  -0.371332   0.612899   0.473418   0.573332  -0.618659  -0.535627   0.704758   -1.01761 -0.0879635  -0.590134
point 58 732 421.901  125.97   0.175957   0.716642  -0.985376  -0.320822   0.196748   0.805287  -0.922769 -0.0550938   0.690126   0.650481
point 59 757 144.146 148.061  0.355324  0.756337 -0.729029   1.01151 -0.271945  0.384782  0.182182  0.677165  0.166864 -0.382933
point 60 796 82.3604 57.2324   0.621051  -0.909792  -0.606059  -0.508571  -0.214227 -0.0143533   0.938822   0.512917   0.350527 -0.0515141
point 61 816 556.582 168.993   0.56442 -0.230131 -0.818092  0.390412  0.231467 -0.338732 -0.461857  0.980622  0.454075 -0.269035
point 62 896 460.329 182.737  0.400199 -0.506043  0.448149 -0.768957  0.898337   -0.7931 -0.360502 -0.123437   0.86336 -0.035931
point 63 899 612.779 170.946 -0.435553 -0.497333  0.586065 -0.778068 -0.824349 -0.142283 -0.893982 -0.903726 -0.578342  0.279508
point 64 900 399.594 112.531  -0.601671  -0.428709   0.584084   0.492821   0.416345   0.405157    0.86049  -0.275383  -0.513767 -0.0839833
point 65 934 531.103 166.531  0.365252 -0.622873  0.746337  0.194876    -1.015 -0.332389 -0.772559  0.847043  0.545769 0.0987755
point 66 955 474.828 218.147 0.0389454   0.36035 -0.744446 -0.234851    0.4618  0.291842 -0.682839  0.156688  0.727338  0.179628
point 67 960 498.241 191.937 0.0838789 -0.711406 -0.708784  0.942576  -0.61065  -0.16478 -0.903781 -0.495935  0.666088   0.13879
point 68 986 283.315 206.862   -0.345542   -0.283876     -1.0104   -0.545104    -0.16132   -0.439185   -0.361863  -0.0419477 -0.00818147   -0.865733

