seq: 24
gt_pose:  3.7509 1.98513 1.45802
odom_pose: 3.95586  1.7004 1.30745
point 0 15 346.335 173.218  0.706331   0.66508  0.935876  0.481215   0.82715  0.928874  0.364303 0.0117009 -0.626014  0.692996
point 1 37 146.888 210.471 -0.968142 -0.999491 -0.369651 -0.524911  0.279283  0.678668  -0.67067 -0.307582  0.343596  0.727715
point 2 39 73.2299 102.289 -0.580135   0.90288 0.0827745  0.888995 0.0263199  0.073623  0.835392  0.555153  0.601846  0.139731
point 3 53 243.645 168.673  0.744473  0.276781 -0.313294  -0.90687  0.560352  0.580819  0.401902  0.371335  0.849717 -0.373594
point 4 61 370.652 138.571  0.147689  0.493874  0.527071  0.805479 -0.784293  0.533448  0.866763 -0.757134 -0.432334 -0.488551
point 5 71 426.816 144.135  0.140416  0.256665  0.560064  0.538356 -0.437766 -0.826451  0.767994 -0.653766 -0.616123 -0.248883
point 6 76 90.3352 166.785  0.425338 -0.147775 -0.648112  0.631239 -0.706095  0.389149 -0.372871 -0.266647  0.064373 -0.114752
point 7 77 213.644 225.877   0.071766  -0.948505  -0.420913  -0.637636   0.336885 -0.0971887  -0.540013    0.28021  -0.557168  -0.346212
point 8 79 624.667 128.049 -0.270558   -0.7052  -0.12025 -0.753839  0.154426  0.905684  -0.77211  0.749771 -0.660266  0.590535
point 9 82 573.182 36.5839    0.91824 -0.0770607  -0.253965  -0.275489   0.839587   0.845203  -0.793619   0.809098   0.751671  -0.567218
point 10 89 278.128 228.612  0.604536 -0.606738 -0.310599 -0.312177  0.244865 -0.596803 -0.528536  -0.94453 -0.760544 -0.125743
point 11 96 520.127 201.323  0.465152 -0.417952  0.294343 -0.703617 -0.860287  0.575648  0.727279 -0.335733 -0.268533  0.714125
point 12 103  165.09 217.569  0.386603   0.10612  0.482994 -0.125026  -0.28061  0.146367  0.724331 -0.845741  0.394418 -0.565458
point 13 106  303.12 233.925  -0.190796   0.944316  0.0496388  -0.113966   0.470699   0.161716  -0.186355   -1.00215   0.456389 -0.0994921
point 14 130 340.084 180.015  0.743924  0.280813 0.0452216   1.00564  0.455166 -0.249419  0.932166 -0.893557 -0.464324 -0.544503
point 15 134 367.861 109.107 -0.274594  0.115251  0.480362  0.853282  0.737091 -0.368327  0.903281  0.805678  0.625137 -0.794327
point 16 140  448.73 114.503  -0.504347 -0.0967436   0.662445   0.113898   0.784287  -0.742555   0.342248  -0.598173  -0.323129   0.860906
point 17 157 324.402  237.29 -0.0204036    0.17517   0.683142     0.5354  -0.734326   -1.01039   0.291563   0.630419  -0.704574   0.498478
point 18 161 358.876 149.078   0.413167   0.949171 -0.0489559  -0.476445  -0.437381  -0.840314  -0.446892  -0.309508  0.0930331    0.58342
point 19 170 464.903 230.718 0.0857404 -0.376397  0.246772  0.170601  0.820115 -0.166338 -0.870762  0.785641  0.427197  0.701386
point 20 189 19.6944 222.466   0.916682 -0.0350563  -0.974546  -0.886493 -0.0813909    0.89074   0.669898  -0.432916  -0.379079   0.204626
point 21 222 526.657 233.175 -0.617368  0.968615 -0.913555 -0.501763  0.518049 -0.698732 -0.046693  0.473346  0.344788 -0.525935
point 22 229 141.304 194.093  0.933267 0.0321958  0.245113 -0.686076    1.0183  0.112158  0.487729 -0.376313  0.112386 0.0219383
point 23 232 459.429 237.821 -0.0826766  -0.373685   0.415312  -0.352395  -0.906499 -0.0829386   0.877273   0.741796  -0.935525 -0.0324137
point 24 275  167.53 168.262   0.897811 -0.0403973    0.44513  -0.736674 0.00378331  0.0912587  -0.295524    0.45608  -0.611775  -0.133431
point 25 297 509.728 183.964   0.57623 -0.122121   0.83491 -0.323612 0.0897198  0.512481  0.722191  0.836872  -0.18334 -0.152577
point 26 304  120.14 1.85673   0.52888 -0.527479 -0.413814 -0.403198   1.03961 -0.172327  0.698403  0.583546 -0.541026 -0.457678
point 27 310 326.796 171.595   0.59676  0.222514   -0.6208  -0.77864  0.692837 -0.211552 -0.813085 -0.346105  0.779732 -0.667469
point 28 315 237.178 120.381 -0.887312 -0.394216 -0.968307  0.130224 -0.392902  0.154214 -0.578497  0.776189 -0.672312  0.895133
point 29 320 202.637  228.67   -0.117145    0.676937    0.958112   0.0236736     0.63421    0.131883   0.0168916 -0.00393686      0.1589    0.274322
point 30 343 363.453 212.807 -0.00665091   -0.931376   -0.389009   -0.843156   -0.198208   -0.121956    0.325937   -0.898732    0.586205   -0.456843
point 31 344 39.1329 231.584 -0.460691 -0.231869  0.102304 -0.652093  0.850704  0.800645 -0.384897 -0.349205   0.62625 -0.115831
point 32 357 451.286 234.121   0.322904  -0.231411    0.51731   0.407981   0.548787 -0.0777473   0.322624   0.709298   0.416411  -0.220641
point 33 383 526.295 187.982 -0.673718 -0.288831   -1.0039 -0.644224 -0.756794 -0.176241  0.555472  0.502623  0.459937 -0.186767
point 34 393 194.159 221.086  0.563452 0.0588877 -0.307586  0.342157  0.906421 -0.125255  -0.65334  0.106686  0.741118  0.032245
point 35 395 602.844 232.053  -0.717475   0.101456  -0.969793   0.924751   0.912476   0.635651   0.094666  -0.419557 -0.0411583 -0.0248238
point 36 402 85.1916 216.562   0.326928  -0.264179 -0.0466276   0.952968   0.455632  0.0449384  -0.122368   0.441472      1.014  -0.285987
point 37 404 54.6765 166.792 -0.00102163   -0.948947    0.151502   -0.451048   -0.183823   -0.546178    0.342401    0.870707   -0.546978   -0.258787
point 38 426 494.195 189.495  0.954468  0.148595  0.856261  0.334919  0.867565 -0.189901   0.46649  0.382778 -0.910523 0.0359684
point 39 445 464.982 169.067  -0.96027  -0.23848 -0.671404 -0.873596 -0.366783  0.752667 -0.305476  0.113658 -0.478301  0.556718
point 40 447 504.528 163.301  -0.385753  0.0347416  -0.930072  -0.793781   0.256438  -0.813011 -0.0552526   0.526248  -0.658119   0.651205
point 41 449 334.737 158.413 -0.0289886  -0.392851   0.819551  -0.489351    -0.1074  -0.564665   0.552441 -0.0148208  -0.371414  -0.187114
point 42 450 175.955 173.633  0.467729  0.185252  0.678789 -0.558035  0.940396  0.538566 0.0249537 -0.808942   0.82414  0.677478
point 43 458 213.056 198.044 -0.822345  0.189507 -0.754643   0.38103  0.583508  0.399811  0.786982 0.0776364  0.924051 -0.579273
point 44 464 190.073 234.778 -0.0564422   -0.89738  0.0712491   0.115128  -0.469632   0.109389   0.367017   0.434079  -0.610513   0.159724
point 45 505 200.635 198.065   -0.687207   -0.241588    0.189845     0.27164   -0.845168   -0.487688   -0.847494    0.944648    -0.50258 -0.00320258
point 46 520 105.618   167.2 -0.324252 -0.877232  0.314312  0.414971  0.838277  0.444442  0.387633   0.18315  0.240592 -0.157002
point 47 521 400.393 178.901   -0.816034   -0.343265      0.6534    0.171124    -0.27356 -0.00114343   -0.376352   -0.707548   -0.814895   -0.704732
point 48 526 609.213 140.924 -0.278292  0.981585 -0.300411 -0.830026 -0.236762   0.44608  0.959565 -0.878302 -0.541684  0.835132
point 49 549 410.566 235.988  0.763393 -0.383774  0.889011  0.919186 -0.125534   0.31295 0.0269358  0.523629  0.416536  0.753833
point 50 561 4.85108 222.206 -0.874597 -0.343104  0.802279 -0.138042 -0.903721 -0.686462 -0.105079 -0.941806 -0.426638  0.690537
point 51 579 425.145 198.972  -0.815871  -0.124897  -0.835661 0.00335626    1.02132   0.544589 0.00580908   0.537506   0.239801   0.290802
point 52 581 341.375 238.721  -0.666283  -0.517507  -0.295475   0.938208  -0.929178  -0.162597 -0.0909473  -0.803391   0.844297   -0.11812
point 53 586 424.022 198.899 0.0379537 -0.916017  0.787299  0.228181 -0.320313 -0.102045 -0.710267 0.0628435 -0.102719  0.756331
point 54 590 639.987 148.094  -0.465999  -0.896532   0.724062   0.426683 -0.0506336  -0.552032  -0.420102   0.551532  -0.212843  -0.879295
point 55 603 280.867 109.605  0.963512  0.632756   0.73066  0.285919 -0.847468  0.398144 -0.831894  0.750151  -0.54536  0.710683
point 56 627 266.921 139.081 0.0929696  0.892434 -0.590989 -0.517783 -0.752663  0.316927  -0.81764 0.0340388  0.291586  0.638847
point 57 628 314.536 215.452 -0.719886 -0.169329   0.18053 -0.404939 -0.219394  0.920802  0.637893 -0.424599  0.483524  0.794188
point 58 630  597.23 192.341  -0.0305028 -0.00664769   -0.390689   -0.363647    0.632394  -0.0674733    0.533256   -0.214196    0.567648   -0.708177
point 59 663 10.9421  226.13   0.900057  -0.490961   0.929841 -0.0802708  -0.222275   0.214928   0.315484  -0.855003  -0.430965  -0.524472
point 60 669 67.5177 233.544   0.518948   0.641928  -0.760208  -0.470229   0.184841  -0.664377 -0.0760997   0.931948  -0.231508  -0.286971
point 61 678 224.226 170.541 -0.797949 -0.942758 -0.381196 -0.400949 0.0178803 -0.941989 -0.893342 -0.164583  0.296406 -0.291285
point 62 717 366.714 147.706  0.985056  0.695326  -0.87216 -0.271437 -0.324627 -0.699687 -0.694745  0.679312 -0.361873  0.631446
point 63 730 555.797 192.909  0.794795  0.402669  0.848521  0.860457  0.490661 -0.265124  -0.36285 -0.494585 -0.124869   1.02014
point 64 780 162.577 239.463  -1.00654 -0.170319 -0.270075  0.158862  0.968726  0.543032  0.488169 -0.852269  0.291865  0.933743
point 65 803 515.295 156.202 -0.796477  0.962045  0.710598 -0.609949 -0.558246  0.260723 0.0991599  0.806799 -0.229599  0.654435
point 66 813  507.92 234.064   0.677736    0.95168  -0.293537  -0.822453   0.271686  -0.727498   0.812193  -0.702914 -0.0343315   0.195265
point 67 846 513.295 207.633  0.481582  0.303887  0.446952 -0.847945 -0.939228 -0.057621 -0.745368 -0.244631 -0.355986  0.245246
point 68 847 57.3625 194.459  0.165985  0.508923   0.41306  0.912644 -0.732785 -0.725547  -0.39388  -0.87555 -0.844791  0.242419
point 69 865 492.919 202.483   0.882852  -0.388825  -0.914043  -0.321166  -0.296091  -0.201224   -1.02039   0.557159  -0.793102 -0.0348502
point 70 866 622.059 24.9949  -0.578247 -0.0658807   0.734429  -0.655551   0.666859  -0.241652  -0.144638   0.405674  -0.463005   0.882556
point 71 868 320.161  202.46   0.650838  -0.407952  -0.819591 -0.0355498  -0.669534  -0.377959   0.918417  -0.900258 -0.0539879   0.503459
point 72 877 138.106 173.538 -0.711522   0.89194   0.72254 -0.993088  -0.17649 -0.958247  0.855457 -0.636059  0.447027  0.453279
point 73 897 241.142 193.747  0.270973  0.907365  0.981614  0.527689 0.0929921 -0.872486 -0.115767 -0.207042  -0.86176  0.293465
point 74 911 525.565 118.365  -0.964106  -0.426577  -0.818851   0.725401  -0.933401 -0.0911134  -0.993529   -0.16444   0.520819  0.0849526
point 75 920 596.512 96.5531 -0.904232  0.667251 -0.384956 -0.324565 -0.443914 -0.215384  0.825832 -0.818677  0.990907 -0.543512
point 76 947 230.373  183.67 -0.342895 -0.964147  0.818997 -0.523917 -0.554998  0.906607  0.581816 -0.718306 -0.908726   0.75196
point 77 951 608.206 171.792   0.184392   -0.81635 -0.0851142   0.408656   0.202936 -0.0177351   -1.03077   0.497314  -0.159182  -0.714749
point 78 953 108.406 158.314 -0.00307704    0.517735    0.738528   -0.638853  -0.0849961  -0.0578186   -0.463331    0.749402   -0.694011    0.797789
point 79 972 178.329  158.83   -0.66511  -0.506265    1.01091 -0.0262829  -0.971977  -0.583668  -0.717019  -0.279757  -0.745194   0.739145
point 80 984 210.676 179.259 -0.429484 -0.783688  -0.93841 -0.555801  0.484345  0.618504 0.0703101  0.484847 -0.533629 -0.670274
point 81 993 167.848 173.921  -0.197619   0.971084  -0.495597   0.759521 -0.0550436   0.340775  -0.293623   0.110921   0.396974    -0.2922

