seq: 231
gt_pose:  4.27284  4.36336 0.202907
odom_pose:  4.69901  3.43871 0.104641
point 0 20  391.98 210.415  -0.45471  0.104243 -0.819475 -0.432137  0.749282  0.414129 -0.789008 -0.778987 -0.234376  0.115616
point 1 50 505.833 174.296   0.83409 -0.662007 -0.475751 -0.646575 -0.580452  0.229744 -0.633525 -0.788575 -0.549549  0.854541
point 2 71  257.86 67.5749  0.159173  0.224737  0.563844  0.582099 -0.438801 -0.872665  0.744998 -0.657163 -0.601881 -0.299372
point 3 75 541.601 142.734 -0.685951 -0.889636   0.88985  0.568575 -0.756298  0.737462 -0.575148  0.979677 0.0356226  0.338578
point 4 79 413.729 154.309 -0.223883 -0.720919 -0.124268 -0.780019   0.16831  0.921604 -0.740839  0.769676 -0.687048  0.591249
point 5 82 484.684 14.9552   0.967291 -0.0270105  -0.205367  -0.255025   0.867604   0.801937   -0.84118   0.842669   0.766836  -0.573977
point 6 83 194.628   177.4  0.613784  0.965639 0.0309815 -0.998197 -0.626194 -0.444464  0.212317 -0.518579  0.519799 -0.956333
point 7 96 301.549  204.64  0.464103 -0.412064  0.310368 -0.708684 -0.780579  0.605557  0.738132 -0.324754 -0.218719  0.698195
point 8 112 568.081 235.467 -0.0311425  -0.771562  -0.715847  -0.865757  -0.443397  -0.907364  -0.998524 -0.0499875  -0.236437   0.142423
point 9 135 109.084 171.393 0.469387  0.46047 0.466081 0.352141 0.274882 0.931864 0.571698 0.361382 0.314604 0.641617
point 10 136 116.192 136.664 -0.442399   0.16575  0.667791 -0.950451  0.327216 -0.663583  0.138733 -0.171042 -0.728481 -0.199969
point 11 162 632.883 148.425  -0.558996   0.230129 -0.0147291  -0.725199  0.0669588  -0.977405   0.565167  -0.777823  -0.602628   0.164979
point 12 213 514.565 170.922   0.540956  -0.224711  -0.797795 -0.0517049  -0.108146    -0.8538  -0.423816   0.744589   0.352001   0.146302
point 13 222  323.02 233.576 -0.665221  0.927491 -0.940553 -0.433542  0.463343 -0.735172 0.0328957  0.474328  0.440148 -0.441714
point 14 232 273.271 237.143  -0.111828  -0.318266   0.452399  -0.303231  -0.895297  -0.101913   0.788178   0.749259  -0.990174 0.00778466
point 15 244 450.518 154.312 0.00784834  -0.943944   0.485523   0.590349  -0.864822   0.709262  -0.401137   0.342936   0.195033   0.221876
point 16 255 492.725 211.432   -0.98246  -0.825704  -0.944495  -0.906274 -0.0551023   0.911946   0.219552  -0.362362  -0.114888     0.4156
point 17 270 430.874   225.5 -0.454947   0.42419 0.0910886 -0.673191 0.0387638  0.141291  0.504979 -0.157156 -0.873454 -0.886212
point 18 279 591.549 172.481 -0.417073 -0.401748  0.190722  0.187281 -0.152395  0.715476  0.382811 -0.850335  0.885681  0.410482
point 19 297 290.606 187.288   0.547887 -0.0733776    0.85719  -0.327077   0.119711   0.454059   0.783006   0.793467  -0.183698  -0.122292
point 20 340 613.266 31.8545   0.387498  -0.345052  -0.663011 -0.0734945   0.827991  -0.122001  -0.637838  -0.433292   0.546984  -0.326212
point 21 341 526.223 207.448   -0.70551   0.129257   0.351552  -0.320287   0.316051  -0.417527  -0.854174  -0.680546   0.821489 -0.0106954
point 22 349 171.142 165.794  0.679799 -0.305737  0.633972 -0.863974 -0.836523 0.0706317  0.524121 -0.468847 -0.325143 -0.583282
point 23 357 282.224 231.373   0.347883  -0.194677   0.514891     0.3854   0.567585 -0.0982528   0.342539   0.745203   0.416159   -0.25727
point 24 361 137.666 187.225  0.838343  0.749828 -0.283912 -0.493671  0.703772  0.617521  0.273501  0.373167 -0.981852 -0.080117
point 25 366 209.592 175.608   0.39807  0.727924  0.177338 -0.751913  0.103537 -0.709412 -0.913931 -0.247799  -0.34801  0.978822
point 26 376 13.5006  144.08  -0.672712  -0.860942   0.644209  -0.336455   0.643555   0.190657   0.263727 -0.0995094   0.607838   -0.28043
point 27 379  176.24 125.841  0.242675 -0.550153    0.1047 0.0396956  0.645611 -0.264556 0.0161455 -0.218442  0.181801  0.240684
point 28 383 310.805 192.768 -0.652335 -0.294106  -1.00215 -0.721665  -0.76605  -0.14285  0.499623   0.49271  0.416237 -0.185009
point 29 390 446.884 225.365  0.361758 0.0502131  0.210721 -0.561899  0.316547   0.87033  0.326147  0.147509 -0.551626    0.4505
point 30 392 73.8691 229.048   0.961255 -0.0885796  -0.428892   0.321817  -0.956515   0.890161  -0.673925    0.31532  -0.609625   0.625156
point 31 395 337.644 234.586  -0.726197   0.127269   -0.95074   0.979051   0.917585   0.631564 0.00881162  -0.421504 -0.0570931 -0.0189199
point 32 401 514.503 195.149 0.0186097   0.56063  0.244875 -0.464282 -0.608792  0.184596  0.627884  0.871428 -0.878699 -0.622483
point 33 407 519.942 215.557  -0.690797   0.957476  -0.924278   0.697087  -0.798077 -0.0853017   0.655324  -0.949306  -0.313313  -0.435118
point 34 426 281.764  188.78  0.988022  0.107548  0.859501  0.287526  0.880819 -0.281551  0.515009  0.310176  -0.90412 0.0685528
point 35 427 593.406 146.147   0.706405   0.934263   0.237945  -0.407973 -0.0925846   0.816771   0.265047  -0.688025  -0.662248   0.684392
point 36 445 276.103 150.797 -0.866376 -0.313274 -0.722746 -0.855216 -0.278053  0.817605 -0.323472  0.174641 -0.507039  0.564158
point 37 447 319.606 158.009  -0.335657 0.00619558  -0.928208  -0.813669   0.240736  -0.845215 -0.0811643   0.522131  -0.678173    0.60914
point 38 521 220.399 91.2507 -0.783669 -0.282375   0.60508  0.134917 -0.236134 0.0447334  -0.37652 -0.679573 -0.813223 -0.722584
point 39 526 341.288 173.491 -0.284917  0.969294 -0.348597 -0.825602 -0.190642  0.390912  0.905137   -0.9378 -0.583301  0.878626
point 40 549 200.593 232.717    0.786135   -0.364165    0.903424    0.907039   -0.178953    0.242761 -0.00713791    0.474376    0.373732    0.767501
point 41 550 530.215 209.251   0.289476  -0.129234  -0.671585   0.494435  -0.382283  -0.556453  -0.819489   0.239573 -0.0151639  -0.758251
point 42 556 443.847 209.783  0.944695   1.01068 -0.325469  0.521362  0.900168 -0.248896  0.462092 -0.663155  0.918522  0.248134
point 43 564 565.442 177.321 -0.589299 -0.167609  0.252505 -0.459415 -0.095853   0.52567 -0.449975 -0.929733 -0.798494   1.02604
point 44 579  223.7 174.29  -0.842549   -0.14841  -0.846438 -0.0277422   0.970688   0.519904  0.0115691   0.498484   0.217218   0.287151
point 45 586 226.815 172.194  0.0484752  -0.952772   0.723156    0.17237  -0.281244  -0.136199  -0.747112   0.060776 -0.0414898   0.763488
point 46 592  98.414 162.083  0.867547   0.99924  0.618259  0.298218 -0.857357 -0.802005  0.334215  0.784708  0.647787 -0.679606
point 47 605 514.345 198.417   0.969191   0.430561  -0.391525   0.298592   0.137814  -0.374401 -0.0628338  -0.131379   0.911979  0.0748206
point 48 621 608.631 166.524   0.872645 -0.0740978  -0.938353  -0.249816   0.254169  0.0651937  -0.278904  -0.357338   0.134526  -0.241635
point 49 630 424.175 198.378 -0.0247247 -0.0155747  -0.363779  -0.321844   0.702606 -0.0165436   0.506538  -0.208292   0.613642  -0.742037
point 50 668 512.493  66.018 -0.559216  0.827151 -0.821372 -0.474578 -0.471775 -0.204516  0.183275 -0.509094  -0.88036 -0.536687
point 51 712 198.325 236.901 -0.0530026  -0.712768   0.470362     0.7262  -0.569481  -0.499847  -0.736618  -0.193582   0.838576  -0.205414
point 52 714 117.451 137.416  0.671204   0.43235  0.776614  0.479096 -0.563864 -0.275079  0.736051  0.978556 -0.485278  -0.79411
point 53 718 82.9258 161.819 -0.403579 0.0216447  0.874042  0.551672  0.812795  0.795646 -0.547303 -0.716201  0.674744   0.48113
point 54 723 45.9013 234.643   0.145087   -0.97864 -0.0696847     0.1874   -0.42057  -0.383111  -0.327334   0.713422   0.115537   -0.62636
point 55 730 328.316  201.49  0.766524  0.390922   0.82648  0.780484  0.571714 -0.213731 -0.334696 -0.448896 -0.135863  0.959895
point 56 739 470.888 221.158    1.01354   0.127041  -0.435398 -0.0414785   0.717185   0.239582  -0.904386  -0.243157  -0.175963  -0.625652
point 57 740  627.17 194.541  0.438608   0.77102 -0.930453  0.651385 -0.119419  0.325989  0.692948 -0.472696   0.68132 -0.869114
point 58 749  511.31 198.665  -0.667161   0.264839   0.643997  -0.699883    0.57243 -0.0119301   0.693873    0.12971  -0.300657  -0.175566
point 59 759 205.295  166.18 0.0863326  0.621379 -0.868019 -0.892145 0.0937522  0.480949  0.929379  0.260644  0.475712 -0.316015
point 60 765 400.102 178.305 -0.929386  -0.16217  0.529968 -0.529068 -0.404264 -0.287723  0.563839  -0.23611  0.479263   0.98898
point 61 785 184.356 172.982 -0.121288 -0.142725 -0.488308  0.543152 -0.856207 -0.525734 -0.845635  0.683834 -0.614743   1.02302
point 62 803 348.213 149.052 -0.787009  0.992866  0.785068 -0.524292 -0.555348  0.246521   0.10117  0.792009 -0.229099  0.674006
point 63 813 294.145 234.282    0.609603    0.972643   -0.366864   -0.831043    0.287326   -0.761299    0.854636   -0.750736 -0.00775644    0.186593
point 64 817 522.051  133.25  -0.293159   0.537654   0.771888   0.546319   0.590364 -0.0637654  -0.618255    0.63838   0.604446  -0.914623
point 65 823 427.258 126.701  0.0882872  -0.737445  0.0262911   0.755555   0.566147  -0.511565  0.0456849   0.885043  -0.494244 -0.0311093
point 66 831 131.817 233.024  -0.104334   0.440043   0.700456    0.11627   0.384102  -0.905816 -0.0955818   0.604493  -0.696161 -0.0688096
point 67 845 625.242 218.967 -0.0826144  -0.260575   0.881821   0.934786  -0.418091  -0.530918  -0.281377   0.439856   0.916385   0.888437
point 68 865 287.023 200.895   0.831256   -0.37959  -0.952501  -0.343522  -0.259607  -0.151316  -0.953131    0.59112  -0.724648 -0.0741792
point 69 866 546.497 21.0687 -0.495017 -0.116995  0.777262 -0.622414   0.70553 -0.253475 -0.136858  0.342809 -0.475168  0.882372
point 70 872 97.1986 71.7054  0.445028  0.881492 0.0240175   0.54577 -0.430065  0.829289 -0.496914 -0.249537 -0.850411 -0.908095
point 71 874 392.353 216.747 -0.865431  0.262731 -0.656963  0.911194  0.286672  0.763184  0.742551 -0.652429  0.205924 -0.702401
point 72 889 541.224 229.189  -0.782894   0.189072   0.783624   -0.29844  -0.969185   0.374224 -0.0126502  -0.780866   0.693187   0.170743
point 73 911  477.05 70.6022  -1.00427 -0.367482 -0.746077  0.695596 -0.911342 -0.101244 -0.998982 -0.195236  0.459868  0.122831
point 74 914 128.603 233.618   0.281355  0.0904868 -0.0512505   0.402684    0.35658   0.404728  -0.647923 -0.0801211   0.229438   0.850785
point 75 932 185.534 188.411 -0.130487 0.0437227  0.832922 -0.052587 -0.196249  0.704673 -0.058035 -0.903966 -0.237622  0.519579
point 76 951 434.069 181.697  0.201965 -0.796568 -0.165311  0.399002  0.192913 0.0241268 -0.950559  0.481838 -0.148116 -0.695486
point 77 964 129.905   176.9  0.917366  -0.29114  0.168298 -0.212446 -0.889792 -0.955757  0.532558 -0.959751 -0.773866  0.699323

