seq: 161
gt_pose:  -5.45164   3.52537 0.0628489
odom_pose: -5.33311   2.3583 0.147785
point 0 24 628.926 190.807    0.401119    0.448361    -0.71773    0.221951   0.0259863    0.674049    0.434176   -0.676136   -0.506089 -0.00237783
point 1 30 387.947 63.3918  -0.760707  -0.888082  -0.904447  -0.106127   0.610888   0.339766 -0.0898088  -0.795085   0.168754   0.143691
point 2 58 350.664 228.414  0.720481  -0.47769 -0.486277 -0.805052 0.0709517  0.738619  0.250763 0.0768308  0.615834  0.879784
point 3 63 352.459 207.539  0.175666 -0.784113 -0.832339  -0.21517  -0.70442  0.316029 -0.794465  0.718707  0.178622 -0.601676
point 4 72 619.673  211.53 -0.790717 -0.308966  0.774379   0.26182 -0.823599  0.646228  0.451671 -0.159326 -0.315065 -0.219809
point 5 76 216.172 180.544  0.403357 -0.163643 -0.649411  0.706784 -0.666279  0.303087 -0.312491 -0.303367 0.0855841 -0.122542
point 6 88 419.497 235.016   -0.228291   0.0489079    0.357096   -0.994763    0.324204    0.279521    0.402899 -0.00907373     0.83863   -0.537932
point 7 92 531.609 203.906     0.15036    0.757698 -0.00145317    0.906422    0.309973    0.275926      1.0174    0.602099   -0.240641   0.0798423
point 8 93 419.449 135.032  0.774789 0.0769938  0.193178 -0.840738  0.892153 -0.353589  0.118753 -0.933053  0.525536 0.0717943
point 9 101  247.22 137.744  0.628662 -0.196891  0.416562 -0.697172 -0.205756  0.883586 -0.316695 0.0152443 -0.913477  0.851223
point 10 111 429.737 231.605  0.0936847    1.02069  -0.925253  -0.891773 -0.0886746  -0.349032   0.931292  0.0819539   0.190069   0.459778
point 11 145 95.2047 237.802  0.608698  0.424238 -0.942853  0.614187  0.313999  0.792576  0.481281 -0.245163  0.705387  0.489339
point 12 160 9.76556 130.137 -0.0293361   0.336591   0.178005   -0.71263   0.517242  -0.349202   0.775211  -0.108163   0.278665  -0.383884
point 13 166 495.519 194.737 -0.667533  0.387492 -0.546007 -0.521226 -0.632628   0.31323 -0.700882 0.0943467  0.200143 -0.621024
point 14 175 414.283  183.45 -0.335629  0.593071  0.316291 -0.619378   0.71887  0.680705  0.951541  0.959752   0.57367  0.158408
point 15 181 255.497 191.335   0.827998   0.581503  -0.224248   -0.14523  -0.108616   0.782464 -0.0173895   0.935232   0.637333  -0.296777
point 16 186 380.151 158.508  -0.364932  -0.380118   0.314031    0.42659   0.921353   -0.93683 -0.0817638  -0.499529    0.12496   0.309551
point 17 189  200.54 223.961   0.930588 -0.0302916  -0.989407  -0.873671  -0.057419    0.87003   0.693535  -0.414324  -0.407703   0.208375
point 18 192 103.134 172.352     0.48558   0.0405032     0.49597    0.287162   -0.785303   -0.149888 -0.00429281   0.0682482   -0.324413   -0.544905
point 19 208 138.387 169.551 -0.919694 -0.322083 -0.915827 -0.155453 -0.255922  0.776447  0.931282 -0.668195  0.751464 -0.859639
point 20 209 254.377 230.026 -0.242636  0.120553 -0.302462  0.367072 -0.892427 -0.275133  0.594573 -0.851997 -0.342087 -0.652012
point 21 216 510.424   199.4  -0.659843  -0.901129   0.872489  -0.831574  -0.566886  -0.863516   -0.33202  -0.276607 0.00159097    0.82466
point 22 233 373.337 231.831 -0.131588 -0.507513  0.141664   0.23862  0.306701 -0.235816 -0.965194  0.206003 -0.930253  0.399521
point 23 242  612.17 170.156 -0.751457   0.01244  0.194803  0.463559 -0.419112  0.594566  0.815009 -0.783473  0.476987  0.644122
point 24 245 484.169 200.356 -0.576375 -0.401779  0.433782  -0.68425 -0.479426  0.433886  0.838611 -0.685543  0.159156   0.80109
point 25 251 425.567 231.513 0.00785131  -0.511191   0.213774  -0.798795  -0.382307  -0.137074  -0.455183   0.185923 -0.0607479   0.388392
point 26 262 505.037  188.18 0.0921095  0.383936 -0.323806 -0.547874  0.967587  0.974203  -0.91344 -0.397034  0.443684 -0.378782
point 27 285 213.543 128.614 -0.499692 -0.136891 -0.474193  0.974462  0.943377  0.808846  0.267913  0.601855 -0.355125  0.393824
point 28 307 336.747 209.123   0.09983  0.894481 -0.272113  0.576866  0.757406  0.823828 -0.106407 -0.476615 -0.908813  0.464671
point 29 321 264.907 170.157    0.13637   -0.66611 -0.0366242  -0.992339   0.950359  0.0681348   0.303621   0.521669   0.741419    0.57667
point 30 322 235.235 132.175 -0.242845 -0.116601  0.456813 -0.721561  0.900479 -0.622784  0.900078  0.902671  0.303088   0.46802
point 31 332 39.5279 163.266  -0.299843   -0.17966  -0.108751   0.345054   0.715049   0.845373   0.760579 -0.0172813  -0.822602  -0.516292
point 32 334 612.817 210.272 -0.392986 -0.343314  0.943218 -0.720634  0.275083 -0.315931  0.112228 -0.858905  0.929669 -0.160805
point 33 337 107.014 215.918 -0.114731 -0.213097  0.259012 -0.468324 -0.414674   0.50341 -0.215404  0.409943  0.757065   0.43909
point 34 344  53.455 225.204   -0.42569  -0.208196  0.0817119  -0.708488   0.867028   0.798015   -0.34114  -0.399488   0.660722 -0.0636333
point 35 346 322.731 174.951  -0.503787   0.925805 -0.0393899  -0.797255  -0.156187   0.471769 -0.0543594   0.971913   0.824893  -0.185694
point 36 352 495.117 213.247   0.51098  0.351922  0.365832 -0.778724  0.580681  0.677965 -0.665533  0.540358 -0.154402  0.836571
point 37 387 417.141 202.078   0.674869  -0.738861    0.54132   0.956066  -0.758634   -0.13508 0.00944383  -0.996301   0.598374   0.680176
point 38 402 231.502 222.995  0.324023 -0.313106 0.0249502  0.945322  0.455802 0.0460369 -0.118471  0.468045  0.969427 -0.287396
point 39 404 200.882 173.673 -0.00216387   -0.945054     0.17383   -0.369298   -0.171899   -0.470295    0.315041    0.837046   -0.553937   -0.186193
point 40 405 324.174 172.545 -0.168496 -0.955193  0.909325  0.692867 -0.216907 0.0482188  0.359312  0.287387  0.503216   0.77834
point 41 406 260.594  195.32 -0.165736  0.881372 -0.666152 -0.527851 -0.866801  0.229204 -0.408504  0.356532  0.875284  0.359391
point 42 428 505.931 55.9925 -0.466485  0.088648  0.602314 -0.806384 -0.269049  0.589639  0.317256 -0.454593 -0.139924 0.0792407
point 43 453 147.639 233.956  -0.357697   0.364935 -0.0613772   0.100013   0.306215  -0.552324  -0.888351  -0.196429   0.589789   0.307444
point 44 472 560.921 205.234  -0.863632 -0.0679503   0.605469  -0.219415   0.961477  0.0804139   0.734007  -0.649413 -0.0572535  -0.598556
point 45 477 168.277 165.408  0.880026 -0.624328 0.0484475 -0.363132  0.230611  0.124422  0.730532 -0.735098 -0.290205 -0.625098
point 46 478   239.7 208.818  0.212124 -0.684041  0.467727  0.814765 -0.400059 -0.403689  0.211992   0.18221 -0.412022  0.804427
point 47 494 518.833 108.385  0.421444 -0.140806 -0.293909 -0.955616 0.0947998   -0.8019  0.510995  0.343949 -0.219285  -0.94699
point 48 499 335.955 205.458  0.921091  -0.39039  0.386263 -0.651175  0.173511 -0.084252 -0.126931 -0.209907  0.684491  0.249495
point 49 514 506.667 182.868  0.457171 -0.806096 -0.840542 -0.499331 -0.879473 -0.511218  0.609231  0.798012  0.133741  0.231209
point 50 524 199.042 172.111   -0.260932    0.713422    0.268512 -0.00966657    0.902765   -0.493251   -0.189419     0.16033    0.220625   -0.787048
point 51 527 633.061 218.819  0.767632  0.424145 -0.888945  0.980888  -0.52752 -0.431922 -0.148637  0.724629  0.618179  0.703602
point 52 529 556.151 204.415  0.459974 -0.397174  0.035807 -0.323175  0.651026 -0.159857 -0.820571  0.839086 -0.176133 -0.399175
point 53 534 40.9009 169.902  0.320096   0.43071 -0.260748 -0.918028 -0.173618 -0.107679  0.433668 -0.292088 -0.221438  0.174027
point 54 539 341.483 137.684  0.821803 0.0284829 -0.987202 -0.664273  0.515378 -0.328132  0.947351 -0.718521  0.187159  0.261577
point 55 541 488.467 232.991  0.411581 -0.797566  0.820252 -0.335684 -0.689639    0.7071  0.752535 -0.552236 -0.965124  0.280485
point 56 544 287.145 204.233  -0.144573  -0.300117   0.703692   -0.11833  -0.736873    1.00984  -0.966693   0.300933  -0.426546 -0.0679262
point 57 561 182.629 221.822 -0.944315 -0.288237  0.728497 -0.167663 -0.949763  -0.68533 -0.113147 -0.907138 -0.416503  0.724808
point 58 596 359.68 211.78 0.0723636 -0.522621  0.451705  0.175834 -0.065261 -0.423062  0.683392 0.0855427  0.577165  0.869385
point 59 607 538.158 237.369  0.840679    0.3816  -0.30637  0.160177 -0.395773 -0.344553 -0.387863  0.233592  0.904499  0.747118
point 60 610 498.043 151.807 -0.179573 -0.248135  0.696545  0.704852  0.429465  0.441176  0.690718 -0.647265  0.138598 -0.490733
point 61 614 155.991 153.397  0.410654  0.677334  -0.67451 -0.717635   0.99277 -0.331888  0.725885  0.136191  0.954056  0.159647
point 62 616 152.321 220.166    0.832936     0.53419    0.487596    0.359992   -0.994988  -0.0224375 -0.00694389   -0.664644    0.209044   -0.037497
point 63 631 461.421 225.386   -0.814298   0.0529361    -0.66542  -0.0312603    0.362027  -0.0510884   -0.308013 -0.00465781  -0.0402993   -0.323455
point 64 644 420.913  183.58  -0.521118  -0.148718  -0.585679 0.00430651  -0.149111  -0.817009   0.789593   -0.88089   0.878515   0.384407
point 65 662 324.598 133.372  0.321687 -0.329334 -0.352845 -0.821292 -0.282198  0.883946  0.489023  0.990749 -0.774515  0.684082
point 66 674 151.667 233.074  0.876422 -0.780062  0.453454  0.702588  -0.36749 -0.497379 -0.750237  0.106337 -0.101086  0.220414
point 67 689 486.912 79.0098   0.851066  -0.501503  -0.504185 -0.0178843   0.740889   0.104105  -0.747738  -0.264473   0.945584   0.868998
point 68 691 512.523  198.95    0.603282    0.960038    0.200606   -0.266416   -0.888053   0.0956298    0.261789   -0.381552   -0.885229 -0.00946709
point 69 705   103.3 237.425 -0.016076 -0.705115 -0.132876  0.561116 -0.925499 -0.298703  0.841335 -0.658666 -0.385914 -0.390417
point 70 725 355.572 199.229 -0.792862  -0.71786 -0.697847 -0.906323  0.273339  0.394795 -0.821365 -0.786458 -0.495797 -0.201885
point 71 726 428.516 187.026  0.944802  0.552517  0.586684 -0.683047  0.232576  0.644419 -0.816909 -0.911346 -0.889576 -0.897161
point 72 750  633.39 233.799 -0.395784 -0.491766  0.540054  0.209799   0.25253  0.561866 -0.636486  0.707143  0.693192 -0.214404
point 73 798 339.466 90.3962 -0.425345 -0.820358  0.935359  0.565528  0.489224  0.608015  0.622901  0.892277 -0.869073 -0.559799
point 74 800 346.656 93.4812    0.522333    -1.00033    -0.57067   -0.134145    0.859544 -0.00955018   0.0781104     0.83396   -0.430165   -0.490101
point 75 805 394.752 175.981  0.310176  0.746078  0.540652 -0.162045 -0.871534  0.780713 -0.210599  0.945379 -0.775923  0.184936
point 76 816 55.8511 50.6317  0.582078 -0.261647 -0.802123  0.426623  0.231674 -0.366995 -0.480899  0.961819  0.453653 -0.286614
point 77 832 270.789 177.237  0.680016    1.0073 -0.373586  0.703041   0.77089 -0.544766 -0.707222  0.827361 -0.841634 -0.910932
point 78 854 324.428 224.179   0.580917  0.0989514   0.377242  -0.759379 -0.0776845    1.00136 -0.0789247  -0.147397   0.251568   0.967494
point 79 856 318.393 185.709 0.000689738    0.680531    0.372304   -0.633126    -0.56245   0.0107685      0.5575    0.856905    0.270219    -0.57161
point 80 858 348.113   130.9   0.520119   0.185267  -0.153672 -0.0696706   0.771567   0.861104  -0.507562   0.113105  -0.775891 -0.0437845
point 81 862 546.158 207.943 -0.834427 -0.357515  -0.74838 -0.203366  0.651339 -0.541689 -0.124939  0.411931 -0.969511 0.0845038
point 82 869 121.955 234.038   0.447428   0.784914  -0.754485  -0.515895 -0.0324365  -0.725306   0.510099  -0.866682   0.822588   -0.89317
point 83 876 462.871 166.774    0.426347   -0.699785    0.905169   -0.266989 -0.00276005   -0.977172   -0.958107    0.309789    0.912891    0.332874
point 84 880 445.732 202.371 -0.623463 -0.557927 -0.310987  0.664849   0.57704 -0.190505 -0.307171  0.641168   0.85274  0.607379
point 85 883 427.381 223.801  -0.201016  -0.237463  -0.686419   0.953319    0.26439   0.635188   0.562123  -0.317285   0.228914 -0.0106791
point 86 899 177.147 105.331 -0.514072 -0.549927  0.615173 -0.720341 -0.910221 -0.140555 -0.911567 -0.878364 -0.646228  0.304737
point 87 908 505.792 160.204 -0.984363 -0.921844  0.996916 -0.690191 -0.737935   1.01253  0.596494 -0.763404 -0.549684  0.252824
point 88 909 31.9739 159.551 -0.356794 -0.696573 -0.255772    -0.389  0.107279  0.051605 -0.332873  0.144785  -0.43631 -0.171112
point 89 916 630.123 157.705  -0.305818   0.207337   0.246648  -0.351223  -0.658746  -0.482502   0.703877   0.312987   0.872227 -0.0537875
point 90 936 558.369  166.78 0.0732775 -0.373124 -0.415072 -0.312483 -0.468455  0.939706 0.0814463 -0.767173  0.106927 0.0840656
point 91 937 347.949 235.593 -0.486092 -0.609171 -0.515635 0.0820326  0.510105 -0.249282  0.131219 -0.269004 -0.267578  0.516806
point 92 944 487.686 184.626   0.555038  -0.487643    -0.2497  -0.585697   0.687881 -0.0396673   0.170781   0.301864   0.461751  -0.661401
point 93 958 553.015 142.989  -0.472848  -0.910743  -0.838474  -0.172253 0.00748896  -0.330247  -0.180406  -0.243709   0.461517  -0.944251
point 94 965 572.94 176.15  0.909281  0.573491  0.561756 -0.101262 0.0542014   -0.5172  0.131534     0.606  0.916853   0.20261
point 95 966 127.962 214.441   0.739427   0.303908  0.0512177   0.574149   0.732426 -0.0662074  -0.757186 -0.0628295    0.73627  -0.562016
point 96 967 377.212 199.718  0.205933 -0.032379  0.463309  0.962358  0.149634  0.366298  0.527808  -0.35532 -0.754293 -0.393848
point 97 978 519.334 212.697  0.870102  0.717495  0.228515  0.937785 -0.857847  0.332639  0.148615  0.442255 -0.609101  0.346908
point 98 980 329.981 188.933  0.542541 -0.240086  0.543343 -0.505325  0.546856  0.418841 -0.810071 -0.162971  0.372979 -0.669297

