seq: 189
gt_pose: 0.045972  3.10369 0.286345
odom_pose: 0.119789  2.29239  0.26827
point 0 0 578.707 197.628    0.566361    0.790054   -0.634069   -0.324093    0.524078   -0.492416    0.079804 -0.00175489    0.262897   -0.278561
point 1 3 489.273 194.139 -0.160599  0.739252 -0.463108 -0.266302  0.643654  0.791195 -0.828141  0.933722 0.0144531 -0.816202
point 2 7 374.798 64.1864  -0.126287   0.801967  -0.238255   0.615179   0.330009   0.840437 -0.0187422   -0.60959   0.937705   0.862985
point 3 21 353.055 145.474  0.531509 -0.466559 -0.301228 -0.619695   0.98087  -1.01574   0.65762 -0.303035 -0.653041 -0.169013
point 4 36 402.356 233.193 -0.222705 -0.316191  0.401921  0.599932  0.393907 -0.651857 -0.934933 -0.852248  0.398903 -0.613024
point 5 37 303.784 218.707  -1.01543  -1.01653 -0.373752  -0.47967  0.318435  0.742453 -0.671996 -0.343316  0.370783  0.710901
point 6 40 103.294  173.15  -0.304213   0.714696   0.137878   0.311733   0.535528    0.57255   0.553118  -0.504713   0.214472 -0.0750174
point 7 42 558.04 155.59 0.00780937  -0.743113 -0.0270255   0.012596   -0.92527   0.610339  -0.246394   0.302325  -0.143488  -0.750287
point 8 44 480.018 146.233  -0.571669   0.245071   0.830827   0.430403 -0.0425217  -0.081376   0.733042    0.95278   0.863297   0.816143
point 9 53 322.617 200.126  0.729025  0.255603 -0.282987 -0.939762  0.581773  0.607589  0.429035  0.325511  0.829021 -0.386797
point 10 64 586.287 180.543   0.881966   0.584769  -0.786912  -0.884594  0.0201275  -0.204754  -0.606356 -0.0701555  -0.706018  -0.410726
point 11 77 293.773 229.729  0.118573   -0.9759 -0.455266 -0.646644  0.403681 -0.122666 -0.565684  0.304982 -0.575096 -0.324281
point 12 89 302.432 232.694  0.543242 -0.659755 -0.360395 -0.381141  0.272647 -0.648374 -0.511188 -0.972405 -0.724484  -0.19227
point 13 99 625.726 168.698 -0.491281 -0.565295 -0.773754 -0.763069  0.203682 -0.868066 -0.853516 -0.761222   0.52371  0.984071
point 14 103 59.2379 193.795   0.409379  0.0665743   0.448303 -0.0719029  -0.258101   0.150737   0.655092   -0.86153   0.390292  -0.548564
point 15 106 271.001 235.263 -0.178751  0.978896  0.113516 -0.151718  0.436315  0.153376 -0.175677  -1.01919  0.520173 -0.152754
point 16 113 484.549 181.642 -0.0541626  -0.579029   0.539344  -0.895894   0.498099  -0.312533  -0.947823   0.647755  -0.248203 -0.0473587
point 17 115 462.238 169.807 -0.754493 -0.794379  0.466397  0.469731 -0.107854 -0.620732  0.886987 -0.496613 -0.458758  0.445495
point 18 120 413.745 186.187 -0.942149  0.150319   0.73167 -0.515006  0.640677  0.571822 -0.689486  0.249955  -0.90915  0.359703
point 19 132 570.351 129.491   0.206226  -0.907899  -0.938572 -0.0999278  -0.767134   0.869612  -0.853806   0.254669   0.817788   0.632769
point 20 134 328.047 177.739 -0.303838 0.0740395  0.399635  0.836054  0.691119 -0.367696   0.91214  0.777785  0.580716  -0.76314
point 21 140 348.373 195.061 -0.531471 -0.125377  0.618504  0.147523  0.779406 -0.711549  0.368328 -0.624648 -0.394094  0.925636
point 22 148 485.194 48.0039  -0.129166  -0.274373    -0.1893   0.557435 -0.0585848  -0.175266   -1.00651   0.269263   0.881096  -0.654641
point 23 157 250.299 237.659 0.0364755   0.15066  0.647933  0.529309 -0.789564  -1.00577  0.213847  0.593841 -0.707713  0.504541
point 24 158 359.749 136.032  0.471742  0.449786   0.35238 -0.302006 -0.101306 -0.364201 -0.753892   0.14509  0.938567 -0.574395
point 25 169  577.42 153.822  -0.53689  0.476789  0.695556  -0.25422  -0.11817  0.523437  0.321948  0.462122 -0.685343 -0.542217
point 26 170 363.358 237.308  0.160338 -0.359989   0.18382  0.122921  0.767319  -0.24202 -0.877965  0.729394  0.428842  0.673808
point 27 180 166.425  169.29 -0.102967 -0.502627 -0.666124 -0.674842  0.113429  -1.00792 -0.109503 -0.190767  -0.16504 -0.205332
point 28 190 156.362 230.346   0.423096   0.680874 -0.0899433   0.755072   0.532689   0.524459   0.107706  -0.893393   0.319133  -0.483958
point 29 202 614.544   105.6 -0.540039 -0.163799  0.293519  0.357361  0.103327   0.77299  0.628843  -0.19466   0.15379 -0.197652
point 30 206 628.459 143.271  0.730433 0.0613486  0.678954  0.921343  -0.76893 -0.687975  0.759841  -0.28193 -0.948263  0.702169
point 31 214 145.569 190.317   -0.672083   -0.549299   -0.663138   -0.164465    0.187425  -0.0538703    0.804413   -0.789144 -0.00615572   -0.407176
point 32 217 598.717 168.124 -0.426547  0.317689 -0.960379   0.26825  0.186776 -0.952571  0.637471  0.143571 0.0559649 -0.711084
point 33 239 133.812 192.272 -0.477488 -0.922121 -0.788404  0.221974  0.630477  0.209049  0.195727  0.281255  0.139716 -0.557995
point 34 264 113.094 182.724   0.913178 -0.0940464  -0.305728 -0.0804287   0.202433   0.703818  -0.767775   0.876886  -0.809885  -0.820541
point 35 280 600.674  226.84 -0.279264  0.187908  0.518315 -0.105046 -0.277288 -0.387771  0.845401  0.806684 -0.112608  0.754924
point 36 290 609.871  172.84 -0.711261  0.819956 -0.766774 -0.472612 -0.692528  0.493297 -0.875552 -0.777709  0.625772 -0.945938
point 37 304 328.509 97.5011  0.476927 -0.613141 -0.382152 -0.417529   1.02419 -0.251315   0.71044  0.524477 -0.558225 -0.422271
point 38 315 381.862 209.229  -0.79957 -0.367337 -0.947666 0.0661577 -0.388397  0.162449 -0.561989  0.741878  -0.71334  0.942417
point 39 320 218.826 227.149  -0.142045    0.67875   0.960049 0.00699705   0.576551   0.166837 -0.0585996 -0.0408279   0.149139   0.246758
point 40 324 150.332 187.225  0.119464  0.335608 -0.757642 -0.418486   0.60571 0.0627013  0.441389 0.0464584   0.26091  0.413205
point 41 325  428.86 212.585 -0.200447 -0.323803 -0.627855 0.0701709   0.18814 -0.323394 -0.271586 -0.450893 -0.566031 -0.932332
point 42 343 333.026  227.64 -0.0106789    -0.9121  -0.343197  -0.803804  -0.186158  -0.125545   0.270206   -0.87209   0.545321  -0.435649
point 43 353 481.038 175.791 -0.503623 -0.286966  0.991908 -0.262091 -0.293076  0.286008  -0.03599 -0.573341 -0.457277 0.0700313
point 44 393 61.2568 202.363   0.542622   0.112202   -0.30933   0.320479   0.977323  -0.137001   -0.67136   0.103411   0.735878 -0.0164299
point 45 396 403.097  166.88  0.210587 -0.700964   0.81965  0.745622 -0.380578  -0.29858 -0.744658 -0.451961  0.379981  0.585742
point 46 403 593.095 222.099  0.193529  0.670034 -0.542332 -0.574215 -0.608565  0.525156  0.985577  0.647097  -1.02716 -0.573153
point 47 439 128.235 201.355  0.177074  -0.43921 -0.784535  0.236532  0.346555  0.662514 -0.319665  0.280593 0.0761669 -0.211133
point 48 440 174.741 166.355 -0.837525 -0.943842   0.14119  0.869538 -0.570881  0.429633  0.767421 -0.226609  0.414979 -0.543673
point 49 450 74.0673 110.168   0.417676   0.194879   0.624777  -0.573276   0.964628   0.516992 -0.0265922  -0.799988   0.880864   0.690781
point 50 454 397.437 56.9292 -0.890504   1.00233  0.697704 -0.402935   0.59522  0.711079  0.742793 -0.633235  0.381956  0.335191
point 51 458 159.617 179.795 -0.818968  0.239409 -0.761815  0.314934  0.595881   0.46086  0.789523  0.125378  0.873563 -0.595597
point 52 464 24.1851 228.522 -0.0365471  -0.949851  0.0324585  0.0957699  -0.444932   0.103428   0.368981   0.418792   -0.57503   0.221884
point 53 505 56.3959 155.993 -0.634886 -0.230174  0.228638  0.255917 -0.803181 -0.448256 -0.811785  0.909097 -0.436282  0.020886
point 54 533 559.192 172.728  -0.661745  -0.234774   0.624566  -0.269813  -0.752484  -0.715504   0.584089  -0.304693    0.67557 -0.0301398
point 55 569 151.652  199.84 0.0079612 -0.668568   0.37987  0.184729 -0.219619  0.449718  0.387411 -0.551493  0.982739 -0.433072
point 56 581 358.085 239.558 -0.711558 -0.494576 -0.283132   0.99905  -1.00375 -0.173553 -0.124921 -0.731312  0.889301 -0.134256
point 57 588 559.629 230.339 -0.226604 0.0652229 -0.396012 -0.620744  0.603559  0.650575 -0.607866   0.28176 -0.127232  0.131905
point 58 591 503.663 98.6455   1.00477 -0.653597  0.626743 0.0984589 -0.447138  -0.22094  0.917017   0.22138 0.0099622 -0.578404
point 59 603 319.801 167.754   1.00532   0.60654  0.715873  0.240069 -0.812842  0.408782 -0.888701  0.750804 -0.562644  0.698881
point 60 627 263.441 154.866 0.0774872  0.877835 -0.656639  -0.56484  -0.78018  0.292188 -0.848601 0.0629641  0.258941  0.583034
point 61 628 225.321 215.669 -0.693452 -0.114991  0.172875 -0.321038 -0.218082  0.924343  0.649753 -0.378278  0.493851  0.825108
point 62 640 135.383 219.501 0.0391887  0.709635  0.859408  0.390213  0.143704 -0.364228  0.575847 -0.243808 -0.160241  -0.24709
point 63 646 560.485 222.909 -0.340133  0.601946  0.782865  0.798869  0.368583 -0.759334 -0.315975  0.826993  0.320294  0.532532
point 64 655 484.748  205.32 -0.0855528   0.680764   0.481872  -0.615717   -0.59247   -0.48886   -0.97659  -0.703922  -0.831127   0.872827
point 65 658 465.464  204.14   0.398821  0.0650479 -0.0517412  -0.277042   0.195299   0.966942    0.61025   0.605789  -0.759811   0.488798
point 66 678 137.504 133.385 -0.775085 -0.927354 -0.400806 -0.436002 0.0713518 -0.943012 -0.931628 -0.119702  0.246251 -0.358842
point 67 681 628.362 195.378 -0.270569  0.528942  0.196715  0.424031 -0.771472  0.218733 -0.807929  0.443702 -0.147249 -0.890582
point 68 717 310.426 188.593  0.970223  0.612655 -0.904025 -0.269069 -0.315348  -0.73561 -0.635819  0.709316  -0.36914  0.657022
point 69 768 553.981 202.886 0.0517639  -0.19357  0.241542  0.385935 -0.718503  0.284206  -0.23118  0.467838  0.722272  0.663882
point 70 771 592.813 222.522  0.174556 -0.368741  0.796116  0.981313 -0.661688  0.816094  0.690811 -0.221016 -0.407187 -0.588571
point 71 804 406.603 208.898 -0.762659 -0.756018  -0.73437 -0.587129  0.540889  0.748649 -0.104376   0.43067 -0.589289  0.106758
point 72 806 387.943 231.666   0.852932 0.00412503  -0.536943   0.079815  -0.709656  -0.377257   0.335676  -0.368888   0.134467 -0.0847145
point 73 822 17.7773 216.606   0.701018  -0.264063   0.876128  -0.288137   0.315783  -0.802006   0.740654 0.00121152  -0.303638   0.201292
point 74 837 465.926 142.856 -0.0997176  -0.248147  -0.502825  -0.342982  -0.771232    0.13449  -0.462271  -0.398364  -0.857022  -0.430506
point 75 846 378.889 233.006   0.460522   0.330469   0.390309  -0.911455  -0.943976 -0.0388471   -0.74016    -0.2735   -0.40455   0.185772
point 76 853 124.059 171.229   -0.4589  0.842639 -0.645419 0.0274596 0.0743979 -0.756314 -0.338864 -0.377438 -0.784801 -0.686896
point 77 868  241.16 205.816   0.634843  -0.434283  -0.890019 0.00782957  -0.655447  -0.357083   0.912771  -0.844138 -0.0393266   0.499314
point 78 878 432.357 224.935   -0.948232    0.034854   -0.910551 5.57167e-05 -0.00227737    0.450881    0.403656  -0.0893273    -0.71879   -0.539262
point 79 886 435.458 173.445 -0.312962  -0.80806 -0.502872 0.0261221  0.331834  0.954511  0.879806  0.908493  -0.67832 -0.810613
point 80 892 517.537 162.016   0.346311  -0.927313   -0.68465   0.668662  -0.676712   0.667236  -0.630347   0.190577   0.826939 -0.0638107
point 81 897 113.102 164.344  0.277168  0.900298   1.01831  0.615743  0.187303 -0.818803 -0.150604  -0.19258 -0.885883   0.30687
point 82 898 458.624 234.485  0.817926 -0.613022  0.296564 0.0564238 0.0903628 -0.324832  0.570665 -0.476543 -0.150272  0.483918
point 83 905 382.386 134.803 -0.940763  0.171833   0.42948 -0.374611  0.628682  0.326632 -0.795353  0.606903 0.0925706  0.118785
point 84 907 132.518 220.758 -0.766053 -0.914167 -0.939375  0.524992 -0.800067 -0.908605 -0.289561  0.695452  -0.22336 -0.666791
point 85 910 400.219 173.428   -0.910056    0.609459    0.480743 -0.00909279    0.688236    0.466479   0.0932069    0.627113    0.762022    0.407395
point 86 920 382.644 212.895 -0.883405  0.662951 -0.300268 -0.326623 -0.402336  -0.13072  0.839265 -0.833685   0.95128 -0.544078
point 87 928 489.967 189.874 -0.133903  0.863708 -0.861792 -0.866052 -0.277101 -0.556703 -0.653504 -0.389466 -0.462372  0.318668
point 88 939 461.194 207.346 -0.428603 -0.775466  0.601185  0.859696  0.221963 -0.893677 -0.714313   0.67604  0.151453  0.739679
point 89 947 115.364 147.576 -0.348058 -0.955654  0.795986 -0.590368 -0.575498  0.953769  0.603513 -0.723157 -0.852117  0.702074
point 90 963 608.017 174.995 -0.0537241  -0.825194  -0.381337   0.397627   -0.92285   0.312313   0.891499  -0.962195  -0.220209   0.483815
point 91 968  286.97 30.4261   0.082816  -0.370382   0.100457 -0.0739304    0.97034  -0.228609  -0.749268 -0.0393693   -0.62355  -0.931288
point 92 972 132.228 107.343 -0.693304 -0.567555   0.93785 0.0225119 -0.999718 -0.577228 -0.721062 -0.285801 -0.743606  0.691711
point 93 984 13.5522 105.755 -0.385414 -0.823525 -0.921283 -0.543849  0.506382  0.620261 0.0503677  0.492811 -0.496141 -0.635403
point 94 989 513.542 235.971 -0.723035  0.310236    0.4552 -0.568284 -0.124613 -0.597021 -0.194746  0.488571  0.551544 -0.466796
point 95 994 619.811 174.691  -0.379381 -0.0818765  -0.927086  -0.550851  -0.345335    0.43106  -0.213634   0.526095  -0.131176  -0.266259
point 96 997 329.884 222.694   0.938218  -0.904401 -0.0910111   0.786132  -0.446142  0.0196431   0.681618  -0.836561  -0.264448   0.665948

