seq: 261
gt_pose:   6.38946  0.645628 -0.896702
odom_pose:    5.5526 -0.730744  -1.20916
point 0 0 433.674 147.946   0.559713   0.789988  -0.603939  -0.350876   0.506396  -0.466147   0.122159 -0.0486075   0.236654  -0.302005
point 1 35 598.402 204.371  0.140787  0.856402  0.418981  0.646388  0.383218   -0.4253  0.303473 -0.954586   0.10612  0.721591
point 2 45 584.012 228.248   -0.517704 -0.00311046    0.881914  -0.0298339    0.764018    0.959747   -0.654835   -0.096055    0.535962    0.576343
point 3 54 592.336 155.194 -0.651082  0.170568  -0.93298 -0.775343 -0.668424 -0.531625 -0.777607  0.159482 -0.857219   0.75807
point 4 56 591.584 191.133   0.26684 0.0891815 -0.920515  0.859715  -0.31526 -0.604865 0.0427348 -0.246686 -0.418552  0.347486
point 5 69   563.2 211.372 -0.338906 -0.827712  0.756331 -0.828146 0.0085181 -0.434511 -0.557971 -0.447929  0.278001  0.862097
point 6 91 445.944  227.44    0.44898 -0.0627946   -0.80857 -0.0929287    0.83774   0.734918   0.290462  -0.511854  -0.565806  -0.457049
point 7 94 298.749 165.546   -0.73804   0.364983  -0.485098   0.174681  -0.983178   0.627624 -0.0397483  0.0939966   0.572603  -0.715118
point 8 99 413.188 141.885 -0.520832 -0.634226 -0.702108  -0.78207  0.163262 -0.837712 -0.844316 -0.729573  0.506118  0.982327
point 9 112 196.063  233.25  0.0069026   -0.79381  -0.715311  -0.946884  -0.413963  -0.857469  -0.974419 -0.0626215  -0.172112   0.155613
point 10 152 563.034 144.809 0.0728205  0.445457 -0.579548 -0.572724  0.943799  -0.52954 -0.145164  0.605784  0.782798  0.286273
point 11 162 142.132 20.0039 -0.636958  0.297454 0.0472923 -0.696968  0.108453  -1.01089   0.64266 -0.705547 -0.641364  0.127456
point 12 174 559.986 150.493    0.674682   0.0821321    0.876812    0.127068 -0.00833023   -0.512642   0.0576879    -0.57527   -0.501994   -0.971705
point 13 177 358.355 169.542  -0.730479  -0.181187  -0.505598    0.40167   0.151019  0.0763992 0.00649404  -0.570569   0.514213  -0.331582
point 14 194 452.814 154.495  0.850115 -0.851954 -0.116769  0.828725 -0.674353 -0.682857 -0.180354  0.803217  0.575687 0.0551573
point 15 196 440.421 190.552  0.535342  0.478166 -0.909804 -0.869966  0.462643  0.980537 -0.798052 -0.782531  0.712096 -0.419942
point 16 207 418.157 236.307 -0.986393 -0.722824   1.00707  0.981211 -0.232489 -0.842174 -0.247576  0.553065  -0.63225 -0.815808
point 17 213 84.3844 86.4805   0.538834  -0.211567  -0.750754 -0.0126708 -0.0962607  -0.862589  -0.446487    0.73857   0.371346   0.139255
point 18 217  441.65 102.777  -0.427755   0.322286   -1.02229   0.236676   0.215111  -0.945266   0.659418    0.10687 0.00489007  -0.729521
point 19 224 456.573 178.892  0.892306 -0.588636 -0.762224  0.455799  0.413474   -0.4305  0.436857  0.473338 0.0804458 -0.161442
point 20 237 424.688 192.409 -0.0275587  -0.915733   0.653572   -1.01081   0.226449   0.888662  -0.993998    0.22438   0.309608   0.131647
point 21 252 504.984 189.962  -0.435841 -0.0596644   0.732246  -0.155424    1.00934   0.881525  -0.111508  -0.193902  -0.965813  0.0590601
point 22 256 591.362  219.83 -0.741063 -0.752103 0.0309066  0.710556  0.549945 -0.830954  -0.49298 -0.643092  0.702061 -0.114301
point 23 261 534.036 200.781  0.898376   0.46512   1.01563 -0.338186 -0.145327  0.180645 -0.696231  0.852842 -0.351069 -0.102242
point 24 279 223.561 151.397 -0.485887 -0.322819  0.227649  0.189548 -0.141646  0.695707  0.390355 -0.809679   0.91215  0.433935
point 25 289 331.039 155.115  0.852781 -0.470913  0.380777  0.992686 -0.878013  0.908832 -0.714957  -0.48317  0.985874 -0.302842
point 26 317 308.151 236.529  0.599129 -0.099186 -0.615924  -0.12006  0.662645 -0.463039   0.47088  0.719721  0.646513 -0.849696
point 27 348 309.107 162.733   0.871453   0.104782  -0.753623   0.183217   0.385607  -0.260665   0.147669  -0.674107 -0.0637177  -0.962305
point 28 354  380.42 237.356  0.302942 -0.208376  0.879733 -0.731109  0.477922  0.453224  0.690481 -0.164325  0.717879  0.201282
point 29 372 359.314 214.943  -0.170421   0.896736 -0.0294592  -0.558368   0.935924   0.648971  -0.636871  -0.996262  -0.422923    0.18581
point 30 373 501.531 236.316  -0.475035   0.872902  0.0084615  -0.330358   0.476542   0.556792 -0.0603783   0.702131  -0.344041  -0.795941
point 31 374 609.124 193.699  0.542088  -0.34826  0.314833 -0.632591  0.462967 -0.914628 -0.774655 -0.571353 -0.427041  -0.84562
point 32 394 433.248 192.051 -0.152333 -0.496977    1.0055 -0.322633  0.439249  0.972682  0.593925 -0.994376  0.193011  0.644784
point 33 403 515.394 192.242  0.184702  0.667413 -0.520712 -0.585398 -0.640321   0.47802   1.02256  0.678888 -0.984296 -0.628948
point 34 417 366.531 197.667 -0.809669  0.581782  0.109754 -0.486003  0.236338   0.53065 -0.758159  0.402753 -0.728225  0.235298
point 35 421 383.885 211.833 -0.783307 -0.849101 -0.140896  -0.74193  0.768055 -0.555018  0.278472  0.204998 -0.368049 -0.167545
point 36 427 129.046 27.2336  0.676105   0.90714  0.237716 -0.413732 -0.075095  0.807207  0.249288 -0.719235 -0.620869  0.645333
point 37 442 412.254  230.86 -0.180245  0.585312 -0.735067 -0.396075   0.56929 -0.576001  -0.27597 -0.365573 -0.685677  0.102128
point 38 444 583.279  169.91   0.589024  -0.879467   0.435669  -0.641059 0.00371399  -0.713031   0.934592   0.348665  -0.132401   0.516724
point 39 446 616.659 138.074    0.53729  -0.771719   0.617328   0.956407  -0.972087   0.174156   0.966536   0.469176   0.491381 -0.0379836
point 40 452 634.273 166.263  -0.879719   0.256203  -0.220605    0.73993    0.52036  -0.734906 -0.0879651   0.269612  -0.388867  -0.101254
point 41 468  638.82 153.872  0.540936  -0.27362 -0.485554  0.495259  0.121168  0.455501 -0.336333 -0.294907 -0.788567 -0.370755
point 42 481   525.7 225.572 -0.882325 -0.848524  0.363255 -0.579849 -0.313594 0.0438968 -0.151879  -0.82114 -0.419362  0.256516
point 43 482 525.915 214.273  0.538873  0.391463  0.265773  0.155624 -0.376257 -0.504001  0.204299 -0.219357  0.277524 -0.370052
point 44 509 524.319  198.07  0.289069 -0.901056 -0.277429  0.732932  0.835711  0.891112 -0.394087 -0.320294 -0.345028  0.958873
point 45 518 444.461 156.764  -0.92985 -0.933698  0.245658   0.82064  0.352902  -0.55438  -0.75954  0.643328 -0.414491  0.148273
point 46 550  124.61 179.644   0.290051  -0.139004  -0.719264   0.535013  -0.382246  -0.514257  -0.890604   0.193577 -0.0368284  -0.737607
point 47 571 569.815 98.4099  0.828768  0.798738  0.279641  0.654345  0.281667 -0.730732  0.943236 -0.381477  0.561769 -0.246108
point 48 582 318.808 103.782 -0.0549108  -0.810085  -0.512555   0.969634   0.171914   0.118979  -0.496958   0.238528  0.0355996   0.719097
point 49 604 294.453 231.207   0.317565  -0.909594  -0.912102   0.525802  -0.695279  -0.788436   0.203441  0.0531225 -0.0134145  -0.595279
point 50 608 298.351 191.637   0.674952   0.939535 -0.0980069   0.722257 -0.0807605   0.682772   0.408633    0.77897  0.0938287   0.946095
point 51 612 296.223 164.724 -0.714069  0.466353  0.228131   0.36369  0.409651  0.989229 -0.884662  0.148916  0.636674  0.516433
point 52 619 285.844 85.4479 -0.0174946   0.948831    0.38927  -0.956833  -0.958183  -0.563844  -0.803923    0.32276   0.513541  -0.317689
point 53 620 631.387 144.458   0.51934 -0.292001  0.882845  0.722702 -0.289378 -0.399678 -0.778244  0.378472 0.0278572  0.503385
point 54 621  209.05 127.572  0.866142 -0.060176 -0.900519 -0.197827  0.251108 0.0935936 -0.322592  -0.42501  0.113842 -0.246421
point 55 624 258.202 202.544 -0.0134685   0.660891  -0.760888  -0.696665   0.777841  -0.161031   -0.58872   0.147979   0.710068   -0.65563
point 56 632 260.146 228.531 -0.0684349   0.170432  -0.321969  -0.751681  -0.582424   0.616528   0.254013   0.140608  -0.678521  -0.032804
point 57 673 544.783 238.044    -0.4514   0.672449 -0.0105975  -0.248177   0.542069  0.0105687   0.376815  -0.496926  -0.394079   0.124207
point 58 698  353.43 217.493  0.307213 -0.495437  0.398118   0.39677  0.446544  0.516766 -0.845813 -0.425131 -0.125139  -1.00848
point 59 703 361.418 184.425    0.808784   -0.691731   -0.667037     0.91224   -0.318367    0.837343   -0.973967   0.0922012    0.768032 -0.00292676
point 60 731 621.738 222.565 -0.287326  0.345177  0.347123 -0.845398 -0.603001  0.976125  0.708379  0.767301  0.556147 -0.795787
point 61 737 194.162 126.531 -0.309342  0.123599 0.0688516    0.5502 -0.739798 0.0799585 -0.864268  0.121681  0.497678 -0.121297
point 62 740 229.416 176.696  0.453435   0.78447  -1.00614  0.589211 -0.147833  0.282723  0.704358 -0.434867  0.671619 -0.938756
point 63 743 572.902 216.668  0.188009 -0.519298  0.874881  0.279723  0.702497 -0.277474 -0.481982 -0.070765 -0.233041 -0.418234
point 64 753 331.187 181.985  0.571831  0.502411  0.190605 -0.971579 -0.710063  0.846967  0.110946  -0.18313  0.777586  0.569447
point 65 754 341.664 157.112 0.00336334   0.477254  -0.314873    -1.0126   0.260916  -0.489665   0.835279   0.715331   0.286205  -0.300614
point 66 768 503.199 101.873 0.0187571 -0.215077  0.241107  0.382687 -0.718229  0.243086 -0.159824  0.462368  0.777525  0.669305
point 67 775 636.324 168.204 -0.962996 -0.856106  0.935991 -0.745153 -0.600688 -0.932983 -0.810224 -0.946469  0.171054  0.265581
point 68 789 345.625 185.349  -0.638304 0.00602477   0.625425 -0.0473441   0.138826  -0.602203  -0.702074  0.0103404 -0.0161222   0.305138
point 69 791 567.236 183.872   0.74798 -0.632243 -0.820497  -0.56487   1.01765 -0.437435  0.385155  0.633362  0.520569 -0.488366
point 70 801 593.405 199.237    0.47247  -0.379656   0.353438   0.533792  -0.373524   0.598656  -0.443975   0.674669  -0.276023 -0.0105569
point 71 811 415.982 213.431    0.567724    0.666539 -0.00244141   -0.289169    0.304486    0.705855    -0.14074    0.330637   -0.551885    0.253025
point 72 839 365.404 205.705 -0.0348189  -0.244664  -0.836657  -0.874154  -0.260713  0.0603315  -0.121712   0.241212   0.710551   0.151028
point 73 845 256.147 217.078 -0.129941  -0.26708  0.854594  0.927815 -0.450142 -0.479697 -0.250167  0.428874   0.95539  0.886402
point 74 860 446.018 235.285  -0.779529  -0.904751   0.760332    0.59339    -0.8559    0.28339  -0.270084 -0.0425923  -0.832643  -0.516136
point 75 889 70.5307 213.094   -0.84568   0.264501   0.835204  -0.279557   -0.99093    0.43291 0.00104735  -0.737642   0.762464   0.095309
point 76 935 552.872 224.804  -0.726705  -0.876099   0.202213   0.957579   -0.63029   0.528696   0.294917   0.794159  -0.802692 -0.0885954
point 77 969 341.594 239.883  0.681142 0.0492216  0.963974 -0.128388  0.493101  0.215156  0.771286 -0.083692  0.180256 -0.139328
point 78 994 428.868  138.93 -0.300622 -0.101691  -1.01198  -0.53745 -0.287662  0.439544 -0.270997  0.500098  -0.13295 -0.257979
point 79 996 304.964 153.235   0.28735  0.504319  0.483555  0.989126  0.693588 -0.909012 -0.106591  0.662232 -0.430758  0.592673

