seq: 47
gt_pose: 2.04368 5.94692 2.77645
odom_pose: 2.60361 5.80755 2.75222
point 0 1 478.568 123.189  0.241935  0.478441 -0.717548  0.230089 -0.921941 -0.533004 -0.719669  0.621256 -0.668019  -0.20106
point 1 30 125.543 189.557  -0.751751  -0.922839   -0.86475 -0.0784222   0.525871      0.353  -0.119259  -0.806447   0.134699   0.149779
point 2 58 126.813 235.312   0.67099 -0.468968 -0.495796 -0.896555 0.0359174  0.800158   0.19281 0.0799822  0.630302  0.908389
point 3 70 16.5794 198.498  0.833006  -0.70761 -0.426475  0.131569  0.263343  0.726608 -0.493527  0.378164  0.301402  0.674509
point 4 73 80.8082 171.735     0.78032   -0.158074    0.796007    0.305328  -0.0450226 -0.00904408   -0.440661   -0.571875   -0.554849    0.133342
point 5 76 292.623 130.116  0.445615 -0.211467 -0.652503  0.639524 -0.705607  0.364961 -0.318212 -0.300647 0.0506094 -0.113795
point 6 88 4.13203 235.672    -0.196967 -0.000440552      0.41806    -0.984247     0.255574      0.19312     0.396922     0.086456      0.82506    -0.514949
point 7 93 87.9514 195.421  0.734007 0.0289985  0.198325 -0.811579  0.868974 -0.339067    0.1398 -0.921563  0.617111 0.0252938
point 8 101 184.234 181.673  0.657073 -0.197623  0.402823 -0.677163 -0.212178  0.830746 -0.319604 0.0273918 -0.912046  0.885973
point 9 103 246.402 115.978   0.466282  0.0979347   0.462126 -0.0924873  -0.217079   0.103063    0.69955  -0.872565   0.390028  -0.556349
point 10 145 436.796 237.314  0.610793  0.502783 -0.903579  0.621429  0.321703  0.808671  0.503044 -0.216412  0.632972  0.502678
point 11 173 406.919 111.068 -0.601192  0.550272 -0.730116  0.879412  0.238122  0.162062   0.59307 -0.847423  0.166408 -0.325269
point 12 181 191.127 177.149   0.756593   0.530445  -0.155708  -0.167945 -0.0996092   0.833561  0.0295339   0.952825   0.577862  -0.334006
point 13 189 267.425 221.706   0.897639 -0.0880407   -1.00466  -0.835232 -0.0596909   0.832954   0.700601  -0.462674  -0.345906   0.189989
point 14 192 399.8 165.3   0.488704   0.123744   0.501601   0.267947  -0.795307  -0.141845 -0.0681892    0.10079  -0.323559  -0.544403
point 15 205 498.351 162.117 -0.796367 -0.207306 -0.166289 -0.755778   0.46979  0.158442   0.17259 -0.719754   0.33803  0.109129
point 16 208 249.013 205.544 -0.967426 -0.328719 -0.892807 -0.148196 -0.243844   0.79546  0.926813 -0.652094  0.735414 -0.840709
point 17 209 179.574  234.06  -0.18938  0.217542 -0.350181  0.369555 -0.879737 -0.336299  0.573209 -0.862838 -0.325654 -0.636683
point 18 226 88.6707 1.03617 -0.0626089    0.44705   0.546935   0.654874   0.964176   0.504506  -0.949778  -0.855761 -0.0527974   0.433503
point 19 229 300.504 119.359  0.983067  0.112455  0.279317 -0.753205  0.927178  0.139334  0.471552 -0.376137  0.165631  0.115686
point 20 275 372.241 39.6075   0.932867 -0.0506172    0.51002  -0.817848 -0.0520875   0.121523  -0.335458   0.391935  -0.523734  -0.127633
point 21 285 225.545 149.506 -0.491228 -0.204832 -0.483317  0.984975   1.00139  0.823848  0.261821  0.592202 -0.337755  0.450385
point 22 302 51.4075  198.17  -0.766159  0.0953894   0.565709   0.662917 -0.0960059  -0.579306  -0.951003   0.183857   0.143438  -0.206584
point 23 307 125.723 224.519   0.100857   0.972817  -0.197449   0.579477   0.673561   0.825777 -0.0889118  -0.521452  -0.890567   0.480401
point 24 321 174.722 162.593    0.167637   -0.740193 -0.00345931    -0.91295    0.952991   0.0290507    0.308047    0.561791     0.83155    0.591395
point 25 322 195.211 172.618 -0.274457 -0.120655  0.455771 -0.781165  0.911112 -0.684844  0.950342   0.97266  0.316743  0.454941
point 26 333 468.138 183.457   -0.81677   0.468215    0.19841   0.142714  -0.751347   0.739105    0.91239  -0.078153 -0.0871906  -0.151246
point 27 337  393.52 213.511 -0.148502 -0.248922  0.300882 -0.471626 -0.434209  0.581653 -0.230227  0.421702  0.765588  0.403095
point 28 344 311.954 232.188 -0.465269 -0.212832 0.0925421 -0.656937  0.907528   0.78834 -0.318014 -0.341048  0.674672 -0.121409
point 29 346 30.4672 106.172  -0.510686   0.966409 -0.0243988  -0.751974  -0.125743   0.465189   0.013917   0.900972   0.786133  -0.178657
point 30 377 420.741 217.244  0.567602 -0.976639  0.196929 -0.485086 -0.762134  0.745069 -0.359793  -0.99191 0.0758954  0.689694
point 31 393 421.227 120.349   0.509158    0.08499  -0.315525     0.2781    0.92768   -0.17637  -0.629701  0.0948276   0.798159 0.00430586
point 32 402 272.912 202.913   0.264783  -0.251994   -0.04599    1.00107   0.462195 0.00554124 -0.0693003   0.442714   0.957991  -0.376985
point 33 404 282.738 152.249 -0.0204576  -0.911419    0.21171  -0.416379  -0.151322  -0.508247   0.319638   0.822807  -0.482544  -0.218159
point 34 405 33.6677 108.036 -0.109028  -0.91045  0.901217  0.721406 -0.187984 0.0155209  0.397423  0.290816  0.469053  0.784462
point 35 406 180.975 189.586 -0.173851   0.88797 -0.698918 -0.506906 -0.904453  0.302831 -0.428055  0.368051  0.823579  0.428405
point 36 408 611.989 90.0349 -0.350429  0.784355 -0.318363 -0.889373  0.162511  0.461676  -1.03469  0.514163  0.978778   -0.8978
point 37 428 59.8923 173.114 -0.491416 0.0615387  0.546543 -0.875227 -0.301864  0.525789  0.272204 -0.435119 -0.142629  0.128963
point 38 435 540.784 204.739  -0.810956   0.276846 0.00174924  -0.345751   0.571037   0.947855  0.0489564  -0.853074   0.231308  -0.949181
point 39 438 562.986  55.891 -0.671862    0.8391 -0.615769  0.948674  -0.29316  0.675287  0.839194   0.91523    0.3467  0.952033
point 40 453 271.583 235.932  -0.388687   0.359108 -0.0774992  0.0755266   0.369972  -0.540693  -0.823319  -0.249257   0.513876   0.274147
point 41 460 54.1096 205.606  0.763799  -0.56141 -0.321352  0.366835 0.0780227 -0.128677 -0.430966  0.255095 -0.818899 -0.787759
point 42 464 413.879 214.778 -0.048223 -0.928733 0.0481514 0.0562567 -0.452412  0.108844  0.406788  0.423209  -0.61443   0.21794
point 43 477 360.363 127.724  0.884324 -0.706679 0.0617009 -0.368721  0.207486 0.0716238  0.705806 -0.752989 -0.311462 -0.598789
point 44 478 225.554 192.519  0.130075 -0.686063  0.544106  0.828252 -0.381924 -0.373775  0.200739  0.177742 -0.431737  0.812075
point 45 494 7.03855 172.483  0.431007 -0.104231 -0.276282 -0.982526 0.0884326 -0.805617  0.541587  0.305011 -0.200364 -0.987278
point 46 520 249.852 85.5042 -0.267727 -0.911993  0.356078  0.332626  0.899517  0.376098  0.408362  0.129228  0.302053 -0.221023
point 47 527 94.7792 236.608  0.765134  0.495528 -0.816492   0.90382 -0.502355 -0.445719 -0.107044  0.761154  0.641854  0.725455
point 48 539 78.1009 138.268  0.807554 0.0755469 -0.951451 -0.620445  0.444067 -0.371636  0.959377 -0.655532  0.198302  0.210437
point 49 542 551.481 155.664  -0.737372   0.245424  0.0611862  -0.416379  -0.139647 0.00373852  -0.841433  -0.388173   0.540651  -0.184526
point 50 544 134.483 185.478 -0.0992917  -0.259958    0.67399  -0.121522  -0.691163     0.9416  -0.939389   0.352307  -0.392278 -0.0652958
point 51 552 27.6266 176.106  0.870299 -0.247809  0.844101 -0.153657  0.471259  0.107289  0.762782  0.741851 -0.379784 -0.584355
point 52 561 270.324 223.054 -0.858898 -0.298034  0.751837 -0.150874 -0.956007   -0.7412 -0.121713 -0.890434 -0.343641  0.683499
point 53 585 476.618 186.001 -0.955337  0.638268 -0.140631  0.799391  0.244967  0.362484 -0.527344 -0.661155  0.289784  -0.86223
point 54 613 139.635 170.159  0.764961  0.877895   1.01324 -0.716858 -0.755279   0.20824 -0.235291 -0.368745 0.0560887  0.939746
point 55 614 236.772 198.484  0.437601  0.606324 -0.628782 -0.699807  0.968322 -0.288714  0.735588  0.125189    1.0341  0.117618
point 56 616 270.807 226.223     0.852356     0.522426     0.539117     0.349994     -1.02826    0.0194417 -0.000649926     -0.58767     0.268586   -0.0635375
point 57 662 149.894 211.932   0.35475 -0.285906 -0.354424 -0.828052 -0.303779   0.80169   0.50467  0.982199 -0.682244  0.722619
point 58 669 93.1467 223.589   0.457745   0.633475  -0.695223  -0.430326   0.133955  -0.674066 -0.0396429   0.911911  -0.223149  -0.304311
point 59 674 373.369 230.437    0.83045  -0.783088   0.465547   0.776403  -0.419551  -0.533512  -0.672192   0.174069 -0.0837631   0.254415
point 60 725 49.3245 195.273 -0.743277 -0.757983 -0.774429 -0.949982  0.319355  0.359047 -0.872169 -0.788169 -0.463599 -0.252928
point 61 727 16.7393 226.341   0.0791963   -0.896395    0.598598   -0.636541   -0.250989    0.831794   -0.366119 -0.00637288    0.927149    0.871616
point 62 736 58.8672 187.007 -0.0951025  -0.933747  -0.200069  0.0617425  -0.276968  -0.254994    0.40373   0.676546  -0.922403    1.03829
point 63 780 363.914 238.587  -1.00147 -0.202865 -0.321291  0.131385   1.00312  0.543908  0.506696 -0.859788  0.285497  0.921117
point 64 798 124.861 166.447 -0.470548 -0.891504  0.994307  0.583087  0.485389  0.577932  0.639832  0.874468 -0.874066 -0.592612
point 65 800 119.988 167.331  0.560992 -0.931308 -0.502873 -0.122979   0.87028 0.0288229  0.036003  0.834476 -0.445241 -0.490227
point 66 826 412.271 166.349  0.557406 -0.164081  0.260187    0.5235  0.933859 -0.414672 0.0142629 -0.788655  0.805473  0.607538
point 67 830 463.406  163.82  0.809077 -0.383253 -0.919797  0.753282  0.777002   0.12741 -0.905881  0.976873  -0.94006 -0.058578
point 68 832 165.903 144.395   0.66274  0.980091 -0.394838  0.653562  0.754846 -0.555283 -0.718328   0.76921 -0.751635 -0.837114
point 69 847 203.975 162.763  0.109427  0.513967  0.393345  0.933584 -0.794245 -0.764889 -0.393813 -0.815085 -0.847294  0.230926
point 70 856 93.7072 174.246 -0.00542128    0.630696    0.368735   -0.583461   -0.567485   0.0058071    0.559106    0.866588    0.280795   -0.535873
point 71 858 49.2727 108.882   0.539526   0.178567  -0.145145 -0.0715155   0.715388   0.853587  -0.419924    0.14582   -0.74156  0.0338529
point 72 869  373.54 233.419    0.416349    0.717045   -0.737862   -0.582254 0.000227437   -0.722205     0.54235   -0.911399    0.866506   -0.886128
point 73 873 50.2383 178.981  0.290316 -0.572808 -0.906058  0.968096  0.944991  0.300794 -0.809228 -0.766815 -0.509899  0.284728
point 74 877 244.174 23.2624 -0.671536  0.888251  0.702042 -0.963453 -0.124588 -0.996236  0.896923 -0.610186  0.358413   0.43778
point 75 899 210.145 191.444 -0.466734 -0.521714   0.57891 -0.750561 -0.865424  -0.15016 -0.896252 -0.851202   -0.6376  0.233673
point 76 924 500.649 203.987    -0.45144   -0.516006    0.252092   -0.417546 -0.00829713    -0.12906   -0.975398  -0.0615317    0.762589   -0.214304
point 77 953  303.03 101.885  0.0221042   0.590236   0.811992  -0.615926  -0.145961 -0.0597525   -0.40929   0.719395  -0.718467   0.812726
point 78 966 386.858 208.683    0.716312    0.351148  0.00122061    0.527502    0.789008 -0.00552599   -0.773698  -0.0709038    0.756887   -0.602566
point 79 980 125.434 211.332  0.482247 -0.222915  0.590829 -0.509724  0.541808  0.420156 -0.810119 -0.233747  0.386583 -0.622121
point 80 990 509.147 153.145  0.638183  0.661492  0.889297  0.734961 -0.107832   0.21037  0.511282 -0.743702  0.710727 -0.784338
point 81 993  372.88 54.7999  -0.216759   0.985505  -0.465996   0.746609 -0.0423158    0.36859  -0.273548  0.0984024   0.392465  -0.321735

