seq: 41
gt_pose: 3.00375 5.24979 2.25111
odom_pose: 3.56552 5.06002  2.1779
point 0 1 330.483 172.988  0.309822  0.408023 -0.737071   0.22361  -1.00487  -0.53402 -0.713285  0.586587 -0.698707 -0.234444
point 1 40 484.143 145.819 -0.362995  0.798206  0.137764  0.318538  0.485681  0.547148  0.608215 -0.428669  0.235848 -0.095718
point 2 76 203.568 150.238   0.38772 -0.160798 -0.638172  0.631393 -0.693383  0.322733 -0.373419 -0.288529 0.0555033 -0.068534
point 3 100 96.2073 187.296   0.139378   0.580423  -0.136482    0.23918 -0.0648095   0.733782  -0.404214  -0.928164  -0.703716   0.503201
point 4 101  24.175 163.615    0.649959   -0.193047    0.393302   -0.685339   -0.228159    0.903287   -0.349139 -0.00427849   -0.898704    0.897947
point 5 103  208.77 188.894    0.42604    0.12975   0.506878 -0.0877645    -0.2096  0.0895684   0.725529  -0.895746   0.447393  -0.574247
point 6 173 290.735 158.583 -0.519235  0.507068 -0.761988  0.883937  0.203426  0.140662  0.597716 -0.811069  0.133648 -0.347228
point 7 180 513.584 55.6267 -0.178009 -0.510173 -0.663306 -0.672007  0.109661  -1.00715  -0.11971 -0.141236 -0.139095  -0.26599
point 8 181 65.3282 169.508   0.803603   0.527354   -0.23062  -0.176183 -0.0979776   0.766127 0.00780141   0.980436   0.587247  -0.298374
point 9 189 170.294 222.639   0.907351 -0.0870712  -0.906404   -0.82612 -0.0564703   0.845263   0.680456  -0.417684  -0.435576   0.149704
point 10 190 492.978 217.795   0.404589   0.665223 -0.0311922    0.79651   0.442584    0.50571   0.106522  -0.860747   0.418559  -0.473152
point 11 205 339.097 196.984 -0.788535 -0.228228  -0.15339 -0.722859   0.54063  0.172972  0.238076 -0.670646  0.380171 0.0839995
point 12 208 135.612 202.072  -0.882686  -0.276866  -0.916967 -0.0652023   -0.28288   0.774521   0.922115  -0.611274   0.759465  -0.835077
point 13 209 15.4492 232.144 -0.188845  0.166808  -0.31731  0.402552 -0.920453 -0.268799   0.60324 -0.824715 -0.343595 -0.674583
point 14 214 515.726 139.105  -0.697793  -0.569342  -0.650106  -0.144039   0.150734 -0.0421541   0.737132  -0.825581 -0.0702898  -0.426633
point 15 229 220.313 163.828  0.946232 0.0583215  0.254851   -0.7142  0.956038  0.175833  0.489618 -0.351975  0.142949 0.0578022
point 16 239 458.895 153.127 -0.472443 -0.916423 -0.761483  0.207878  0.580145  0.196768  0.221902  0.272359  0.219503 -0.544104
point 17 260 1.93598 210.796   0.327638   0.627126  -0.262357   0.466177  -0.491289    0.59715 -0.0221337  -0.134645  -0.162224   0.190995
point 18 264 478.358 153.005  0.908583 -0.154312 -0.369692 -0.130812  0.263384  0.722946 -0.820687  0.911479 -0.866905 -0.836882
point 19 275 266.755 123.156   0.945692 -0.0593141   0.485987  -0.753362 -0.0445945   0.180032  -0.286487   0.444349  -0.567574  -0.139946
point 20 281 70.7311 224.637 -0.859708  0.344396 -0.249431 0.0387165  0.541705  0.291912  0.685162 -0.152905 -0.461573 -0.426435
point 21 285 107.385   139.6  -0.48559 -0.172498 -0.479669  0.974778  0.980621  0.832528  0.344524  0.632914 -0.392858  0.393696
point 22 311 397.429 167.498  -0.496872   0.457606 -0.0530952   0.254088  -0.202067   0.404886   0.227691  -0.103225   0.158382   -1.00813
point 23 321 28.8097     146   0.107216  -0.736615  0.0190354  -0.956584   0.957565 -0.0187488   0.299785   0.598289   0.838497   0.627352
point 24 322 48.6912 155.633 -0.267684 -0.105421  0.471888 -0.751876  0.911975 -0.670466  0.893445  0.890778  0.386466  0.523654
point 25 324 474.642 126.485    0.0742454     0.322587    -0.753843    -0.467541     0.664144 -0.000710967     0.378422     0.125781     0.241191     0.383914
point 26 328 13.3899 187.947 -0.267712  0.409697  0.295832  0.286076  0.739999 -0.310243   0.68365  0.278584  0.905752  0.747544
point 27 332 160.191 211.622  -0.313712  -0.141396 -0.0484313   0.360432   0.683045   0.828788   0.793886 -0.0546805   -0.80184  -0.487451
point 28 377 298.557 226.048  0.522574  -0.97866   0.12873 -0.568075 -0.761877  0.750493 -0.409639 -0.949371   0.07275  0.700525
point 29 393 279.656 198.299  0.565804 0.0459634  -0.24741  0.282346  0.906778  -0.11871 -0.647544 0.0947895  0.718131 0.0611638
point 30 399 78.4671 230.187  0.866805   0.12908  0.414722 -0.147982  -0.25333  0.148999  0.507977 -0.679038 -0.698538   0.10313
point 31 402 186.884  209.79    0.26764   -0.30853 -0.0435988   0.957838   0.438162  0.0956485  -0.116202   0.461252    1.02408  -0.352288
point 32 404 189.544 161.589 0.00261236  -0.936517   0.172277  -0.387238  -0.131204  -0.525046   0.312755   0.829121  -0.537743   -0.21142
point 33 406 41.4939 180.109 -0.186062  0.902335 -0.653539 -0.570456 -0.856783  0.230191 -0.427891   0.35245  0.839461  0.415251
point 34 408 376.915 172.557 -0.418923  0.747544 -0.289861 -0.912781  0.204809  0.448843  -1.01275  0.440994  0.974765 -0.887982
point 35 435 353.328 222.366  -0.776037   0.321975 -0.0383238  -0.329053   0.522468   0.983253 0.00757043  -0.835432   0.230395  -0.977205
point 36 438  343.58 165.725 -0.699462  0.795045 -0.693035  0.954005    -0.289  0.704428  0.842136  0.886553  0.350411   1.03139
point 37 439 485.604 173.416  0.161071  -0.44104  -0.77173   0.29064  0.403024  0.690144 -0.404209  0.223068  0.112734 -0.156869
point 38 440 581.391 25.5367 -0.894308 -0.972775 0.0694164  0.959179   -0.5032  0.425827  0.709174 -0.236901  0.384013 -0.581003
point 39 450 228.553 83.9734   0.451574   0.238651   0.668074  -0.550043    1.00344    0.55997 -0.0267267  -0.862242   0.826364    0.70411
point 40 453  169.43 235.898 -0.425329  0.306782 -0.118573 0.0844245  0.279599  -0.52768 -0.912018 -0.281219  0.515127  0.291753
point 41 458 275.636 91.5595 -0.765642  0.193069 -0.752147  0.396487  0.539182  0.438209   0.76727  0.110432   0.94062 -0.548817
point 42 464 281.45 229.47  0.011176 -0.948897 0.0230101 0.0867898 -0.520745   0.13279  0.402979  0.442844 -0.607921  0.201382
point 43 477 260.958 155.953  0.955089 -0.636813 0.0928164  -0.43903   0.18625  0.112366   0.64851 -0.762924 -0.302681 -0.654834
point 44 478 123.331 193.034  0.137746  -0.70732  0.509214  0.852121 -0.409163 -0.359238  0.249557 0.0975066   -0.3937  0.832719
point 45 505 296.393  149.59  -0.600589  -0.236059   0.254402   0.242528   -0.75862  -0.436158  -0.815291   0.889059  -0.495395 -0.0176242
point 46 520 176.258 127.234 -0.260125 -0.889445  0.341623  0.371344  0.851755  0.440407  0.387822  0.124171  0.256427 -0.232782
point 47 524 9.28204  220.95  -0.258597    0.75093   0.325709 -0.0180655   0.953423  -0.551013  -0.171375   0.139237   0.226221  -0.771355
point 48 542 360.419 197.224  -0.683257   0.174565  0.0195782  -0.420246 -0.0766502  0.0675737   -0.86435  -0.389646   0.490681  -0.152436
point 49 561 171.197 223.526  -0.859076  -0.364342    0.72048  -0.169198  -0.927472  -0.738773 -0.0941918    -0.9056  -0.351544   0.668242
point 50 569 514.224 152.807 0.0520044  -0.72582  0.377739  0.234837 -0.224077  0.415424  0.451046 -0.563692  0.955775 -0.440242
point 51 585 328.881 209.199 -0.904766  0.603431 -0.148447  0.817149   0.29494  0.435605 -0.518849 -0.712228  0.245719 -0.920716
point 52 614 116.759 192.673  0.502656  0.611981 -0.669188 -0.766109  0.955654 -0.300584  0.771714  0.140043   1.00707   0.14584
point 53 616 168.735 226.128   0.851953   0.542309   0.540923   0.402874   -1.03346 -0.0664202  0.0728098  -0.602957    0.24596 -0.0118391
point 54 640 493.901 202.311 0.0452885  0.734673  0.929842  0.464222  0.143749 -0.362991  0.580252  -0.28086 -0.144272  -0.25331
point 55 649 0.00722908    231.058   0.578075  -0.105696 -0.0816716  -0.283457  -0.516015  -0.118121   0.236379  -0.608694  -0.979529  -0.350968
point 56 669 49.8867 227.629   0.505924   0.628775  -0.715726  -0.474792   0.215731   -0.65497 -0.0662031   0.973248  -0.261713   -0.27338
point 57 674 271.007 232.907   0.837804   -0.72415    0.40454   0.694938  -0.370929  -0.468699  -0.692503   0.185497 -0.0846343   0.244186
point 58 678 329.372 35.3537 -0.843608 -0.928906 -0.401068 -0.400899  0.066151  -1.00529 -0.909263 -0.150595  0.257256 -0.382188
point 59 705 118.299  238.98 -0.0634954  -0.759248  -0.169248   0.581843   -0.95742  -0.352786   0.876785  -0.650007  -0.364454  -0.402076
point 60 711  382.58 209.502 0.0682143    0.1887 -0.940293  0.906343  0.924196  0.993189  -1.00692  0.912878  -1.00396  0.577006
point 61 729 46.7774 238.862 -0.401372  0.604766  0.413101  0.642215 -0.621738 -0.526949  0.728078 -0.968151 -0.111359 -0.593152
point 62 779 628.448 218.639  0.260603 -0.771567 -0.934081 -0.767735   0.62636 -0.495333  0.885108 -0.729069 0.0504867  0.466565
point 63 780 261.929 239.147 -0.954162 -0.262535  -0.28019  0.134131  0.962124  0.519595  0.456702 -0.823196  0.248212  0.966276
point 64 816 135.575 173.936  0.602117 -0.234739 -0.895515  0.448192  0.261607 -0.412286 -0.415605  0.949725  0.431651 -0.258074
point 65 822 379.539 219.432  0.720751 -0.253501  0.849739 -0.301749  0.235998 -0.876703  0.713428 0.0407438  -0.32913   0.20352
point 66 826 295.115 192.515   0.531002  -0.254107   0.220175   0.538197   0.946579   -0.39568 0.00464755  -0.725928   0.761058   0.660637
point 67 832 29.2322 129.612  0.638571   1.00222 -0.352684  0.636967  0.730383 -0.467165 -0.712468  0.796775 -0.843748 -0.829536
point 68 847  123.64 174.897  0.151871  0.465894  0.325435  0.917257 -0.715013 -0.772303 -0.376307 -0.864617 -0.867484  0.186074
point 69 853  475.66 125.622  -0.377103   0.875106   -0.61914 0.00162686  0.0806461  -0.757596  -0.354233  -0.379267  -0.771048  -0.709816
point 70 877 188.619 113.863 -0.685898  0.913892  0.752882 -0.988371  -0.17259   -1.0264  0.817631 -0.629882  0.414296  0.400744
point 71 897 382.411 123.554  0.210407  0.850106  0.976366  0.559228   0.14506 -0.836404 -0.124771 -0.184796 -0.845497  0.256528
point 72 899 67.2333  178.86 -0.498807 -0.485303  0.531038 -0.712757 -0.909375 -0.223125 -0.851523 -0.902987 -0.570668  0.256069
point 73 901 591.991  178.03  -0.726947   0.436014  -0.946578   0.829464   0.810307  -0.404722  -0.670951   0.392555 -0.0991847  -0.587428
point 74 907 493.591 205.564 -0.700988 -0.888579 -0.864807  0.548114 -0.830995  -0.87628 -0.284039  0.690358 -0.283252 -0.620884
point 75 924 336.054  221.12  -0.487341  -0.535759   0.269579  -0.436215 0.00563352 -0.0933032  -0.993388  -0.025989   0.763623  -0.218162
point 76 947 353.921 94.5992 -0.381042 -0.968816  0.857351 -0.590257 -0.493142  0.912494  0.640644 -0.728927 -0.877272  0.706692
point 77 953 214.764 133.337 -0.00486323    0.529728    0.741714   -0.567091   -0.108765  -0.0608753   -0.467246    0.753368   -0.704023    0.764383
point 78 960 22.5831 202.688 0.0313053 -0.723952 -0.676256   1.00768  -0.64094 -0.140708 -0.913755 -0.407025  0.610279  0.151957
point 79 966 281.316 216.923   0.678908   0.328229  0.0384762   0.519906   0.766351 -0.0382514  -0.714917 -0.0558711   0.699354  -0.535476
point 80 984 326.986 123.346 -0.421878 -0.817953 -0.972976 -0.510126  0.467522  0.614171 0.0371998  0.476505 -0.559776 -0.645971
point 81 990 344.995 192.214  0.661616  0.683766  0.896287  0.730489  -0.15635  0.249513  0.518441 -0.740587  0.732664 -0.754193
point 82 993 267.118 132.241   -0.15536   0.970039   -0.45877   0.745263 -0.0653785   0.353159  -0.307619   0.134121   0.392067  -0.313338

