seq: 310
gt_pose:  2.20661 -4.13822  2.17476
odom_pose: 0.179861 -4.40069  2.01358
point 0 5   298.9 144.141 -0.0106476   0.327748  0.0408822  -0.950342  -0.151544   0.835481   0.823845   0.408235  -0.479904   0.523562
point 1 14  404.46 191.438 -0.838296 0.0578436  0.515351 -0.438785  0.974961  0.192009  0.777943   0.53318  0.223669 -0.932604
point 2 17 513.842 123.771  -0.469067  0.0425684    0.46037  -0.799346 -0.0440698   0.173115   0.840134  -0.113005  -0.325267   0.651461
point 3 28  93.92 203.32  0.232082  0.986002 -0.325121  0.777564 -0.690442 -0.156851 -0.984928  0.616199  0.586676  -0.40688
point 4 42 614.212  143.35  0.0762265  -0.824377 -0.0683883    0.01759  -0.950049   0.621199  -0.245724   0.300981  -0.115699  -0.711228
point 5 44 479.593 195.266  -0.588203   0.261392   0.848188   0.519931 -0.0492965   -0.15875   0.683262   0.931821   0.897108   0.832292
point 6 57 538.459 151.512  0.438961 -0.330155  -0.57052  0.499398 -0.447273   0.35499  -1.01509  0.681004  0.692299  0.241984
point 7 64 536.315 195.334  0.932967  0.520016 -0.715042 -0.874956 0.0603685 -0.157663 -0.585859 -0.129245 -0.660271  -0.36244
point 8 72  216.89 205.865 -0.782365  -0.30695  0.710852  0.182627  -0.75597  0.658549  0.480991 -0.234678  -0.24294 -0.180683
point 9 78 316.168 203.503 -0.947177 -0.805304  0.603609  0.760348   1.01033 0.0139252 -0.391275 -0.600134 -0.269345 -0.144378
point 10 80 182.108 233.445 0.0947353  0.498701   0.95133  0.938344 -0.815745 -0.967241 -0.879279  0.843974  0.806239 -0.936586
point 11 92 287.408 207.406  0.192348  0.725325 0.0053049  0.984883  0.298407  0.250313   1.00818  0.619852 -0.241607 0.0427494
point 12 109 350.407 229.725  -0.472953   0.867114  -0.859065  -0.377405   0.531734 -0.0970947   0.680757    0.63272   0.061112   0.292237
point 13 110 435.973 182.893  0.803667  0.973422 -0.628494 -0.307624 0.0705813  -0.67388 -0.619689  0.544969  0.759354  0.237356
point 14 113 461.709 217.475 -0.0352633  -0.561975   0.622482  -0.872148   0.521715  -0.372193  -0.873804    0.62826  -0.239622 -0.0798408
point 15 116 274.349  145.01  0.939884  0.588841  0.371727 -0.483757  0.575503 -0.132714 -0.375606  0.569789  0.400692  0.776172
point 16 119 535.606 146.392 -0.424708 -0.385208  0.856639  -0.36288  0.795475  0.440649  0.902122 -0.476229 -0.788646  0.370218
point 17 123 339.982 128.605  0.135158 -0.780875 -0.206629  0.317599  0.858649  0.665168  0.230937 -0.239345  0.378446 -0.622581
point 18 129 86.8526 151.548  -0.534712   0.800278   0.986658  -0.655026   0.212971  -0.692826   0.914721 -0.0492876  -0.947683  -0.147193
point 19 132 441.778 208.976   0.184857  -0.884623   -0.96706 -0.0353018  -0.738264   0.879223   -0.84161   0.315746   0.838234   0.698172
point 20 140 593.273 191.529  -0.523866 -0.0929665   0.634399   0.141091   0.841341  -0.799823   0.343459   -0.65142  -0.363313   0.914392
point 21 146 129.899 105.543  0.987245 -0.480705 -0.699239  0.108776 -0.631827 -0.193037  0.944364 -0.464827  0.131333 -0.758423
point 22 148 453.36 174.03 -0.0614786    -0.2151  -0.227578   0.496634 -0.0346857  -0.184673  -0.957704   0.205358   0.932765  -0.685385
point 23 159 415.768 213.435  0.242835 -0.973231 -0.884963 -0.172593 0.0482968 0.0948381  0.967278  -0.29582  -0.41316  -0.72725
point 24 165  396.38 200.416  0.473246 -0.747214  0.454317  0.631508 -0.763355  0.637863 -0.588772   0.83207  0.373348 0.0209645
point 25 169 471.041 203.246  -0.542213   0.467235   0.755877  -0.297821 -0.0885253   0.507657    0.36894   0.440577  -0.665027  -0.543556
point 26 170 588.155 237.175  0.108049 -0.338175  0.277708  0.177446  0.826078  -0.19361 -0.894633  0.715668  0.411215  0.733646
point 27 179 509.006 204.593 -0.0306811  -0.817613  0.0862723   0.840664   0.707301   0.377963  -0.345305  -0.806838  -0.238876   0.825551
point 28 184  365.19 186.594   -0.27186   0.456811  -0.409412 -0.0138889   -0.62693  -0.253982   0.120459  -0.421318  -0.454249   0.354932
point 29 195 14.3528 125.029    0.329602 -0.00455322   -0.263652   0.0462493    0.571043   -0.282268    0.325414    0.589541   -0.446224   -0.250568
point 30 197 50.6368 177.516 -0.841492  0.631637  0.118902 -0.224619  0.771312 -0.581805  0.754161 -0.411279  0.523471  0.377243
point 31 200 338.416 166.794  -0.437678  -0.684783   0.671636   0.382433   0.183973   0.594799 -0.0580876   0.917017    1.02665 -0.0724964
point 32 202 533.785 141.203 -0.573662  -0.22409  0.198692  0.331977  0.136747  0.767928  0.601153 -0.221166  0.154749   -0.1359
point 33 216 301.323 199.226   -0.67564  -0.891026   0.819346  -0.827242  -0.550775  -0.863686  -0.327838  -0.211326 -0.0346854   0.836383
point 34 245 317.037 202.545 -0.626166 -0.357164  0.416729  -0.73916 -0.461225  0.377708  0.920416 -0.648846  0.154944  0.808156
point 35 262 305.704 185.344 0.0394575  0.324672 -0.268575  -0.58099  0.972775  0.970296 -0.936845 -0.389586  0.441245 -0.415528
point 36 277 207.214 78.6239 -0.480007 -0.864928  0.242609 -0.862226 -0.955725   0.20124  0.132053  0.468958  0.406431   -0.8602
point 37 280 558.709 228.672 -0.244924   0.18423  0.570388 -0.110795 -0.274737 -0.378865  0.782422  0.874986 -0.143821  0.745587
point 38 284 16.6701 206.489  -0.203669  0.0872958  0.0631318  -0.290183    0.84842   0.465484   -1.01497    0.88236 -0.0586213   -0.68861
point 39 296 481.299 103.878  -0.02916   -0.6037 -0.387588  0.287114 -0.207774  0.635388  -0.61976   1.00827 0.0804019 -0.352337
point 40 301 394.679 206.066  0.137807 -0.508612  -1.00644  0.417375 -0.983525 -0.687415 -0.569004  0.475955 -0.763681  0.103657
point 41 306 31.3781 167.835  0.499452   0.21567  0.489061 -0.179553  0.281778 0.0587225  0.282509  0.883208  0.684947  0.315032
point 42 308 54.1615 196.528 -0.563402  0.923009 0.0525793 0.0340249 -0.766818 -0.510827 -0.801169  0.749488  0.348986  0.483659
point 43 309 141.085 197.284 -0.525684   1.02034 -0.921291  0.759231 -0.213129  0.132476  0.715996  0.535258 -0.218446  0.445633
point 44 313 551.774 80.3605   0.162968   0.379807    0.16833  0.0707002   0.517399   0.648015  -0.381181  -0.631708 -0.0816061   0.436947
point 45 315 506.296 220.825 -0.801165   -0.4051 -0.900791  0.149005 -0.335456  0.162764 -0.584357     0.778 -0.688704  0.909238
point 46 319 570.828 123.605 -0.925358  0.264687  0.590649 -0.200206 -0.668013  0.177293  0.649857 -0.317697   -0.9515  0.367574
point 47 325 596.603 210.376 -0.220269 -0.269759 -0.620583  0.165071  0.248986 -0.344828 -0.312172 -0.445135  -0.56357 -0.974072
point 48 334 225.643 206.122 -0.333788 -0.352023  0.958629 -0.691999  0.250864 -0.363638  0.188063 -0.816919   1.00288 -0.103942
point 49 350 149.693 162.869 -0.753421 -0.880931  0.980978  0.211374  0.468193  0.835489 -0.735227  0.719667 0.0220091   0.58587
point 50 352 308.265 217.016  0.515826  0.346305  0.451878 -0.727014  0.557733  0.706857 -0.677984  0.539042 -0.122311  0.858803
point 51 353 563.071  182.17 -0.496534 -0.268374  0.959192  -0.29512 -0.280864  0.366654 -0.013203 -0.535144 -0.398409  0.145586
point 52 359 203.145 12.2535 -0.0790046  -0.290615   0.650758  -0.591456    0.72431  0.0720491   0.222995   0.148741  -0.540675  -0.221858
point 53 364 320.623 202.015  0.0913956   0.796219   0.704734  -0.641885   0.885177  -0.534714  -0.610454  -0.907733   0.105697 0.00819794
point 54 367 447.661 159.935  -0.729705  -0.899895    0.94027  -0.441182  -0.526424   0.708669  -0.343081 -0.0941901  -0.562324  -0.813407
point 55 369 34.7292 229.149  0.409068 -0.416269 -0.885538 -0.531889 -0.344048 -0.591133 -0.432646 -0.499418 -0.010392  0.141567
point 56 396 604.984 157.481  0.294282 -0.714973  0.845435  0.749503 -0.347882 -0.326502 -0.827045 -0.448452  0.397636  0.641579
point 57 398 490.389 214.924 -0.801512  0.926954 -0.691326   0.44095 -0.984426  0.558685  0.678659  0.918778  0.271655 -0.673146
point 58 425 351.628 239.939 -0.480596  -0.42187  0.410601 -0.485403  -0.59089 -0.617944 -0.123742 -0.945188  0.873485  0.885315
point 59 448  550.59 202.944  0.819628  -0.45784 -0.807429 -0.645777 -0.333927  0.717099 -0.437011 -0.736916  0.641282 -0.443225
point 60 469 506.383 119.201 -0.0483271  -0.846333   0.988688   0.918407  -0.164267  -0.482294  -0.812286   0.788052   0.164104  -0.891335
point 61 470 188.984 234.973   0.432143 -0.0861139  -0.601348   0.873435  -0.291721   0.914893  -0.429211   0.166979   0.384335   0.762605
point 62 472  264.15 199.256  -0.931391 -0.0762068   0.672478  -0.217737    0.96005   0.120419   0.667121  -0.732697 -0.0658976   -0.58571
point 63 475 236.651 209.279   -1.02271  0.0602515 0.00195861   0.534593  -0.334994  -0.384117  -0.105332 -0.0104137  -0.684448  -0.266695
point 64 519 451.297 136.184  0.353667  0.418863  0.607125   0.18193  0.724072 -0.814844 -0.879718  0.919953 -0.297825  0.497771
point 65 529 250.537 164.243  0.440973 -0.341552 0.0401553   -0.3492  0.658559 -0.157212 -0.901443  0.801901 -0.191059 -0.400347
point 66 559  163.47 211.225 -0.523695  0.993201  0.993239 -0.671403 -0.165467  0.777912   0.54793 -0.613107 -0.573417  0.817331
point 67 568 296.438 205.877 -0.955487 -0.630417  0.984058 -0.643201  0.375481  0.509563 -0.998012 -0.785135 -0.781653 0.0955451
point 68 573 501.969 144.444  0.908951 -0.247922   0.29778 -0.424271 -0.273679  0.046864 -0.718731 -0.975035  -0.25963  0.592156
point 69 581 530.921 239.667 -0.637662 -0.517984 -0.265275   0.95984 -0.955631 -0.147974  -0.17165 -0.817829   0.86257 -0.135624
point 70 607 284.768  238.17  0.836851  0.406287 -0.358412    0.1453 -0.385667 -0.405178 -0.454746  0.243827  0.917794  0.729123
point 71 617 361.145 168.307 0.0592081  -0.78001  0.266754   0.16091   -0.5134 -0.975915  -0.24254  0.337951 -0.785642 -0.660679
point 72 648 108.946 220.637  0.0797191    0.44572  -0.755832  -0.900856  -0.792904 -0.0394934    0.66387  -0.993023  -0.255606  0.0681672
point 73 655 464.299 226.159 -0.0853463   0.659232   0.451851  -0.562759  -0.528505  -0.410647  -0.982795  -0.731949  -0.848293   0.841495
point 74 661 365.829  166.08  0.259583 -0.555686  0.409106  0.425564  0.146646  0.100115  -0.87936 -0.698172  0.270809  0.424933
point 75 667 461.444 185.973 -0.983881  -0.64445  -0.25731 -0.592935  0.795112 -0.738588 -0.524743  0.694334  0.571822  0.363546
point 76 679 138.778  214.36   1.01087 -0.250745  0.157481  0.670226  0.922526 -0.449994 -0.377518 -0.372395  0.856914  0.889997
point 77 691 298.718 203.357  0.528026  0.978733   0.26458 -0.250763 -0.945784  0.123341  0.304484 -0.357463 -0.901742  0.026275
point 78 695 312.908 195.265   0.740504  -0.183483   0.364155  -0.391755   0.430305 -0.0279617   0.904682  0.0349844   0.549638   0.763454
point 79 720 188.833 174.324  0.358985 -0.573585  0.440493   0.37032 -0.754244 -0.967039 -0.561984 -0.859642  0.495209 -0.803019
point 80 748 89.4328 214.255 -0.971679 0.0685337 -0.434513 -0.883474 -0.525201  0.207499 -0.243595  0.932404  0.769382  -0.35614
point 81 752 371.344 167.997  0.834434  0.796854 -0.489263 -0.215621 -0.174791 0.0412658  0.365333 -0.626734 -0.660729 -0.456133
point 82 755 98.1346 236.263   0.13213  0.121669 -0.105094  0.763226  0.482347 -0.451968  0.328883   -0.3056 -0.420612  0.512695
point 83 760 40.6405 165.327  0.855573  0.141544 -0.420303  -0.72283 -0.546935  0.441143 -0.730618 -0.695995  0.848468 -0.341585
point 84 767 81.2287 237.758 -0.0485974   0.105754  -0.130186  -0.722221   0.339255 -0.0768574   0.107597  -0.112137   0.330001   0.760146
point 85 769 159.979 178.093 -0.896253  0.685291 -0.560458 -0.258501 -0.325946   0.36538  0.783739  0.517822  0.631385  0.107496
point 86 776  316.13 138.142  0.881888 -0.130478 -0.189767 -0.529297  0.716961 -0.841731  0.389192 -0.445815  0.772039 -0.754186
point 87 777 454.077 186.814 -0.617421   0.66827 -0.279524 -0.503225  0.552095 -0.220349 -0.352707  0.553901 0.0187741 0.0916693
point 88 783 78.5932 212.293  0.960427 -0.396403   0.55682  0.845227   0.84992 -0.636751 -0.902966 -0.475387  0.219708 0.0844447
point 89 794 351.442 204.031   -0.433154    0.440567   -0.312866   -0.639377 -0.00767421     0.66022    0.436536   -0.482138    0.181844    0.478243
point 90 797 372.288 166.223  -0.737137  -0.683773   0.675879  0.0141952   -0.21243   -0.59768 -0.0264712   0.537311  -0.100906  -0.269665
point 91 804 568.122 210.816  -0.840823  -0.685498  -0.677088  -0.542092    0.49531   0.665186 -0.0667088    0.51268  -0.594668   0.109061
point 92 815  564.69 45.4088 0.0791432 -0.216437  0.995256 -0.266361  0.666857   0.64383 -0.385812 -0.641634  0.788176  0.861384
point 93 819 200.841 146.466  -0.527816   0.449892  -0.728447   0.772624    0.96951 -0.0567881    0.30644   0.779439  -0.416652  -0.113198
point 94 836 100.464 212.846   -0.72108  -0.657133  -0.225328 -0.0199561   0.571236   0.242655  -0.351558   0.674294   0.187838  -0.980475
point 95 837 630.753 118.822 -0.0825151  -0.235125  -0.551481  -0.354077  -0.806284   0.140868  -0.485882  -0.346165  -0.842537  -0.438836
point 96 841  340.34 161.544  0.113902  0.958891  -0.91488  0.943005 -0.365926  0.066026 -0.265765 -0.220045  0.270889  0.480583
point 97 843 406.447 159.879 -0.412179 -0.181178 -0.146605  0.482634   0.14823 -0.945321  0.412715  0.269996   1.01519  0.951575
point 98 846 591.979 232.543    0.46438   0.298749   0.407854  -0.855717  -0.879411 -0.0119139  -0.679796  -0.306229  -0.351455   0.187234
point 99 852 59.3466 163.854   -0.376164   -0.245911    0.950969    0.226571 -0.00966276   -0.562446    0.101545    0.854852    0.714663    0.576069
point 100 861 140.445 150.835   0.127578   0.681337   0.852029  -0.093454  -0.500962   0.272103  0.0464129   0.180787 -0.0457479  -0.482363
point 101 862 272.393 193.426  -0.81232 -0.381922 -0.688431 -0.255474  0.628994 -0.472857 -0.146101   0.35128 -0.912678 0.0773821
point 102 867 514.212 208.939    1.00036   0.131228  0.0890354   0.608725  -0.401081 -0.0834521  -0.766623  -0.394435    0.64357 -0.0578071
point 103 876  332.77 166.802    0.461143   -0.686649    0.871323   -0.201485 -0.00116513   -0.955811   -0.991147    0.337774    0.852293    0.324175
point 104 880 343.881 202.551 -0.583425 -0.496418 -0.244093  0.664835  0.586441 -0.245956 -0.338353  0.629407  0.836638   0.63303
point 105 886 574.471 175.701 -0.353291 -0.861369 -0.504243 0.0159962  0.380039  0.948433   0.87122  0.851412  -0.71919 -0.829715
point 106 888 181.411 157.136 -0.641611  0.724226  0.500921  0.479241   0.34483 -0.851869   0.70924  0.896871  0.148783 0.0605922
point 107 894 178.384 201.986  -0.201657   -0.60078 0.00721246   0.758897  -0.602311  -0.695712   0.805103  -0.375343  -0.997505  -0.836823
point 108 908 305.736 152.915  -0.97352 -0.882508  0.923342 -0.675657  -0.74912  0.960122  0.627383 -0.831048 -0.566463  0.244845
point 109 910 490.155 204.179  -0.899148   0.616233   0.484855 0.00734379   0.629269   0.502725  0.0778741   0.555891   0.724743   0.316447
point 110 915 53.1464  215.67  0.157369   0.67931  0.124302 -0.070808 -0.719711  0.375807   0.94803 -0.493094 -0.167471 -0.385246
point 111 920 621.163 207.037 -0.876204  0.726431 -0.351237 -0.399004  -0.42174 -0.183312  0.788177 -0.854689   1.01474   -0.5207
point 112 927 418.337 198.029 0.000247692    0.867082    0.525727       0.395   -0.922101    0.361385  -0.0236158    -0.35313    0.739354    0.918967
point 113 928 565.603  194.28 -0.132115  0.893917 -0.830115 -0.851513 -0.292882  -0.61064 -0.645243 -0.366373 -0.507006  0.274915
point 114 936 247.242 83.4956 0.0894951 -0.383147 -0.376346 -0.351898 -0.438275  0.918369  0.115815 -0.675067   0.13857  0.115508
point 115 942 362.338 218.574 -0.756009 -0.290194  0.667461 -0.473012  0.216704 -0.257124 -0.742556  -0.92308     1.008  0.437624
point 116 944 311.568 194.313   0.518204   -0.48932  -0.313989  -0.534491   0.694803 -0.0576037   0.167132   0.317052   0.497109  -0.602702
point 117 958  277.18 168.048   -0.4464 -0.859168 -0.789798 -0.207078 0.0196496 -0.351391 -0.236569  -0.19718  0.432479  -0.86877
point 118 962 233.607 202.564  -0.220102  -0.314608   0.900522  -0.804731   -0.79217  -0.100648  -0.510668  -0.480598 -0.0326745  -0.179825
point 119 963 550.187 186.867 -0.0467524  -0.847526  -0.369245   0.405268  -0.856997   0.236576   0.970178  -0.896755  -0.166846    0.50204
point 120 965 235.522 123.018    0.90865   0.588529   0.527039 -0.0955569  0.0559652  -0.485582   0.135676   0.676545   0.919127   0.282222
point 121 971 561.176 183.115  0.728577 0.0263436  0.325055 -0.678577  0.949391 -0.066452  0.368857  0.955609  0.774356 -0.157878
point 122 979  433.96 178.671 0.0341687  0.487504 -0.132563  0.417931    0.1652  0.358353  -0.57019 -0.114294  0.595119 -0.337382
point 123 989 480.866 238.063 -0.677891  0.330928  0.465515 -0.642926 -0.030116 -0.580961  -0.14338  0.518521   0.51297 -0.542006

