seq: 264
gt_pose:  6.73018 0.151719 -1.04156
odom_pose:  5.73503 -1.33808 -1.33087
point 0 0 428.464 126.271   0.565243   0.820645  -0.569263  -0.350239   0.534726  -0.481487    0.07079 -0.0129639   0.277239  -0.306781
point 1 35 566.946 204.869  0.145136  0.879517  0.359647  0.589855  0.347043 -0.347703  0.267433 -0.997253 0.0614111  0.656809
point 2 45 573.138 227.423  -0.530493 -0.0877885   0.898233 -0.0306381   0.788815   0.962115  -0.602693  -0.103056   0.532241   0.538684
point 3 46 370.407 200.818   0.902686  -0.346152  -0.242103  0.0828798   0.128368   0.245739  -0.643671 -0.0117563  -0.296142   0.351531
point 4 54 569.775 153.396 -0.575901  0.156372 -0.859015 -0.813445 -0.691015 -0.476251 -0.765616  0.198326 -0.907706  0.786641
point 5 56 555.466 192.761  0.306248 0.0337748 -0.952056  0.850707 -0.260459 -0.603749 0.0104893 -0.173804 -0.369975  0.346833
point 6 69 526.811 212.507  -0.394007  -0.747483   0.804047   -0.81238 -0.0877704  -0.462706  -0.565993  -0.447578   0.294261   0.862209
point 7 91 422.948 226.971   0.449654 -0.0713527  -0.822655   -0.11829    0.89108   0.798242   0.320475  -0.446523  -0.563637  -0.477523
point 8 94 259.02 141.24  -0.744139   0.406559  -0.560978   0.237041  -0.950609   0.606544 -0.0762723  0.0943203   0.624406  -0.703065
point 9 99 394.826 130.475 -0.521161 -0.637525 -0.709825 -0.834683   0.17573 -0.841717 -0.825123 -0.725128  0.502463   1.01778
point 10 112  103.44 230.099   0.011459  -0.796792  -0.788416  -0.956413  -0.442306  -0.877234  -0.920624 -0.0609519  -0.226546   0.111577
point 11 118 633.493 181.522   0.885999   0.902721   0.692278  -0.462989 -0.0092386   0.569531  -0.857141  -0.600598  -0.879366   0.721414
point 12 152 530.629 146.866  0.0922337   0.422747  -0.668512  -0.568393   0.903704  -0.513832 -0.0928894   0.661251   0.740261   0.312098
point 13 174 554.851  141.22  0.706819  0.136341  0.835809    0.1861 0.0363495 -0.481988 0.0969549 -0.576796 -0.469671 -0.886872
point 14 177 336.177 152.331  -0.676041  -0.167668  -0.481299   0.453648   0.169853   0.102526 -0.0114188  -0.567499   0.505642  -0.319062
point 15 182 598.822 232.258 -0.879136 -0.974181  -0.78558  0.895797 -0.716513 0.0870804 -0.671734 -0.452886  0.367139  0.446947
point 16 194 432.047 149.743  0.833583 -0.881553 -0.126355  0.747174 -0.619821 -0.677522 -0.130331  0.822748  0.643059 0.0310452
point 17 196 419.033 187.813  0.544779  0.498861 -0.915389 -0.937593    0.4404  0.953591 -0.747083 -0.765598  0.718774 -0.387348
point 18 207 398.071 235.987  -0.95461 -0.689684   1.04071   1.00513 -0.261851 -0.803172 -0.271611   0.57691 -0.635605 -0.732334
point 19 212 318.771 220.091  -0.414537  -0.122664 -0.0216166    -1.0225  -0.232012   0.782794   0.655967   0.391652  -0.959957   0.837234
point 20 215 309.082 172.033  0.965818  -0.60474  0.864538 0.0812709 -0.443463  0.433176  0.836506 -0.137386 -0.688919 -0.206494
point 21 217 433.609 76.8649 -0.369911  0.323633 -0.959434  0.221042  0.216388   -1.0045   0.63548 0.0525883 0.0338596 -0.773565
point 22 224 440.614 173.025  0.980171 -0.558463 -0.755552  0.488465  0.384781  -0.38901  0.435801   0.42304  0.142928 -0.123102
point 23 237 405.594 188.016 -0.0413768  -0.912408   0.658179   -0.94599   0.234532   0.885328  -0.926212   0.150011   0.343642   0.191627
point 24 252 477.451 190.045  -0.382682 -0.0677863   0.693573  -0.139409   0.985579   0.844129  -0.154729  -0.141596  -0.957492  0.0448086
point 25 256 546.827 221.186 -0.732801 -0.755917 0.0468287  0.725491  0.478797 -0.843725 -0.536556 -0.715295  0.738993 -0.195394
point 26 261 502.528 201.611  0.864513  0.388234  0.937861 -0.267442 -0.157391  0.210959 -0.628821  0.908565 -0.395124 -0.100797
point 27 279 153.495 117.587 -0.470185 -0.313714  0.220972  0.266578 -0.116526  0.765274  0.329988  -0.82778  0.934023   0.38189
point 28 289 302.475 134.886  0.920429 -0.440778  0.324918  0.976256 -0.832944  0.881825 -0.744158 -0.481677  0.986663 -0.295111
point 29 299 634.895 189.786     -0.71788  9.20892e-07     0.472382     0.897865    -0.299373 -0.000876266    -0.116675    -0.511896     0.676645      1.01764
point 30 317 275.957 235.874   0.581181 -0.0578131  -0.572544  -0.185656   0.677757  -0.458699   0.548735   0.742332   0.608375   -0.83562
point 31 347 407.164 204.916   0.441279   0.430707  -0.679564    0.55112 -0.0915726  -0.794934  -0.931868   0.874628   0.538035   0.438299
point 32 348 264.005 116.649  0.864479 0.0828455 -0.721723  0.211093  0.351909  -0.27884  0.207497 -0.684614 -0.108315  -1.04702
point 33 354 357.586  237.11  0.310987  -0.20636  0.887264 -0.723691  0.489869  0.403941  0.677639 -0.102409  0.736698  0.253607
point 34 372 336.848 209.547   -0.191978    0.917323 -0.00187855   -0.546613    0.909462    0.602165   -0.626715   -0.985123    -0.42732    0.194489
point 35 373 484.777 236.073   -0.433515    0.861531 -0.00479547   -0.356939    0.393047    0.509837 -0.00513404    0.678464   -0.301504   -0.885294
point 36 374  564.49 196.603  0.533702 -0.397678  0.327496 -0.633446  0.420967 -0.890018 -0.724793 -0.626195 -0.440516  -0.77694
point 37 394 410.305 190.031 -0.154849 -0.532009   0.99477 -0.297569   0.41597  0.935487  0.672182   -1.0075  0.166955  0.618645
point 38 403 539.525  178.02  0.180258  0.682877 -0.558222 -0.503098 -0.551438  0.457015  0.957903  0.723015  -1.02897 -0.551066
point 39 417 343.297 192.393 -0.754895  0.528724  0.138218 -0.418567  0.282424  0.517113 -0.766113  0.398701 -0.696603  0.213869
point 40 421 361.361 209.206 -0.818678 -0.819996 -0.197359 -0.688034  0.822225 -0.534759  0.295174  0.237425 -0.360913 -0.176899
point 41 429 598.512  193.03  0.436549  0.396387  -0.68874 -0.530118  0.568628 -0.967927 -0.613973 -0.155405 -0.381913  0.303623
point 42 442 401.145 228.842 -0.182027  0.579205 -0.685023 -0.369393  0.530619  -0.57987 -0.262826 -0.312199 -0.693598  0.146895
point 43 444 544.866 173.011   0.620969  -0.922759   0.509541  -0.665576  0.0143177  -0.684989   0.930335    0.27597 -0.0719311   0.519603
point 44 446 580.537   141.1  0.555241 -0.704961    0.6229  0.880467  -1.03655   0.16472  0.985588  0.452486  0.502282 0.0201866
point 45 452 591.313 170.024  -0.893307   0.265322  -0.168542   0.676386    0.55616  -0.821513 -0.0553787   0.218557    -0.3221 -0.0765884
point 46 468 595.368 158.332  0.534647 -0.274907 -0.504181  0.562843  0.195363  0.547478 -0.340707 -0.224969 -0.869285  -0.31466
point 47 482 495.321 214.721  0.481512   0.43312  0.260862   0.14097 -0.313636 -0.506159  0.241993 -0.248003  0.317398 -0.321248
point 48 509  503.28 196.604  0.275493 -0.887284 -0.311457  0.658482  0.760225  0.886991 -0.464728 -0.309026  -0.33586  0.978422
point 49 518  428.95 147.535 -0.945532 -0.984325  0.280561  0.905234  0.356602 -0.572994 -0.690102  0.641227 -0.404326  0.165049
point 50 571 555.642 89.9716    0.8087  0.798536  0.315731  0.606367  0.301784 -0.672079  0.964205 -0.398276  0.505886 -0.249815
point 51 582  278.63 17.9277   -0.0740918    -0.817049    -0.520546     0.981879     0.171899     0.104188    -0.451091     0.242137 -0.000664109     0.770715
point 52 584 618.658 212.713  0.155266 0.0954305 -0.645708 -0.961535  0.483524  0.338512 -0.726306  0.945881  0.304392  0.376369
point 53 604 259.397 229.474  0.323925 -0.894079 -0.879555  0.490594 -0.615797  -0.81774  0.189286 0.0944131 0.0331258 -0.617028
point 54 608 257.25 174.44   0.717925    1.01072 -0.0409251   0.680685  -0.118952   0.644235   0.407029   0.827277   0.189032   0.995726
point 55 612 258.038 144.083 -0.670096  0.514846  0.213314  0.352702  0.346336  0.994559 -0.846912   0.15518  0.631589   0.50082
point 56 620 582.235 151.439   0.611068  -0.244357   0.903053   0.780062  -0.364433  -0.363056  -0.835136   0.339372 0.00186274   0.515444
point 57 621 109.784 64.3228   0.807114 -0.0524939   -0.93869  -0.183748   0.184475   0.117439  -0.335421  -0.380749    0.14557  -0.282549
point 58 624 196.626 186.252 0.00542296   0.652119  -0.694835  -0.672946   0.695966   -0.12567  -0.591005   0.137458   0.771322  -0.651482
point 59 632 13.3135 197.105  -0.123141   0.223413  -0.270177   -0.68618  -0.572084   0.693265   0.256137  0.0940569  -0.640883 -0.0566747
point 60 698 329.313 213.459   0.33164 -0.484972  0.437182  0.456675  0.439521  0.557243 -0.855792 -0.407883 -0.138753 -0.960833
point 61 703 337.305 178.283  0.838521 -0.613377 -0.596539  0.903015 -0.322913  0.796392 -0.993967 0.0359897  0.740843 0.0011785
point 62 731 584.488 223.141 -0.335439  0.363835   0.37787 -0.893735 -0.663439  0.917708  0.796057  0.819447  0.590137 -0.787405
point 63 740 150.291 146.144  0.412689  0.734729   -1.0032  0.583887 -0.156678  0.270047  0.706296 -0.418836  0.718212 -0.959364
point 64 743 534.273 217.776  0.149396 -0.596994  0.824246  0.282975  0.709533 -0.285632 -0.447818 -0.130495 -0.239926 -0.400437
point 65 753 303.464  172.76  0.552509   0.52999    0.1968 -0.991996 -0.692989  0.895033  0.100559 -0.117249  0.718945  0.498885
point 66 754 315.556 133.796 0.0637004  0.477867 -0.335176 -0.949317  0.256205 -0.518813  0.785884  0.712557  0.273088 -0.303416
point 67 768 563.344 26.7568  0.095375 -0.166808  0.260609   0.40867 -0.766706  0.269624 -0.241998  0.448054  0.744334  0.680246
point 68 789 320.122  176.18     -0.66708    0.0471056     0.627807    0.0113464     0.167419     -0.60198    -0.741215    0.0119757 -0.000224794     0.369146
point 69 791 530.207 186.212  0.680004  -0.64612 -0.788692 -0.588706  0.928657 -0.466395  0.454067   0.55532  0.481406 -0.399989
point 70 811 394.501 211.569   0.603306   0.581171 0.00732701  -0.214856   0.375315   0.763387   -0.16326   0.335103  -0.545404   0.261496
point 71 839 344.021 198.577  0.0308309  -0.181056  -0.782795  -0.874033  -0.188067   0.108704 -0.0453314   0.246959    0.68682   0.111913
point 72 845  206.67 210.619 -0.0553612  -0.315959   0.922226   0.918593   -0.42466  -0.499232  -0.309239   0.453466   0.972335   0.845587
point 73 860 427.285 234.916  -0.766603  -0.852224   0.734149   0.516084   -0.82906   0.228037  -0.189858 -0.0382727   -0.88353  -0.529429
point 74 935 528.581 224.566   -0.7373 -0.958154  0.204531  0.940397 -0.634483  0.543942  0.267482  0.823196 -0.711219 -0.083867
point 75 969 315.439 239.868   0.685335  0.0857128   0.975576  -0.117133   0.484361   0.171711    0.77661 -0.0924356  0.0892199  -0.126168
point 76 994 413.997 125.101  -0.311081 -0.0492155   -1.01321   -0.56906  -0.274827   0.472526  -0.236648    0.50382  -0.137961  -0.264681
point 77 996 269.277 129.864   0.287696   0.488714   0.494798   0.991791     0.6608  -0.901962 -0.0886807   0.702009  -0.394671   0.602057

