seq: 200
gt_pose:  2.15662  3.73173 0.289141
odom_pose:   2.2489  2.89227 0.261125
point 0 15 210.843 147.758  0.789368  0.635976  0.983017  0.507612  0.791128  0.972467  0.339376 0.0192941 -0.715949  0.655141
point 1 49  434.23 132.599  -0.679056  -0.399998   0.800932  -0.241587   0.790005   0.465753 -0.0174206  -0.475589   0.903635  -0.790834
point 2 50 430.331 204.075  0.809965  -0.60218 -0.451162  -0.63243 -0.642579  0.220471 -0.636368 -0.743043  -0.55918  0.873768
point 3 53 330.816 103.599  0.753303  0.271965 -0.313216 -0.850899  0.581934  0.644875  0.401466   0.36799  0.821366 -0.363965
point 4 61 269.642 128.519  0.206488  0.446187  0.461834  0.880931 -0.757571  0.590806  0.849134 -0.766451 -0.406249 -0.504741
point 5 71 299.038 159.708  0.225917  0.190009  0.523833  0.528238 -0.393338 -0.848721  0.757611 -0.655318 -0.690636 -0.247118
point 6 75 416.029 200.796 -0.620017 -0.934534  0.881285  0.533091   -0.7993  0.682913 -0.614296    1.0172 0.0867587  0.369999
point 7 77 199.775  191.91 0.0712469 -0.974521 -0.505186 -0.603392   0.38632  -0.15474 -0.548412  0.312016 -0.524036 -0.328525
point 8 79 378.842  194.17 -0.254942 -0.686567 -0.169219 -0.774454  0.162941  0.901144 -0.814995  0.747904 -0.666358  0.573136
point 9 82 391.836 150.963   0.918137 -0.0555221  -0.237047  -0.278643   0.888835   0.852409  -0.778243    0.85011   0.748728  -0.636657
point 10 87 513.828 232.748   0.74615  0.855511 -0.183069  0.952166 -0.651894 -0.631442 -0.458654 -0.250968  0.883804  0.290424
point 11 89 274.295 220.389  0.527993 -0.675212 -0.332224 -0.352767  0.316053 -0.606442 -0.517987  -0.99407 -0.734496 -0.204722
point 12 94 598.115 193.348   -0.747603    0.442911   -0.530769     0.21287   -0.997042     0.61943  -0.0665591 -0.00207488    0.561383    -0.71152
point 13 106 214.775 229.715  -0.227101   0.941008  0.0878618  -0.145727   0.387544   0.130722  -0.164136  -0.922703   0.547778 -0.0914862
point 14 115 631.967  86.623  -0.679891  -0.809407   0.491808   0.494353 -0.0780251  -0.547031   0.906819  -0.445311  -0.431824   0.471453
point 15 120 505.914  133.88 -0.940975  0.121343   0.69001 -0.556741  0.660476  0.616601  -0.64384  0.249615 -0.864418  0.262604
point 16 130 194.869 152.045   0.737551   0.235003 -0.0224403    1.01757   0.497114  -0.324548    1.00862  -0.940975  -0.509334   -0.48642
point 17 134  336.95 116.992 -0.283449  0.149699  0.478469  0.881853    0.6914 -0.359033  0.931642  0.797899  0.540681 -0.816704
point 18 135 222.823 205.549 0.484529 0.493274 0.466009 0.256122 0.204972 0.964372 0.633942 0.455053 0.356702 0.723306
point 19 140   371.8 159.458 -0.435496 -0.098569  0.588218 0.0620645  0.798308 -0.751912  0.352665 -0.636306 -0.332993  0.876251
point 20 157 193.162 235.708 -0.0240253   0.143912   0.625617   0.447642  -0.750513  -0.927805   0.240843   0.652394  -0.709634   0.491502
point 21 161 267.608 134.659   0.441581   0.896891 -0.0308576  -0.391745   -0.43675  -0.788727  -0.445458  -0.346519  0.0562493   0.649492
point 22 162 518.371 184.654  -0.559106   0.271442 0.00734804  -0.705116   0.127836  -0.967241   0.599561  -0.701181  -0.612055   0.141851
point 23 170 403.704 234.865   0.10867 -0.301353  0.265877  0.148937  0.744287 -0.220912 -0.873984  0.733359  0.408502  0.675868
point 24 185 621.248 139.835  0.118015 -0.574377 -0.553602  0.297431 -0.264577  0.858667 -0.637864  0.919702 -0.227314  -0.16818
point 25 191 91.1178 206.042  -0.879866  -0.876567  -0.858503   0.781399 -0.0545399  -0.950285  -0.304721  0.0381516  -0.813293   0.584541
point 26 244 394.516  196.51 0.0810678 -0.885161  0.484945  0.648072 -0.884011  0.696811 -0.317021  0.328459  0.181229  0.223362
point 27 276 470.321 239.525    0.56636  -0.670901     0.1047  -0.119234   0.282957 -0.0665305   0.286469  -0.635616  -0.489465   0.769932
point 28 310 173.108 128.717  0.615463  0.195082 -0.693937 -0.810138  0.657422 -0.239183 -0.808657 -0.293032  0.834801 -0.640672
point 29 315 538.302 132.362 -0.867846 -0.334699  -0.90559   0.10469 -0.365328  0.135391 -0.534381  0.790988 -0.685808  0.910416
point 30 317 620.649 236.961   0.579777 -0.0469475  -0.644659  -0.139303   0.696907  -0.409347   0.531595   0.696451   0.648943  -0.823711
point 31 325 579.128 175.061 -0.249359 -0.325349 -0.614278 0.0819944  0.233121 -0.382632 -0.276386 -0.456925 -0.625566   -1.0078
point 32 340 459.197 146.347   0.476366    -0.4027  -0.637638 -0.0638423   0.830332  -0.136035  -0.737224  -0.442419    0.58286  -0.329659
point 33 341 451.541 220.706   -0.763851    0.136105    0.313867    -0.36643     0.25153   -0.397947   -0.853222   -0.626563    0.826954 0.000105136
point 34 343 347.709 214.743  0.0179066  -0.945292   -0.33807  -0.842844  -0.185518 -0.0875472   0.285287  -0.942365   0.543672   -0.42027
point 35 348  599.83 205.394   0.842891  0.0511524  -0.702211   0.216046   0.296663  -0.259269   0.204833  -0.731998 -0.0819305  -0.965258
point 36 357 309.183 235.553   0.407648  -0.236048    0.48636   0.427656   0.570769 -0.0892106   0.356457   0.762923   0.455969    -0.2487
point 37 386 118.858 216.876 -0.0581877  -0.239328   0.254549   0.397122    1.03636 -0.0855762  -0.443869  -0.655355   0.112371  0.0839183
point 38 390 393.538 232.483    0.286756 -0.00919798    0.300074    -0.59859    0.346094     0.91081    0.343761     0.15546    -0.62775    0.414274
point 39 396 494.847 87.1286  0.226087 -0.692566  0.888798  0.743564 -0.408233 -0.335218 -0.787128 -0.436463  0.344691  0.590771
point 40 401 428.771 216.831 0.0119531  0.566502  0.302412 -0.474691 -0.539603  0.208534  0.637261  0.824789 -0.941175 -0.601641
point 41 411 169.851 226.962   0.444123   0.913695   0.866539   0.945534   0.404636  -0.599967   0.832737  -0.302443  -0.816538 -0.0655668
point 42 418 521.828 229.071 -0.890291 0.0269334  0.267213 -0.629902   0.91967  0.770203  0.932268 -0.784978 -0.603753  0.611607
point 43 427 504.944 179.888    0.71446   0.887888   0.227215  -0.442381 -0.0493692    0.77523   0.254576  -0.735433  -0.650429   0.611446
point 44 440 49.6956 102.455 -0.860193 -0.896993  0.086326  0.889731 -0.582736   0.45949  0.716395 -0.208252  0.386422 -0.501987
point 45 449 212.696 121.679 0.000488383   -0.416636    0.859905   -0.480269  -0.0426279   -0.531725    0.517751   0.0254078   -0.291281   -0.255121
point 46 456 512.022 168.338  0.185141 -0.605349  0.536647 -0.499818 -0.356408  0.638559 -0.526467 -0.723403 -0.768649 -0.947912
point 47 487 187.946 154.728 -0.851235  0.992557   -0.7631 -0.894875 0.0492953   0.60182 -0.334038 -0.939219  0.336787 -0.151925
point 48 512 503.813 153.447 -0.672557 0.0239877  0.709585 -0.394763  0.622333 -0.868558 -0.238372   0.18447 0.0807152 -0.442713
point 49 516 176.957 209.214   0.149621  -0.620234  -0.760646  -0.793049  -0.125442   0.599141  -0.641917 -0.0400937  -0.828893  -0.588047
point 50 517 151.828 160.874   -0.389682 -0.00541384   -0.813133   -0.497887    0.359409    0.115092  -0.0422605   -0.819517    0.690675   -0.496082
point 51 521   288.4 182.544   -0.859854   -0.321469    0.616755    0.142553   -0.220496 -0.00694583   -0.424902   -0.690276   -0.824545   -0.633032
point 52 549 266.065 236.164  0.791644 -0.368153   0.85384  0.932496  -0.12007  0.327052 0.0882793  0.432943  0.368169  0.754887
point 53 564 466.675 204.796 -0.668284 -0.120444   0.23382 -0.443639   -0.1351  0.545671 -0.505528 -0.998706 -0.808443   0.98643
point 54 581 413.215 238.933 -0.698708 -0.521287 -0.327973  0.991222  -0.96505 -0.103462 -0.185139 -0.760692  0.837971 -0.130687
point 55 582 606.454 180.476 -0.0193202  -0.767803  -0.526922    0.99874   0.173798  0.0728366  -0.437681   0.220492 -0.0012411   0.777334
point 56 603 320.932 43.1446  0.955787  0.580349  0.730465  0.269482 -0.842865  0.354157 -0.871777  0.770246 -0.596939  0.668153
point 57 605 430.148 218.228   0.954612   0.475179  -0.364811   0.385441   0.144683  -0.426293 -0.0467653  -0.143129   0.901504   0.150745
point 58 608 596.65 211.19   0.734699   0.969819 -0.0338442   0.691083  -0.142997   0.653216   0.386076   0.816643   0.176368   0.974196
point 59 612 597.456 187.778 -0.674111  0.537839  0.149605  0.309854  0.386325  0.969964 -0.903966   0.16509  0.668808  0.546525
point 60 619 581.573 177.988 0.0208955  0.914763  0.413355 -0.984448 -0.959252 -0.629496 -0.787934  0.279654  0.534433 -0.350837
point 61 624 558.738 220.583 0.0391098  0.615724 -0.735253 -0.644255  0.706642 -0.164803 -0.585571  0.200324  0.723173 -0.576926
point 62 627 166.038 6.01493 0.0652955  0.951948 -0.598973 -0.529633  -0.81978  0.315251 -0.778586 0.0461611  0.254933  0.610165
point 63 628 148.001  195.55 -0.725047 -0.138133  0.196279 -0.412287 -0.171474  0.840248  0.573184 -0.415341  0.469954  0.833718
point 64 630 379.644 219.419 -0.0519283 -0.0429001  -0.338462  -0.305754   0.696269 0.00189852   0.499225  -0.139194   0.605487  -0.677193
point 65 632 568.986 237.209 -0.0700422   0.157597  -0.284738  -0.726526   -0.54561   0.701161   0.282398  0.0961777  -0.678287 -0.0445928
point 66 668  412.35 163.109 -0.522322  0.828116 -0.779236 -0.407241 -0.475116 -0.188514  0.195417 -0.452047 -0.871153 -0.584066
point 67 675 123.636 172.252 -0.0998155   0.874069   0.718797   0.150908  -0.113202  -0.762079 -0.0865803   0.789056 -0.0398392  -0.563438
point 68 704  157.78 170.916   -0.3347  0.154762  0.386822 -0.164764 -0.532809   0.79791  0.558127 -0.894252 -0.480119  0.625823
point 69 717 303.269 144.896   1.00931  0.674522 -0.887067 -0.270998 -0.367601 -0.707528 -0.626742  0.702149 -0.389995  0.639321
point 70 723 194.922 237.387   0.119732  -0.889506 -0.0491829   0.170895  -0.330191  -0.458306  -0.415288   0.752221   0.113351   -0.69055
point 71 737  534.82 206.887  -0.37182  0.100009 0.0784233  0.618072 -0.734422 0.0892294 -0.899658 0.0867938  0.484413 -0.128664
point 72 778 511.446  220.99 -0.128725 -0.678976  -0.79177  0.702885 -0.537043 -0.843956 -0.363577  0.272487 -0.452843 -0.745783
point 73 779 77.7255 226.855  0.251558 -0.803638 -0.960949 -0.774431  0.583977 -0.484605  0.881015  -0.70696 0.0359963  0.411788
point 74 803 343.838 191.518 -0.752728  0.952578  0.746752 -0.555443 -0.615832  0.206324  0.124837  0.754006 -0.242381  0.634199
point 75 804 529.836 165.106 -0.750976 -0.733524 -0.721706 -0.581426  0.549394  0.716372 -0.127658  0.447965 -0.536195  0.136965
point 76 809 476.518 167.846 -0.254083  -0.92872 -0.999418 -0.276175  -0.58292 -0.201161  0.832598  0.827734 -0.210334 -0.237324
point 77 817 416.601 192.802  -0.319036   0.511754   0.815265   0.594368   0.669986 -0.0795936  -0.587547   0.621397   0.626016  -0.894221
point 78 823 387.674 177.891  0.0787721  -0.743392  0.0275983    0.77657   0.518649  -0.513051  0.0502409   0.914732  -0.513118 -0.0423397
point 79 846 438.175  226.09   0.497553   0.294905   0.420525  -0.822466  -0.971132 -0.0282965  -0.719531  -0.270448  -0.358372   0.189796
point 80 866 409.224 159.758  -0.506333 -0.0853155   0.771883   -0.63343   0.632155   -0.24636  -0.118851    0.35236  -0.471287   0.903698
point 81 868 176.348 177.292   0.700314  -0.336831  -0.821142  0.0284425   -0.61401  -0.358099    0.89703  -0.890992 -0.0335197   0.564515
point 82 872 224.223  161.44  0.462994  0.809407 0.0481281  0.503078 -0.479035  0.763515 -0.507288 -0.297697 -0.817884 -0.887208
point 83 886 628.382 63.0609 -0.356481 -0.828855 -0.457545 0.0146855  0.374672   1.01735   0.91115  0.883084 -0.682657 -0.813137
point 84 898 599.136 228.937  0.764841 -0.582542  0.293048  0.080386  0.096472 -0.283496  0.568859 -0.526481 -0.151771  0.412337
point 85 901 55.7076 195.546  -0.717326   0.481092  -0.946121   0.811838   0.792705  -0.408811  -0.669983   0.395786 -0.0993593  -0.561728
point 86 911 382.931 178.825  -0.95883 -0.411646 -0.800481  0.697407 -0.941543 -0.119234  -1.01306 -0.106577  0.519391 0.0513308
point 87 920 438.475 189.168 -0.883406  0.729993 -0.305408 -0.353143 -0.398739 -0.164854  0.783748 -0.831938  0.958361 -0.561174
point 88 926  444.47 221.862 -0.723676 -0.811302   0.88793 -0.927593 0.0315231 -0.511705 -0.413082 -0.717599 0.0618283   0.51503
point 89 951 383.662 211.563  0.148907 -0.849617 -0.145443   0.39154  0.241675 0.0137937  -0.97601  0.516526 -0.169791 -0.661413
point 90 996 608.282 178.765  0.293796  0.486917  0.448089  0.976789  0.677809 -0.920277 -0.122766  0.722103 -0.396297  0.576899

