seq: 77
gt_pose: -0.0693598    1.49993   -1.19752
odom_pose: 0.667285  1.40428 -1.14285
point 0 3 2.61184 168.114 -0.162341  0.778582 -0.467455 -0.310593  0.660971  0.865636 -0.814951  0.939977 0.0656294 -0.811669
point 1 5 350.599 191.159 0.0673174  0.313459 0.0601712 -0.929672 -0.170389  0.814998  0.895169   0.48047 -0.389071  0.507598
point 2 6 281.541 212.739 -0.640115 -0.166371  0.775447  0.679203 -0.375992 -0.528193   0.83016 -0.347789   0.32485   0.88213
point 3 10 559.722 227.078 -0.546845 -0.656508  0.479014 -0.768805  0.560143 -0.661558  0.447971   -0.8822   0.90177 -0.873475
point 4 14 276.353 189.748  -0.76576 0.0554242  0.564065 -0.409491   1.02003  0.107756  0.738474  0.514744  0.300199 -0.953569
point 5 17 115.875 80.2974  -0.440262   0.112529   0.417546  -0.808488 -0.0659171   0.177423   0.917458  -0.113634  -0.333464   0.725701
point 6 42 60.1427 138.078   0.0338224   -0.766541 -0.00133597  -0.0108609   -0.864592    0.670949   -0.202004    0.321549   -0.134768   -0.731795
point 7 57 222.481 190.151  0.424075 -0.288268 -0.546903  0.535597  -0.50591  0.376773 -0.946651  0.701359  0.683572  0.214899
point 8 64 50.4314 169.334   0.923146   0.564815  -0.772139   -0.95776  0.0732272  -0.176595  -0.568816 -0.0725236  -0.720341  -0.431619
point 9 72 462.559 205.354  -0.79612 -0.335517   0.74893  0.186754 -0.760151  0.610037  0.463237 -0.192269 -0.271712 -0.236736
point 10 78 370.176 198.233 -0.858646 -0.848963  0.589444  0.772496   1.00286 0.0411224 -0.457345 -0.639156 -0.321793 -0.119174
point 11 92 513.787 152.431  0.137017   0.79828 0.0109469  0.941269  0.269646  0.263629  0.942397  0.617592 -0.173886 0.0128373
point 12 109 354.115 207.586  -0.454166   0.885453  -0.781974  -0.433468   0.519303 -0.0255406    0.75175   0.643924 0.00325333   0.245764
point 13 110 48.2332 25.8661  0.812017  0.925933 -0.621255 -0.339785  0.116726 -0.744261 -0.544991  0.550635  0.741334   0.26457
point 14 119 281.171 218.844 -0.377203 -0.401962  0.853952 -0.314555   0.76403  0.504826  0.887423 -0.489303 -0.764125  0.366464
point 15 123 343.418 113.689  0.192594 -0.828104 -0.216203  0.385143  0.874114   0.68008  0.249202 -0.224017  0.343424 -0.565856
point 16 129 603.038 146.271  -0.503885   0.778424   0.918985  -0.727253   0.207276  -0.708605   0.935743 -0.0950012  -0.997057 -0.0557903
point 17 146 438.885 168.849  0.978878 -0.478773 -0.651643 0.0994056 -0.617426 -0.187091  0.906604 -0.537351 0.0992825 -0.703491
point 18 155 552.669  230.07 -0.613339  0.763157  0.317515 -0.802107 -0.776529  0.735645 0.0574335 -0.252333 -0.817532 -0.877529
point 19 165 196.714 96.1631  0.496284 -0.808079  0.389061  0.638641 -0.736176   0.65928 -0.577182  0.839127  0.349078 -0.037316
point 20 179 85.6231 182.286 0.0248646 -0.836534 0.0520237  0.802085  0.723716  0.327514 -0.327292 -0.763241 -0.233593  0.762186
point 21 184 317.619 211.357 -0.228885  0.512032 -0.368913  0.069743 -0.573624  -0.23662  0.127574  -0.39756 -0.378606  0.325521
point 22 185 72.8751 163.493  0.130516 -0.586891 -0.531362  0.291977 -0.280391  0.904662 -0.623279  0.876176 -0.215781 -0.187661
point 23 195 537.164 165.992   0.354574 -0.0130729  -0.216998  0.0907618   0.619977  -0.255031   0.327917   0.571988  -0.463056  -0.243731
point 24 197 616.476 178.725 -0.804037  0.668143  0.120311 -0.268017  0.806283 -0.559443   0.74563 -0.440012   0.52911  0.421806
point 25 198 245.567 237.127  0.922994  0.610851 -0.344952 -0.601941    1.0258 -0.765463  0.945227 -0.912602 -0.739595  0.320502
point 26 200 350.653 139.209  -0.418444  -0.708125   0.676098   0.330233   0.233466   0.547384 -0.0597118   0.881074    1.00957 -0.0603853
point 27 202 80.9176   99.37    -0.548 -0.219923   0.26323  0.326481  0.135094  0.779388  0.649621 -0.185331  0.164928 -0.137858
point 28 206 174.159 168.182   0.72807 0.0473808  0.644059  0.886441 -0.742876 -0.677364  0.764306 -0.222224 -0.972787  0.675647
point 29 216 472.704   133.7 -0.704805 -0.978107  0.889105 -0.767525 -0.565581 -0.875304 -0.363469 -0.285777 0.0160669  0.895263
point 30 245 491.783  91.557 -0.569077 -0.416739  0.402015 -0.681307 -0.480372  0.411903  0.925144 -0.650263  0.187596  0.806373
point 31 259 197.841 210.478  0.167135   0.62624 0.0685599  0.499739 -0.448366 0.0861671 -0.760655  0.405735 -0.872583 -0.605306
point 32 262 454.885 104.221 0.0438319  0.366021 -0.332569 -0.591107  0.958664  0.996171 -0.930879 -0.322904   0.44336 -0.403656
point 33 277 379.772 175.281 -0.494086 -0.809962  0.295884  -0.77636 -0.962725  0.160818  0.135902  0.498935  0.432024 -0.841598
point 34 280 83.1068 226.045  -0.272896   0.193136    0.51061   -0.14382  -0.296209  -0.395996   0.810318   0.878333 -0.0952105   0.826608
point 35 286 227.578 188.459  -0.787382  -0.451728  -0.412906  -0.218429 0.00320757    0.33033   0.862349  -0.880046  -0.987152   0.689253
point 36 290 139.016 181.444 -0.635005  0.870781 -0.814478 -0.495397 -0.642135   0.51848 -0.875759 -0.791235  0.627876 -0.976736
point 37 296  234.22 140.391  -0.0194253   -0.617867   -0.368876    0.297779   -0.182055    0.572846   -0.640068     1.01859 -0.00632631   -0.370444
point 38 301 280.769 199.138  0.167946 -0.519703  -1.03111  0.454796   -0.9169 -0.705683 -0.646376  0.462806 -0.711077 0.0394724
point 39 309 511.009 201.907  -0.57713  0.988554  -1.00305  0.775429 -0.232202  0.212004  0.752619  0.602319 -0.230483  0.460191
point 40 313 173.253 113.909  0.0881657   0.356006    0.11655    0.12249   0.437141     0.7145  -0.387807  -0.562503 -0.0679706   0.453213
point 41 316 175.048 182.382   -0.63282  -0.719681  -0.963086  -0.513392   -0.47681 -0.0758712  -0.384837  -0.171123  -0.306423  -0.716253
point 42 319 184.955  163.13   -0.9453  0.264688  0.629455 -0.201906 -0.751815  0.197026  0.727685 -0.364876 -0.964705  0.333365
point 43 334 468.235 201.951 -0.393234 -0.330154  0.987489 -0.735379  0.248477 -0.396683  0.175366 -0.858653  0.926809 -0.128792
point 44 348 77.8839 212.314  0.841755 0.0592532 -0.779038    0.2433   0.35089 -0.277362  0.198578 -0.729973 -0.111104  -1.03572
point 45 350 578.612 143.167 -0.757858 -0.870555    1.0161  0.145742  0.476869  0.886808 -0.681126   0.70617 0.0261491  0.626765
point 46 352 548.603 138.763   0.56812  0.317823  0.404766 -0.732731   0.54485  0.723528  -0.62197  0.508243 -0.148484  0.845753
point 47 359 374.099 159.377 -0.0735786  -0.228379   0.695391  -0.513735   0.677223  0.0205649   0.216259   0.140339  -0.543041  -0.222697
point 48 364 356.632  204.68  0.0787763   0.811304   0.644579  -0.660829    0.94835  -0.466277  -0.610858  -0.856673  0.0830299 -0.0464061
point 49 369 536.813 232.591   0.368311  -0.416957  -0.890581  -0.472888  -0.393332  -0.555606  -0.374832  -0.534969 0.00801899  0.0806097
point 50 398 239.577 224.018 -0.805569  0.841014 -0.624485  0.431865 -0.939686   0.55475  0.644202  0.859948  0.278217  -0.70039
point 51 409 499.975 204.481 -0.398689  0.892937  0.288615  0.695824  0.114531  0.564894  0.640568  0.211722  0.205212  0.874258
point 52 425  329.91 239.935  -0.39912 -0.380781  0.353753  -0.50897 -0.590801 -0.624076 -0.111783 -0.987284  0.931802  0.815685
point 53 448 134.881 202.818  0.816574 -0.421829 -0.839952 -0.602361 -0.320788  0.671226   -0.4353 -0.723416  0.614366 -0.398925
point 54 463 251.078 161.183  0.509563 -0.102591 -0.372919   0.54193 -0.836055  0.286587  0.972378 -0.841041 -0.767704 0.0952973
point 55 469 218.245 153.232 -0.089791  -0.85567  0.911505  0.989467 -0.130813 -0.477084 -0.784501  0.739021  0.184648 -0.897808
point 56 470 372.795 238.405   0.405627 -0.0593686  -0.644308    0.87986  -0.305672   0.877848  -0.401697   0.218348   0.444123   0.792619
point 57 472 452.032 183.126   -0.91709 -0.0310337   0.685565   -0.25551   0.894247  0.0369977   0.743324  -0.742664  -0.056971  -0.629885
point 58 475 368.062 227.734  -0.958974   0.127714  0.0484459   0.621149  -0.296471  -0.304175  -0.113565 -0.0441058  -0.753538  -0.254384
point 59 497 481.047 209.747   0.564451  -0.479549   0.616815    -0.1713  -0.593669 -0.0966388  -0.558309   0.242182   -0.67473 -0.0530607
point 60 519 190.924 87.0787  0.339059  0.472175  0.518012  0.202115  0.660073 -0.842195 -0.928471  0.919582 -0.343969  0.455759
point 61 529 387.923 192.072  0.413268 -0.414149 0.0402028 -0.302408  0.624002 -0.087635 -0.849318  0.794183 -0.205527 -0.359721
point 62 532 257.767 202.962 -0.875246  0.419567  0.755366  0.850297  0.756415  0.775622  0.207889 -0.504986  0.888098 -0.504509
point 63 533 122.074  172.94  -0.699371  -0.240692   0.640487   -0.27098   -0.77781  -0.691816   0.627904  -0.299164   0.701938 -0.0553887
point 64 568 383.193 205.767 -0.971431 -0.601544  0.968068 -0.633002  0.389899  0.542017 -0.964574 -0.865357 -0.786492   0.15935
point 65 573 169.805 135.316  0.920406 -0.264454  0.265908 -0.430008 -0.247452  0.054678 -0.663773  -1.01087 -0.285233  0.618629
point 66 582 79.1057 193.279 -0.0383299  -0.842342   -0.50875    0.95291   0.175314   0.118376  -0.482887   0.205353   0.050285   0.783226
point 67 588 104.364   229.8 -0.235901 0.0532545  -0.37973 -0.664708  0.610316  0.585156 -0.566287  0.302812 -0.189382  0.124785
point 68 619 62.6444  186.64 -0.0171758   0.888823    0.40094   -0.93318  -0.905463  -0.576089  -0.802831   0.314056   0.599233  -0.268032
point 69 621 34.6939 187.351  0.781648 -0.106827 -0.984746 -0.207048  0.246434 0.0989284 -0.310015 -0.365997 0.0845213 -0.277427
point 70 629 224.053 190.661 -0.398375  0.801332  0.646089 -0.898862  0.986134 -0.297454   1.03787 -0.685206  0.203448 -0.823213
point 71 632 29.1857 237.383 -0.0473101   0.232162  -0.315993  -0.698581  -0.558236   0.634102   0.252107   0.119746  -0.660662 -0.0956876
point 72 642 514.455 167.785  0.806926 -0.134512  0.281552  0.689462  0.590017 -0.734829  0.409584  0.532556   0.66539 -0.416159
point 73 646 115.383 222.613  -0.37018  0.675785  0.782231  0.792335  0.378769 -0.747454 -0.292239  0.808106  0.286266  0.507591
point 74 661 313.057 122.737  0.308349 -0.531554  0.413042  0.453485 0.0801492   0.18097 -0.939184 -0.732515  0.249844  0.459593
point 75 667  110.74 123.912 -0.989972 -0.602754 -0.215329 -0.559902  0.732863 -0.755299 -0.542812  0.766818  0.525156  0.375111
point 76 681 155.507 204.333 -0.260898  0.559837  0.149171  0.405134 -0.711497  0.190434 -0.815168  0.466211 -0.165558 -0.812518
point 77 691 520.749 119.709  0.580421    1.0119  0.215831 -0.194431 -0.884695  0.108096  0.341669 -0.456198 -0.951331 0.0424958
point 78 695 347.682  213.41    0.776429   -0.239163    0.322072    -0.41385    0.407658  -0.0322938    0.965876 -0.00573165     0.51779    0.777983
point 79 697 206.218 208.613  0.144321 -0.811168 -0.487513   0.93168  0.466451 -0.759701 -0.319955 -0.142117 -0.203687 -0.852449
point 80 709 216.381 217.913  0.933226 -0.837863 -0.940075 -0.940945  0.532716  0.830136  0.777378  0.534438  0.196252 -0.452604
point 81 720 598.287 131.202  0.356666 -0.558798  0.408477  0.361986 -0.789812  -1.02609 -0.641159  -0.91085  0.489571 -0.765261
point 82 737 12.6662 204.778 -0.361539   0.11138 0.0467217  0.625916 -0.749241  0.147984 -0.862651  0.122444  0.497646 -0.126537
point 83 752 298.448 79.1196  0.856393  0.840475 -0.495225 -0.160301 -0.134173   0.10004  0.333992 -0.666099 -0.664821 -0.493981
point 84 755 504.126 237.311  0.0747254   0.215258 -0.0281549   0.773805   0.467603  -0.510597   0.280411  -0.299519  -0.430449   0.558586
point 85 760 567.601 180.726  0.799412  0.230143 -0.357182 -0.777585 -0.498192  0.416815 -0.681758  -0.71821  0.883319 -0.335474
point 86 767  612.18 237.597 -0.0823317  0.0625637  -0.180454  -0.661917   0.351385 -0.0865068   0.126676 -0.0313489   0.280987   0.675133
point 87 768 130.561 203.773 0.0286654 -0.213874  0.262794  0.326992 -0.737048  0.269817 -0.237216  0.452418  0.720083  0.676698
point 88 771 134.758 224.143  0.188594  -0.38821  0.795168  0.930355 -0.606925  0.866574  0.717011 -0.220192 -0.388931 -0.637257
point 89 774 508.813 222.636    0.35288  -0.125097 -0.0545284   0.611508  -0.115098  -0.367708   0.180503   0.192257   0.134624  -0.258552
point 90 776 372.929 117.213  0.916531 -0.125047 -0.204886 -0.527154  0.664962 -0.859945  0.355588  -0.41559  0.769374 -0.767666
point 91 777 220.115 181.273  -0.636648   0.639146  -0.309214   -0.41965   0.610448  -0.293724  -0.309063   0.567778 0.00419527  0.0648272
point 92 783  549.42 216.885  0.933828 -0.387221  0.512084  0.825206  0.882048  -0.61638 -0.956864 -0.418168  0.278944  0.115528
point 93 794 331.294 197.307  -0.402558   0.434446  -0.276352    -0.6239 -0.0116521   0.644735     0.4338  -0.519719   0.196584   0.472842
point 94 797 311.826 185.505  -0.688199   -0.68826   0.741353  0.0334433  -0.233342  -0.573853 -0.0805982   0.560043 -0.0632016  -0.338371
point 95 810 636.856 216.899   0.922618  -0.597967   0.471622  -0.748053  -0.822876    1.02669   0.807382 0.00243304    0.77639  -0.661934
point 96 815 227.297 149.285  0.147412 -0.256017    1.0199 -0.261579  0.742754  0.564493 -0.396515 -0.568474  0.771257  0.865421
point 97 819 371.477 208.929 -0.560057  0.381911 -0.728897  0.805857  0.920777 0.0218506  0.263499  0.776579 -0.415281 -0.118434
point 98 841 345.451 141.878  0.191993  0.920938 -0.940408   0.95665 -0.333318 0.0598663 -0.278787 -0.195213  0.230636  0.462724
point 99 843 217.078 51.7907 -0.461268 -0.184032 -0.112433  0.420653  0.122156 -0.973631  0.334625  0.247855  0.942664  0.983745
point 100 852 623.095 161.464  -0.446324  -0.278944   0.993285   0.277536 -0.0190265  -0.551945   0.119588   0.892363   0.755003    0.56227
point 101 861 466.812 179.009   0.144612   0.645106   0.848371   -0.16394  -0.525239   0.294848  0.0405008    0.23335 -0.0600232  -0.429988
point 102 862 415.397 188.608  -0.846575  -0.333183  -0.745584  -0.206375   0.632054   -0.48239 -0.0648766   0.396137  -0.961239  0.0081838
point 103 867 111.977  196.61   0.974762   0.112507   0.086804   0.625445  -0.468837 0.00495275  -0.739402  -0.344149   0.669486  -0.090246
point 104 882 221.215 203.988 -0.494364  0.977444 -0.605739  0.631918  0.503382 -0.189869 -0.908773  -0.83715  -0.54054  0.583084
point 105 888 630.859 93.0052 -0.628422   0.78543  0.483175  0.498797  0.400623 -0.912549  0.727955  0.915927  0.124714  0.010514
point 106 892 71.5133 142.762   0.309329  -0.901431  -0.666707   0.758429  -0.746758   0.665724  -0.640015   0.200053   0.825032 -0.0250706
point 107 894 601.183     180   -0.29165  -0.577704 -0.0300999   0.745463  -0.642481  -0.734292   0.830094  -0.382288   -1.00891  -0.914816
point 108 908 445.364 38.7513  -1.00467 -0.957907  0.911516 -0.653568 -0.712237   1.01099  0.570766 -0.816646 -0.607298  0.248951
point 109 927 127.023 93.5765 -0.00658739     0.87571     0.61444    0.408604   -0.884856    0.337182  -0.0607157   -0.387349    0.691233    0.902623
point 110 936 388.888 142.483 -0.00268266   -0.451499   -0.400647   -0.358382   -0.447366    0.878408   0.0737412   -0.763648   0.0719495    0.129968
point 111 942 318.645 212.654  -0.79925 -0.311977  0.651287  -0.50651  0.228481 -0.247287 -0.745617 -0.924356  0.977239   0.39308
point 112 962 572.311 164.103  -0.228501  -0.289593   0.898425  -0.813016  -0.856677 -0.0882784  -0.508874  -0.543221  -0.059118  -0.154314
point 113 963 85.5305 172.286 -0.0356035  -0.799099  -0.392646   0.372616  -0.851316    0.22656   0.905188  -0.940736  -0.219767   0.475391
point 114 965 406.398 157.207   0.936132   0.592835   0.574383 -0.0577784  0.0349276  -0.502173   0.146207   0.650918    0.89041   0.204938
point 115 971 158.582  192.89   0.719122 -0.0107733   0.272786  -0.690129    1.00399 -0.0832273   0.369674      1.012   0.794957  -0.183504
point 116 998 619.255 167.876  -0.441925   0.133151  -0.954671   0.419062  -0.194614   0.281973 -0.0550831  -0.716705   0.151319  -0.377383

