seq: 57
gt_pose: 0.326124  5.36628 -2.00635
odom_pose: 0.919681  5.26304 -1.98123
point 0 4  522.28 176.731 -0.271031 -0.845074 -0.991541 -0.116251  -0.89966 -0.507432  0.955181   0.80606  0.735526 -0.500673
point 1 14 182.676 212.979 -0.842819 0.0179583  0.533424 -0.436731   1.00116   0.19518  0.734786  0.455996  0.279538 -0.947284
point 2 17 70.6277  138.19  -0.469252  0.0799421   0.470512  -0.752816 -0.0189216   0.179576   0.885322 -0.0913722  -0.280658   0.712022
point 3 27 487.11 191.72 -0.0609197  -0.657633    0.75931    0.23397  0.0815977  -0.566928   0.163769   -0.13752   0.628907  -0.178889
point 4 30 466.514 178.642   -0.71052  -0.920054  -0.854479 -0.0896566   0.543344   0.389537   -0.12873  -0.750611   0.195035   0.115138
point 5 31 211.219 204.838 -0.348389  0.813872 -0.051234 -0.635344  0.226506 0.0352025  0.207362  0.146127 -0.492187  0.625768
point 6 57  121.53 203.895   0.42676 -0.379488 -0.526978  0.482041  -0.49641   0.40729 -0.936636   0.67626  0.705046  0.151563
point 7 58 468.136 234.082  0.664349  -0.52328 -0.510578 -0.896503  0.049976    0.7882  0.235231 0.0194271  0.612402  0.896085
point 8 63 356.572 190.568  0.166214 -0.777268 -0.872873 -0.233179 -0.688292  0.341401 -0.726547  0.718673  0.190279 -0.543238
point 9 64 19.2252 192.743  0.859903  0.532179 -0.716064 -0.956038  0.039263  -0.22427 -0.619294   -0.1043 -0.666532 -0.375708
point 10 68 229.551 239.282  0.148062  0.375175  -0.90695  0.529295  0.237932 -0.716689 -0.736139 -0.607276  0.567491  0.684281
point 11 73  429.91 176.801   0.832197  -0.107701   0.770962   0.393396 -0.0899695 -0.0604279  -0.399794  -0.567907  -0.504256   0.144164
point 12 88 386.531 236.731   -0.274104   0.0307308    0.424672    -1.00594    0.344624     0.23482    0.372576 -0.00769602    0.826988   -0.468834
point 13 93 433.192 194.774  0.738254 0.0441413  0.198405 -0.806778  0.945892 -0.334143  0.202231 -0.943142   0.54367 0.0473872
point 14 101 577.773 115.177  0.651313 -0.163768  0.374819 -0.734936 -0.198179  0.906497 -0.298747 0.0226492 -0.957993  0.824851
point 15 105  481.44 190.317   0.521939   -1.01545   0.481123   0.108687  -0.225614 0.00801453  -0.850712  -0.709521   0.903834  -0.114483
point 16 109 235.519 230.709  -0.454514   0.893862  -0.833302  -0.414037   0.450122 -0.0642473    0.69107   0.560216  0.0244663   0.259664
point 17 110 129.964 166.173  0.865465  0.922544 -0.621376 -0.367228 0.0731832 -0.731887 -0.542465  0.553608  0.760553  0.269215
point 18 111 304.363 231.761  0.0571259    1.02223  -0.908419  -0.945907  -0.115298  -0.346461   0.936022 -0.0115983   0.211337   0.432316
point 19 113 0.989829  183.096  -0.061986  -0.610538   0.633019  -0.880972   0.533454  -0.300882  -0.856289   0.671677  -0.239818 -0.0336587
point 20 125 526.508 217.952 -0.177431  0.979139 -0.610307  0.730548  0.917595  0.496545  0.942796  -0.33759 -0.128277   0.78256
point 21 132 84.1465 177.246   0.219741  -0.891443  -0.917597 -0.0647458  -0.752393   0.837645  -0.842451   0.302447   0.832056   0.689479
point 22 148 19.4974 67.6359 -0.150059 -0.269351 -0.185757   0.49624 -0.118906 -0.231376  -1.02909  0.195953  0.878534 -0.591735
point 23 150 537.245 193.532  -0.892534   -0.54466   0.708388    0.30182  -0.587414  -0.437999  -0.933906   0.197214  -0.852059 -0.0613093
point 24 156 176.868  178.51  0.253078  0.507967 -0.645027  0.403749 -0.817104  0.942876  0.106017  -0.68858 -0.981165 -0.113141
point 25 159 156.629 201.743  0.212503   -1.0235 -0.869261 -0.191567 0.0129665  0.144989  0.961839 -0.345487 -0.366842 -0.777794
point 26 165 188.232 196.397  0.446319 -0.783338  0.429426  0.631016 -0.688317  0.606208 -0.670419  0.820223  0.408136 0.0130805
point 27 169 53.3904 181.675 -0.569611  0.431271   0.75664 -0.247592 -0.045777  0.487622  0.382667   0.42046 -0.706702 -0.479629
point 28 172 639.945 144.056 -0.369148  0.975519  0.360849  0.951563 0.0218774 -0.489474 -0.410311 -0.814683  0.666399 -0.536017
point 29 175 272.668 169.216 -0.363976  0.584119  0.262476 -0.621361  0.724341  0.691241  0.907454  0.954763  0.598148 0.0982733
point 30 176 199.202 205.091  -0.750908   0.819041  -0.158028 -0.0720634   0.421084  -0.480685  -0.895391   0.293591   0.672785  0.0707639
point 31 178 639.095 211.441   0.728662  -0.416552   0.769977  -0.116186   0.908493    1.03256   -0.34981  -0.220685 -0.0733781  -0.920803
point 32 179 60.3022 204.784 0.0291553 -0.801152 0.0871922  0.763316  0.658631  0.324571   -0.3542 -0.802941 -0.193169  0.745008
point 33 186 350.088 146.061 -0.350034 -0.451353  0.309019  0.467891  0.856207 -0.941942 -0.119596 -0.468616 0.0776738    0.3001
point 34 202 38.2309  145.57 -0.512539  -0.23738  0.279123  0.371853 0.0876739  0.803688  0.628801 -0.227699  0.122531 -0.116897
point 35 209 565.133 227.777 -0.275372  0.128936 -0.304001  0.370988 -0.901199 -0.254602  0.640611 -0.867389 -0.343572 -0.668841
point 36 210 588.968 162.376 -0.278245  0.676843 -0.444786 -0.740855 -0.777664 -0.356449 0.0060583 -0.664259   0.51534  0.757936
point 37 233 370.454 231.102 -0.192394 -0.495192   0.17279  0.331559  0.291547 -0.166045 -0.927337  0.212856 -0.938822  0.409102
point 38 240  141.01 137.686 -0.504922 -0.651099  0.660448  0.816175   0.82201  0.690941 -0.531487 -0.727522 -0.965691  0.670664
point 39 251 295.167 231.074 0.0508342 -0.556933  0.184705 -0.851266 -0.425777 -0.112673 -0.448022  0.267978 -0.124086  0.331118
point 40 254 597.792 219.588  0.146436 -0.239137 -0.173627  0.536648 -0.631485  0.416006 -0.421169 -0.890629 -0.753398 -0.446871
point 41 259 46.9282 210.192  0.227836  0.657168  0.140721  0.508787 -0.377272 0.0646643 -0.771907  0.420988 -0.916486 -0.557279
point 42 260 566.318  206.67   0.242106   0.671512  -0.333623   0.452549  -0.475565   0.658829 -0.0735663  -0.155984  -0.126282   0.240715
point 43 280 21.6595 229.825 -0.252275  0.185724  0.504208 -0.182677 -0.365192  -0.38283  0.858986  0.878519 -0.106691  0.780544
point 44 296 141.328 174.805  0.0201966  -0.608788  -0.321107   0.328598  -0.234156   0.642104  -0.669077   0.932379 0.00892157  -0.335965
point 45 301 189.024 219.406  0.164389 -0.521703 -0.982766  0.398081 -0.906043 -0.637232 -0.572495  0.457797 -0.691978 0.0441984
point 46 303 249.713 210.384   0.162863  -0.829207  -0.611396  -0.917249  -0.105558   0.514254  -0.474378  -0.112074 -0.0624813  -0.388228
point 47 307 467.108 220.112   0.158517   0.966089  -0.208724   0.636295   0.726822   0.909194 -0.0799402  -0.539234   -0.81099   0.516822
point 48 313 85.6599  148.04  0.142191  0.375338   0.11988 0.0921312   0.42778  0.655033 -0.454567 -0.567623  -0.11377  0.368224
point 49 316 11.8735 178.555  -0.638277  -0.699332   -0.94929  -0.511126  -0.463775 -0.0128895  -0.371708  -0.154575  -0.337917    -0.6596
point 50 319 88.4637 181.948  -1.00129  0.272076  0.618284 -0.196394 -0.717363  0.145535  0.721595 -0.367944 -0.979393  0.389204
point 51 321 575.032 50.7566   0.160037  -0.722519 0.00642057  -0.997403   0.968995  0.0504121   0.257248   0.587314   0.802926   0.567086
point 52 322 620.543 71.8242 -0.221589 -0.119069   0.45746 -0.757239  0.906205 -0.607436   0.88043  0.953589  0.333638  0.470137
point 53 328 577.225 176.296 -0.231347  0.424732  0.309537   0.21213  0.702048 -0.298553  0.739631  0.259705  0.931286  0.753929
point 54 346 381.576  99.776  -0.494312   0.926399 -0.0453003  -0.768338  -0.180351   0.548231 -0.0403834   0.941408   0.843825  -0.213886
point 55 362 497.395 176.868 -0.133166 -0.930907 -0.769188 -0.426272 -0.491441  0.755147  0.195995  0.396425  0.986741  0.846999
point 56 367 102.886 122.861  -0.705104  -0.924751   0.945312  -0.463847  -0.483499    0.68233  -0.319867 -0.0899542  -0.540612   -0.81901
point 57 387 255.204 190.258  0.661508 -0.699651  0.550533  0.953421 -0.784518 -0.141487 0.0387515 -0.943802  0.624516  0.650877
point 58 398 141.612 229.226 -0.820148  0.869292 -0.621902  0.408115 -0.973166  0.626055  0.668781  0.882815  0.252251 -0.756853
point 59 405 384.695 102.269 -0.090906 -0.974073  0.842952  0.724238 -0.160554 0.0797641   0.33656  0.298899   0.53265  0.703336
point 60 406 600.227  104.94  -0.18488  0.950289 -0.683933 -0.577057 -0.864313  0.297563 -0.411936  0.369054  0.843759  0.371229
point 61 424 569.358  217.68  -0.150893  -0.872568    0.54185   0.413301   0.576902  -0.525923 -0.0655311   0.152526   0.892981 -0.0950694
point 62 428 416.014 181.352 -0.438414 0.0875543  0.561329  -0.88049 -0.273016  0.568004  0.231185 -0.367135 -0.192331  0.151541
point 63 441  459.01 191.021  0.822313   0.24312  0.709198  0.769429  0.777419 -0.135547 -0.683172  -1.00028 -0.898806  0.633199
point 64 448 60.6885 213.208  0.884827 -0.462073 -0.848946 -0.645178 -0.332214  0.727226  -0.37026 -0.664134  0.629554 -0.387677
point 65 469  126.33 180.898 -0.0587107  -0.844223   0.919541   0.909472  -0.111477  -0.432634  -0.764322   0.797381   0.224466  -0.859889
point 66 486 465.533 219.069 -0.895299   0.56675  0.974274 -0.451664  0.992266  0.873253 -0.751479  0.938857 -0.940842 -0.376687
point 67 491 235.098 198.324 -0.866243  0.798311 -0.361027   0.53163 -0.450996 -0.173351  0.570307 -0.286875 -0.290073  0.693704
point 68 494 391.245 191.059  0.362073 -0.146242 -0.297075  -1.00152 0.0377227 -0.838568  0.495282  0.393747 -0.183936  -1.01122
point 69 495 211.386 108.486   0.261898   0.672198 -0.0748739   0.419442  -0.438231  -0.671081    0.94944  -0.593892 -0.0911414   0.110102
point 70 496 510.436 232.926  -0.924297  -0.751321   0.596986    0.25562   0.896271 -0.0300004  -0.825261  -0.439456 -0.0633912   0.273711
point 71 499 360.909 174.149   0.870505  -0.457014   0.322198  -0.661896   0.164502  -0.129905 -0.0953116  -0.176767   0.650408   0.282505
point 72 504 548.954 219.483  0.435902  0.930634 -0.605688  0.401391  0.176592  0.682158 -0.390516 -0.832832 0.0861929 -0.518004
point 73 506 185.838 180.812  0.0761321   0.320648 0.00291782  -0.600304  -0.984443  -0.648521  -0.664633  -0.560361   0.752512   0.554764
point 74 519 138.685 158.338  0.413228  0.402644  0.514944  0.185763  0.682377 -0.818506 -0.842234  0.897715 -0.339887  0.519428
point 75 524 565.818 214.595 -0.307191  0.730281  0.349352 0.0669171  0.909827 -0.471927 -0.199991  0.138479  0.219106 -0.825566
point 76 527 439.389 236.619   0.823256   0.492929  -0.839999   0.957492  -0.544231  -0.433452 -0.0930738   0.679918   0.652468   0.681848
point 77 539 422.415 129.766  0.885462 0.0800597 -0.933433  -0.62485  0.468527  -0.29331  0.953528 -0.709453  0.234653  0.267648
point 78 544 484.602 137.354 -0.138409 -0.289417    0.6649 -0.170014 -0.731634  0.974828 -0.969049  0.301761 -0.425075 -0.042562
point 79 573 103.255 172.864    0.8599 -0.262837  0.227662 -0.418416 -0.248482  0.054287 -0.638483 -0.965944 -0.302254  0.619902
point 80 578 178.722 162.386 -0.0312586   -0.23162  -0.317378   0.278445  -0.757437   0.507621   0.120277  -0.908773 -0.0561165   0.158684
point 81 591 95.3902 159.376   1.02164 -0.682172   0.57273 0.0578949 -0.461244 -0.272304  0.943252  0.214358  0.024891 -0.578797
point 82 596 317.107 191.513  0.0866671  -0.463164   0.438104  0.0914992 -0.0284304  -0.457603   0.685492  0.0767847   0.624705   0.870688
point 83 599 264.708 165.342  -0.454534   0.228985   0.708067   0.128662  0.0240175    1.02905  -0.111854   -0.12978 -0.0808703   0.550571
point 84 613 482.427 149.266   0.73632  0.902272   1.01429  -0.71013 -0.734642  0.140845 -0.259505 -0.427371 0.0796368    0.9155
point 85 617 227.871 169.173 0.0257381 -0.834854  0.254784  0.167001 -0.545381 -0.977441 -0.162846  0.262165 -0.802306 -0.589142
point 86 622 254.477 34.8858  -0.469065  -0.949514   0.399245 -0.0548371   -1.02665 -0.0130775   0.677203   0.938325  -0.238827  -0.654226
point 87 625 591.287 185.601 -0.0317411   0.764038  -0.186992   0.927082   0.434465  -0.652769   -0.60305  0.0580734   -0.11241   0.192709
point 88 631  386.78 232.621    -0.83599   0.0577586   -0.686706   -0.023398    0.356207  -0.0701824   -0.237457 -0.00340496    0.022886    -0.31913
point 89 644 266.963  171.12  -0.540659 -0.0736818   -0.60429 -0.0312291   -0.14914  -0.821397   0.828462  -0.909167   0.915237   0.450285
point 90 645  498.59 233.608 -0.961363   0.82976 0.0467846  0.317591  0.167288  0.942724  0.350909 -0.487237 -0.321196 -0.298354
point 91 649 564.741 229.927   0.636469 -0.0899685 -0.0481103  -0.320181  -0.543492  -0.184691   0.291969  -0.615432  -0.955529  -0.280996
point 92 658 6.67554 205.012   0.384378   0.111607 -0.0782838  -0.296428   0.138187   0.981093   0.640953   0.608768  -0.754658   0.547184
point 93 662 496.925 200.059  0.313331 -0.332088 -0.401391 -0.780758 -0.250808  0.864553  0.492107   0.97015 -0.699746  0.750138
point 94 667 110.618 183.563 -0.961962 -0.576184  -0.22178 -0.617883  0.699013 -0.758947  -0.50031  0.772708  0.554972  0.372872
point 95 681 4.42178 203.861 -0.253623   0.53584  0.140104  0.431133 -0.728419  0.132567 -0.775393  0.429695 -0.119386  -0.84089
point 96 683  525.11 154.396    0.25998   0.149521   0.584635  -0.833129   0.765027  -0.732874   0.809537 -0.0437241   0.733651  -0.972677
point 97 689 385.676 168.052   0.867846  -0.431568  -0.510043 -0.0575807   0.769517    0.12606  -0.774976  -0.292165   0.886411   0.940146
point 98 697 50.2445 207.505  0.176007 -0.812284 -0.538514  0.954299  0.491333 -0.727625 -0.255202 -0.177459 -0.208127 -0.841525
point 99 709 78.9635 219.369  0.969511 -0.881312  -1.02651 -0.975384  0.506869  0.835383  0.806366  0.498904  0.174267 -0.502222
point 100 725 403.733 197.355 -0.809568 -0.716836 -0.771861 -0.928886  0.234667  0.349409 -0.821974 -0.752367 -0.468876 -0.261667
point 101 726 331.937 194.214   0.95004  0.558737  0.508128 -0.703126  0.272387  0.635225 -0.808303 -0.917459 -0.856387 -0.850071
point 102 729 620.018 238.186 -0.398554  0.619553   0.39106  0.626804 -0.608008 -0.478856  0.680439 -0.926435 -0.151215  -0.53499
point 103 752 211.558 180.673  0.793377  0.776488 -0.500102  -0.20163 -0.143556  0.118314  0.329802 -0.650276 -0.679562 -0.423235
point 104 777 145.733 205.965   -0.613174    0.666599   -0.252925   -0.438963    0.556342   -0.260672   -0.316782    0.540766 -0.00603817   0.0521681
point 105 798 466.121 146.272 -0.421186 -0.884383  0.992431  0.585793  0.515103  0.631451  0.658014  0.867213 -0.861879 -0.529142
point 106 800 460.843 150.138      0.5989   -0.993412   -0.512558  -0.0854268    0.852133 -0.00626465   0.0369039    0.764378   -0.417144   -0.447173
point 107 805 277.059  148.09  0.326395  0.766734  0.520915 -0.229084 -0.883183  0.770587 -0.192513  0.904567 -0.759675  0.212677
point 108 806 114.978 235.203     0.863035 -0.000949948    -0.533289    0.0919579    -0.686872    -0.348282     0.368828    -0.420623    0.0849986   -0.0972108
point 109 815 120.454 171.934  0.118475  -0.23796  0.996187 -0.304735  0.746316  0.610285 -0.330769 -0.641572  0.816844  0.920265
point 110 843 177.417 165.515 -0.383998 -0.140526 -0.120056  0.436071 0.0804888 -0.946834  0.392808  0.231803  0.928103  0.990383
point 111 854 359.697 202.044   0.674835    0.16941   0.357801  -0.762877  -0.130381    1.00048 0.00155792 -0.0905292    0.25588   0.937456
point 112 856 433.194 157.865 -0.00198735    0.626468    0.434937   -0.656265   -0.513281   0.0530117    0.532875    0.883263    0.310498   -0.607805
point 113 858 402.581 112.493    0.523586    0.256715   -0.191085  -0.0670183    0.684338    0.826698   -0.468491    0.168805   -0.725606 -0.00613867
point 114 867 68.4933 212.383   0.980229   0.128551  0.0706207   0.587389  -0.473039 -0.0221059   -0.80283  -0.418025   0.651166 -0.0435583
point 115 876 258.836 168.711  0.443476 -0.628427  0.939483 -0.230263 0.0776927 -0.957073 -0.911967  0.334572  0.886616  0.337036
point 116 880 254.017 198.881 -0.588693 -0.549716 -0.257264   0.69148  0.521256 -0.215421 -0.373844  0.611256   0.81086  0.680324
point 117 881  206.71 177.765  0.292605  0.650453  0.423506  0.619592  0.358343 -0.767737  0.180546 -0.802818 -0.467521 -0.541589
point 118 882 99.0803 209.548 -0.418203  0.977704 -0.601864  0.616342  0.425942 -0.223007 -0.930773  -0.84589 -0.527226  0.573073
point 119 883   266.2 221.024  -0.188561  -0.243574  -0.749259    0.96771   0.263561   0.588496   0.554603  -0.314406   0.168487 -0.0116758
point 120 927 158.966 190.895 -0.0422755   0.851135   0.587638   0.332573  -0.848203   0.414056  0.0187094  -0.416526   0.708355   0.963627
point 121 929 189.508  171.89  -0.81707 -0.327124 -0.250903  0.208598  0.277306   0.71935  0.124991 -0.194419  0.105299  0.228015
point 122 937 330.599 231.736 -0.485786 -0.611745 -0.532377 0.0883403  0.474912 -0.203036  0.112186 -0.252863 -0.284167  0.487008
point 123 946 472.205 183.854  0.174614  0.933127 -0.410525 -0.763631  0.564613 -0.880959 -0.269746 -0.726879 -0.424032 -0.559391
point 124 960 585.715 190.031 0.0760261 -0.714823 -0.739793  0.959625 -0.607811 -0.104172 -0.865069 -0.419382  0.631005  0.158514
point 125 963 29.0697  191.87 -0.011116 -0.855383 -0.428479  0.368141  -0.85805  0.233228  0.981602 -0.965804  -0.18356   0.47383
point 126 967 267.899 169.386   0.186708 -0.0606579   0.391634   0.985251   0.107136   0.281526   0.533343  -0.390388  -0.710607  -0.396933
point 127 971 72.4132 205.085    0.641912 -0.00715931    0.257341    -0.73106     1.01311   -0.110731    0.310063    0.974801    0.740864   -0.152913
point 128 979 94.3848 104.573 -0.00453507    0.489649   -0.135454    0.419994    0.230217    0.354408   -0.571476   -0.137853    0.622126   -0.255383
point 129 980 466.897 202.672   0.46178 -0.180834  0.566633  -0.53879  0.527251  0.362085 -0.857164 -0.174842  0.315942 -0.691752
point 130 997 32.2112  221.69   0.981113   -0.96798  -0.015703   0.787837  -0.445906 0.00517664    0.61582  -0.870111  -0.287863   0.611566

