seq: 266
gt_pose:   6.91419 -0.203667  -1.14894
odom_pose:  5.81278 -1.75177 -1.43272
point 0 0 426.142 103.822   0.625673   0.870362  -0.583672  -0.340964   0.516075  -0.421922   0.153627 -0.0546353   0.227734  -0.240804
point 1 35 543.923 205.237 0.0596242  0.872115  0.351728   0.59979  0.411301   -0.3908   0.29405 -0.982369 0.0819228  0.639867
point 2 45 563.587 226.821  -0.567483 -0.0493675    0.91663  -0.055349   0.770106   0.979881  -0.670487 -0.0459789   0.590487   0.533959
point 3 46 352.802 198.355     0.879277    -0.327476    -0.197111     0.145062     0.156319      0.27208    -0.621923 -0.000968571    -0.311472     0.323773
point 4 54  552.11 152.264 -0.599136   0.15553 -0.894175   -0.8446 -0.681921 -0.547152 -0.739868  0.134037 -0.863723  0.732901
point 5 56 530.057 193.819  0.225017 0.0407672 -0.967375  0.887874 -0.278178 -0.637777 0.0654214 -0.159316 -0.346926  0.360011
point 6 69 501.726 213.192  -0.384244  -0.747843   0.735902  -0.757626 -0.0259488    -0.5029  -0.584898  -0.464009   0.364855   0.927974
point 7 91 405.854 226.539   0.505465 -0.0239944  -0.857731 -0.0976384   0.907283    0.77226   0.270225  -0.504571  -0.553909   -0.48379
point 8 94 215.558 110.804 -0.755927  0.435057 -0.560253  0.209934 -0.984945  0.589551 -0.037408 0.0149167    0.6219 -0.741151
point 9 99 380.394 120.079 -0.487386 -0.630268 -0.748272 -0.769054   0.13774 -0.918342 -0.799688 -0.682022  0.509407   1.01381
point 10 118 596.443 184.723   0.906765   0.929463   0.658822  -0.458833 -0.0498332   0.527242  -0.910517  -0.628801   -0.90793   0.642082
point 11 152 507.614 148.118  0.0809063   0.474678  -0.595967  -0.539793   0.908273  -0.547726 -0.0503065   0.672598   0.785533   0.330427
point 12 174 550.207 133.885  0.684707 0.0927754   0.84894  0.196586 0.0706262 -0.490972 0.0459417 -0.545009 -0.525393 -0.959504
point 13 177 316.202 133.607  -0.704057  -0.102625  -0.527188   0.392176   0.139051   0.116042 -0.0151803  -0.551676   0.490956  -0.251387
point 14 182 561.381 232.755 -0.942645 -0.900195 -0.765973  0.904832 -0.713927  0.111256 -0.696593 -0.407717  0.402663   0.46736
point 15 187 595.051 170.365  0.831371  0.530138  0.671758 -0.202582  0.436504  -0.25382  0.150871  0.914796 -0.943374  0.904938
point 16 194 416.377  145.61  0.877239 -0.794898 -0.175888  0.808882 -0.696609 -0.623898 -0.167165  0.842109  0.647656 0.0288268
point 17 196 402.895 185.389  0.561831  0.511973 -0.956102 -0.933094  0.448067  0.901999 -0.792492  -0.71167  0.766925 -0.381153
point 18 207 382.539 235.701  -0.98212 -0.733674  0.961928   1.00226 -0.282609 -0.841944 -0.278139  0.556767 -0.586018 -0.745376
point 19 212 297.577   218.2 -0.413575 -0.129421 0.0519958 -0.971071 -0.177063  0.779619  0.661019  0.309767  -0.94377  0.846883
point 20 215 286.693 164.815  0.981715 -0.571501  0.887297  0.056455 -0.405726  0.363602  0.860098 -0.145058 -0.604564 -0.234751
point 21 217 428.158 51.7889 -0.371389  0.280478 -0.931681  0.240787  0.170361 -0.997508  0.616453  0.100035 0.0207107 -0.743006
point 22 220 634.123 198.076  -0.818125  -0.560008  -0.949324  0.0587487   0.576784  -0.129658  -0.275194   0.543143  -0.358167 -0.0207357
point 23 224 428.321 167.948    0.89213  -0.603133  -0.799387   0.447949   0.395122  -0.401612   0.420268    0.44426   0.111435 -0.0900246
point 24 237 390.815 184.105 -0.0185205  -0.912011   0.612073  -0.950856   0.220149   0.824724  -0.979406   0.200719   0.355484   0.141233
point 25 252 457.676 189.906   -0.44408  0.0130103   0.716362  -0.202095    1.02011    0.90874 -0.0995741  -0.129227  -0.943574  0.0330677
point 26 256 517.344     222   -0.683658    -0.73004 -0.00958288    0.730799    0.564159   -0.789795    -0.54385   -0.645467    0.714143   -0.134182
point 27 261 480.341 202.057   0.867419    0.38624    0.99947  -0.310642   -0.16425   0.158186  -0.632625   0.948511  -0.297189 -0.0927599
point 28 279 63.8867 70.3147 -0.480632 -0.377178  0.209806  0.178919 -0.142676  0.688641  0.406941 -0.798775  0.869759   0.37276
point 29 289 275.639 112.761  0.837693 -0.455899  0.341664  0.937108 -0.842757  0.883933 -0.729376 -0.398784    0.9586 -0.305179
point 30 299 592.187 193.485  -0.673775 -0.0251559   0.460319   0.903579   -0.36773 -0.0197992  -0.163734  -0.484056   0.697669   0.968515
point 31 317 246.522  235.19  0.517058 -0.047237 -0.585132 -0.160945  0.700674 -0.497438  0.496813  0.742203   0.69864 -0.851806
point 32 347  390.04 203.547  0.432019  0.338237 -0.710872  0.558607 -0.123191 -0.736055 -0.922272  0.857792  0.579807  0.419832
point 33 348 191.763  28.538   0.837574  0.0687222  -0.765347   0.272126     0.3435   -0.29082   0.149607  -0.640082 -0.0924558  -0.983892
point 34 354 339.548 236.882  0.306395 -0.254624  0.860973 -0.740873  0.466317  0.400568  0.621719 -0.177883  0.733195  0.187952
point 35 372  317.07 203.896  -0.183638   0.904561 -0.0600035  -0.569581    1.00419   0.612422  -0.690804  -0.980803  -0.433899   0.272172
point 36 373 471.851 235.876  -0.447662   0.828048 -0.0412361  -0.314709   0.420595   0.564988 -0.0748849   0.748122  -0.301822  -0.839185
point 37 374 534.571 198.399  0.566494 -0.402588  0.325341 -0.626945  0.398875 -0.915726 -0.721666 -0.604207 -0.441697 -0.777316
point 38 394 393.165 188.165 -0.198516 -0.524851  0.981632  -0.29936   0.40016  0.917074  0.580648 -0.987398  0.252863  0.620531
point 39 403 569.024 162.482  0.178042  0.654638 -0.489819 -0.541755 -0.637447  0.452967  0.974397  0.667255 -0.963357  -0.63489
point 40 417 324.328 187.385 -0.764547  0.527126 0.0494835 -0.430373  0.287327  0.506287 -0.803627  0.406731 -0.685441  0.275173
point 41 421 343.597 206.777 -0.811024   -0.8525 -0.228896 -0.693517  0.787929 -0.582106  0.271277  0.211595 -0.288159 -0.214888
point 42 429 562.817 195.736  0.512605  0.366924 -0.654968 -0.485658  0.600508 -0.920163 -0.573562 -0.207031  -0.38991  0.309645
point 43 442 392.882 226.771 -0.217478  0.561557 -0.680599 -0.393578  0.601164 -0.570543 -0.297837 -0.379168 -0.676241  0.123045
point 44 444 518.441  174.94   0.615304  -0.897748   0.453187  -0.602778  0.0338458  -0.775639   0.945785   0.271601 -0.0884117   0.507807
point 45 446 554.666 143.218   0.512884  -0.745385   0.581641   0.871882   -1.03252   0.155341    1.02477   0.496933   0.541277 -0.0486317
point 46 452 561.616 172.509  -0.942838   0.268866  -0.255009    0.73128   0.535519  -0.737435 -0.0911577   0.262905  -0.304992 -0.0950101
point 47 468 565.327  161.29  0.455146 -0.263463 -0.497591  0.526988  0.169605  0.473596 -0.367212 -0.235277 -0.847535 -0.357645
point 48 482 473.704 214.942  0.459409  0.412513  0.277452  0.177607 -0.342828 -0.485534  0.269251 -0.238017  0.282469 -0.354994
point 49 509 487.327  195.45  0.316662 -0.871743 -0.341659  0.713184  0.830659  0.836147 -0.425948 -0.374371 -0.342356   0.93431
point 50 518 416.958 139.371 -0.929299 -0.970322  0.247893  0.828057   0.43475  -0.53142  -0.74116  0.592871 -0.373059   0.13574
point 51 566 616.948 237.306   0.57678  0.701009 -0.240209 -0.282682 0.0750905  0.196912  0.556592 -0.698205  0.684385 -0.500191
point 52 571 543.916 83.8008  0.792729  0.749616  0.321581  0.654076  0.312798 -0.693844  0.888001 -0.382208  0.544579 -0.298671
point 53 604 226.624 227.637   0.364461  -0.931589  -0.878932   0.481679  -0.655478  -0.800056   0.190352   0.105132 -0.0333867  -0.567854
point 54 608 210.448 151.972   0.706429    1.00815 -0.0616199   0.739908  -0.134872   0.685077    0.40583   0.791701   0.152395   0.918288
point 55 612 218.898 120.026  -0.6941 0.445051 0.165407 0.302153 0.409705 0.953239 -0.86407 0.153104 0.669822 0.532335
point 56 620 549.731 155.747  0.532636 -0.265587  0.897059  0.802254 -0.294579 -0.408731 -0.795259  0.410291 0.0669068  0.488808
point 57 624 113.816 161.879 -0.00361358    0.652281   -0.754616   -0.614754    0.692024   -0.176042   -0.624209     0.20546    0.786993   -0.639538
point 58 698 308.499 209.397   0.392785  -0.471779   0.396203   0.388067   0.480623   0.585741  -0.903273  -0.407436 -0.0979208  -0.927413
point 59 703 317.761 172.471  0.858656 -0.618543  -0.65374  0.899811 -0.276979  0.795202 -0.980257 0.0427559  0.807432 0.0332176
point 60 731 557.927 223.543  -0.27882  0.368061  0.379938  -0.88765 -0.649421  0.894044  0.764257  0.746472   0.59479 -0.817065
point 61 740 32.3736 96.3469  0.383627  0.800527 -0.919665  0.613845 -0.159488  0.294682  0.664752 -0.469127  0.743295 -0.960076
point 62 743 507.922 218.448   0.132524  -0.551776   0.918369   0.308903   0.651546  -0.245574   -0.42308 -0.0747709  -0.293102  -0.409111
point 63 745 606.072 178.096  0.926146 -0.415106 0.0895859 -0.633816  0.227781 -0.713992 -0.198691  0.160845  0.574998  -0.52089
point 64 753 279.421 163.543  0.556402  0.532031   0.22565 -0.984627 -0.758051  0.897525  0.134359 -0.139751  0.786197  0.547015
point 65 754 290.391 106.906 0.0653269  0.424986 -0.333277 -0.958861  0.261066  -0.51647  0.822176  0.725759  0.344707 -0.330001
point 66 764 401.134 206.741 -0.948602 -0.412709  0.246806 -0.691256  0.991179 -0.502696  0.174369 -0.951037 -0.706093  -0.58728
point 67 789 298.139 167.021  -0.653325 0.00284431   0.583028 -0.0460492   0.130528  -0.611822  -0.696118 0.00888435 -0.0325679   0.381495
point 68 790  328.85 233.278  -0.719464   -0.81027 -0.0875996  -0.189263   0.459403   0.287534   0.222463   -0.23601  -0.954818  -0.769479
point 69 791  504.74 187.631  0.710323 -0.602377 -0.836091 -0.639693  0.980181 -0.518807  0.423137  0.554704  0.545605  -0.43173
point 70 811 378.053 209.893   0.553046   0.633974 -0.0490282  -0.246244   0.373215   0.750971  -0.207434   0.405323  -0.508226   0.269885
point 71 818  609.59 198.438 0.0182094 -0.888228 0.0517094 -0.361246 -0.745749 -0.277582  0.404485 -0.564335 -0.839431 -0.419172
point 72 839  325.49 191.206 0.0431255 -0.220573 -0.809665 -0.911804 -0.211444 0.0498572 -0.140734  0.328463   0.72142  0.157042
point 73 845 153.337 202.878 -0.0860545  -0.270747   0.902882   0.931562  -0.474603  -0.536852  -0.296382   0.429373   0.895633   0.903815
point 74 855  609.41 164.727  0.0572707   0.967183  0.0960002 -0.0530703  -0.856567   0.724777   -0.21092  -0.474682  -0.286234   0.898827
point 75 860 412.944 234.595   -0.768497   -0.886654    0.790938    0.524335   -0.849737    0.246984   -0.222609 -0.00577116   -0.870321    -0.45705
point 76 935  510.34 224.386  -0.726182  -0.960054    0.26755    1.00639  -0.610498   0.469572   0.286575   0.867736  -0.761317 -0.0566946
point 77 969 293.584 239.853   0.672133 0.00518668   0.944968  -0.165196   0.528844   0.213276   0.834223 -0.0981516   0.122867  -0.103153
point 78 994 402.423 112.419  -0.303535 -0.0174625  -0.924626  -0.504725  -0.334824   0.440433  -0.253365   0.511072  -0.137552  -0.268188
point 79 996 233.298 102.906  0.267328  0.500242  0.489391  0.934441  0.638322 -0.883384 -0.120401  0.698623 -0.431553  0.620238

