seq: 303
gt_pose:  3.25619 -5.04601  2.68975
odom_pose:  1.11853 -5.55155  2.49272
point 0 5 390.197 180.123 -0.0163077   0.324191  0.0862503  -0.937474  -0.101209   0.872545   0.825011    0.46353  -0.467625    0.43601
point 1 6 590.752 121.378 -0.712609  -0.12056  0.751754   0.62482 -0.327496 -0.558999  0.751969 -0.251115  0.368396  0.898177
point 2 7 576.822  185.22  -0.165619   0.828101  -0.162949    0.60688    0.37571   0.772525 -0.0122667  -0.615115     0.8889   0.842125
point 3 9 139.695 157.541 -0.823662 -0.750833 0.0315008  0.563983   1.00049  0.884137  0.370797  -0.18925  0.485296 -0.246977
point 4 11 55.8896  131.08  0.548911  0.456505  0.278054  0.929729  0.286531  0.546226 -0.785056 -0.707357 0.0653402 -0.870497
point 5 14 492.355 196.354 -0.842641 0.0917968  0.517788 -0.343153  0.941984  0.114416  0.804065  0.525897  0.221529 -0.941926
point 6 21 584.789  207.73  0.533682 -0.439537 -0.306467 -0.647738  0.945464 -0.977612  0.691671 -0.308397 -0.613994 -0.154363
point 7 23 311.388  113.21  0.813626  0.760877 0.0101276  0.161665 -0.716649 -0.480724   0.71518  0.020618 -0.028383  0.658827
point 8 24 281.697 167.696   0.327216   0.407472   -0.68076   0.218277 -0.0645285   0.724917   0.471037   -0.59412   -0.52714  0.0332933
point 9 36  618.83 236.708 -0.211885 -0.314615  0.407681  0.574739  0.339461 -0.697564 -0.898038 -0.902153  0.346772 -0.628987
point 10 37 627.594 229.252  -1.00438 -0.968913 -0.430823 -0.519651  0.289671  0.681647 -0.659015 -0.302334  0.287038  0.730974
point 11 43 227.946 224.353  -0.939188   0.396409   0.122769   0.642917    0.18864   -0.13056 -0.0296049   0.986138  -0.907133  -0.856878
point 12 48 208.127 15.2889  -0.330267  -0.969736   0.853061   0.204851   0.574435   0.813907   0.915227  -0.634631  -0.143798 -0.0505487
point 13 66 48.2556 50.6681 -0.815931   -0.2204  0.236061  0.250538  0.411495 0.0514399 -0.196514   0.68433  0.192927  0.835715
point 14 72 336.101 218.329 -0.836195 -0.335108  0.742709  0.202961  -0.81116  0.588682  0.513153 -0.156285 -0.243495 -0.172388
point 15 78 405.678 212.073  -0.908303  -0.856397   0.619962   0.804467   0.980248  0.0268371  -0.395485  -0.634085  -0.327951 -0.0758255
point 16 81 157.316 184.411   0.586433   0.214158  -0.852923 -0.0536921  -0.189749   -0.11951   0.249597   0.703616  0.0767484  -0.562022
point 17 109 442.747 230.611  -0.501069   0.848691  -0.829825  -0.386592   0.498748 -0.0244001   0.677271   0.573285  0.0403777   0.299502
point 18 110 559.924 174.645  0.805725  0.913401 -0.574951 -0.315559 0.0361651 -0.720574  -0.53505  0.631933  0.770093  0.268352
point 19 113 622.098 210.318  0.0139143  -0.540859   0.548593  -0.898777   0.524915  -0.344675  -0.901105   0.639185  -0.301994 -0.0361065
point 20 116 379.679 219.528  0.872637  0.598353  0.397039 -0.421763  0.575828 -0.140387 -0.340918  0.566629  0.333583  0.790126
point 21 117 30.4043 223.202     0.613694     0.260838    -0.284256    -0.280212     0.520114    0.0130378 -0.000109892   -0.0388916    -0.496891     0.937814
point 22 119 545.046 181.214 -0.376729 -0.441568  0.791713 -0.334495  0.819586  0.480019   0.89601 -0.502773 -0.813612  0.413952
point 23 121 26.8508  159.07  -0.0326918    0.884453  -0.0993909    0.686605    0.121153    0.544898   -0.730795 -0.00631831   -0.873318    -1.01583
point 24 123  426.55 150.925  0.112296 -0.827333 -0.248458  0.351525  0.851686  0.664836  0.291611 -0.177168  0.320097 -0.610801
point 25 128 41.7422 151.265  0.691145  0.991108 -0.368621  0.834112 -0.494021 -0.659378 -0.680508  0.373746  0.615921 -0.789287
point 26 132 580.389 201.885   0.234039  -0.976294  -0.969586 -0.0443854  -0.723303   0.838582  -0.814382   0.266034   0.808883   0.697811
point 27 138 427.343 206.888 -0.399781 -0.767056 -0.473501 -0.571745 -0.488245  0.157833  0.500282 -0.799796  0.161889 -0.122698
point 28 146 300.542 172.665   1.04141 -0.473477 -0.655433  0.165544 -0.643833 -0.169366  0.949169 -0.547851 0.0488739 -0.716315
point 29 148 606.637 154.596 -0.0952422  -0.248377  -0.177142   0.560344 -0.0770464  -0.219277  -0.934634   0.290225   0.948449  -0.591666
point 30 156 516.547 206.306   0.288034   0.511645  -0.738103   0.387935  -0.796171   0.968909   0.118592  -0.685966  -0.978568 -0.0736728
point 31 159 531.657 210.429  0.264401  -1.03556 -0.874754 -0.125681 0.0794868  0.101829  0.934527 -0.323863 -0.405789 -0.792599
point 32 165 499.527 199.296  0.436999 -0.816203  0.462132  0.633695 -0.690052  0.613198 -0.657616  0.849529  0.355718 0.0270699
point 33 169 627.403 193.008  -0.551633   0.513809   0.774307   -0.22269 -0.0790532   0.526222   0.333603   0.499758  -0.665488  -0.526097
point 34 176 498.439  217.15  -0.728724    0.86545  -0.130657 -0.0555816   0.384378  -0.458379  -0.885701    0.27037   0.736609  0.0901102
point 35 184 439.936 202.292 -0.212304  0.539486 -0.402873 0.0490132 -0.570365 -0.312998  0.144347 -0.325467 -0.355749  0.324672
point 36 200 426.373 179.917   -0.41647  -0.705268   0.619882   0.371963   0.245363   0.579277 -0.0596764   0.849684   0.991226 -0.0937518
point 37 227 140.015 231.267   0.89127  0.151913 -0.364936  -1.03753  0.585327  0.839164 -0.358304 -0.654035  0.116833  0.325739
point 38 234   215.6 113.398  0.090275 -0.185555  0.645196 -0.294296  0.757004 -0.491533  0.374434  0.258349  0.289594  0.473497
point 39 240 536.169 194.381 -0.558416 -0.578119  0.633021  0.795556  0.816185  0.704935 -0.566682 -0.732372  -1.00092  0.656613
point 40 242 285.291 121.136 -0.755278 0.0587721  0.177337  0.410089  -0.42034  0.587362   0.78648 -0.758871  0.413625  0.637555
point 41 277 339.812 157.144 -0.477122 -0.837615  0.236901 -0.850211 -0.977374  0.141218 0.0986209  0.484392  0.357904 -0.918574
point 42 278 44.3931  194.73 0.0419798 -0.065333  0.113556 -0.674943  0.965036 -0.286457 -0.424054 0.0449469  0.575653  0.871804
point 43 288 82.7099  198.03  0.252815  0.549719  0.913386 -0.902635  0.897625 -0.836569 -0.384779 -0.527966 -0.100607  0.585396
point 44 292 215.241 217.801  -0.179559   0.131017  -0.250894   0.757497  -0.291694   0.110383   0.489212 -0.0405904   0.547596   0.816218
point 45 294 130.722 182.362 0.00600826  0.0317381   0.140486   0.474128   -0.68652   0.969818  -0.404094  0.0780926   0.640805   0.317175
point 46 296 581.257 106.225 -0.00980777   -0.565929   -0.334028    0.270647   -0.192858    0.557541   -0.618813    0.955718   0.0239361   -0.361533
point 47 301 483.888 209.293  0.112609 -0.512445 -0.974906  0.389603 -0.965452 -0.703178 -0.647493   0.48613 -0.697092 0.0490767
point 48 304  630.13 166.151  0.506053 -0.538586 -0.374249 -0.358366   1.00888 -0.229458  0.710455  0.519489 -0.582893 -0.463507
point 49 326 212.658 155.034  0.405729 -0.506549  0.612375  0.265804  -0.91647 -0.352705 -0.370815 -0.630697  0.254667 -0.816702
point 50 334 340.738 217.884 -0.392717 -0.406381  0.971012 -0.675943  0.212144 -0.391578  0.180922 -0.876597  0.980555 -0.107948
point 51 345 8.23789 177.697  0.926656 -0.566359 -0.052517  0.318262  0.359572  0.896434  0.390134  0.957453 -0.905838 -0.815125
point 52 355 55.0076 224.407  0.405546  0.907489 -0.847273 -0.474591  0.442977 -0.316653  0.314221  0.405842  0.348914  0.972782
point 53 356 127.188 192.843  0.335138  0.409336 -0.747529  0.876109 -0.655755  0.585837 -0.348303 -0.792269  0.903371 -0.937207
point 54 359 339.548 128.044 -0.0356474  -0.274181   0.643489  -0.548696   0.705479  -0.011875   0.236254   0.156535  -0.543393  -0.259837
point 55 364 408.517 211.708 0.0540491  0.833319   0.69299  -0.64594  0.891452  -0.52424  -0.60106 -0.850199  0.134021 0.0149704
point 56 367 582.537 144.213 -0.725853 -0.875563  0.885491 -0.445371 -0.493699  0.708395 -0.294031 -0.081012 -0.515235 -0.770796
point 57 382 326.057 171.424 -0.710332  0.894443  0.999374 -0.898705  0.108162  0.553564  0.499489 -0.176335     0.277 -0.165616
point 58 398 585.642 215.939 -0.874778  0.914569 -0.656457  0.451479  -1.01973  0.617229  0.651057  0.856992  0.313936 -0.759955
point 59 422 220.231 205.922 -0.0671293   0.557175   0.566732   0.360798    0.93603   0.933606 -0.0324525     -0.906   0.452345   0.711804
point 60 425 436.934 239.951 -0.410963 -0.344785  0.415856 -0.456725 -0.549766 -0.679482  -0.15485 -0.923947  0.858412  0.902214
point 61 454 580.924 179.565 -0.929099   0.93808   0.68013 -0.426059  0.577711  0.770624  0.788755 -0.618861  0.391235  0.320513
point 62 459 177.106  217.53  -0.086684   -0.57689    -0.2122  -0.121407 -0.0437591  -0.826172  -0.762964  -0.909204  -0.991124  -0.802857
point 63 469 619.833 114.457 -0.0703135  -0.786389   0.919617   0.971048  -0.109286  -0.427936  -0.758326    0.81748   0.197133  -0.945022
point 64 470 334.885 237.656   0.470615 -0.0451904  -0.634121   0.904931  -0.321773   0.865051  -0.396585   0.234447   0.415196   0.774815
point 65 472 365.414 210.845  -0.933072 -0.0356546   0.668797  -0.183361   0.949795  0.0550552   0.757434   -0.73893 0.00959439  -0.634652
point 66 475 354.555 223.644  -0.983124   0.113757  0.0129607   0.605112  -0.328847  -0.318134  -0.080455 -0.0503062  -0.689037  -0.308788
point 67 492 311.261 132.216  0.468077  0.524879 -0.683249 -0.414548 -0.507118   0.68622 -0.489225  0.843303 -0.850672 -0.597269
point 68 497 232.825 209.028   0.531876  -0.486842   0.599073  -0.242889  -0.652548  -0.183119  -0.543734   0.233527  -0.727637 -0.0249661
point 69 508 330.325 127.279  0.613615  0.616507 -0.238709 -0.122545 -0.770591  0.853481 -0.839032  0.164405 -0.710341 -0.817022
point 70 519 566.024 128.577  0.367248    0.4895  0.585855  0.131444  0.707307 -0.876101 -0.876867  0.861485 -0.297415  0.499813
point 71 529 359.171 193.543  0.464876  -0.39976 0.0260359 -0.288586  0.664124 -0.152323 -0.832126  0.748939 -0.184005 -0.342334
point 72 546  136.98 190.788  -0.500008  -0.434768  -0.653648   0.963993   0.132403   0.272183  -0.380532  -0.144489  -0.954434 -0.0341752
point 73 560 191.235 128.427  0.979531  0.457922  0.598806   0.78185  0.301471  0.420713 -0.738509 0.0223532  -0.44836  0.351095
point 74 565 86.9637 234.339   -0.968189     0.89777     0.43869    0.219129   -0.484987   -0.628693    0.793924     0.83797 -0.00794502    0.558483
point 75 568 389.546 215.336 -0.953494 -0.617728  0.966782 -0.683811   0.37711  0.549748  -1.00862 -0.823376 -0.768317  0.103933
point 76 591  558.48 205.066    0.976387   -0.605463    0.622054   0.0723409   -0.460742   -0.305842    0.955901    0.242776 -0.00174197   -0.562003
point 77 597 276.753  136.58 -0.760973  0.690072  0.853184 -0.079605 -0.329394  0.551407  0.885488  0.935425  0.420485 -0.360689
point 78 617 455.414 172.214 0.0274805 -0.786761  0.285667  0.172112 -0.490885 -0.980475 -0.213948  0.266068  -0.80678 -0.611971
point 79 638 8.35197 85.0122   -0.29935  -0.830262    0.57968  -0.781932   0.198216   0.379854 -0.0599246  -0.356131   0.462266   0.834087
point 80 639 520.917 142.019 -0.826233  0.817756 -0.354887 -0.358098  0.756846   0.69154 0.0262532  -0.86308 0.0987984  -0.70233
point 81 651  235.72 7.87212  0.834731  0.522795 -0.579924  0.283114 -0.521855 -0.993326 -0.841347  0.332836  -0.28325 -0.434294
point 82 655 626.962 221.663 -0.0892048   0.671753   0.448272  -0.628449  -0.530589  -0.441942  -0.912008   -0.65605  -0.864808    0.83612
point 83 658 604.832 224.406   0.420981  0.0671696 -0.0449629  -0.311938   0.226361   0.964208   0.614445   0.652533  -0.815663   0.496436
point 84 661 455.113 174.541  0.251493 -0.539348  0.381688  0.365392 0.0839885  0.175325  -0.95009 -0.776468  0.183309  0.384943
point 85 667 594.213 176.999  -0.92189  -0.57106  -0.24136 -0.620665  0.796164 -0.736212 -0.476644  0.765745  0.530159  0.365236
point 86 676 173.996  233.62  0.399029  0.466583   0.84242  0.211528 -0.392908  0.691007  0.458708   -1.0261  0.413408 -0.929667
point 87 686 22.0326 177.087 -0.516598 -0.833428  0.663335 -0.571077  0.622368 -0.329991 -0.502652 0.0853031  0.205427  0.352355
point 88 688  3.3356 236.819     0.14122   -0.258268    0.710607    0.242534   -0.666364   -0.790833    0.457832      -1.009   -0.365715 -0.00188217
point 89 695 400.414 210.214   0.711194  -0.219723   0.340325  -0.400867   0.490569 -0.0722902   0.898932  0.0292126    0.50702    0.82695
point 90 701 43.3111 188.531   0.449772  -0.877189  -0.671455   0.933031 -0.0213794  -0.602555   0.907209   0.395773   0.165477   0.431023
point 91 722 107.399 11.8946    0.5453 -0.602789  -0.28292 -0.763301 -0.828593 -0.874548 -0.314549  0.600199  0.493261 -0.073992
point 92 724 41.6244 76.7217 -0.904147  0.884227 -0.207191 -0.463738  0.877272 -0.620334 -0.136742 -0.345178  -0.41027 0.0480681
point 93 751 210.212 214.108  -0.285263  0.0641293  -0.463619   0.806269  -0.531205 -0.0860993   0.110103  -0.977628   0.260175  -0.411834
point 94 752 464.232 172.926  0.837247  0.811587 -0.526208 -0.153234 -0.135138  0.049879  0.342184 -0.682779 -0.644917 -0.463742
point 95 766 151.481 205.587  -0.944596   0.392733   0.178519  -0.516433  -0.161647   0.219056  0.0116422   -0.89988   0.419246 -0.0126726
point 96 776 405.828  161.45  0.925025 -0.159475 -0.194175 -0.514822  0.635512 -0.887951  0.420858 -0.392146  0.769997 -0.779273
point 97 777 560.413 185.584  -0.569614   0.690366  -0.342605  -0.470802   0.634255  -0.236572  -0.297786   0.560285 0.00140796  0.0567546
point 98 794  437.73 210.359  -0.461413   0.431212  -0.325683  -0.615889 -0.0121973    0.67919   0.475133  -0.494404  0.0989541   0.506427
point 99 797 451.776   182.4  -0.752266  -0.650018   0.736955  0.0516027  -0.218316  -0.531206   -0.06261   0.515235 -0.0929203  -0.288613
point 100 819 339.398 195.092  -0.513218   0.430597   -0.72965   0.784224    0.89276 -0.0172581    0.28143   0.769093  -0.375172  -0.109056
point 101 821 567.575 132.709  0.429015  0.263292 -0.614124 -0.952117  0.954824 -0.146941  0.442103 -0.833899 -0.439036  0.384546
point 102 829 107.543 169.846 -0.534551  0.833511  -0.75062 -0.815089   1.00286   0.25034   0.18099 -0.237189 -0.203417 -0.570252
point 103 833 47.6372 90.0029 0.0271636  0.242511  0.798553  -0.11148 -0.625211 -0.302614 -0.715046 -0.970581  0.765676  0.638464
point 104 841 427.565 176.249   0.17497  0.863291  -0.93406  0.913041 -0.394692 0.0471111 -0.329106 -0.219021  0.216759  0.485921
point 105 843 508.978 158.468  -0.432423  -0.197183 -0.0577507   0.425733   0.177152  -0.918782   0.351852    0.20897   0.938355     1.0143
point 106 861 300.945 192.372  0.0854935   0.631657   0.853601 -0.0804237  -0.454007   0.294745   0.070534    0.15546 -0.0826923  -0.429691
point 107 862 371.742 207.231   -0.82727  -0.300355  -0.689939  -0.202413   0.595208  -0.535642 -0.0807857   0.363901  -0.953178 0.00920998
point 108 878 600.646 233.768  -0.916757  0.0647175  -0.970713  0.0871132 -0.0572759   0.457901   0.404621  -0.124937  -0.722412  -0.539932
point 109 879 80.3154 140.894   -0.242516    0.554936    -0.20232   -0.656714    0.186334   0.0953985   -0.702788 -0.00567714    0.159425    0.081806
point 110 884 182.457  221.73  0.457525 -0.134444 -0.425207 -0.723173 -0.763753  0.043695 -0.744558 -0.305617 -0.322617  0.682442
point 111 887 244.637 219.238  0.550514 -0.734262 -0.808922 -0.689796 -0.820501 -0.931413 -0.314335 0.0346981 0.0822864 -0.789361
point 112 917 104.631 162.005  0.888532 -0.982894 -0.524668 -0.504873 -0.215559   0.68678 -0.866503  0.929721 -0.432982 -0.581398
point 113 918 600.239 77.6025 -0.873176  0.216508  0.559826  0.130947 -0.374682 -0.763279 -0.612112  0.921502 -0.154297 -0.229849
point 114 925 140.129 97.2292  0.751077  0.614318 -0.476279 -0.673047 -0.104004 -0.250066  0.380313 -0.306232  0.459908 -0.274619
point 115 927 530.814 194.453 -0.0470583   0.902179   0.544829   0.332398   -0.92379   0.359747 0.00657988  -0.378918    0.73063   0.890567
point 116 929 505.802 195.632 -0.891709 -0.285315 -0.293828  0.205958  0.239413  0.707197 0.0371056 -0.161756 0.0800841   0.21066
point 117 936 357.279 144.822 0.0753184 -0.417058 -0.443223 -0.340665 -0.460221   0.90342  0.112012 -0.675779 0.0672679   0.10917
point 118 941 186.966 210.685   -0.133679   -0.201127   -0.858625   -0.976426    0.453033     -0.2726   -0.681035 -0.00578805   -0.335299    0.467136
point 119 942 449.296 221.738 -0.773621 -0.269463  0.644645 -0.477107  0.217592 -0.235547 -0.734838 -0.961707  0.936901  0.434923
point 120 954 147.456 217.818   0.54325 -0.300212   0.70543 -0.717008  0.136279  0.417801  0.381866  0.665645 -0.848577 0.0698878
point 121 965 349.539 168.168   0.898441   0.612701   0.521088 -0.0505366  0.0551155  -0.448456   0.170682   0.639352   0.894388   0.261456
point 122 977 160.709 130.088 -0.467428 0.0106588  0.659544 -0.740508 -0.756239  0.800825  0.748759  0.983771 -0.180411  0.465823
point 123 979 568.651 165.351 0.0878999  0.475992 -0.136089   0.50215  0.244236  0.405344 -0.554953 -0.152036  0.581236 -0.246162

