seq: 296
gt_pose:  4.62033 -5.11498 -2.85377
odom_pose:  2.46978 -5.88371 -3.00197
point 0 5 557.668 171.257 0.0446936  0.305701 0.0728755 -0.935425 -0.166879  0.832015   0.91025  0.490528 -0.454247  0.454965
point 1 11 315.046 195.496  0.634725  0.435993  0.350533  0.928548  0.291106  0.568151 -0.826155 -0.774287  0.044609  -0.86693
point 2 23 443.031 143.123   0.854102   0.738918 -0.0055821   0.164397  -0.661433  -0.472471   0.708713 -0.0336703 -0.0558053   0.651044
point 3 24 419.399   183.1    0.40857   0.441594   -0.74847   0.206094 0.00735082   0.657526   0.466725  -0.622447  -0.576187  0.0424381
point 4 26 405.184 118.109  -0.805876  -0.815293   0.260486  -0.236364  -0.410713  -0.308968  -0.782583 -0.0957124   0.903157    0.15645
point 5 48 374.796 125.347   -0.336079   -0.962869    0.877654    0.227221    0.522354    0.767717     0.82062   -0.643333  -0.0791822 -0.00361361
point 6 66 314.313 164.758 -0.767254  -0.20894  0.149821  0.313929  0.365624  0.108772 -0.218401  0.678017   0.15644  0.841353
point 7 72 486.349 216.715 -0.770076  -0.34846  0.756141  0.259825 -0.805096  0.591588  0.522322 -0.230773 -0.286765  -0.20447
point 8 78 611.077 201.448 -0.888083  -0.80548  0.594745  0.749279  0.953535 0.0495395 -0.396863 -0.655405 -0.313951 -0.112588
point 9 92 576.607 204.522   0.128341   0.783116 0.00419745   0.906342   0.325882   0.278469    1.01261   0.634144  -0.248057   0.024798
point 10 102 249.964 153.929  -0.340716  -0.824427  -0.307956  -0.835212  -0.440867   0.757103   0.796347   0.355119 -0.0226399  -0.277366
point 11 107 69.9836 155.685 -0.249345 0.0998262 -0.921403 -0.929628   0.55364  0.582647 -0.968192 0.0680664 -0.308971 -0.164442
point 12 116 502.369 223.672   0.941953    0.62512   0.338587   -0.47493   0.536308 -0.0807639  -0.332116   0.613663   0.365936   0.847899
point 13 118 270.851 42.7005  0.876098  0.929336  0.687835 -0.502931 0.0268064  0.577244 -0.885017 -0.659936 -0.901846  0.653055
point 14 138 499.909 221.827  -0.346086  -0.697611  -0.453158  -0.638291  -0.511864    0.18354   0.555887  -0.811822   0.127684 -0.0871789
point 15 146 439.776 178.622   1.00937 -0.554591 -0.703553  0.152592 -0.670011 -0.168077  0.938716 -0.551863 0.0594347 -0.775899
point 16 166 621.445 206.529 -0.583547  0.351014 -0.638384 -0.457613 -0.636648  0.224337 -0.714311   0.11629  0.149552 -0.697512
point 17 182 155.966 220.877 -0.878333 -0.951443 -0.741329  0.918727 -0.751456 0.0373755 -0.628089  -0.48485  0.372532  0.509913
point 18 187 197.518  125.05   0.80692   0.51485  0.617028 -0.216575  0.497401 -0.261703   0.12991  0.917085 -0.927292  0.886581
point 19 216 602.753 192.308  -0.684005  -0.939481    0.89302  -0.808418  -0.595139  -0.832165  -0.335647  -0.230823 -0.0277557   0.893047
point 20 220 228.408 185.841 -0.773166 -0.503342 -0.997263   0.10978   0.56624 -0.117718 -0.209289  0.547034 -0.349901 -0.074772
point 21 234 372.626 160.439 0.0989395 -0.202212  0.643564 -0.314685  0.850533 -0.490342  0.282904  0.162336  0.221748  0.434586
point 22 236 244.635 199.897  0.162106  0.567218  0.547701  0.633272  0.452984   -0.4384 -0.558039    0.1734  0.309489 -0.722071
point 23 242 422.112 148.042  -0.793683 0.00811883   0.144473   0.462863  -0.425594   0.600237   0.817775  -0.747418   0.468451   0.588157
point 24 262 611.078 174.934 0.0968015  0.312121  -0.33143   -0.6004  0.975697  0.951333 -0.972811 -0.324687  0.388456 -0.389128
point 25 277 481.969 159.993 -0.532579 -0.829707  0.250234 -0.837089 -0.922426  0.164134  0.114901  0.547041  0.444451  -0.92751
point 26 299 210.527 139.449  -0.700137 -0.0447515   0.458601    0.94455  -0.365832 0.00623979  -0.134745  -0.504765   0.698065   0.973318
point 27 323 295.841 193.649 -0.699794  0.588866  0.333471   0.71382  0.260226 -0.567574 -0.953735 -0.737393 -0.535117 -0.963001
point 28 326 369.752 185.207  0.481444 -0.493668  0.569114   0.17505  -0.89003 -0.357586 -0.440318 -0.664406  0.205091  -0.83783
point 29 334  493.72 215.659 -0.352226 -0.371623  0.950793 -0.744504  0.197848 -0.335819  0.159408 -0.821137  0.952244 -0.179959
point 30 352 626.171 210.109    0.53232   0.309399   0.383469  -0.690041   0.531632   0.679255  -0.641273   0.549202 -0.0888735   0.852456
point 31 359 480.253 133.949  -0.116259   -0.21583   0.643312  -0.542708   0.727957 0.00647216   0.249544   0.138745  -0.530773  -0.181252
point 32 364 611.037 201.727 0.0785233   0.74046  0.651959 -0.591006  0.873243 -0.519147  -0.56916 -0.859526 0.0635866 0.0160988
point 33 382 454.992 187.509 -0.681503  0.848065  0.989366 -0.984147  0.113118  0.589739  0.552511 -0.190207  0.229224 -0.169038
point 34 429  163.58 99.2482  0.477224  0.383994 -0.692249 -0.453281  0.606667 -0.986035 -0.618871 -0.159488 -0.381677  0.347806
point 35 470 473.718 237.838   0.445711 -0.0654264  -0.566444   0.837338  -0.331146   0.836069  -0.410351   0.226913   0.437679   0.766758
point 36 472 535.034 204.468 -0.875101 -0.063373   0.68881 -0.233508  0.917748 0.0564273  0.687969   -0.7364 -0.078301 -0.592524
point 37 475 500.332  223.64   -0.979013    0.103036  0.00165468    0.616102   -0.317183   -0.401974   -0.142948 -0.00618896   -0.690648   -0.299342
point 38 484 348.211 124.847  0.848812  0.657372   1.02474 -0.766384 -0.655538  0.463266  0.633836  0.633515 -0.274907 -0.751598
point 39 492 445.542 151.874  0.472985  0.518372 -0.701246 -0.438827  -0.44043   0.68354 -0.513171  0.785638 -0.833349 -0.566664
point 40 493 264.606 228.327   0.49275 -0.412763  0.850522 -0.378685  0.162733 -0.921593 -0.548629  0.850728  0.613704  -0.05404
point 41 508 461.209 149.215   0.60463  0.640321 -0.252371 -0.167105 -0.782908  0.841004 -0.856275  0.227766 -0.769955 -0.813587
point 42 514 609.997 191.892  0.460314 -0.799258 -0.856511  -0.43564 -0.909858 -0.493629  0.655529  0.791529  0.184931  0.175792
point 43 525  227.63 237.793  -0.573241 -0.0595334   0.230305  0.0597614  -0.167862   -0.28996  -0.350768   -0.70378   0.741865   -0.48486
point 44 529 513.753 189.549  0.436268 -0.389566 0.0234918 -0.330261  0.659812 -0.141157 -0.838274  0.814177 -0.213815 -0.344103
point 45 541 634.581 232.699  0.395667 -0.857728  0.825854 -0.297688 -0.621285  0.741484  0.741874 -0.574039 -0.999749  0.216424
point 46 560  368.12 186.568   0.919609    0.43117   0.599855   0.786109   0.259678   0.444735   -0.71238 0.00187196   -0.48633   0.409042
point 47 565 340.434 238.045 -0.953428  0.931191  0.406831  0.231346 -0.493241 -0.564864  0.817307  0.823568 0.0211216  0.552057
point 48 566 236.717  235.17  0.557291  0.662017 -0.202661  -0.25029  0.139695  0.136795  0.600031  -0.59878  0.638351 -0.497134
point 49 568  573.83 208.509   -1.0066 -0.672779  0.937832 -0.599158  0.403127  0.519248 -0.957976 -0.842305 -0.757403  0.174778
point 50 584   174.5 192.064 0.0986423 0.0594776 -0.613006 -0.945394  0.472402  0.350409 -0.771532  0.899581  0.386137  0.443333
point 51 597 414.733 163.214 -0.687603  0.693634  0.815759 -0.106442  -0.35581  0.598027  0.876214  0.955426  0.491179 -0.285082
point 52 602 195.975 153.673   -0.8706  0.676998 -0.231855 -0.127545  0.124371 -0.358742 -0.779021 -0.145544  -0.75469 -0.763363
point 53 607 576.816 237.917    0.8511  0.316483 -0.359446  0.144235 -0.380545  -0.37292 -0.446287  0.260475  0.980756  0.722841
point 54 610 620.198 160.135 -0.184464 -0.200889  0.727778  0.693734  0.396151  0.453284  0.672322 -0.583602  0.162308 -0.436441
point 55 615 197.259 175.683 -0.185195  0.642252 -0.144367 -0.866422  0.570453 -0.414423  -1.02955  0.585431 -0.173565 -0.710648
point 56 638 320.475 191.487 -0.291097 -0.863137  0.630728 -0.817939  0.224001  0.351846 -0.137859 -0.377358  0.441297  0.911118
point 57 639 561.585 183.594   -0.765941    0.852472   -0.345604   -0.400928    0.794087    0.667751 -0.00276385     -0.8479   0.0883975   -0.702708
point 58 651 390.035 123.983  0.900008  0.539131 -0.525303  0.231568  -0.52317 -0.898827 -0.842473  0.406407 -0.227531 -0.474231
point 59 659  204.69 208.461  0.749652 -0.275439  0.165308 -0.876459   0.30289 -0.694099 -0.888974  0.205278 -0.235174  0.360776
point 60 665 275.109 186.656  0.483738 -0.930799  0.972896   0.32326 -0.103862  0.874443  0.756961 -0.230734 -0.227643 -0.528049
point 61 691 600.798 196.439  0.556772  0.942658  0.205166 -0.205133 -0.919524 0.0512811   0.32939 -0.423008 -0.882968  0.019797
point 62 695 580.154 203.712   0.723204  -0.186827   0.342429  -0.471819   0.470321 -0.0212294   0.894871  0.0822236   0.567011   0.856925
point 63 707 77.5198 186.936   0.793694   0.721339   -1.01298   0.413093  -0.303041 -0.0204763   0.597726   0.612655  -0.465353   0.663542
point 64 722 333.811  141.98  0.530575 -0.620309 -0.257782 -0.770458 -0.798354 -0.859152 -0.334882  0.628915  0.420925 -0.110162
point 65 724 311.808  175.31 -0.939616  0.923901 -0.110464 -0.497103  0.945994 -0.643855 -0.119046 -0.280516 -0.380781 0.0257558
point 66 741 203.294 215.329  -0.101651   0.207283   0.205927   -1.00764    -1.0281   0.208757    0.22535  -0.456216   -0.82489 -0.0308291
point 67 745 239.564 102.118  0.961448 -0.422723  0.153152 -0.645765  0.313049  -0.69407 -0.229078  0.102514   0.57533 -0.515067
point 68 751 367.615 223.095  -0.355822   0.111618  -0.419904   0.822775  -0.571296 -0.0815126   0.119278  -0.896867   0.212266  -0.388347
point 69 763  312.07 94.8402  0.187003 0.0633006 -0.804093 -0.286124 -0.630459  0.870822 -0.100898   0.47573  0.359993  0.132384
point 70 775 111.166 94.6524 -0.922375 -0.799743  0.974638 -0.739218  -0.58686 -0.882466 -0.826732 -0.907247  0.206847  0.227357
point 71 776 612.898 130.722   0.887168 -0.0754936  -0.177346  -0.508964   0.635998  -0.811213   0.431302  -0.382485   0.827496  -0.816738
point 72 801 7.54014 102.504  0.448673 -0.323974   0.32621  0.528757 -0.461635  0.634894 -0.508807  0.672768  -0.22701 0.0469908
point 73 818   214.6 174.595 0.00803831  -0.885642  0.0940266  -0.428092  -0.760971  -0.324745   0.373451  -0.538899  -0.854149   -0.38975
point 74 819 479.368 197.881  -0.547453   0.374227  -0.773744   0.782435   0.970184 -0.0376278   0.299055    0.78585  -0.450754 -0.0993742
point 75 833 307.245 175.959  0.104537  0.284407  0.750859 -0.182612 -0.686088 -0.349229 -0.697109 -0.964666  0.836338  0.712512
point 76 855 239.865 81.8995 0.00317082   0.937258   0.105063 -0.0648529  -0.853338   0.718617  -0.169866  -0.502487  -0.266958   0.925164
point 77 862 542.743 200.196 -0.805597 -0.374119 -0.700823 -0.185282  0.651655 -0.500168  -0.13714  0.366121 -0.979619  0.039672
point 78 870 212.834 219.011  -0.243634 -0.0203081  -0.812572  -0.675736   0.522029   0.780366 -0.0448519   0.698433  -0.193989   0.291648
point 79 887 389.928 225.018  0.598441 -0.730333  -0.75829 -0.636778  -0.84278  -0.93639 -0.323847 0.0389854 0.0568402 -0.799061
point 80 908 609.728 137.539  -1.02563 -0.959178  0.954617 -0.668211 -0.655679  0.982562  0.575775 -0.843681 -0.524193  0.266229
point 81 918 489.425 201.661 -0.841617  0.206304  0.609143  0.161926 -0.316215   -0.7292 -0.582724  0.846613 -0.163127 -0.308127
point 82 925 341.348 170.716   0.779406   0.553414  -0.450627  -0.594085 -0.0118901  -0.246693   0.354297   -0.32363   0.467568  -0.226081
point 83 931 357.878  144.19  0.678334  0.800027  0.428476 -0.120646  0.362346  0.569895  0.529631 -0.861058 -0.209371 -0.146097
point 84 936 510.776 137.421 0.0559855 -0.431571 -0.385323 -0.347278 -0.452396  0.948787  0.071192 -0.753282  0.143795  0.156876
point 85 944 637.312 178.067   0.527228  -0.522063  -0.240069  -0.577716   0.656022 -0.0125206   0.140916    0.29669    0.46578    -0.6592
point 86 958 561.328 163.577 -0.414998 -0.874086 -0.845479 -0.188714 0.0344752 -0.324478 -0.188922 -0.256357   0.45934 -0.925098
point 87 961 338.812 102.411  -0.369426  -0.501881   0.991867   0.511281   0.560329   0.602838  0.0881968 -0.0298886  -0.772217  -0.109134
point 88 965 501.471  162.96   0.934395   0.637271    0.49549 -0.0462059 -0.0257402  -0.513324   0.129369   0.648805   0.929874   0.192161
point 89 977 345.752 180.528   -0.540612 -0.00530951    0.658823   -0.773026   -0.757902    0.889753    0.758662     1.02357   -0.201183     0.43074
point 90 978 595.067 216.165  0.820398  0.679054   0.28407  0.977014 -0.795535  0.359341 0.0940534  0.441057 -0.614503  0.395524

