seq: 272
gt_pose:  7.17814 -1.36707 -1.55111
odom_pose:  5.7578 -2.8867 -1.8161
point 0 11 578.076 200.822   0.584732   0.424663   0.351347   0.982987   0.241326   0.485462  -0.829002  -0.733097 0.00758133  -0.806608
point 1 26 609.044 160.461 -0.854047 -0.761181  0.323942 -0.233977 -0.447449 -0.361151 -0.819743 -0.106209  0.828515  0.176006
point 2 35 461.531 206.083  0.082471  0.864637  0.339202  0.573892  0.393249 -0.367134  0.332874  -1.02573 0.0672095  0.699973
point 3 45 515.763 224.671   -0.569732 -0.00447222    0.921148  -0.0874479    0.807238     0.96847   -0.636262   -0.111283    0.541463    0.546264
point 4 46 273.685 182.923   0.886576  -0.304431  -0.208752   0.160663     0.1296   0.256836  -0.652774 -0.0754142  -0.278151   0.282456
point 5 47 274.795  221.92  0.758396 -0.750968 -0.302737 -0.557236  0.326838  0.183088  0.356832  0.217575 -0.872317 0.0767573
point 6 48 630.737 140.033   -0.32527    -1.0299   0.892824   0.161408   0.523544   0.808435   0.909016  -0.625491  -0.147357 -0.0510722
point 7 54 481.414 148.446 -0.630125  0.148467 -0.937757 -0.768853  -0.73011 -0.485635 -0.736918  0.148748 -0.839164  0.821486
point 8 56 444.022 196.217  0.262377 0.0986117 -0.944842  0.858395 -0.287888 -0.582917 0.0883203 -0.227286 -0.405115  0.362833
point 9 59 616.208 173.042  -0.936412  -0.934678  -0.984865 -0.0542952  -0.388079    0.45368    0.59553  0.0334407 -0.0495239  -0.881567
point 10 66 574.776 175.291 -0.738843 -0.266726  0.170546  0.324291    0.4362 0.0623295  -0.16323  0.621113   0.15937  0.861374
point 11 69 418.325 214.489  -0.40538 -0.739627  0.767398 -0.755036 -0.045867 -0.501806   -0.6044 -0.436886  0.293582  0.920702
point 12 91 338.064 223.966     0.5196 -0.0422464  -0.820717 -0.0774668   0.907736   0.731896   0.263001  -0.436673  -0.531451  -0.395652
point 13 99  312.51 54.2142 -0.464644  -0.57893 -0.788894 -0.827185  0.198643 -0.837941 -0.830775 -0.713234  0.505551  0.937166
point 14 118 483.383 193.068  0.859852  0.867717  0.609093 -0.472495 -0.046559  0.547294 -0.877435 -0.619403 -0.862824   0.73685
point 15 152 427.779 149.841 0.0568044  0.494068 -0.621603 -0.544217  0.907605 -0.547407 -0.135632  0.638233   0.74688  0.244108
point 16 174 522.835 103.207    0.693442    0.176865     0.91396    0.164699 -0.00341452   -0.465049    0.094455   -0.550138   -0.530683   -0.914846
point 17 188  284.42 173.717 -0.372331  0.253647 -0.401097  0.890699  0.494465  0.261445 -0.562174 -0.218767  -0.33768  -0.68602
point 18 194 352.556 122.899  0.887699 -0.837701 -0.201491  0.745957 -0.666285 -0.686187  -0.15149  0.834176  0.646023 0.0402935
point 19 196 336.645 171.618   0.56029  0.467262 -0.929934 -0.907871  0.389369  0.965322 -0.788364 -0.719039  0.722014 -0.438943
point 20 207 313.713     234 -0.966041 -0.768255   1.01443  0.962885 -0.318914 -0.812646 -0.240073  0.533518 -0.616613 -0.735978
point 21 212   181.6 204.365  -0.354745 -0.0495563  0.0185913  -0.937845  -0.260122   0.776539   0.631957   0.342383  -0.954784   0.816188
point 22 215 155.652 109.015    1.0258 -0.584056  0.911892 0.0267051 -0.393057  0.429499  0.893672 -0.128261 -0.646036 -0.246088
point 23 221 248.18 239.78 -0.616279 -0.212904  0.184366    0.6498  0.762111 -0.637755 -0.333961 -0.554237 -0.763737  0.816458
point 24 224 375.373 140.162   0.89727 -0.517292 -0.741673  0.445772  0.410606 -0.403241  0.386853  0.424856 0.0794286 -0.166877
point 25 237 325.315 161.076 -0.060607 -0.915928  0.635088  -1.01787  0.176446  0.912643 -0.901764  0.149091  0.380082  0.158958
point 26 252 386.159 187.304  -0.423195 -0.0738184   0.692355  -0.198087     1.0108   0.932116 -0.0886353  -0.194595  -0.948761  0.0922818
point 27 261 403.465 202.156   0.821178   0.418356    1.00923  -0.298797  -0.152745   0.185757  -0.669801   0.886923   -0.32819 -0.0894513
point 28 305 216.869 161.954  0.0967608   0.245815  -0.240432  -0.719905  -0.468962   0.930387  -0.530637 -0.0527878   -0.98336    0.36452
point 29 329 194.725 147.885  0.205899 -0.323356  0.535553   0.81871  -1.02626 -0.811902  0.839436  -0.21089 -0.912514  0.176161
point 30 347 320.436 195.298  0.418369  0.419753 -0.686438  0.570626 -0.113495 -0.774315 -0.891899  0.862339  0.592611  0.408368
point 31 354  252.91 235.391  0.274435 -0.258008   0.89091 -0.724024   0.49957  0.457497   0.67854 -0.126626  0.728871  0.214692
point 32 372 151.026 136.979  -0.243085   0.881249 -0.0206552  -0.516668   0.967599   0.632845  -0.688507   -0.97147   -0.39735   0.272367
point 33 373  418.14 234.943  -0.479491   0.801806 0.00815186  -0.313761   0.443347   0.512296 -0.0659837   0.738063  -0.274161  -0.865291
point 34 374 440.185 202.624   0.55568 -0.406887   0.29585 -0.607821  0.411426 -0.911963 -0.745613 -0.634835 -0.486677 -0.805586
point 35 394 323.947 176.923 -0.202405 -0.529277   1.03005 -0.263901  0.448648  0.928905   0.63653 -0.936613  0.174026  0.612963
point 36 417 221.852 151.162 -0.763627  0.537695 0.0756573 -0.443494  0.201736  0.576179 -0.744872  0.364745 -0.691144  0.274109
point 37 421 258.833 191.019 -0.802161 -0.777655 -0.151913  -0.76952  0.799321 -0.611611  0.310007  0.186558 -0.360393 -0.165085
point 38 442 356.404 205.279 -0.155641  0.615238 -0.742159 -0.350956  0.569927 -0.532972 -0.335213 -0.375662 -0.616922   0.14112
point 39 444 431.448 179.145    0.553097   -0.901725    0.488607   -0.632866 -0.00284471   -0.701611    0.972496    0.285045   -0.144652    0.503621
point 40 446 465.605 148.856   0.572695  -0.726524   0.633771   0.943222  -0.951036   0.193446    1.02767   0.482984   0.496709 -0.0447692
point 41 451 250.806 148.592   0.498781  0.0163347   0.454716   0.119744   0.170216  -0.607596    0.72468 -0.0842554   -0.11055  -0.359052
point 42 452 464.842 179.008 -0.912407  0.225916 -0.167784  0.673383  0.612209 -0.791997 -0.122974  0.229126 -0.342584 -0.142732
point 43 468 467.549 169.099  0.505197 -0.285152 -0.452355  0.535714  0.140805  0.535786 -0.388419 -0.300694 -0.829661 -0.333822
point 44 482 398.169 214.724  0.485141  0.435875  0.247521  0.225032 -0.381487 -0.547203  0.197483 -0.231201  0.250128 -0.363179
point 45 484 537.503  188.05     0.881  0.705306   1.01683 -0.728478 -0.681036  0.519564  0.606199   0.57293 -0.351815 -0.701058
point 46 509 424.533 190.047   0.28778 -0.877796 -0.344562  0.664841  0.799426  0.843616 -0.481892 -0.308664 -0.298311  0.929973
point 47 518 364.006 92.0197 -0.981287 -0.910535  0.256746  0.878716  0.438517 -0.549852 -0.684118  0.553385 -0.412816 0.0981282
point 48 531 267.107 200.171 -0.346587 -0.175851 -0.569111  0.369057  0.419704  0.896581 -0.944423 -0.593903 -0.401813  0.733774
point 49 537 241.913 180.641 -0.353713  0.634596 -0.143877 -0.483882  0.309404  0.151622 0.0515243 -0.474699 -0.501669  0.255523
point 50 560 617.606 195.467  0.953022  0.428294  0.530827  0.817743  0.314118  0.397058  -0.74025 0.0707228 -0.495505  0.391227
point 51 565 572.846 238.632 -0.875095  0.927387  0.458103  0.215146  -0.51979 -0.569995  0.786696  0.805035 0.0565569  0.547878
point 52 571 490.772 60.7925  0.791049  0.801703  0.263342  0.604124  0.295454 -0.733441  0.910669  -0.40779  0.492138 -0.313353
point 53 620 449.608 166.144  0.556962 -0.267938  0.860676  0.772802 -0.341883 -0.416554 -0.774721  0.399603 0.0446876   0.51985
point 54 637 274.206 157.762 -0.00606762   -0.643752   -0.613667    0.408309    0.370099   0.0919109   -0.166628   -0.536724    0.701611    0.909722
point 55 638  558.97 205.861  -0.270581   -0.83605   0.579462  -0.780849   0.183901   0.314986 -0.0600079  -0.398969   0.441013   0.906115
point 56 651 629.737 147.053  0.880144  0.589263 -0.544088  0.284107 -0.571569 -0.930017 -0.842797  0.318294 -0.258163 -0.417764
point 57 665  507.54 213.505    0.54726   -0.89414   0.958184   0.265875 -0.0540359   0.869819   0.733589  -0.151648   -0.16308  -0.458556
point 58 698 162.524 171.028   0.36867 -0.465733  0.442907  0.380809  0.433042  0.566385 -0.911018 -0.348241 -0.160669 -0.961226
point 59 703 215.121  131.49   0.872187  -0.639365  -0.669697   0.886217  -0.300274   0.834866  -0.941919  0.0591447    0.76926 0.00832201
point 60 722  591.43 156.125   0.464102  -0.588326  -0.205663  -0.735782  -0.822109  -0.855915  -0.306184   0.558348   0.480628 -0.0847204
point 61 724  573.38 183.944 -0.872961  0.913041 -0.124428  -0.49706  0.941316 -0.607049  -0.10709 -0.280812 -0.338482 0.0550477
point 62 731 467.232 224.624 -0.313684  0.405345  0.303075 -0.826029 -0.682414  0.958477  0.735189  0.746242  0.526032 -0.783763
point 63 743 421.849 219.844  0.127032  -0.59343  0.854473   0.25643  0.713673 -0.311701 -0.502556 -0.118611 -0.278255 -0.404252
point 64 745 482.321 189.861  0.975114  -0.49438 0.0978334 -0.690863  0.294679  -0.78158 -0.260647  0.102107   0.60194 -0.568979
point 65 753 113.279 80.4713  0.588707  0.490884  0.183254 -0.930593 -0.764389  0.862511  0.102732 -0.149517  0.713218  0.536954
point 66 763 522.483 172.457  0.135091  0.109019 -0.773162 -0.239936 -0.586056   0.86812 -0.087446  0.533846  0.365028 0.0588947
point 67 764 331.977 201.031 -0.954163  -0.49717  0.222104 -0.688568  0.949672   -0.4605  0.209468   -0.9545 -0.622635 -0.525239
point 68 789 147.773 83.9775  -0.704876  0.0186065   0.603923 -0.0399955   0.100324  -0.597265  -0.725078  0.0470534 -0.0277771   0.379556
point 69 790  239.07 230.333  -0.791356  -0.835732 -0.0680084  -0.212871   0.439793   0.276182   0.209266  -0.215895  -0.876589  -0.716105
point 70 791 420.452 190.427   0.68501 -0.629708 -0.767178 -0.589707  0.955538 -0.491401  0.415319   0.56516  0.469548 -0.456091
point 71 811 307.043 199.935  0.525543  0.606366 0.0423731 -0.252852  0.351661  0.712168 -0.199484  0.354808  -0.50886  0.282625
point 72 839 182.774 110.384 -0.0362282  -0.196469  -0.877111  -0.864699  -0.213024   0.071016 -0.0882397   0.293895   0.759341   0.101097
point 73 855 483.434 179.521 0.0284503  0.902491  0.136456 -0.115813 -0.852214  0.651577 -0.223463 -0.528987 -0.309319  0.910966
point 74 860 352.132 232.825  -0.784927   -0.88767   0.784745   0.532806  -0.802503   0.254979  -0.224354 -0.0479402  -0.836882  -0.527382
point 75 903 585.821 175.641   0.796406   0.586217    1.02292   0.780551 -0.0235103   -0.71751   0.257569   0.110434  -0.941427  0.0230974
point 76 904 339.587 189.022  -0.459662  -0.184427  -0.425858   0.526229   0.358775  0.0998547   0.811385  -0.896752 -0.0651183   -0.82106
point 77 918 590.454 224.283 -0.826376   0.20765  0.616295  0.173273 -0.383685 -0.743066  -0.53931  0.908617 -0.124464 -0.252413
point 78 925 612.733 174.277   0.848574   0.583514  -0.480729  -0.590889 -0.0330936   -0.17942   0.378609   -0.32406   0.490753   -0.24636
point 79 931 586.677 172.277  0.701741  0.744679  0.436727  -0.17404  0.330032  0.540325  0.576208  -0.91729 -0.244771 -0.148416
point 80 935 440.889 223.488  -0.687388   -0.95812   0.280454   0.981101  -0.628717   0.472299   0.305834   0.827863  -0.722581 -0.0597395
point 81 961 557.721 156.103 -0.373383   -0.4377   0.99495  0.584457  0.579664  0.619574 0.0826394 -0.106937 -0.805791 -0.116155
point 82 969 165.027  239.74  0.656414 0.0401167  0.930808 -0.126745  0.496628  0.168485  0.740674 -0.135174  0.159157 -0.100589
point 83 977 638.713  175.64   -0.536231 -0.00734208    0.649419   -0.692728   -0.768373    0.807654    0.780901     1.00834   -0.163192    0.477439
point 84 994 348.821 30.3285  -0.388163 -0.0188224  -0.943527  -0.511696  -0.277597   0.456251  -0.255953   0.502099  -0.152499  -0.298611

