seq: 203
gt_pose:  2.73293  3.90329 0.289141
odom_pose:  2.85274  3.03796 0.236805
point 0 15 186.703 127.354   0.708784   0.704951   0.952143   0.491498   0.791958   0.988948   0.336573 -0.0531176  -0.710845   0.658656
point 1 49 461.496  106.97  -0.729266  -0.408095   0.776191  -0.283726   0.837767   0.489789 -0.0753003  -0.421942   0.933145  -0.732226
point 2 50 447.887  198.36  0.840719 -0.645567 -0.464122 -0.663423 -0.639324  0.255244 -0.615056 -0.721741 -0.588232  0.881184
point 3 61 257.922 102.559  0.190706  0.441829  0.467664    0.8219  -0.78441  0.590719  0.941383 -0.821445 -0.432407 -0.561626
point 4 71 295.567 146.394  0.205041  0.263026  0.543386  0.534874 -0.469342  -0.84173   0.79054 -0.669388  -0.65518 -0.260042
point 5 75 436.354 192.501 -0.690884 -0.882054  0.876119  0.529715 -0.793338  0.683939 -0.552893  0.951591  0.108558  0.375074
point 6 79 387.935 187.092 -0.226869 -0.699514 -0.188728 -0.762476  0.247377  0.966333 -0.785355  0.783258 -0.724812  0.569185
point 7 82 406.923 132.273   0.879913 -0.0189063  -0.189143   -0.26286   0.828484    0.78762  -0.818081    0.84909   0.740295  -0.604178
point 8 87 549.752 231.404  0.731336    0.8164 -0.235896  0.936592 -0.624752 -0.603114 -0.469885 -0.270101  0.869488  0.277868
point 9 89 235.38 203.68  0.575291 -0.661455 -0.357728 -0.324977  0.241788  -0.64751 -0.525008 -0.938695  -0.74021 -0.170198
point 10 106 165.213 224.868 -0.183236  0.967339 0.0417465 -0.103615  0.394599  0.151547 -0.161277 -0.987226  0.487198 -0.148555
point 11 120 572.826 95.6935 -0.929757  0.117095   0.69614 -0.558858  0.661956   0.56251 -0.705685  0.299524 -0.861406  0.355914
point 12 130 166.931 132.403    0.774699    0.254576 -0.00594087     1.02528     0.44782   -0.294059    0.933618   -0.921363   -0.515689   -0.527749
point 13 134 343.115 72.3354 -0.287406  0.135814  0.474089  0.813618  0.694404 -0.384998  0.925662  0.742157  0.573606 -0.769909
point 14 135 209.287 200.748 0.469851 0.437417 0.508555 0.347574 0.246998   1.0084 0.571303 0.435234 0.350637  0.66368
point 15 136 210.021 179.067 -0.395505  0.180628   0.70762  -1.04369  0.390235 -0.612198  0.103842 -0.157613 -0.818297 -0.195857
point 16 140  386.09 137.253  -0.495595 -0.0631016   0.618091  0.0811104   0.868682  -0.720871   0.357912  -0.610201  -0.397924   0.903177
point 17 157 155.671 234.439 -0.00276856    0.125939    0.687312    0.469623   -0.752695   -0.944904    0.214289    0.621571   -0.727144    0.507978
point 18 161 253.735 106.748   0.490478   0.902777 -0.0176301  -0.430649  -0.430744   -0.83721  -0.451332  -0.284886  0.0948521   0.598064
point 19 162 548.809 176.163   -0.626655    0.249945 -0.00861304   -0.742791    0.125385    -1.01283    0.592928   -0.698385   -0.631537    0.170286
point 20 170 431.226 233.177  0.138391 -0.299578  0.276339  0.140354  0.768043 -0.212632 -0.899666  0.730561   0.48596  0.732676
point 21 191 31.3396 197.172  -0.935345  -0.815363  -0.851048   0.736396 -0.0313801  -0.987953  -0.300456  0.0339201  -0.775606   0.601867
point 22 232 300.539 238.156 -0.0781257   -0.31361    0.42898  -0.363412  -0.908234 -0.0669061   0.792573   0.764083  -0.975729  -0.016729
point 23 244 406.984 189.237 0.0279785 -0.859564  0.535839  0.605445 -0.866997  0.671461 -0.351368  0.319791  0.153081  0.266472
point 24 276  504.52 239.417      0.5145   -0.685369   0.0741644     -0.1084    0.295395 -0.00961522    0.266004   -0.644754   -0.450973      0.7798
point 25 310 135.648 100.331  0.623351  0.163722 -0.621284 -0.806719  0.640249 -0.241421  -0.81216 -0.341605  0.751039   -0.6483
point 26 340 487.204 127.508   0.403744  -0.399104  -0.730723 -0.0530625   0.818809  -0.137543   -0.73589  -0.464488    0.49642   -0.36708
point 27 341 470.762 217.888 -0.673601  0.112909  0.354101 -0.340905  0.298118 -0.345204 -0.831572 -0.636798  0.798445 0.0277896
point 28 343 358.757 204.685 0.0104529 -0.995186 -0.393779 -0.826537 -0.190097 -0.079314  0.312686 -0.889696  0.533347 -0.398787
point 29 357 307.572 234.889   0.403307  -0.250077   0.458531   0.473112   0.532617 -0.0637953   0.314708   0.712184   0.419421  -0.235665
point 30 376 149.735  183.47 -0.657121 -0.879788  0.680895 -0.304361  0.667929  0.225159  0.323707 -0.107296  0.563853 -0.218105
point 31 379 242.647 170.324  0.288134 -0.569593 0.0864542 0.0119206  0.636171 -0.273664 0.0702822 -0.212292  0.161983  0.284599
point 32 386 85.3845 213.028 -0.0430464  -0.263908   0.263502   0.461748   0.960224    -0.1212  -0.432236  -0.645168  0.0976308 0.00815243
point 33 390 405.662 231.244   0.28562 0.0218445  0.237128 -0.601352  0.320272  0.821111  0.321196  0.111215 -0.608631  0.401564
point 34 392 182.599 233.422  0.987285 -0.100126 -0.397267  0.229602 -0.995836  0.912345 -0.675248  0.230136  -0.68129  0.604015
point 35 396 568.758 22.5185  0.279075 -0.721648  0.866602  0.755756 -0.404725 -0.304988 -0.801927 -0.441053  0.353325  0.584213
point 36 401 447.265 212.893 -0.0283259   0.549586   0.298209  -0.484811  -0.559288   0.141655   0.658136   0.815981  -0.957935  -0.549236
point 37 407 472.101 222.755  -0.695178   0.904271  -0.862576    0.62433  -0.843497 -0.0629218   0.704751  -0.896049  -0.376118  -0.457356
point 38 411 140.899 224.448  0.436961  0.897208  0.832562   1.00181  0.367626 -0.552832  0.870872 -0.298827 -0.799538 -0.087268
point 39 418 559.036 227.056 -0.909773   0.03374  0.310201 -0.663136  0.896692  0.743074  0.951166 -0.798113 -0.609853  0.600973
point 40 427   530.5 171.583   0.76568  0.884742   0.24461 -0.363253  -0.10217  0.812099  0.197002 -0.677689 -0.670674  0.670019
point 41 445 302.001 181.332 -0.906541 -0.266284 -0.672025 -0.812301 -0.334865  0.829228 -0.327931 0.0785608 -0.485179   0.53852
point 42 447 330.482 186.362   -0.408209 -0.00134108   -0.979477   -0.766869    0.235915    -0.84013  -0.0136152    0.563145   -0.666428     0.63087
point 43 449 183.482 89.4559  -0.060469  -0.364981   0.867304  -0.522626 -0.0600736  -0.552074   0.563036  0.0211686  -0.339865  -0.249471
point 44 456 555.709 152.037  0.197485 -0.541562  0.565413 -0.524563 -0.330962  0.609742 -0.562505 -0.742757   -0.8332 -0.895376
point 45 487 159.419 136.303 -0.857615  0.966694 -0.690664 -0.926324 0.0676799  0.597366 -0.391101  -0.86354   0.36241 -0.169874
point 46 502 138.886  214.88    0.30162   0.300872 -0.0241509   0.449949    0.80056 -0.0960319  -0.377141  -0.944065   0.257807  0.0714717
point 47 512 540.744  136.06   -0.67438  0.0542632   0.725763  -0.312343   0.603872  -0.861983  -0.304238   0.256751 0.00366903  -0.478579
point 48 516 152.645  203.98   0.181829  -0.609917  -0.801853  -0.830491  -0.132006   0.606076  -0.612357 -0.0055212  -0.860881   -0.56415
point 49 517 114.737 143.419  -0.394977 -0.0140822  -0.862478  -0.460706   0.333024   0.106101  -0.112915   -0.80997   0.663451  -0.423608
point 50 521 282.273 171.393  -0.811097  -0.350517   0.619505   0.207487  -0.267123 -0.0226579  -0.353393   -0.70277  -0.867976  -0.638569
point 51 549 258.627 235.635   0.743284  -0.379376   0.858619   0.942929  -0.168735   0.325267 0.00564725   0.513838   0.400956   0.740267
point 52 564 490.147 199.164  -0.663492  -0.192952   0.210531  -0.488193 -0.0704265   0.495997  -0.459073   -1.00469  -0.748569    1.00566
point 53 579 270.094 198.748  -0.786999  -0.127543  -0.854828 0.00374927   0.965647   0.492679  0.0464804   0.484973   0.208134   0.285003
point 54 581 471.729 238.263 -0.635403 -0.469282 -0.296876  0.938695 -0.957211 -0.107199 -0.178143 -0.752712  0.889903 -0.120896
point 55 586 273.379 198.575 -0.0249333  -0.928884   0.762131    0.19187  -0.353911  -0.107462  -0.699687    0.09941 -0.0499585   0.726878
point 56 604 634.959 231.645  0.308394 -0.887608 -0.886682  0.506015 -0.687781 -0.779843  0.252173 0.0904321 0.0475119 -0.637364
point 57 605 448.615 214.579   0.906573    0.51219  -0.363198     0.3685   0.129167   -0.41684 -0.0674434   -0.15165   0.918936  0.0819987
point 58 612 638.538 180.046 -0.662349  0.441889  0.226563  0.324425  0.362969   1.03827 -0.921913  0.164654  0.674911  0.590079
point 59 619 628.983  166.75 0.00325438   0.977897   0.384903  -0.910664  -0.948904  -0.560713  -0.749161    0.28077   0.553981  -0.302001
point 60 621 551.284  184.07  0.792876 -0.055091 -0.950099 -0.186374  0.252017 0.0758994 -0.331402 -0.424207   0.12984 -0.283027
point 61 624 593.213  217.78 -0.0185057   0.644136   -0.76827  -0.683626   0.759705  -0.182473  -0.657977   0.226196   0.723993  -0.575132
point 62 628 97.6387 182.532 -0.644314 -0.142209  0.201942 -0.360007 -0.201766   0.85626  0.594247  -0.40686  0.487082  0.874329
point 63 630 389.757 215.932  0.00538837 -0.00282699    -0.31744   -0.350002    0.663817  -0.0369256    0.547325   -0.146506    0.616769     -0.7003
point 64 632  617.92 236.661 -0.0440479   0.160044  -0.267291  -0.763175  -0.575039   0.673733   0.259749   0.103174  -0.668537 -0.0536761
point 65 668 430.411 148.077 -0.572796  0.818599 -0.792395 -0.452051 -0.532352 -0.131965  0.166619  -0.48822 -0.906124 -0.595737
point 66 675 88.7054 160.198 -0.0953776   0.796415   0.747199   0.176368  -0.135105  -0.766129 -0.0999438   0.815253 -0.0512009   -0.56552
point 67 704 116.331 153.261  -0.43161  0.169395  0.387187 -0.144227 -0.554826  0.868845  0.551236 -0.938917 -0.502187  0.628683
point 68 717 298.22 116.14  0.955564   0.70198 -0.893724 -0.237905 -0.384954  -0.67142 -0.637101  0.755998 -0.390061  0.693991
point 69 723 177.452 237.022    0.16191  -0.885135 -0.0721661   0.141477  -0.400359  -0.403192  -0.348756    0.66869  0.0946619   -0.63538
point 70 737 569.266 201.579 -0.357433   0.08441 0.0482261  0.532824 -0.729484  0.137016 -0.813971 0.0848405  0.487534 -0.165044
point 71 740  565.13 205.429  0.416572  0.782302 -0.969999  0.590072 -0.132266  0.305137  0.631276 -0.416203  0.695584 -0.924036
point 72 749 465.304 210.984 -0.607473  0.212294  0.638948 -0.673034  0.563898 0.0223569  0.723692  0.137225 -0.257953  -0.16618
point 73 778 551.307 217.033 -0.162555 -0.678711  -0.77045  0.764521 -0.570583 -0.865278 -0.375142  0.261425 -0.457338 -0.672018
point 74 779 31.1498 224.328  0.256315 -0.795814 -0.916951 -0.754657  0.633274 -0.505161  0.856175 -0.659939 0.0225529  0.397868
point 75 803 347.395 184.294 -0.778802  0.981726  0.729586  -0.54179 -0.596279  0.171894 0.0749038  0.806775 -0.276332  0.722897
point 76 809 508.458 153.125 -0.279328 -0.890987   -1.0029 -0.233766 -0.533665 -0.225698  0.845687   0.75404 -0.265791  -0.19426
point 77 817 435.563 183.541 -0.321348  0.553911  0.808033  0.593021  0.652231 -0.106373 -0.650572  0.581376  0.572969  -0.87306
point 78 823 397.905 168.506  0.0361933  -0.760715  0.0567134    0.74798    0.52538  -0.522074  0.0634824    0.91801  -0.489987 -0.0605444
point 79 831 215.531 235.739  -0.122476   0.446786   0.743649  0.0947972   0.347151  -0.882352 -0.0499139   0.532402  -0.695494  -0.054796
point 80 846 481.782 220.959   0.490184   0.303915   0.411453  -0.899436  -0.962068 -0.0684763  -0.716806  -0.281886    -0.3545   0.219238
point 81 866 429.314 141.697 -0.551716 -0.151313  0.801967  -0.58361  0.679124 -0.201979 -0.154274  0.377864 -0.462543  0.935801
point 82 868 133.823 158.724   0.670403  -0.375026  -0.894442 -0.0246634   -0.61018  -0.388411   0.914586  -0.889714 0.00622613   0.535024
point 83 872 209.644 149.478  0.406083  0.841785 0.0276467  0.537095 -0.423628  0.752098 -0.513451 -0.239564 -0.840739 -0.889499
point 84 889 499.868 231.783  -0.821429   0.265649   0.870176  -0.312269  -0.953804    0.43437 -0.0749843  -0.782901   0.788388   0.121034
point 85 901 2.16384 186.539 -0.659542  0.433989 -0.962933  0.860297  0.836217 -0.434393 -0.690553  0.398697 -0.115417 -0.597943
point 86 911 396.917 165.235  -1.00143 -0.355338 -0.755891  0.702068 -0.907874 -0.104622 -0.969702 -0.108305  0.466463 0.0617826
point 87 920 475.596 173.245  -0.87331  0.718914 -0.378295 -0.326581   -0.4759 -0.142401  0.802826 -0.876383   1.04581 -0.560287
point 88 926 474.346  217.51 -0.733328 -0.766067  0.941714 -0.854056 0.0252167 -0.514409 -0.365128 -0.744476 0.0620354  0.546927
point 89 951 394.661 206.652  0.185816 -0.792012 -0.157238  0.373038   0.20394 0.0356676   -0.9799  0.522146 -0.149644 -0.618232

