seq: 330
gt_pose:  0.625627 -0.461682   1.95864
odom_pose:  -1.01591 -0.562902   1.88122
point 0 7 481.396  144.63 -0.169692  0.842505 -0.185608  0.621507  0.328256  0.831421 -0.065314  -0.54986  0.914319  0.865546
point 1 15 573.535 175.693   0.710103   0.678045   0.999014   0.474525   0.761681   0.920288   0.325629 0.00540564  -0.679273   0.688446
point 2 21 483.423 186.539  0.547958 -0.400707  -0.29957 -0.601285   1.01844 -0.970822  0.661023 -0.310521 -0.600908 -0.119038
point 3 30 213.372 194.356  -0.757343  -0.873106  -0.940621 -0.0377975   0.527588   0.346506  -0.108631  -0.776222   0.210116   0.127332
point 4 31 398.203 190.265  -0.430584    0.82185 -0.0107985  -0.709369   0.200764  0.0924744   0.191938   0.215567  -0.530819   0.656494
point 5 36  553.56 233.972 -0.196985 -0.227399  0.407147  0.596536   0.37313 -0.725118 -0.969451 -0.899132  0.417095 -0.587314
point 6 37 502.206 225.087 -0.966035  -1.01368 -0.378192 -0.442611  0.282411  0.742292 -0.591077 -0.289368  0.297418  0.785462
point 7 39 410.616 171.303  -0.485776   0.826734   0.124732   0.900858 -0.0366132  0.0582888   0.903257   0.577952   0.654603   0.165862
point 8 53 571.205 197.801  0.804225  0.271346 -0.341876 -0.854714  0.554067  0.649325  0.361506  0.399272  0.774786 -0.414389
point 9 58 230.829 236.079  0.718881 -0.451453 -0.502909 -0.869317 0.0611386  0.785936  0.184215 0.0910407  0.626895  0.892044
point 10 61 637.951 142.969  0.163644  0.455143  0.485166  0.823409 -0.840954   0.59757  0.874288 -0.755803 -0.499262 -0.563615
point 11 63 298.558 206.777  0.169088 -0.713565 -0.851804 -0.250743 -0.704654  0.276086 -0.785154   0.79688  0.206659 -0.575934
point 12 68 376.861 239.348   0.20287  0.358322 -0.940582  0.491771  0.248265 -0.739159 -0.675926 -0.647959  0.516636  0.658986
point 13 73 147.296 162.951   0.787472  -0.117368   0.765107   0.381786 -0.0321977  -0.037841  -0.410765  -0.573253   -0.49774   0.158759
point 14 77 521.808 231.603 0.0679388 -0.960092 -0.480831 -0.595414  0.358225 -0.158571 -0.499624  0.313586 -0.522942 -0.281936
point 15 88 220.644 236.531    -0.28265   0.0376641    0.372239   -0.953787    0.264005    0.221848    0.430441 -0.00969924    0.783861   -0.562298
point 16 89 568.534   232.2  0.546951 -0.619159  -0.32654 -0.308837  0.285428 -0.616389 -0.520932 -0.986862 -0.676251 -0.212542
point 17 93 209.683 200.156  0.747693 0.0506043  0.198928 -0.849637  0.856277 -0.400654  0.107298 -0.881079  0.583642 0.0785316
point 18 106 553.591 235.163  -0.207789   0.997966  0.0935857 -0.0859499   0.414775   0.200485  -0.214622  -0.999424   0.538902 -0.0978329
point 19 109 220.045 105.351   -0.499086    0.847669   -0.837581   -0.465332    0.533098 -0.00303299    0.741032    0.585933   -0.020432    0.287872
point 20 111 241.709 224.672 0.0432186   1.01919 -0.931113 -0.980736 -0.101859 -0.402839  0.907263 0.0756728  0.263739  0.464972
point 21 132  613.16 128.394   0.262535  -0.941163  -0.934917 -0.0681251   -0.76044   0.879744  -0.816322   0.273214   0.896124   0.671797
point 22 148 608.342 34.9452 -0.155156 -0.295229  -0.19848  0.535107  -0.10513 -0.217559 -0.988304   0.28136   0.94101 -0.635979
point 23 156 444.974  150.97  0.280818  0.592626 -0.707062   0.37551 -0.884435  0.931586  0.156507 -0.767511 -0.977099 -0.102065
point 24 157 551.474  237.58 0.0415304   0.17056  0.676597  0.456442 -0.742727  -1.00056  0.291477  0.652511  -0.71821  0.530662
point 25 158 589.595 124.368  0.473658  0.441325   0.36978  -0.28556 -0.162388 -0.436641 -0.798367  0.185587  0.920929 -0.570718
point 26 159 591.522 111.525   0.166169  -0.978469   -0.87388  -0.164131 0.00886956   0.136461   0.988187  -0.290574  -0.366536  -0.742949
point 27 161 624.356 156.776    0.427542    0.954838 -0.00160618   -0.472917   -0.358912    -0.83989   -0.449207   -0.269771  0.00250743    0.648918
point 28 166 122.834 154.613 -0.611395  0.326948 -0.608869 -0.473659 -0.704685  0.257002 -0.696227  0.109736  0.195868 -0.625995
point 29 175 293.044 102.657 -0.400305  0.597554  0.260646 -0.632396  0.695229  0.720296  0.950228  0.980041  0.553684  0.150012
point 30 176 430.298 165.641  -0.731474   0.838045   -0.14332 -0.0759103   0.390824  -0.466322  -0.943337   0.293287   0.665588  0.0840295
point 31 186 273.599 153.763  -0.349759  -0.384149   0.321424   0.378901   0.864888  -0.901495 -0.0856804  -0.551338  0.0756839   0.301359
point 32 226 372.088 176.218 0.00316686   0.472215   0.509345   0.585263   0.931933   0.470651  -0.922593  -0.837723  -0.102251    0.48271
point 33 233 268.297  232.62 -0.196883 -0.451296  0.153541  0.286672  0.367892 -0.224406 -0.897979   0.13672 -0.940599  0.412031
point 34 240 458.775 137.879 -0.555131  -0.59835  0.623891  0.839601  0.813064  0.761024 -0.517157 -0.766293 -0.949862  0.675719
point 35 251 254.362 222.952 -0.000728083    -0.524997     0.146251    -0.832281    -0.381693   -0.0783597    -0.452214     0.241165    -0.140673      0.30508
point 36 302 68.4661 181.398  -0.798602  0.0608463   0.578937   0.622844 -0.0953245    -0.5771   -1.01125   0.219913   0.208616  -0.224864
point 37 303 339.153 188.078   0.149966  -0.851641  -0.551927  -0.968192 -0.0552926   0.533131  -0.479658 -0.0945034 -0.0285081  -0.342046
point 38 304 517.125 131.493  0.476179 -0.533084 -0.389678 -0.391778  0.964303 -0.203084  0.670945  0.490481 -0.575874 -0.433705
point 39 307 242.085 227.755  0.0932427   0.939358  -0.215542   0.662352   0.727621     0.8715 -0.0676574  -0.469652  -0.902826   0.487401
point 40 320 467.747  232.75  -0.070448   0.666992   0.997997 0.00576612   0.608457   0.159968 -0.0436003  0.0256001   0.230255   0.316027
point 41 346  317.56 178.744  -0.516659   0.896109 -0.0264256   -0.78958  -0.171284   0.529527  0.0191619   0.958698   0.849443  -0.205217
point 42 387 311.769 121.791  0.656794 -0.668311  0.570999  0.984219 -0.720015 -0.191881 0.0222114  -0.94658  0.605414  0.665536
point 43 388  24.706 187.793 -0.431729 -0.164855  0.866236 -0.419486 -0.916533  -0.20994  0.286501  0.407765 -0.801617  0.266074
point 44 405 313.953 177.692 -0.0878667  -0.995678   0.831229   0.680477  -0.167281  0.0689946   0.323606   0.320307    0.48517   0.705561
point 45 428 178.766 173.619 -0.473073 0.0651683  0.641065 -0.871052 -0.308649  0.575915  0.305749 -0.413839 -0.154936 0.0685223
point 46 441 161.885 190.921  0.905297  0.245627  0.652605  0.779414  0.752112  -0.13588 -0.697186 -0.997505 -0.863641   0.71086
point 47 449 567.993 165.723 -0.000227726     -0.38657     0.860095    -0.478939   -0.0262394    -0.552253     0.530374   -0.0456146    -0.286778    -0.182693
point 48 454 495.437 130.155 -0.920435  0.968689  0.628521 -0.471078  0.657909  0.737492  0.750003 -0.579958  0.383886  0.360357
point 49 460 64.7178 191.236  0.825611 -0.498829 -0.375404  0.456951 0.0524313 -0.138918 -0.416145  0.212065 -0.741125 -0.811734
point 50 486 146.127  218.13  -0.86932  0.527506  0.955265 -0.417863   0.96729  0.797863 -0.802594   1.00735 -0.941763 -0.451473
point 51 490 0.70873 239.989  0.431616   0.90662  0.307123 -0.495674  0.973419  0.231213 -0.976017 -0.522319 -0.629459 -0.694534
point 52 491 356.223 140.534 -0.819506   0.85376 -0.347013  0.575199 -0.459619 -0.115221  0.586714 -0.256384 -0.230535  0.744509
point 53 494 164.639 172.004    0.40826 -0.0913393  -0.344895  -0.960014   0.060345  -0.829759   0.567966   0.349715  -0.274012  -0.984454
point 54 495 392.064  122.64   0.238246   0.680241 -0.0688871   0.416645   -0.48726  -0.627179    1.00188   -0.57658 -0.0525585   0.135682
point 55 499 313.819 204.983  0.829962 -0.451561  0.369734 -0.644988  0.186362 -0.126605 -0.125295 -0.188782  0.648732  0.338291
point 56 506 414.011  186.03  0.0513443   0.315644 -0.0264133  -0.577248  -0.952386  -0.594798  -0.647922  -0.599768    0.73005   0.476049
point 57 514 41.2933 62.1619  0.445189 -0.743893 -0.861763 -0.431905 -0.961404 -0.555616  0.607871  0.849057  0.169923  0.163049
point 58 527 167.118 236.392  0.809604  0.488737 -0.864953  0.906331 -0.556742 -0.495079 -0.165547  0.697044  0.576146  0.650933
point 59 539 268.943 172.839  0.812644 0.0694092 -0.909005 -0.642605  0.437898 -0.342714  0.966862  -0.73551  0.268698  0.178574
point 60 541 64.8513 211.353  0.321003 -0.791843  0.801631 -0.277603 -0.651665  0.665715  0.799972 -0.552077  -1.01799  0.259514
point 61 552  2.6709 136.469    0.8244 -0.190933  0.816176 -0.100171  0.436436 0.0805189  0.833399  0.769937 -0.366284 -0.630419
point 62 563 113.186 201.358 -0.0627178  -0.407295   0.342038  -0.431293   0.740021   0.446286   0.289758   0.466519  -0.690261   0.344932
point 63 578 407.205 193.103 -0.0282122  -0.215188  -0.334635   0.218647  -0.760255   0.494985  0.0920318  -0.986808  -0.105323   0.180359
point 64 587 111.708 181.553  0.813243 -0.409538 -0.320171  0.642924  0.186806 -0.203424  0.322237  -0.93549 -0.449374 -0.434685
point 65 589 21.3888 177.054 0.0785514 -0.120969 -0.373827 -0.700671 -0.448542  -0.51004 -0.160057  0.197445 -0.890341 -0.888191
point 66 591  495.55 163.368  0.997239 -0.652793  0.607543   0.10615 -0.410355 -0.249158   0.89539  0.211311 0.0439647 -0.551625
point 67 596 316.314 203.532  0.0145376  -0.497226   0.489975   0.121015 -0.0522219  -0.467533   0.654286   0.122284   0.559197   0.855705
point 68 599  365.37 207.765  -0.443837   0.252138   0.728455   0.138158  0.0141949   0.995244  -0.176546  -0.111814 -0.0765457   0.510451
point 69 603  592.78 154.867  0.948331   0.58914  0.729501  0.258256 -0.850277  0.398362 -0.907846  0.753152 -0.518454  0.702538
point 70 622 368.939 147.521 -0.444047   -1.0195  0.429174 -0.104632  -0.98861 0.0394917   0.63612   0.92037  -0.20212 -0.655616
point 71 627 523.663 167.006 0.0851791  0.951486 -0.668245 -0.540274 -0.814323  0.310493 -0.852497 0.0334398  0.287628  0.573164
point 72 631 192.748  230.83  -0.780198  0.0321987  -0.661516 -0.0423147   0.398829 -0.0810071  -0.217934 -0.0397272  0.0180525   -0.26847
point 73 644 289.431 82.6454  -0.467647  -0.153497  -0.523616 -0.0282876  -0.178751  -0.802686   0.883973  -0.879861   0.915993   0.442502
point 74 650 7.03324 219.391  0.770075  0.243346  0.649474 -0.541598  0.929088 -0.201295  0.902893 -0.794315 -0.192734 -0.901684
point 75 654 53.7311 238.718 0.0538172  0.661314  0.209266  0.110151 -0.320916  0.424138  0.770843 -0.922416 -0.295324  0.619565
point 76 658 582.559 205.298  0.362195 0.0815222  -0.12364 -0.337937  0.211044   1.00613  0.618156  0.637135 -0.800319  0.525143
point 77 687 52.2447 221.822 -0.371474  0.299491 0.0378433 -0.285135  0.656913   0.36729  0.617826 -0.489367  0.168566 -0.524502
point 78 689 177.991 142.959  0.857512 -0.468007  -0.49112 -0.059937  0.696515  0.106893 -0.732915 -0.273922  0.924186  0.898796
point 79 725 266.175 210.623 -0.753442 -0.799613  -0.78026   -0.8881  0.261627  0.427492  -0.85398 -0.713807  -0.45361 -0.184309
point 80 726 230.165 171.259  0.939293   0.46229  0.568181 -0.719762  0.220667  0.594886 -0.805682  -0.94272 -0.898502 -0.861716
point 81 736 119.765  175.63  -0.06557 -0.949747 -0.184537  0.150887 -0.274439 -0.267871  0.408708  0.668874 -0.949139   1.02556
point 82 798 240.495 181.399 -0.488547 -0.883581   1.00455  0.519912  0.444223  0.565495  0.609982  0.914661 -0.938942  -0.53053
point 83 800 238.403 181.717  0.562293 -0.975708 -0.531628 -0.112689  0.847451  0.017583 0.0500331  0.833094 -0.434406 -0.427104
point 84 805 312.963 112.975  0.344756  0.730864   0.54857 -0.216559 -0.803354  0.779897 -0.223595  0.854234 -0.809823  0.269296
point 85 806 434.889 237.492   0.874808 -0.0184606  -0.575867   0.115852  -0.670264   -0.36174   0.326765  -0.352046   0.118989  -0.116336
point 86 854 327.367 223.686   0.614917   0.120524   0.420801   -0.81623   -0.10592   0.983946 -0.0203743  -0.167307   0.230318   0.938109
point 87 856 290.467 201.573 0.0622904  0.670003  0.410426 -0.602477 -0.499237 0.0391871  0.492948  0.826094  0.278081 -0.595013
point 88 858 274.593 158.025   0.468941   0.217747  -0.125752  -0.136602   0.694362    0.85651  -0.461635   0.113023  -0.785551 -0.0221119
point 89 868 540.805 206.429   0.668042  -0.382168  -0.844312 -0.0414499   -0.65232  -0.423974   0.897037  -0.913558 -0.0264151   0.494013
point 90 873 97.667 161.28  0.333744 -0.561279   -0.9181  0.953214  0.937504     0.357  -0.79073 -0.840461 -0.494188  0.300512
point 91 878 546.274 227.581  -0.970807 -0.0273676  -0.949543  0.0224234 -0.0378631   0.498871   0.410358 -0.0827595  -0.792729  -0.531383
point 92 880 245.133 42.0795  -0.62693 -0.511403 -0.273588  0.604627  0.587399 -0.285617 -0.352384  0.597945  0.783667  0.657265
point 93 881  403.87 153.088  0.329534  0.658954  0.456866   0.59915   0.34233 -0.771685  0.163763 -0.753931 -0.387301 -0.616241
point 94 883 278.71 190.76  -0.179422  -0.273627   -0.76432    0.97263   0.272595   0.592225    0.56533  -0.336473   0.197863 -0.0509249
point 95 929 448.726 96.7087 -0.876387 -0.270262 -0.212954  0.239352  0.252782  0.736965  0.110798 -0.244199 0.0730181  0.150521
point 96 937 319.186 234.806  -0.47711 -0.574535  -0.47618 0.0664426  0.494317 -0.283655  0.130914   -0.2515 -0.242115  0.482895
point 97 946 178.078 190.644  0.198456  0.932658 -0.415815 -0.795523  0.522818 -0.916671 -0.248292 -0.718123 -0.438313 -0.621033
point 98 967 337.878 164.779   0.181068 -0.0587434   0.465357   0.918431   0.107023   0.339777   0.601516  -0.382464  -0.724845  -0.451882
point 99 968 447.316 155.024  0.0501532  -0.401682  0.0611992 -0.0935338   0.972524  -0.204194  -0.740032 -0.0666507  -0.604873  -0.999219
point 100 979   557.5 42.6323 0.0391764  0.452524 -0.193184  0.408513   0.23534  0.359867 -0.591638 -0.135079  0.608918 -0.287118
point 101 980 248.661 218.079  0.554953 -0.199683  0.536812 -0.471894  0.541582  0.432151 -0.832017 -0.192337  0.393932 -0.680843
point 102 986 9.92559   229.6  -0.354101  -0.315195  -0.972999  -0.580163    -0.1324  -0.411986  -0.325037 -0.0415598  0.0734232  -0.836073
point 103 997 445.465 233.483   0.918054  -0.959437 -0.0855446   0.800882  -0.447852  0.0434894   0.659269  -0.872712  -0.234469   0.584226

