seq: 188
gt_pose: -0.147635    3.0528  0.224104
odom_pose: -0.0647196    2.24588   0.244653
point 0 3 462.196 198.447 -0.218727  0.745501 -0.450427 -0.267999   0.57031  0.798539 -0.811939  0.931745 0.0807693 -0.783142
point 1 7 355.702 87.5126 -0.0752464   0.798774  -0.230829   0.629906   0.378344   0.862126 -0.0745032  -0.592079   0.926783   0.821153
point 2 17 596.567 89.8387  -0.478783  0.0698911   0.406262  -0.774604 -0.0340972   0.144737    0.91786  -0.114006  -0.367271   0.681204
point 3 21 337.347 156.616  0.502309 -0.432399 -0.342439  -0.63678  0.936654 -0.989705  0.648987 -0.370564 -0.637369 -0.154023
point 4 36 381.364 233.968 -0.237358 -0.293829  0.411552  0.587315   0.38786 -0.660524 -0.960512 -0.830128  0.331439 -0.574786
point 5 37 293.253 220.276   -1.0241  -1.01745 -0.411864 -0.485488  0.330698  0.665705 -0.636648 -0.318105  0.319434  0.769074
point 6 40 83.6886 170.777  -0.315896   0.734146   0.130211   0.258841   0.537893   0.520668   0.626257   -0.51098    0.19506 -0.0862058
point 7 42 515.682 166.645   0.016532  -0.777177 -0.0158515  0.0309496  -0.871952   0.615466  -0.236707   0.230064  -0.116241  -0.708065
point 8 44 448.062 158.259  -0.605692   0.263647   0.872124   0.458268 -0.0297628  -0.127815   0.684159   0.900886   0.942069   0.815911
point 9 53  310.89 202.493  0.735304  0.322693 -0.363769 -0.941149   0.49597  0.629173  0.375766  0.412848  0.844338 -0.359478
point 10 64 534.833 189.526  0.858115  0.508808 -0.793658 -0.897271 0.0625205 -0.158182 -0.613907 -0.118076 -0.631706  -0.39103
point 11 77 283.601 230.314   0.112875   -1.03561  -0.416994  -0.611045   0.371834 -0.0716352  -0.576525   0.324253  -0.575958  -0.256349
point 12 89 291.678 233.035  0.562281 -0.654338 -0.325374 -0.342884  0.276677 -0.599155 -0.551348 -0.921645 -0.687929 -0.117113
point 13 103 53.3126  194.94  0.426246 0.0522341  0.450858 -0.100232 -0.216338 0.0690008  0.680843   -0.8184  0.386372 -0.561439
point 14 106 260.841 235.401  -0.220216   0.938792  0.0664118  -0.136797   0.451078   0.194531  -0.208207  -0.955424   0.500963 -0.0988397
point 15 113  449.91 189.848 -0.0178009  -0.528189   0.540797  -0.906021   0.503339  -0.343902  -0.932126   0.633263  -0.304567 -0.0813794
point 16 115 438.525 175.966  -0.726413  -0.733876   0.418037   0.500366 -0.0756798   -0.52733   0.935885  -0.438688  -0.422227   0.490473
point 17 120 395.908 189.942 -0.997099  0.145385  0.736545  -0.51706  0.650664  0.591459 -0.650385  0.327412 -0.925751  0.279594
point 18 132 511.277 150.471   0.237597  -0.888139  -0.967841 -0.0671029  -0.757501   0.845583   -0.85235   0.279999   0.879266    0.67786
point 19 134 316.239 180.455 -0.312529 0.0635976  0.405229  0.879002  0.711312 -0.329928   0.94849  0.746877  0.576409 -0.790258
point 20 148 449.267 76.3439 -0.143121 -0.245764 -0.245063  0.506672 -0.076601 -0.178703 -0.951303  0.204348  0.948251 -0.681253
point 21 157 239.757 237.695 -0.0117303   0.106843   0.591719   0.470256  -0.705422  -0.982497    0.27113   0.653788  -0.693365   0.493458
point 22 158 345.063 144.231  0.480998  0.419491  0.325709 -0.306707 -0.154381 -0.430737 -0.799669  0.224056   0.96665 -0.596619
point 23 169 522.648  168.35  -0.576903   0.490917   0.701941  -0.249996 -0.0548047   0.511805   0.322735   0.480698  -0.661889  -0.574275
point 24 170 349.674 237.451  0.152302 -0.384741  0.207945  0.158672  0.783514 -0.233753 -0.918941  0.702873  0.397057  0.747181
point 25 174 639.343     192    0.695168    0.129924    0.849786    0.114582 -0.00548863   -0.496808   0.0750631   -0.585139   -0.530348   -0.901984
point 26 179 573.795 192.161 0.0540271 -0.820009 0.0848779  0.775905  0.681027  0.349147 -0.291567 -0.787446 -0.167626  0.818945
point 27 180 153.585 168.814 -0.136086 -0.511473  -0.64978 -0.660182  0.108513  -1.00872 -0.170771 -0.159009 -0.155227 -0.278778
point 28 190 143.004 230.257   0.356466   0.655749 -0.0635449   0.788646      0.466   0.549896  0.0878888  -0.857935   0.340206  -0.448761
point 29 202 555.716 127.331 -0.555378 -0.224953  0.260801  0.388305   0.12797  0.836926   0.58782 -0.217448  0.135727 -0.186001
point 30 206 575.094 156.562   0.67925 0.0101664  0.681758  0.886504 -0.805452 -0.690087  0.724204  -0.27972 -0.918618  0.676345
point 31 214 130.469 189.385   -0.74332  -0.486284  -0.714087  -0.109303   0.184014 -0.0715077   0.785012  -0.812372 -0.0883357  -0.405504
point 32 224 610.002 200.095  0.900952 -0.547297 -0.790891  0.469204   0.38601 -0.411008  0.407983   0.50141  0.171169 -0.151243
point 33 239 119.156 191.564 -0.473437  -0.93093 -0.814462  0.228828  0.586828  0.146469  0.200469   0.30197  0.179345 -0.523607
point 34 240 497.629 25.7387 -0.480662  -0.59436  0.657061  0.787996  0.803949  0.710286 -0.489577 -0.745133  -0.98032  0.699648
point 35 259 635.182 199.201  0.161548  0.693827  0.103836  0.455084 -0.417854 0.0127477 -0.691211  0.408523 -0.924942 -0.557737
point 36 264 95.1898 181.064   0.950054  -0.176544  -0.306373 -0.0895602   0.185604   0.687716  -0.812145   0.896294  -0.883427  -0.817689
point 37 280 546.623  228.85 -0.252652  0.110801  0.529334 -0.153889 -0.326079 -0.346357  0.846666  0.814872 -0.139866  0.765088
point 38 290   557.8 182.339 -0.697938  0.805368 -0.805093 -0.456363 -0.668408  0.534519  -0.93902 -0.790173  0.623276  -1.00836
point 39 304 316.125 109.197  0.481481 -0.578761 -0.427067 -0.413621  0.949443 -0.213059  0.698247  0.505356 -0.500562 -0.408006
point 40 315 365.601 211.616 -0.815838 -0.383063 -0.910507 0.0609082 -0.352965  0.150817 -0.525825  0.778574 -0.716785  0.951324
point 41 316 590.152 171.739  -0.580499   -0.70853  -0.973034   -0.45937  -0.451331 -0.0174319  -0.376083    -0.1454  -0.325339  -0.686767
point 42 320 211.103 227.675  -0.0829737    0.645677     1.02101   -0.055409    0.592528    0.204619 -0.00292313  -0.0457759    0.153446    0.294971
point 43 324 136.846 186.718  0.104826  0.400362 -0.682641  -0.42508  0.658316 0.0161272  0.455214  0.122456  0.311862  0.351697
point 44 325 408.753   214.8 -0.184472 -0.293092 -0.652433  0.157718  0.198191 -0.308644 -0.249677 -0.431927 -0.579286 -0.953257
point 45 343 320.964 228.216 -0.0248127  -0.966283  -0.397195  -0.856972  -0.202747 -0.0635651    0.25482  -0.933003   0.602353  -0.446728
point 46 353 452.597 182.631  -0.516323  -0.244573   0.945583   -0.29979  -0.357276   0.292289 -0.0202638  -0.523717  -0.474999   0.136709
point 47 367 582.957 34.2289  -0.713273  -0.877614   0.864185  -0.448983  -0.470564   0.692835  -0.363892 -0.0730152  -0.556224  -0.755601
point 48 393 50.3417 202.563  0.509466  0.134801 -0.307368  0.260281  0.928653 -0.104627 -0.629424  0.137178   0.71349 0.0320294
point 49 396 386.045 171.916  0.282292  -0.71027  0.818824  0.676419 -0.422486 -0.373018 -0.800623 -0.442159  0.407851  0.611823
point 50 403 548.717 224.287  0.222521  0.635671 -0.549374 -0.602075 -0.590257  0.512278  0.997262  0.715301 -0.952168 -0.629381
point 51 439 112.005 200.478  0.225222  -0.39738 -0.818165  0.286642  0.328187  0.680214 -0.337181  0.304162  0.127635 -0.151038
point 52 440 161.547 165.626 -0.865497 -0.920669 0.0919782   0.94074 -0.516913  0.438513  0.764185 -0.228605  0.433661 -0.519039
point 53 448 597.454 202.457  0.854964 -0.419509  -0.85799 -0.638285 -0.282856  0.727294 -0.418904 -0.740332    0.6273 -0.419531
point 54 450 66.7885 112.825   0.418932   0.186817   0.631729  -0.585819    1.01608   0.492615 0.00675869   -0.82455   0.838704   0.683948
point 55 454  375.12 81.8624 -0.907784   1.00576  0.602451 -0.411912   0.63452  0.765216  0.792436 -0.594387  0.476687  0.343306
point 56 458 150.988 181.052 -0.808438  0.197478 -0.827169  0.332829  0.515229  0.438657  0.808236 0.0886988  0.957637 -0.596736
point 57 464 11.4478 228.509 -0.0060127  -0.964522  0.0232578   0.133255  -0.472145   0.145675    0.38209   0.424929  -0.657344   0.192832
point 58 505 44.0153  155.96  -0.635582  -0.229767   0.203013   0.259968  -0.811751  -0.434581  -0.853597    0.95017  -0.483758 -0.0261952
point 59 506 555.323 20.4538  0.0343047   0.323892 0.00251157  -0.606734  -0.993049  -0.588201  -0.645584  -0.643572   0.732476   0.564151
point 60 533  520.51 180.494  -0.697267  -0.232341   0.566623  -0.223537  -0.775753  -0.708399    0.58695  -0.285804   0.720879 -0.0204801
point 61 569 137.294 199.235 0.0302142 -0.703827  0.305032  0.280779 -0.244733  0.427221  0.472965 -0.539318  0.936233 -0.401253
point 62 578  392.27 33.0353 0.0345865 -0.211393 -0.320639  0.261417 -0.697839  0.476835  0.109652 -0.900678 -0.112809  0.136971
point 63 581 344.341 239.585 -0.643752 -0.471904 -0.305165  0.924884 -0.946769 -0.137399 -0.106128 -0.817247  0.898155 -0.111629
point 64 588 519.501 231.509 -0.239885 0.0622842 -0.430402 -0.597841  0.553624  0.606124 -0.604176   0.28867 -0.215404  0.124439
point 65 591 456.247 126.066     1.0039    -0.6894    0.59471   0.126806  -0.404192  -0.299575   0.897896   0.235095 -0.0203215  -0.556605
point 66 603 308.271 171.546   1.03572  0.544063  0.760344  0.248442 -0.849485  0.410238 -0.844173  0.832954 -0.547123  0.652262
point 67 627 253.767 157.847   0.0822636    0.880075   -0.606196   -0.494454   -0.755036    0.292696   -0.822665 -0.00820305    0.266358    0.620798
point 68 628 214.292 215.827 -0.672086 -0.108441  0.174836 -0.331704 -0.183184   0.86925  0.560452 -0.362502  0.452472  0.805524
point 69 640 119.734  219.08 -0.0232358   0.698663   0.877347    0.37226   0.141106  -0.382933    0.55935  -0.301878  -0.196796  -0.248066
point 70 646 520.926 224.933 -0.344822  0.670167  0.784129  0.744623  0.407191 -0.732926 -0.369713  0.791536  0.275534  0.486212
point 71 655 450.381 210.137 -0.0832463   0.657371   0.442102  -0.611449   -0.62653  -0.493733  -0.927417  -0.727282  -0.820224   0.880622
point 72 658 433.221 209.236   0.355877   0.113527 -0.0549177  -0.302049   0.225825   0.961168   0.666539   0.619818  -0.823655   0.508533
point 73 678 127.143 134.345  -0.762032  -0.895887   -0.41285  -0.421685  0.0485729  -0.916448  -0.890904 -0.0962186   0.237358  -0.362878
point 74 681 572.311 201.891 -0.293405  0.622355  0.169285  0.461424 -0.773791  0.157243 -0.775408  0.390556 -0.132099 -0.847158
point 75 717 299.288   190.4  0.924873   0.68486 -0.912122 -0.217596 -0.368148 -0.713181  -0.69012  0.712805 -0.332682  0.638876
point 76 771  545.59 224.838  0.222977 -0.379755  0.824311  0.980527 -0.668233   0.88195  0.688485 -0.196908 -0.418608 -0.599017
point 77 804 388.769 211.225  -0.833325  -0.682875  -0.651111  -0.580583   0.542129    0.67434 -0.0822343   0.443851   -0.58423   0.110084
point 78 806 362.089  233.34   0.876954 -0.0259969  -0.591148  0.0729673  -0.709509   -0.34715   0.394044  -0.387924   0.114591 -0.0684981
point 79 837 441.069 151.912 -0.0824978  -0.241222  -0.498534  -0.336569  -0.831631   0.204895  -0.484254  -0.350544   -0.81043  -0.425647
point 80 846 364.016 233.423   0.474478    0.32589   0.416744  -0.867396  -0.945285 -0.0839434  -0.686454  -0.313158  -0.374119   0.175021
point 81 853 107.694 169.659   -0.434331    0.849487   -0.630608 -0.00180054    0.141665   -0.697639   -0.308013   -0.409221   -0.741513   -0.726361
point 82 867 592.571 199.926   0.970301   0.117081   0.127515   0.627232  -0.482463 -0.0885504   -0.74266  -0.398816   0.675961 -0.0727914
point 83 868 230.497 206.227    0.631165   -0.397421   -0.896477   0.0127893   -0.620338   -0.404895    0.827609   -0.885091 -0.00635288    0.537212
point 84 878 405.733 226.945  -0.960188  0.0519405  -0.925571  0.0869752 -0.0552833   0.476095   0.389598 -0.0823185  -0.794974  -0.573333
point 85 886 414.182 179.184 -0.365815 -0.869426 -0.504091 0.0419529  0.290489  0.967203  0.892078  0.885827 -0.704801 -0.876466
point 86 892 486.437 169.904   0.265087  -0.857472  -0.713641    0.68098  -0.701912   0.673354  -0.665842   0.180215   0.892104 -0.0663318
point 87 897 99.4677 163.751  0.204705  0.853507  0.932874  0.528258  0.127432 -0.857244 -0.112875 -0.166508 -0.917314  0.268414
point 88 898 435.815 234.946  0.809926 -0.597307  0.296742 0.0472049 0.0219094 -0.265999  0.574138 -0.532724 -0.114105   0.46091
point 89 905  365.96 143.158 -0.962797  0.126775  0.476313 -0.425636  0.695942  0.248266  -0.84026  0.638669  0.103843  0.139044
point 90 907 116.531 220.335 -0.736808 -0.975359 -0.865906  0.568802 -0.848743 -0.895008 -0.284191  0.684505 -0.283691 -0.692853
point 91 910 381.409 179.511  -0.959458   0.641128   0.470396 -0.0583171   0.610686   0.487679   0.102816   0.553036   0.727042   0.353171
point 92 928 460.039 195.374  -0.13741  0.895779 -0.781737 -0.926349 -0.254396 -0.561396 -0.699571 -0.400975 -0.506124  0.288985
point 93 939 437.204 210.292 -0.432575 -0.735277  0.551605   0.86087  0.170974 -0.931019  -0.73972  0.731374 0.0941631  0.785301
point 94 947 103.082 147.466 -0.285432 -0.961181  0.782876 -0.555472 -0.552086  0.885303  0.607121 -0.782307 -0.872512  0.709367
point 95 963 551.724 185.175 -0.0193495  -0.849096  -0.341973   0.412056  -0.907048   0.274383   0.901235   -0.89246  -0.169649   0.449798
point 96 968 278.762  54.687  0.0228676  -0.423794   0.106629 -0.0834585   0.918103  -0.173425  -0.696138 -0.0170144  -0.613032  -0.935448
point 97 971 624.38 186.25   0.662227  0.0286339   0.239477  -0.704478   0.991027 -0.0898218   0.364922   0.997937   0.795305  -0.209738
point 98 972    126 111.52  -0.741494  -0.563595   0.929323 -0.0547118   -0.97644  -0.559002  -0.735359  -0.275226  -0.727244   0.687394
point 99 979 503.243 36.7663 0.0811348  0.444058 -0.155122  0.468837  0.216367  0.388014 -0.554715 -0.166763  0.631792 -0.308269
point 100 989 474.968 236.537 -0.711701  0.340235  0.443791 -0.607628   -0.1024 -0.547561 -0.121553  0.551164  0.524835 -0.508241
point 101 997 316.374 225.228    1.00111  -0.941655 -0.0363098   0.791129   -0.42509 -0.0222759   0.644523  -0.895135  -0.193252   0.656495

