seq: 205
gt_pose:  3.11714  4.01763 0.289141
odom_pose:  3.26493  3.13383 0.222493
point 0 15  163.65 107.869   0.759476   0.691895   0.970453   0.456997   0.803281    0.97412   0.305983 -0.0255772  -0.651489   0.651109
point 1 20 388.427 216.984 -0.527476   0.11037 -0.810184 -0.429114  0.792817  0.352608 -0.768313 -0.742968 -0.240385  0.197725
point 2 49 488.267 81.8044  -0.714768  -0.435388   0.717047  -0.231521   0.779968   0.544504 -0.0145525  -0.487989   0.883915  -0.780161
point 3 50  463.06 193.421  0.844576 -0.678299 -0.480425 -0.708588 -0.621103  0.253806 -0.633512 -0.751496 -0.513435  0.878434
point 4 61 246.518 77.3008  0.193476  0.512379  0.467527  0.845924 -0.767845  0.543407  0.924008 -0.763486 -0.497604 -0.503807
point 5 71 292.533  134.76  0.208712  0.212326  0.573912  0.579401 -0.467836 -0.869004  0.789782 -0.607134   -0.6485 -0.310029
point 6 75 455.465 184.701 -0.676565 -0.871517    0.8934  0.527731 -0.727966   0.71944 -0.556315  0.998508  0.114305   0.34645
point 7 79 395.733  181.02 -0.182702 -0.690997 -0.146803 -0.818446  0.179918  0.924823 -0.788637  0.698423 -0.708362  0.600707
point 8 82 421.069 114.744   0.952897 -0.0987859  -0.208321   -0.25935   0.893131   0.869948  -0.841844   0.812979   0.784877  -0.621261
point 9 87 582.138 230.192  0.745237  0.775301 -0.242442  0.867774 -0.667835 -0.644288 -0.503201 -0.316606  0.875231  0.250298
point 10 89 124.136 155.921  0.600161 -0.611545  -0.37678 -0.358182  0.235728 -0.634022 -0.499723 -0.948037 -0.711556 -0.128462
point 11 106 94.3389 217.939 -0.161057  0.968977  0.103602 -0.100613  0.399748   0.17805 -0.175947  -1.00584   0.47759 -0.118643
point 12 112 547.264 236.087  0.0140147  -0.820535  -0.754896  -0.861995  -0.465322  -0.868415  -0.982672 -0.0217833  -0.175299  0.0830889
point 13 130 140.159 113.581   0.749288   0.278671 -0.0337065   0.980816   0.538711  -0.327885    1.00264  -0.905187  -0.458855  -0.530071
point 14 134 350.503 18.8002 -0.329494  0.114827  0.473405  0.833386  0.676418 -0.380534  0.971933  0.809501  0.559455 -0.833247
point 15 135 197.952 196.728 0.467107 0.487569 0.449511 0.333643 0.254906 0.984828 0.603101 0.359724 0.329226 0.694701
point 16 136 199.333 173.144 -0.448691  0.133806  0.662737  -1.02464   0.39895 -0.666191 0.0890653 -0.179873 -0.756113   -0.1538
point 17 140 400.976 114.117 -0.520178 -0.143006  0.639161 0.0558438  0.808545 -0.717786  0.337109 -0.624067 -0.327495  0.868224
point 18 157 115.336 233.073 0.0200279 0.0936238  0.602511  0.533375 -0.698942 -0.921798  0.254473  0.607122 -0.679547  0.526751
point 19 161 239.523 78.1612    0.40705   0.897188 -0.0456787  -0.458959  -0.417284  -0.756543  -0.433636  -0.286202   0.053258   0.577944
point 20 162 574.879  168.89   -0.585915    0.283769 -0.00863742   -0.780981    0.133942   -0.972989    0.557823   -0.710631   -0.605564     0.20561
point 21 170 462.439 231.263 0.0911923 -0.350809  0.279348  0.108354  0.780565  -0.15587 -0.908559  0.783266  0.428273  0.671379
point 22 222  334.44 235.193 -0.641154  0.943307 -0.944027 -0.422272  0.510226 -0.709106 0.0165691   0.47878   0.35772 -0.502447
point 23 232 298.723 237.983  -0.149974  -0.327611   0.445305  -0.335285  -0.860424 -0.0420242    0.86054   0.776788  -0.963093 -0.0227898
point 24 244 417.901 182.867  0.076008 -0.894127  0.478547  0.656484  -0.83356  0.726691 -0.343566  0.344335  0.161016  0.216587
point 25 276 537.503 239.313   0.577747  -0.705957  0.0831648  -0.112039   0.218237 -0.0700397   0.308939  -0.597816  -0.463125   0.767993
point 26 279 568.328 181.518  -0.502202  -0.355665    0.24349   0.170751 -0.0926368    0.71375   0.385176  -0.823417   0.892031   0.363872
point 27 310 97.8814 71.7155  0.571368  0.150487 -0.645908 -0.817953  0.607602 -0.232479 -0.899976 -0.315875   0.76601 -0.608521
point 28 340 513.103 110.087  0.468276 -0.423054 -0.648967 -0.102724  0.778462 -0.183435 -0.661386 -0.403516  0.574225 -0.403691
point 29 341 487.031 215.502  -0.694914  0.0713694   0.320157  -0.356923   0.241634  -0.389165  -0.792535  -0.652598   0.776769 -0.0427068
point 30 343 372.773  191.92   0.006162  -0.968845  -0.377511  -0.855452  -0.174989 -0.0956925   0.292715  -0.862403   0.542699  -0.403787
point 31 357   306.2 234.324  0.370377 -0.276194  0.529581  0.421939  0.556839 -0.133093  0.317643  0.710909  0.411095 -0.254925
point 32 376 134.639 178.457 -0.695006 -0.809427  0.620095 -0.376191  0.622272  0.207875  0.307916 -0.113916  0.530769 -0.255572
point 33 379 235.248 163.658  0.211017 -0.506967  0.175329 0.0510724  0.569883 -0.269681 0.0930554 -0.198552  0.193259  0.216724
point 34 386 56.1052 209.661 -0.0343066  -0.265562    0.26951   0.441538     1.0074 -0.0909709  -0.421743  -0.695061   0.026585  0.0103191
point 35 390 416.237 230.164  0.316467 0.0129134  0.209655 -0.531303  0.339511  0.847981  0.273961  0.114662 -0.588381  0.421246
point 36 392 170.235  232.83   0.953266 -0.0569925   -0.41496   0.284458   -1.01355   0.928364  -0.716409   0.235194  -0.651531   0.594129
point 37 401 463.533 209.428 -0.0279608   0.494314   0.278227  -0.499644  -0.567375   0.155385   0.606913   0.819142  -0.934029  -0.617775
point 38 407 487.326 221.029 -0.707464  0.975914 -0.901243   0.66734 -0.796021 -0.080415  0.745428 -0.908341 -0.392896 -0.483011
point 39 411 114.478 222.153   0.436246   0.961021   0.904913   0.974249   0.398271  -0.607064   0.816976  -0.260002  -0.860091 -0.0458671
point 40 418 592.527 225.243   -0.96234 -0.0264479    0.29633  -0.635687   0.921671   0.721116   0.992346  -0.724356  -0.628649   0.666059
point 41 427 551.857 164.642   0.770898    0.85366   0.281338  -0.396702 -0.0902414   0.796304   0.246059  -0.725084  -0.698761   0.702299
point 42 445 300.382 176.051 -0.879591 -0.295086 -0.675932 -0.813002 -0.291232  0.755966 -0.282864  0.168298 -0.519617  0.523035
point 43 447 331.482 181.259  -0.377071  0.0116537  -0.955151  -0.749602   0.276359  -0.890824 -0.0183063   0.544769  -0.643365   0.607382
point 44 449 153.203 56.0607 -0.0137585    -0.3367   0.812734  -0.539187 -0.0652416  -0.594716   0.530679 -0.0349416  -0.329902  -0.209914
point 45 456 597.845 136.313  0.173654 -0.604649  0.576168 -0.552301  -0.39475  0.664129 -0.563506 -0.661477 -0.789077 -0.930814
point 46 487 132.399 118.852  -0.79182  0.941955 -0.713108 -0.936203 0.0602078  0.615367 -0.351673 -0.875703  0.362036 -0.207383
point 47 502 121.835 212.515   0.265969   0.247209 -0.0333793   0.459728   0.830335 -0.0104282  -0.410003  -0.946646   0.187301  0.0485738
point 48 512 574.879 119.988 -0.637405 0.0599264  0.739778 -0.364612  0.581797 -0.911756 -0.302121  0.233676 0.0351766 -0.432339
point 49 516 131.256 199.376  0.123316 -0.612615 -0.780351 -0.811448 -0.144583  0.620105 -0.575312   0.02133 -0.859014  -0.52748
point 50 517  79.349 126.767  -0.405636 -0.0478666  -0.779471  -0.480593   0.309019   0.118883  -0.047198  -0.766836   0.673652  -0.428398
point 51 521 276.669 161.197 -0.790862  -0.30334  0.620379  0.141738 -0.272216 0.0561413 -0.368915 -0.705745 -0.812252 -0.722583
point 52 549 252.411 235.193  0.786549 -0.382165  0.871907  0.907696 -0.152481  0.325978 0.0844434  0.467137  0.428518  0.720929
point 53 564 510.464 194.288  -0.673522  -0.176047    0.25741  -0.515215 -0.0734084   0.518871  -0.473313  -0.941952  -0.782562    1.00162
point 54 579 265.386 194.854 -0.829053   -0.1413  -0.81169 0.0625689   0.98614  0.530724 0.0840992  0.489944  0.243203  0.278346
point 55 581 580.866 237.014 -0.714446 -0.490948 -0.306322   0.97294  -0.91411 -0.100391 -0.143187 -0.730815  0.850011 -0.158377
point 56 586 268.722 194.435 -0.0223739  -0.978806   0.741555   0.241307  -0.330856   -0.13102  -0.727376   0.108224  -0.110782   0.765195
point 57 592 182.199 187.466  0.825124  0.995139  0.703457  0.346646 -0.821617 -0.854076  0.366823   0.84636  0.627078 -0.694493
point 58 605 464.797 211.381   0.893477   0.483171  -0.363837   0.345957   0.134392  -0.374378 -0.0831781  -0.111468   0.883295   0.126371
point 59 621 573.195 178.772   0.852619 -0.0736308  -0.912837  -0.251443   0.223574   0.041098  -0.275352  -0.368197   0.157878  -0.207375
point 60 624 622.314 215.413 -0.000416617     0.641614    -0.721584    -0.664879     0.704341    -0.188526    -0.607941     0.205381     0.788741    -0.648474
point 61 628 43.6987  168.59 -0.733013 -0.184466  0.182667 -0.340615 -0.179026  0.897438  0.601374 -0.421119  0.463754  0.789097
point 62 630 398.644 212.866 -0.0145987  0.0335874  -0.321211  -0.332728   0.635162 -0.0691409   0.529798  -0.219111   0.640563  -0.689788
point 63 668  446.96 134.302 -0.519295  0.812346 -0.739486 -0.420193 -0.452667 -0.207499  0.200755 -0.476735 -0.833961 -0.511163
point 64 675 57.5826  149.46 -0.0661544   0.877777    0.68575   0.191779  -0.116086  -0.708248  -0.159352   0.792785  0.0449039  -0.574268
point 65 704  74.511 135.449 -0.395518  0.146519  0.369402 -0.216116 -0.527969    0.8438  0.530014 -0.987111 -0.480897  0.638371
point 66 717 292.726 84.8681   0.98833  0.676772 -0.890289 -0.252229 -0.378305 -0.688301 -0.626958  0.696783 -0.395456  0.676297
point 67 723 162.813 236.716   0.0872698   -0.961306 -0.00849904    0.105386    -0.36112   -0.420506   -0.326966    0.748521    0.154879   -0.617485
point 68 737 599.099 196.981  -0.38635  0.080719 0.0432453  0.586122 -0.805064  0.158891 -0.885718 0.0880385  0.461216 -0.115501
point 69 740 588.892 202.078  0.429457  0.788751 -0.945664  0.606393 -0.140141  0.336122  0.630715 -0.413935  0.667355 -0.929991
point 70 749 479.862 208.077  -0.622899   0.209424   0.656821  -0.724794   0.524938 -0.0205312   0.754619   0.120055   -0.22101  -0.175036
point 71 778 588.584 213.332  -0.16183 -0.670685 -0.782997  0.760265 -0.509259 -0.853404 -0.357522  0.351002 -0.442266 -0.680717
point 72 803 350.418 178.151 -0.715994   1.03024  0.745466 -0.551898 -0.591103  0.234521 0.0970109  0.771455 -0.266052  0.697854
point 73 809 538.129 139.448 -0.232914 -0.938536 -0.914538  -0.30247 -0.540703 -0.214908  0.827911  0.759786 -0.234386 -0.224104
point 74 817 452.958 175.044  -0.255621   0.550462   0.831863   0.569856   0.636275 -0.0915671  -0.670628   0.584931   0.599411  -0.934626
point 75 823 406.635 160.496  0.0163527  -0.771465  0.0436602   0.744019   0.604521  -0.529951  0.0221487   0.919259  -0.433185 0.00840112
point 76 831 205.958 235.348  -0.146271   0.450002   0.665046   0.159369   0.381663  -0.867992 -0.0745521   0.549138  -0.675388   -0.04803
point 77 845 600.564 221.575 -0.0857233  -0.302264   0.915408   0.891652  -0.436244  -0.551419  -0.252313    0.46933   0.942435   0.912467
point 78 846 534.551 214.749   0.429398   0.316216   0.377763  -0.870841  -0.939414 -0.0909743  -0.654552  -0.259005  -0.371365   0.258868
point 79 866 448.616 124.342  -0.536464 -0.0963319   0.756733  -0.599271   0.669292  -0.276444  -0.175891   0.427601  -0.453492   0.964112
point 80 868 88.0383 138.735   0.686922   -0.43277  -0.869177 -0.0334277  -0.677005   -0.43171    0.88422  -0.846582 -0.0592849   0.504358
point 81 872 197.179 139.252  0.467788  0.815487  0.109281   0.46511 -0.421331  0.756386 -0.507934 -0.275013  -0.81357 -0.900846
point 82 889 515.648 231.062  -0.817248   0.208071   0.813809  -0.253323  -0.927043   0.468172 -0.0905022  -0.777757   0.771927   0.114567
point 83 911 410.292 152.239   -1.01943   -0.38317  -0.783686   0.720496  -0.887871 -0.0634206  -0.952185  -0.153108   0.502189   0.120999
point 84 920 516.668 155.626 -0.892001  0.701136 -0.296333 -0.348086  -0.40596   -0.1697  0.845623 -0.798362  0.969365 -0.527406
point 85 926 503.741 213.227  -0.725614  -0.774743   0.959406  -0.918831 0.00444446  -0.495783  -0.440003  -0.722699  0.0120788   0.599702
point 86 951 404.378 202.313  0.221524 -0.859962 -0.132294  0.380952  0.254418 -0.019386  -1.03079   0.49014   -0.1495 -0.633391
point 87 964 200.216 196.326  0.923837 -0.305688  0.201242 -0.246965 -0.818681  -1.03343   0.54473 -0.961579 -0.815226   0.65432

