seq: 232
gt_pose:    4.09995     4.3455 0.00274617
odom_pose:   4.54695   3.43533 -0.162765
point 0 20 348.956 213.224 -0.483067  0.100591  -0.79485 -0.522995  0.724868  0.414752 -0.834584 -0.734634  -0.24229  0.149623
point 1 22 171.871 200.962  0.390949 -0.797032  0.419954 -0.256134  0.542941  0.845431  0.791512  0.685732 -0.597544  0.539743
point 2 49 496.609 30.5523   -0.738551    -0.37574    0.774153   -0.248879    0.763054    0.528162 -0.00680425   -0.441365    0.864991   -0.752499
point 3 50 433.105 187.682  0.815727 -0.607756 -0.446874 -0.619158 -0.563924  0.260908 -0.608509 -0.788603 -0.543423  0.917371
point 4 71 217.803  67.097  0.185115  0.279436  0.561731  0.551548 -0.460947 -0.867896  0.772029 -0.675116 -0.651531 -0.323058
point 5 75 449.202 167.768 -0.667305  -0.91927  0.965285  0.591729 -0.813735  0.682574 -0.560986  0.940313 0.0949338  0.382026
point 6 79 364.885 165.736 -0.222633 -0.679972  -0.12657 -0.749891  0.236674  0.935832 -0.779547  0.763056 -0.672849  0.558667
point 7 82 411.901 64.8927     0.9235 -0.0868698  -0.183251  -0.300928   0.877194   0.801907  -0.782314   0.779289   0.748854  -0.664762
point 8 83 136.68 168.65  0.626719  0.966304 0.0105638  -1.00983 -0.602376 -0.422319    0.2458   -0.4806   0.50258  -0.96354
point 9 87 532.949 230.403  0.705489  0.779017 -0.273841  0.874381 -0.698407  -0.58593 -0.493062 -0.274364   0.84835  0.226864
point 10 94 571.087 190.908  -0.713543   0.372558  -0.550963   0.200726   -0.98968   0.687596 -0.0292052 0.00121695   0.558729  -0.774041
point 11 96 263.686 204.539  0.411146 -0.376269  0.243151 -0.691297 -0.777264  0.591969  0.672605  -0.37137 -0.268176  0.743589
point 12 135 17.5329 155.872 0.482514  0.46601 0.480794 0.304706 0.250231  1.00259  0.58179 0.392051 0.332988 0.642828
point 13 136 27.4401 113.711   -0.4113   0.18249  0.654999 -0.954524  0.367422 -0.620977  0.147473 -0.225381 -0.759972 -0.232415
point 14 140 422.036 2.13139  -0.494236 -0.0804533    0.66008  0.0927373   0.793378  -0.737587   0.341892   -0.63217  -0.404471   0.870664
point 15 162 512.496 174.001 -0.559832  0.269382 0.0698637  -0.74331 0.0642287 -0.958965  0.577208 -0.752087 -0.690072  0.171603
point 16 170 564.872 222.118  0.120591  -0.33911  0.219415   0.13855  0.784723 -0.163697 -0.910297  0.724777  0.387731  0.740576
point 17 222  285.34 233.771  -0.659208    0.93875  -0.915375  -0.475785   0.522048  -0.690696 -0.0542892    0.56689   0.438395  -0.520456
point 18 232 233.655 237.097   -0.134866   -0.320853     0.41291   -0.341676   -0.915995  -0.0441324    0.868173    0.740602   -0.906657 0.000335616
point 19 244 392.533 168.803 0.00581537  -0.908293   0.513372   0.626358   -0.81753   0.765674   -0.38152   0.258627    0.14151    0.23809
point 20 248 78.5428  164.69 0.0758139  0.820315  0.590166  0.195314 0.0451499  0.179211 -0.931817 -0.972646 -0.884992  0.359589
point 21 276  528.95 239.199   0.515215  -0.650718  0.0974456 -0.0356806   0.210974 -0.0921456   0.292244   -0.58924  -0.434276     0.7333
point 22 289 609.369 173.383   0.91682 -0.460673  0.377614  0.937992 -0.864048  0.919899 -0.726567 -0.418322   1.02652 -0.292963
point 23 297 252.091 186.362   0.592613  -0.089657   0.830223  -0.254878   0.167569   0.537338   0.741384   0.849938  -0.177356 -0.0851733
point 24 340 494.119 92.2302   0.45083 -0.394391  -0.67019 -0.105889  0.783483 -0.111922 -0.686657 -0.415189  0.554315 -0.400112
point 25 341 448.238 214.333   -0.74128   0.126392   0.350537  -0.374279   0.330838  -0.409648  -0.779096  -0.691693    0.85788 0.00914481
point 26 348 596.394 200.775   0.810873   0.123642  -0.779255   0.245795   0.356678  -0.334405   0.169204   -0.64097 -0.0338336   -0.98943
point 27 349 104.282  152.97    0.6643 -0.253434  0.618727  -0.90076 -0.841592 0.0544876  0.460105 -0.495984  -0.38082 -0.580957
point 28 357 243.576 231.452   0.38939 -0.228946  0.482751  0.446069  0.570022 -0.113512  0.363168  0.736301  0.466537 -0.211062
point 29 361 54.7608 175.451   0.805204   0.737132  -0.310717  -0.499248   0.688086   0.572182   0.258127   0.393681  -0.976114 -0.0610075
point 30 366 156.446 167.944  0.432594  0.718163   0.24875 -0.732635 0.0569897 -0.743068 -0.910797 -0.258362 -0.308803   0.92628
point 31 379 115.416 110.503   0.249379  -0.569653   0.151854 0.00258005   0.641205  -0.310858  0.0499979  -0.199874   0.217121   0.234357
point 32 383 273.218  193.26 -0.674402 -0.357323  -1.03926 -0.703248 -0.724244 -0.128318   0.51184  0.490958   0.44812 -0.167297
point 33 390 390.017  227.78   0.324337 -0.0285048   0.282743  -0.563766    0.34994   0.838297   0.298662   0.171215  -0.536001   0.387406
point 34 401 437.764 204.793  0.033759  0.544564  0.266391 -0.481165 -0.569995   0.16822  0.695334  0.783233 -0.950998 -0.534019
point 35 407 444.958 220.528  -0.721221   0.973003   -0.94352   0.657507  -0.756135 -0.0111319   0.654938  -0.941038  -0.412622   -0.46418
point 36 418  538.66 225.816  -0.946507 -0.0109912   0.307166  -0.689087   0.849285   0.736399   0.948946  -0.755889   -0.59626   0.588505
point 37 426 242.536 187.464  0.958189  0.149127   0.89203  0.357986  0.808029 -0.258333  0.455154   0.32489 -0.880218 0.0425631
point 38 427 491.436 169.715  0.688951   0.92842  0.214589 -0.420926 -0.125314  0.769441  0.191118 -0.750646 -0.658322  0.627632
point 39 445 236.675 149.392 -0.886322 -0.252179   -0.6807 -0.855581 -0.299781  0.809613 -0.311974 0.0802569 -0.501461  0.559602
point 40 447 281.778 160.826  -0.388315  0.0819413  -0.991186  -0.833799   0.286942  -0.880982 -0.0780761   0.508482  -0.699227    0.63613
point 41 456 568.934 131.208  0.195965 -0.576403  0.537506  -0.50162 -0.306006  0.663473 -0.534059  -0.73646 -0.758948 -0.963396
point 42 512  537.37 117.128 -0.651241 0.0782144  0.772029 -0.391601  0.629752 -0.909289 -0.223748  0.211276 0.0534852 -0.487539
point 43 515 149.969 194.487 -0.00511887    -0.52846    -0.18827   -0.393406    0.626571    0.497935   -0.063061    0.168406   -0.581895    0.387529
point 44 521  177.73 89.4852  -0.786164  -0.336358   0.597686   0.150418  -0.185133 -0.0234158  -0.439484  -0.668083  -0.853644  -0.637733
point 45 549 148.282 232.021  0.761033 -0.400871  0.897454  0.891909 -0.130037  0.296166 0.0695894  0.476657  0.355389  0.735862
point 46 564 471.917 192.522  -0.624889  -0.195627   0.211116  -0.461776 -0.0744203   0.550078    -0.4729  -0.994616    -0.8052   0.968902
point 47 579 176.487 169.464   -0.814802  -0.0592407   -0.777427   0.0541275    0.976879    0.552069 -0.00389922    0.510114    0.202211    0.248955
point 48 582 606.714 172.025 -0.0538073  -0.773276  -0.485587    1.00787   0.127739   0.104204   -0.45944   0.255743 -0.0261596   0.742796
point 49 586 180.682  167.85 -0.00459042   -0.946306    0.749601    0.212797   -0.344916   -0.123986   -0.724679   0.0945778  -0.0564118    0.745255
point 50 605 437.938 207.303   0.970053   0.468917  -0.386707   0.368465    0.15804  -0.363392 -0.0607965  -0.126622   0.834619   0.161852
point 51 608 573.035 209.324   0.725257   0.968447 -0.0282105   0.722976  -0.135241    0.71279   0.349336   0.802639   0.171193   0.912538
point 52 612 562.473 186.486 -0.722653  0.448889  0.206423  0.351591  0.390896   1.02712 -0.911271   0.16759  0.658933  0.594268
point 53 619 578.674 168.842 0.0245672  0.920328  0.354836  -1.00267 -0.970663 -0.574659 -0.743258  0.354212  0.505778 -0.273046
point 54 621 501.296 185.444   0.855596 -0.0735996  -0.972115  -0.222551    0.20566  0.0677245  -0.305669  -0.417257   0.171217  -0.270637
point 55 624 535.349  218.99 -0.0142735    0.62521  -0.748879  -0.699534   0.767945  -0.135155  -0.585031   0.145078   0.774247  -0.618165
point 56 630 372.057 204.651 -0.0736433 -0.0350272  -0.312577  -0.338733   0.639965 -0.0752828   0.477769  -0.208562   0.641839  -0.725653
point 57 632 583.456 236.583  -0.128626   0.228395  -0.259153  -0.738318  -0.576019   0.622604    0.28645   0.125472  -0.688481 -0.0576248
point 58 668 433.011 105.822 -0.606595  0.847634 -0.740799 -0.434788 -0.452034 -0.145208  0.139532 -0.453192 -0.831973 -0.586881
point 59 712 142.655 236.514 -0.0628903  -0.746386   0.484272   0.740843  -0.580692  -0.522542  -0.751979  -0.157544   0.841726  -0.188042
point 60 714 25.1435 112.501  0.674112   0.38003  0.820535   0.44069 -0.551943 -0.292322  0.743253   0.91549 -0.537376 -0.810842
point 61 730 290.756 202.613  0.802911  0.372437  0.834426  0.851668  0.557317 -0.233141 -0.335754 -0.539934 -0.135745  0.988259
point 62 737 530.064 200.935 -0.392678  0.139731 0.0443011  0.584138 -0.738738 0.0943947 -0.878557 0.0555348  0.479138 -0.188646
point 63 740 511.674 206.778    0.3994  0.753226 -0.986741   0.60525 -0.128964  0.302237  0.696876 -0.459809  0.723683 -0.884895
point 64 749 439.078 206.827  -0.67758  0.243588   0.60973 -0.702357  0.522363 0.0394056  0.771989  0.178585 -0.240359 -0.197332
point 65 753 604.695 185.844  0.572471  0.535779  0.262061 -0.995489 -0.742756  0.919484  0.101472 -0.130112  0.783957  0.541432
point 66 754 626.589 178.996 0.0890326   0.42959 -0.274131  -1.00753   0.22929 -0.530054  0.859863  0.676223  0.320873 -0.323966
point 67 759 151.109 157.163 0.0439608  0.603932 -0.917294 -0.873253 0.0187782  0.458066  0.849848  0.251635  0.423374 -0.297398
point 68 765 356.204 184.421 -0.993035 -0.151422  0.593108 -0.577851 -0.371509 -0.319773  0.514074 -0.233637  0.389614   0.90702
point 69 778 550.368 212.846 -0.118947 -0.684921  -0.79699  0.723228 -0.556428  -0.92144 -0.373718  0.265192 -0.421695 -0.733956
point 70 785  123.29 162.975 -0.0591352  -0.087516  -0.465238   0.576687  -0.825466  -0.567024  -0.891927   0.609167  -0.684921    0.99194
point 71 789 631.583 189.148   -0.634741   0.0245475    0.606567 -0.00590348     0.16901   -0.644365   -0.689534 -0.00553073  -0.0232808     0.29335
point 72 803 308.606 155.755 -0.795278   1.02468  0.705781 -0.551815 -0.586889   0.20086    0.1149  0.835732 -0.281383  0.647547
point 73 809 514.486  129.76 -0.281145 -0.946218 -0.922749  -0.31106 -0.492721 -0.165701  0.814887  0.765672  -0.21365 -0.212537
point 74 813 255.885 234.222  0.683725  0.942521  -0.36031  -0.83419  0.246381 -0.808689  0.807653 -0.759006 -0.059382  0.170366
point 75 817 439.225 158.355  -0.293439   0.493777   0.832114   0.578994   0.655636 -0.0338022  -0.608385   0.597111   0.653533   -0.95406
point 76 823 375.955 142.816  0.0678333  -0.790621  0.0447478   0.734751   0.542517  -0.561101  0.0238431   0.934869  -0.467244 -0.0722355
point 77 831 50.4655 231.596  -0.144362   0.441165   0.729207  0.0827953   0.382078   -0.91801 -0.0764458   0.555486  -0.716626  -0.101299
point 78 865 248.296 200.295  0.826279    -0.331 -0.935438 -0.296431 -0.346931 -0.203666 -0.985515  0.622218 -0.732681 -0.042314
point 79 866 449.543 80.3236 -0.497779  -0.10717  0.774043 -0.641638  0.710038 -0.212766  -0.15133  0.369139 -0.456471  0.961489
point 80 872 1.63109 33.1192  0.413665  0.841989 0.0588699  0.458835 -0.415622   0.74948 -0.518406 -0.242519  -0.85545 -0.924369
point 81 889 460.489 231.482  -0.837489   0.217537   0.800857  -0.260055   -1.01367   0.402263 -0.0831408   -0.72349   0.694118   0.163857
point 82 911 404.574 109.186    -1.0142  -0.344085  -0.789672     0.7379  -0.966266 -0.0994461  -0.973158  -0.146091    0.50232    0.13394
point 83 914 40.7839 232.108    0.25384 0.00734406 -0.0527973   0.423581     0.2857   0.396571   -0.69253   -0.11455   0.249908   0.824743
point 84 920 595.915 102.783 -0.871586   0.67096 -0.296604 -0.394177  -0.47164 -0.220578  0.803123 -0.880279   1.02704 -0.554261
point 85 926 511.104 205.521 -0.794401 -0.746154  0.886882 -0.885327 0.0212536 -0.556343 -0.363461 -0.753992 0.0880441   0.56082
point 86 932  124.87 180.779  -0.143139  0.0218703   0.787509 -0.0359269  -0.173464   0.713307 -0.0385046  -0.959164  -0.214973   0.534673
point 87 951 379.485 191.042   0.197155  -0.820402 -0.0944498   0.407718   0.241354  0.0345922  -0.970189   0.433242  -0.125304  -0.660381
point 88 964 45.4967 163.065  0.924219 -0.335602   0.21526 -0.215295 -0.853968  -1.01895  0.455675 -0.989701 -0.771995  0.735354
point 89 969 622.897 239.879   0.670994  0.0564043   0.957349  -0.153384     0.4549   0.190066   0.823831 -0.0723791   0.168121   -0.08296
point 90 975 196.901 219.393  -0.820159   0.468484   0.713777 -0.0697503   0.684505  -0.169167  -0.810248   0.238915 -0.0544276  -0.273754
point 91 982 147.434 217.387   0.53336 -0.401619   1.01834 -0.160836  0.264533  0.474631  0.654725 -0.169327  0.988419  0.220817
point 92 992 174.346 180.639  0.383183  -0.69439 -0.215536  0.366848  0.968107 -0.571188  0.103916  0.812011 -0.868919  0.957635
point 93 995 152.922 202.813 -0.968471  0.815082  0.547279  0.769445   1.00297 -0.630834  0.730931 -0.497951 -0.894937 -0.347277
point 94 996 573.846 177.283  0.225714  0.486237  0.447956    0.9071  0.640662 -0.879445 -0.119894  0.701691 -0.397381  0.539117

