seq: 198
gt_pose:  1.77285  3.61751 0.289141
odom_pose:  1.89059  2.78684 0.297143
point 0 3 616.812 159.836  -0.20882  0.774157 -0.407134 -0.255788  0.595711  0.803053 -0.865131  0.867146 0.0713766 -0.788088
point 1 15 222.589 157.687   0.71204  0.612294  0.936127  0.508682  0.791931  0.967317  0.321803 0.0300776 -0.702688  0.610863
point 2 37 247.005 140.751  -1.04261  -1.02975 -0.397484 -0.442491  0.280606  0.706373 -0.615073 -0.282873  0.384041   0.76882
point 3 49 421.239 144.811  -0.730271  -0.424138   0.716308  -0.232652   0.778242   0.477437 -0.0980966  -0.429288   0.893935  -0.735671
point 4 50 421.091 207.083  0.863616 -0.615716 -0.415536 -0.623873 -0.606835  0.207345 -0.655601 -0.721408 -0.504241  0.905147
point 5 53 327.502 145.286  0.804779  0.339216 -0.296904 -0.931533  0.563563  0.646661   0.40682  0.366609  0.832793 -0.365367
point 6 61 275.265 140.974  0.120791  0.506398  0.536291   0.81061 -0.788425  0.553501  0.890498 -0.777981 -0.497253 -0.473077
point 7 71 300.849 166.655  0.169551  0.252655   0.54196  0.507498 -0.422135  -0.89485  0.723745 -0.703348  -0.61513 -0.326045
point 8 75 406.023  204.88 -0.636668 -0.907552  0.869609  0.532751 -0.752952  0.752867  -0.61285  0.968905 0.0553313  0.382872
point 9 77 247.994 211.201  0.121547 -0.991645 -0.432102 -0.578635  0.398875 -0.112509  -0.56096  0.265935 -0.593335 -0.332078
point 10 79 374.028 197.918  -0.26936 -0.712232 -0.110126 -0.770744  0.216536   0.93144 -0.757414  0.767633 -0.684092  0.606223
point 11 82 384.393 160.185   0.958939 -0.0899074  -0.276977  -0.249517    0.85411   0.858827  -0.779163    0.81683   0.706847  -0.569005
point 12 87 495.549 233.431  0.725744  0.863929 -0.232541  0.904844 -0.618719 -0.668359 -0.463746 -0.230341  0.800805  0.216033
point 13 89 285.007 224.988  0.545068 -0.672629  -0.33228 -0.376599  0.322346 -0.652903 -0.511523 -0.930196 -0.761228 -0.115993
point 14 94 574.839 197.252 -0.750641   0.45698 -0.576425  0.169901 -0.953847   0.63905  -0.10311 0.0402004  0.547724 -0.789953
point 15 106 233.266 231.523  -0.217174    1.00694  0.0178475 -0.0852711   0.406156   0.193883  -0.140597   -1.00918   0.531567  -0.150946
point 16 115 576.843 113.722  -0.74076 -0.808544  0.434931  0.533428 -0.100994 -0.597615  0.899432 -0.461816 -0.418534  0.437334
point 17 120 478.058 149.779  -0.96875  0.131596   0.66996 -0.530172   0.62776  0.539747 -0.697652  0.280348 -0.898996  0.295132
point 18 130 208.429 161.579   0.789851   0.310352 -0.0239774   0.999855   0.532919  -0.307472   0.954063  -0.881632  -0.478738  -0.557185
point 19 134 334.393 135.522 -0.283566  0.119425  0.408567  0.824859  0.700201 -0.351904  0.924064  0.799313  0.631305 -0.810991
point 20 140  365.28 169.591 -0.518104 -0.101389  0.651929 0.0991793  0.788227 -0.791041   0.38791 -0.623992 -0.343193  0.855372
point 21 157  209.89 236.274 0.0266739  0.101033  0.607146  0.513278 -0.714248  -1.00864  0.211388  0.572394 -0.690892   0.50389
point 22 161 274.018 147.554    0.44246   0.953881 -0.0393706  -0.418946  -0.361093  -0.767619   -0.37297  -0.312438  0.0593629   0.663509
point 23 162 502.229 189.157 -0.558658  0.291947 0.0185443 -0.740956 0.0854555 -0.966125  0.624593 -0.708317 -0.598625  0.156683
point 24 170 391.863 235.591 0.0806542 -0.337224   0.23783   0.10245  0.774052 -0.212694 -0.901302  0.733669  0.436721  0.667292
point 25 180 49.7902 115.155 -0.0993425   -0.48888  -0.671499   -0.73163   0.122424  -0.989081 -0.0776794  -0.149576  -0.114363   -0.23784
point 26 185 588.441 150.742 0.0755756 -0.550626 -0.549451  0.368939 -0.277526  0.871567 -0.662991  0.853303 -0.235271 -0.154335
point 27 190 27.7759 222.704   0.380661    0.67207 -0.0294035    0.75075    0.48768   0.504042  0.0522597  -0.849374     0.4024  -0.450878
point 28 191 118.855 210.158  -0.862756  -0.817271  -0.857477   0.738958 -0.0669979  -0.959334   -0.34521 -0.0254652  -0.758815   0.561639
point 29 214 33.7595 158.222  -0.710645  -0.553073  -0.655571  -0.114526   0.157985  -0.101669   0.745813  -0.769635 -0.0683482  -0.435145
point 30 244 388.024 200.298 -0.00228078   -0.858037    0.557588    0.578091    -0.81258    0.710951   -0.375257    0.293513    0.119458    0.228067
point 31 276 453.807 239.577   0.511064  -0.646405  0.0338503  -0.118266   0.236922 -0.0855472   0.284757  -0.647981   -0.48629   0.715344
point 32 289  616.49 180.042  0.868994 -0.470432  0.353775  0.926129 -0.843761  0.923528 -0.711765 -0.401584  0.991949 -0.277237
point 33 310 190.615 141.982  0.583595  0.176037 -0.626938 -0.826685  0.654759 -0.192529 -0.824449 -0.300409  0.755138 -0.574553
point 34 315 470.172 165.951 -0.875822 -0.373056 -0.912345 0.0840993 -0.368937  0.136686 -0.571665  0.830169 -0.719649  0.910706
point 35 324 7.94788  142.63 0.0509204  0.401652  -0.74167 -0.403394  0.582883 0.0452284  0.426097  0.113492  0.285822  0.410145
point 36 325 527.606 187.971 -0.198114 -0.248361 -0.626843  0.100238  0.193562  -0.29786 -0.311488 -0.512276  -0.54817  -1.02256
point 37 340 445.229 155.743   0.387135  -0.433282  -0.690761 -0.0598284    0.77916 -0.0927662  -0.731915  -0.430874    0.56531   -0.35819
point 38 343 343.287  218.77 -0.0492129  -0.910105  -0.362427   -0.84705  -0.186803 -0.0660595   0.240372  -0.925932   0.564651  -0.424041
point 39 348 573.048 208.706  0.831823  0.130155 -0.746033  0.248911  0.319348 -0.251695  0.183084 -0.708541 -0.117372 -0.998405
point 40 386 136.309 218.883 -0.0618931  -0.280958   0.307674   0.465289   0.942269 -0.0772377  -0.430437  -0.697714   0.078011  0.0612171
point 41 390 387.204  233.13  0.338328 0.0409915  0.259532 -0.595782  0.300245  0.841394  0.334607  0.133477  -0.57245  0.404984
point 42 396 465.965 112.376  0.280319 -0.702372  0.827429  0.701066 -0.396329 -0.339886 -0.810192 -0.443161  0.383573  0.604231
point 43 401 419.174 218.875 0.0164784  0.501678  0.274242  -0.51704 -0.536259  0.186273   0.60325  0.841565 -0.905794 -0.570012
point 44 411 184.442 228.229   0.438198   0.900647   0.848357   0.999067   0.394396  -0.563998   0.816854  -0.321837  -0.802553 -0.0261494
point 45 418 502.873 230.097   -0.918975 -0.00484891    0.296825   -0.619955     0.94539    0.811719    0.937546   -0.782323   -0.668936    0.655767
point 46 440 86.6806 121.277 -0.870048 -0.908175  0.144837  0.868442 -0.499286  0.458538  0.726438 -0.242526  0.405996 -0.597337
point 47 449 226.079  136.44 0.00171905  -0.353793   0.796358  -0.459792 -0.0626977  -0.527947   0.534021 0.00138561  -0.284758  -0.239498
point 48 456 490.927 176.209  0.180937 -0.588831   0.57577 -0.475615 -0.381714  0.678349 -0.511522 -0.714213 -0.840224  -0.87876
point 49 487 201.914  163.75 -0.855895   1.01113  -0.70513 -0.941024 0.0465755   0.64324  -0.38114 -0.931896  0.343933 -0.179452
point 50 512 485.387 162.122 -0.660583  0.032364  0.744901 -0.346337  0.551187 -0.953312 -0.286168  0.229593 0.0719388 -0.483986
point 51 516 189.575  211.93   0.210368  -0.633215  -0.785401  -0.793179   -0.11422    0.64908  -0.602257 -0.0139272  -0.869763  -0.519962
point 52 517  169.89 169.374  -0.394364 -0.0509446   -0.82648  -0.544599   0.367729  0.0990257 -0.0475519  -0.758299   0.681932  -0.494228
point 53 521 291.483 188.156 -0.826163 -0.318239  0.626986   0.21156  -0.26884 0.0321382 -0.340649 -0.686417 -0.840338 -0.657556
point 54 564 454.335 207.757 -0.635965 -0.161588  0.273589 -0.512092 -0.150378  0.515247 -0.429815 -0.919786 -0.792316    0.9301
point 55 569 37.5704 172.412  0.030162 -0.686053  0.335683   0.19606 -0.178774  0.383328  0.411802 -0.547292  0.977323 -0.368382
point 56 581 394.166 239.151 -0.653655 -0.516689 -0.310332  0.946506 -0.991445 -0.134165 -0.090771 -0.802835  0.911128 -0.152112
point 57 582 578.225 186.342 0.0140134 -0.832061 -0.503392  0.994569  0.147372  0.141189 -0.468136  0.181836 0.0515951  0.746763
point 58 603 320.704 90.1424  0.964031  0.585753  0.695096  0.279094 -0.798239  0.367278 -0.852476  0.838027  -0.54062  0.658361
point 59 605 420.535 220.127   0.936804   0.476552  -0.370005   0.385275    0.20134  -0.357882 -0.0776348 -0.0921044   0.827772  0.0930318
point 60 608 573.078 213.644   0.664299    1.02942 -0.0558147   0.744212 -0.0875655   0.704819   0.407558   0.841619   0.189316   0.948515
point 61 619 557.324 183.736 0.0323961  0.895195  0.410111  -0.91375 -0.918085 -0.590094 -0.817467  0.308666  0.549321 -0.287694
point 62 627  203.21 62.5175  0.105518  0.870073 -0.651495 -0.532974 -0.835219  0.390114 -0.823966 0.0397285  0.306859  0.613692
point 63 628 170.541 201.376 -0.656379 -0.129019  0.156029 -0.389843 -0.207648  0.827092  0.563623 -0.422477  0.541759  0.791767
point 64 630 374.393  221.23  -0.0270707 -0.00846509   -0.368319   -0.336885     0.65545  -0.0784463    0.464182   -0.167286    0.593129   -0.695697
point 65 632 544.438 237.485 -0.101997  0.185462 -0.285118 -0.711003 -0.521086  0.685342  0.272783 0.0753212  -0.70054 -0.102281
point 66 640  8.6284 205.327 0.0481621  0.710843  0.851827  0.382691  0.154491 -0.369031  0.510594 -0.249881 -0.155487 -0.260237
point 67 668 403.279  170.66 -0.551786  0.790976 -0.757672 -0.387384 -0.465124 -0.202199  0.205763 -0.455522  -0.84962 -0.554221
point 68 675 141.579 178.443  -0.101868   0.793964   0.759584   0.156259  -0.117842  -0.721185 -0.0913262   0.803074  0.0469498  -0.596021
point 69 704  177.14 179.162 -0.362843  0.150237  0.360755 -0.155796 -0.468875  0.849455   0.52653 -0.985359 -0.526926   0.70671
point 70 717 305.506 157.631  0.945717  0.698252 -0.943321 -0.213029 -0.324016 -0.753789 -0.682457   0.75608 -0.339731  0.705138
point 71 737 516.718 209.677   -0.380633    0.107569 -0.00840686    0.531911   -0.778948    0.152561   -0.838643   0.0743624    0.488291   -0.141329
point 72 753 636.871 187.163  0.583854  0.539902  0.212897  -0.91939 -0.721857  0.873627  0.118513 -0.117568  0.731256  0.565956
point 73 754 620.278 187.065 0.0670117  0.463488    -0.289 -0.937198   0.22379 -0.494419  0.870175  0.719337  0.289402 -0.293408
point 74 778 491.738 222.947 -0.106708 -0.632255  -0.81694  0.763735  -0.52504 -0.861232 -0.360383  0.282295  -0.46377 -0.756502
point 75 779 101.217  228.13    0.3009 -0.805741 -0.964072 -0.804824  0.582766 -0.513725  0.880019 -0.662016 0.0124406  0.422553
point 76 804 487.138 180.344  -0.784416  -0.734248  -0.642624  -0.596232   0.517619   0.710378 -0.0802452   0.438878  -0.582982   0.100529
point 77 809 460.645 175.162 -0.290219 -0.950481 -0.935927 -0.291147 -0.493945 -0.213178  0.792352  0.808519   -0.2324 -0.254027
point 78 817 407.086  197.45 -0.251353  0.531887  0.838339  0.615896   0.58004 -0.126576 -0.636262  0.633029  0.650689 -0.968862
point 79 823 382.231 182.884 0.0125318 -0.752159 0.0522329  0.689413  0.595076 -0.520191 0.0570891  0.938572 -0.429346  0.017722
point 80 837 608.507 48.6407 -0.0742505  -0.279396  -0.552106  -0.348909  -0.805769   0.127291  -0.432531   -0.38245  -0.810155  -0.469921
point 81 846 420.191 228.206    0.469451    0.286882    0.443402   -0.889863   -0.956226 -0.00871858   -0.727435   -0.261733   -0.343089    0.186329
point 82 866 399.495 168.505  -0.527364 -0.0635631   0.777614  -0.563739   0.708306  -0.256636  -0.132521   0.400653  -0.396637   0.918195
point 83 868 195.313 185.572    0.671459   -0.368035   -0.862298 -0.00483503   -0.695126   -0.363898    0.892908   -0.854077  -0.0302273    0.526318
point 84 872 231.967 167.794  0.395692  0.884598  0.101908  0.458654 -0.471242  0.732202 -0.532134 -0.297808 -0.840483 -0.896771
point 85 886 557.083 103.966 -0.360059 -0.872486 -0.445356 0.0168389  0.300733   1.00569  0.903027  0.895475 -0.746025  -0.84661
point 86 898 556.128 230.641  0.791729 -0.574765  0.228371 0.0661177 0.0709713  -0.32929  0.548792 -0.556104  -0.16065  0.495562
point 87 901 82.3653 200.031 -0.685146  0.404912 -0.887705  0.797798  0.772101 -0.342601 -0.715336  0.350336 -0.133261  -0.52968
point 88 907 5.82334 207.664 -0.773183 -0.894465 -0.929516  0.600974 -0.757609 -0.880961 -0.306006  0.668574 -0.285965  -0.60288
point 89 910 569.223  34.578  -0.888145   0.620657   0.482911 -0.0553742   0.609128   0.449256  0.0424682   0.626132   0.765238   0.346278
point 90 911 376.134  185.43  -0.951913  -0.338697  -0.772395   0.727385   -0.94239 -0.0478565  -0.968704  -0.128236   0.462292    0.13791
point 91 920 422.233 196.135 -0.886417   0.69019 -0.310455 -0.316154 -0.440774 -0.146439  0.784783 -0.799261  0.979507 -0.566276
point 92 926 430.258 223.933  -0.714216  -0.818991   0.920027    -0.8669 -0.0221766  -0.516281  -0.355032  -0.727051  0.0590687   0.547648
point 93 939 589.544 177.898 -0.390619 -0.750266  0.548967  0.878885  0.160961 -0.908044  -0.75076  0.698382  0.122996  0.788019
point 94 951 377.974 214.102   0.182781  -0.884163 -0.0732526   0.379493   0.255616 -0.0133454   -1.02428   0.429163  -0.192224  -0.662005
point 95 996 584.658 183.783  0.221367  0.481963  0.486811  0.977869  0.690966 -0.931748 -0.107196  0.712729 -0.418496  0.544589

