seq: 115
gt_pose: -4.43836 -2.16067 -3.11551
odom_pose: -3.23125 -3.03235 -2.92507
point 0 12 158.774 233.159  0.647674  0.166066  0.522566 -0.874395  -0.67383   1.00429  -0.55197   0.76963 -0.745016  0.957266
point 1 19 342.401 208.863  0.344002  0.279896 -0.268014 -0.582572  0.243446  0.233185  0.456552 -0.333663  0.458265 -0.609143
point 2 25 27.1527  207.25 -0.381571  0.863954  0.842457  0.211281  0.647781  0.633162 0.0204614 -0.331233 -0.169233  0.342796
point 3 32 68.1653 165.803   -0.64797 -0.0361013  -0.554455   0.627674  -0.446183  -0.330495    0.78499  -0.349965   0.624655   0.300774
point 4 33  221.92 197.411  0.225129  0.713174 -0.346589 -0.597026 -0.564809  0.237216  -0.79071  0.333453  0.536445  0.456136
point 5 34 350.003 141.643 -0.111309 -0.547273 -0.261127  0.061854 -0.682727  0.102297 -0.927772 -0.253432  -0.19534 -0.354002
point 6 60 546.382 35.9272  -0.951938  -0.828121   -0.52467   0.428545   0.249674   -0.80651   0.934085   0.740564  -0.648506 -0.0923136
point 7 90 304.027 61.3101 -0.702565 -0.931171 -0.663349  0.515514 0.0145656 0.0833986 -0.518483 -0.557428 0.0536364  0.803568
point 8 108 340.771 230.785  0.857914  0.787018 -0.539994  0.412899 -0.213166  0.308464  0.433366  0.846408 -0.776983 -0.140751
point 9 114 236.077 98.2564  0.477523   -0.9412  0.947461 -0.539181   0.16867 0.0276126 -0.363234  0.377563 0.0759694  0.273906
point 10 131 428.434 10.7974  -0.960722   0.043192  -0.534105  -0.330657  -0.119574 -0.0617614  -0.551512  -0.131277    0.18937   0.660563
point 11 144 483.225 162.464 -0.508959 -0.212142 -0.872474 -0.809382 -0.671739  0.551134 0.0512866  0.334508 -0.650727 -0.774532
point 12 171 574.621 183.971  -0.051263    0.66477 -0.0216171  -0.910422   0.128665   0.359112   0.554068  -0.137154   -0.87694  -0.587017
point 13 178 623.633 208.145   0.685398  -0.397886   0.745484  -0.200657   0.932546    1.01837  -0.291325  -0.290549 -0.0734389  -0.997343
point 14 211 620.406 162.286  0.838181  0.604153 -0.194853  0.314357 -0.455191  0.625615 -0.558161  0.275338  -0.09088 -0.442284
point 15 219  541.46 237.073  0.175255  0.100102 -0.332515   0.89413  0.166466   0.34219  0.226652  0.172511 -0.474931 -0.514907
point 16 231 193.377 225.101  0.621328 -0.191744  0.868955  0.326801  0.334876   0.83743 -0.622637 -0.406889 -0.869814 -0.625537
point 17 235 462.581 224.424 -0.772242   -1.0041  0.931867   0.43393  0.135158 -0.190577   1.04008 -0.788679 -0.905823  0.278023
point 18 249 472.854 170.626  0.683884 -0.614951 -0.297942  0.977883 -0.203743 -0.621585   0.57981  -0.72876 0.0232737 -0.470569
point 19 250 129.752 239.863 -0.804605 -0.918876 -0.195516 -0.838583 -0.817304  0.936587   1.00882   0.70335  0.126066  0.059079
point 20 258 78.4116 234.481 -0.00475236    0.513325   -0.634713    0.183597   -0.731135   -0.351968    0.508474    0.272179   -0.635959    0.068747
point 21 263 34.7922 170.161    0.14726   0.639354  0.0430951    0.53819  -0.900686 -0.0772028 -0.0369343    -0.9164   0.566726   0.842626
point 22 266 347.935 176.494  0.805927 -0.336127 -0.152072  0.737475 -0.716961 -0.229851 -0.416296 0.0135491  0.676076  0.865302
point 23 274 572.987 234.941  0.882412 -0.623645 0.0913208   0.58537 -0.547038 -0.318197 -0.917771 -0.454438   0.41045  0.489637
point 24 284 178.686 185.362  -0.189684   0.092157  0.0620077   -0.30208   0.855773   0.501076  -0.991883   0.961754 -0.0301821   -0.70945
point 25 295 497.331 172.592     0.714557 -0.000108798    -0.298059     0.365648     0.124841    -0.253252     0.109023     0.591969   -0.0648653     0.286558
point 26 308 9.49428 63.5295  -0.526682   0.933613 -0.0330062 -0.0240091  -0.752437  -0.473655  -0.769365   0.768572   0.396155   0.522384
point 27 330 213.809 223.175 -0.063496 -0.585851  0.214335 -0.613714 -0.231038 -0.953184  0.765311  0.965846  0.274439  0.441626
point 28 358 284.546 61.0291  0.663137 -0.242855 -0.138347   1.00858  0.153601 -0.786446  0.382155  0.418473 -0.934699  0.713305
point 29 388 490.056 172.277 -0.369536 -0.138436  0.813936 -0.405862 -0.851403 -0.272758  0.322798  0.439099 -0.778536  0.282954
point 30 389 299.009 132.286  0.390142  0.849477 -0.337223 -0.464718  0.353538  -0.64268 -0.180559 -0.159186 -0.757459 0.0450493
point 31 400 266.575 209.852  -0.965266  -0.123632   0.954292 -0.0600364   0.803292  -0.857526  -0.198662  -0.909292    0.57553  -0.108138
point 32 410 404.109 152.093 -0.229977  0.463251 0.0545693 -0.204075  0.304727  0.633276 -0.467413 -0.968105  0.790135  0.661552
point 33 416 77.1505 231.246 -0.488104  0.571185 -0.669061 -0.368899  0.679502  0.909113  0.706119  0.973072  0.391349 -0.042861
point 34 420 153.339 190.983   -0.6143  0.635161 -0.822368  0.474909  -0.19889 -0.763925 -0.504574 -0.973702 -0.380085 -0.657062
point 35 432 129.414  212.66  -0.275376   0.588546    0.94639  -0.369525   0.258431 -0.0623863   -0.83898   0.453707    0.10439   0.365831
point 36 433 150.809  166.72 0.00645396  -0.643106  -0.415731    0.19849 0.00472211   0.794285   -0.52111  -0.125609    0.40549  -0.755115
point 37 434 9.43511 139.677 -0.769757 -0.134643 -0.619847 -0.489929 -0.786346  0.138474 -0.817457 -0.864751  0.786806  0.370044
point 38 443 50.8458 166.762  0.497919 -0.455105 -0.525342 -0.223768 -0.132532 -0.663813  0.958138 -0.392672 -0.938825  0.741934
point 39 462  69.889 198.338  -0.905792  -0.679518 -0.0712187   0.235623    0.73631  -0.280996   0.720471  -0.535069  -0.835579   -0.26618
point 40 467 475.446 206.911  -0.412836  -0.758909   -0.11801  -0.305583   0.942351   0.236918   0.436234 -0.0841529  -0.581603  -0.701032
point 41 474 401.291 217.089 -0.120269  0.714683 -0.901234  0.682645 -0.692254 -0.758051 -0.322067  0.982781 0.0105914 -0.475545
point 42 476 258.108 176.661  0.143749  0.471204 -0.424207  0.990849 -0.393922  0.455576  0.742065 -0.319317  0.126662 -0.973028
point 43 488 527.411 91.3867  0.960462  0.604179 -0.489228  0.224268 -0.699972 -0.395054 -0.316645 -0.696511    0.1539 -0.343897
point 44 489 581.606 213.952  -0.814374    0.92848  -0.829345   0.848659   -0.84827  -0.631389   0.919502  -0.577614  -0.585653 -0.0821489
point 45 490 453.413 239.988  0.415705  0.871751  0.306913 -0.567397  0.957044  0.193858 -0.925436 -0.581242 -0.605543 -0.708317
point 46 501 269.286 113.521  0.472783 -0.322003 -0.228457 -0.217146  0.280599  -0.28547  0.418111 -0.325876  0.080353 -0.477281
point 47 507 178.617 187.213  0.135243 -0.146584 -0.153079 -0.146588  0.365381  0.227158  0.586881 -0.420291 -0.511014  0.814627
point 48 523 283.798 139.066  0.450057  0.484856  0.505422  0.056383  0.903211  0.654221  0.734816  0.515282 -0.139931 -0.563965
point 49 545 247.041 121.747   0.853629   0.528615  -0.872001  -0.246574   -0.72623  -0.214875 -0.0281991   0.871471   -0.52563   -0.64409
point 50 553 302.557 170.575    0.160898 -0.00569833    0.824292    0.230843    0.627616    0.131074    0.432751    0.996159    -1.00525    -0.19849
point 51 554  639.72 163.061 -0.941068  0.881636    -0.543 0.0927441   0.79642 -0.763343  0.946215  0.601242  0.125182  0.360559
point 52 570 122.773 217.764  0.216664   0.30756 -0.813506 -0.946098 -0.935362  -0.70048 -0.563809  -1.04422 -0.380556  0.774547
point 53 572 392.772 227.469  -0.964716   0.584748   0.325278  -0.562572   -0.25538   -0.43707   0.696809 -0.0201077  -0.445606   0.719874
point 54 574 193.632 118.036  0.896528    0.3249 -0.697134 -0.139439 -0.497401 -0.719605  -0.64218   0.83018 -0.275226  0.178386
point 55 576 108.853 201.506 -0.187256  0.862123   0.75477  0.439881 -0.925491  0.697225  -0.23806 -0.641165 -0.583201  0.218264
point 56 580 411.713 237.815  -0.343546  -0.387256  -0.914636   0.968095    0.22657  0.0776245   -0.31156   0.897676  -0.781545 -0.0408803
point 57 589 494.677 156.645 0.0603458 -0.103715 -0.291842 -0.699019 -0.436003 -0.539416 -0.166894  0.186301 -0.829902 -0.952276
point 58 594 40.6482 195.167   0.136528  -0.464691  -0.856009  0.0294167  -0.796934   0.915333 0.00289857   0.936608   0.256737   0.165696
point 59 595 262.795 238.055   0.671713 -0.0679886   0.251424   0.851919  -0.187261  -0.689334  -0.738856   0.904392   -0.33521   0.919389
point 60 600 201.222 18.3187  0.893707  0.465432  0.621949  0.553156  0.999929 -0.442002   0.23213  0.498267 -0.401683 -0.826539
point 61 611 238.981  192.01  0.233012 -0.471662 -0.601083  0.900539  0.110347 -0.947623 -0.487795 -0.461441 -0.266928 -0.962236
point 62 634 23.8775 138.902   0.322308  0.0174075   0.987344  -0.714121  -0.945619 -0.0721268   0.440433  -0.245859   0.176966   0.875889
point 63 643 529.409  212.67 -0.0613511  -0.943777   0.363043  -0.325944   0.374164 -0.0100129  -0.729181  -0.878585   0.134279  -0.309998
point 64 647 446.926 197.094  0.907371 -0.477068  0.927981   0.17506  0.492774 -0.954101 0.0303731 -0.506642  0.379636 -0.810714
point 65 648 87.8536  120.13  0.150491  0.453836 -0.696302 -0.953129 -0.766166 -0.091894  0.663236 -0.969177 -0.269336 0.0939228
point 66 654  624.52 237.383 0.0873817  0.657159  0.200552 0.0957518 -0.326962  0.439351  0.765579 -0.883125 -0.285941  0.691325
point 67 656 538.999 168.016  0.0803664 -0.0983509  -0.609366  -0.770025    0.91971   0.461447   0.892825  0.0521577  -0.394356  -0.454247
point 68 670 605.374 170.599   0.777516  -0.333263   -1.00302  0.0711669 -0.0804863  -0.531929 -0.0852762  0.0624645  0.0873981   0.387176
point 69 680 452.878 219.456   0.0272334 -0.00898201   -0.959823   -0.352233   -0.248646   -0.800775   -0.278804    0.409479    -0.21137    0.721708
point 70 693 346.078 213.801   0.57993  0.366758  0.562302  -0.46259  0.871395  0.192457 -0.476007  0.132131  0.951622 -0.325617
point 71 694 570.799 214.593 -0.682462 -0.766726 -0.054819 -0.373406   1.02751 -0.437328 -0.225122  0.889006  0.677765  0.418437
point 72 700 35.8775 200.614 -0.0142661  -0.631493     0.2237   0.781773   0.643128  -0.421398  -0.753167  0.0998393   0.932315   0.734363
point 73 706 232.157 167.259  0.941286  0.641021   0.13619  0.688894 -0.895724  0.684523 -0.205691  0.517944 -0.425319  0.266411
point 74 708 47.2635 109.526  -0.066297 0.00661061  -0.718044   0.491146  -0.354614   -0.74157   0.166556   0.666651   0.934674   0.280632
point 75 713 61.3888 184.811 -0.111593  0.032739 -0.127708 -0.173327  0.661809  0.947176 -0.874364  0.723064  0.859866  -1.01327
point 76 715 304.689 235.995 -0.764706   0.61582 0.0708938 -0.649145   0.35058  0.939054  0.329299 -0.899374 -0.192021 0.0104327
point 77 716 390.363 222.792   0.904324  0.0276028  -0.463406   0.842827 -0.0441619  -0.770943   0.304433   -0.22055    0.73122   0.772711
point 78 735  592.89 203.421 -0.911114 -0.467074 -0.156414  -0.60784 -0.324964  0.514298  -0.25369 -0.762627 -0.304999  0.849705
point 79 757 430.711  206.05  0.304231  0.769731 -0.801845  0.978323 -0.223255  0.406941  0.152109  0.718775  0.119449 -0.388875
point 80 758 140.177 208.926 -0.188034  -1.02039  0.838129 -0.508907 -0.570926 -0.840599  0.689209 -0.395936  0.253959 -0.488093
point 81 772 146.349 164.802   0.748875   0.450799  -0.669205   -0.46469   0.562864   -0.88394 -0.0300647   0.258717  -0.240013   -1.02315
point 82 786 181.408 205.761  0.259264  0.533751  0.115216  0.536175  0.722194  0.766304 -0.566014  0.616496 -0.559843 -0.725734
point 83 795 326.022 175.882 -0.282277  0.899557 -0.265199  -0.49655  0.742939  0.085273 -0.521322  0.121138   0.88841  -0.21749
point 84 796 432.451  206.39   0.644132  -0.932111  -0.575869  -0.539774  -0.164688 -0.0312597   0.957461   0.435421    0.38336 -0.0387017
point 85 808 23.7597 144.828 -0.546527  0.546925 -0.148587  0.760223 -0.420931 -0.276511 -0.199068  0.046408  0.798988  0.129925
point 86 812 87.4067 231.397 -0.0922287   0.117195   0.587686   0.427182  -0.618596   0.495415   0.790445   0.882321   0.824251   0.882006
point 87 834 304.293 216.322 -0.494433  0.651971 -0.911083  0.942784  0.345224  0.742963  0.917519   0.95002  0.418827  0.607576
point 88 838 182.87 185.38  -0.551528  0.0545577  -0.141734   0.124609   0.732144   0.113869   0.499866  -0.473067  -0.879248 0.00741683
point 89 844  235.12 205.159   0.560952  -0.801139  -0.389459   0.672831 -0.0838562   -0.70932 -0.0648423  -0.805176  -0.872679   0.898148
point 90 850 249.479 150.505 -0.610276  0.841036 -0.097708  0.336807 -0.483093  0.401341 -0.867064 -0.407598  0.263443   1.02564
point 91 851  147.01 214.075  0.916594  0.670082  0.468019  0.925667  0.572269 -0.700744  0.143162 -0.496832 -0.328257  0.728472
point 92 871 241.357 176.154   0.27638 -0.774753 -0.645754  0.129565 0.0970443  0.719246 -0.122254  0.383983 -0.834609  0.937035
point 93 891 124.848  215.87  0.413385  0.430432  0.103141 -0.552759 -0.637026    0.2722  0.687609 -0.848061 -0.979792  0.641052
point 94 902 440.018 192.076 -0.445993 -0.769416 -0.170772   0.86714 -0.657299  0.236712 -0.670938   0.97732 -0.344195  0.792913
point 95 919 20.3074 23.5761 -0.689696  0.505116 -0.249213  -0.45459  0.360097 -0.320492 -0.455008  0.860922  0.157773    0.3945
point 96 923 183.882 196.128 -0.753332 0.0288468   0.67739 -0.319423  0.332579 -0.114102  0.821946 -0.866202 -0.340822 -0.102357
point 97 950 401.213 209.497 -0.837496  -0.24745 -0.453888  0.903465 -0.684597 -0.296278 0.0760043 -0.678803 -0.924259  0.938746
point 98 952 230.667 104.509  0.727979 0.0619397 -0.438929 -0.301551  0.661457 -0.223933  0.403671 -0.714119  -0.40729   0.74924
point 99 956 91.1069 235.161  -0.554623  -0.975496   0.677213  -0.218861   0.234273   0.280871   0.443825 -0.0489339   0.579959  -0.348956
point 100 957 502.458 101.026 -0.478504  0.992386  -0.18141 -0.876065  0.279998  0.888895  0.411448  0.523649 -0.357235 -0.111545
point 101 959 366.968 238.269  0.613797  0.545878  0.345562 -0.369696  0.765284  0.893952 -0.404859 -0.452125  0.973093  0.910769
point 102 970 273.069 178.332 -0.486204  0.278378 -0.349844  0.815987  0.415333  0.726703 -0.531496 -0.454516 -0.279127 -0.562218
point 103 981 172.594 167.434  -0.416594   0.837544 -0.0796714   0.771044   0.656438   0.993753   0.217419  -0.468386   0.469496  -0.499751
point 104 986 489.524 226.494  -0.342086  -0.246878  -0.947982  -0.573085  -0.117509  -0.469691  -0.311747  -0.120141 0.00410923  -0.882129
point 105 991 460.583 232.177  -0.130047 -0.0518561  -0.718261   -0.95396   0.933442  -0.492282   0.268245   0.457125 -0.0318587  -0.726298

