seq: 308
gt_pose:   2.4587 -4.44886  2.32489
odom_pose: 0.373993 -4.74598  2.14463
point 0 5 329.491 160.736 0.0374894   0.31299 0.0405986 -0.955236 -0.162948  0.871573   0.82713  0.453105 -0.416192  0.451231
point 1 10 52.4387 223.306 -0.513201 -0.741484  0.443816 -0.711382  0.547702 -0.683204  0.491615 -0.863582  0.910482 -0.877749
point 2 14 427.628  194.25  -0.75761  0.083896  0.543653 -0.425022    1.0293  0.156376  0.716793  0.541086  0.278735 -0.880871
point 3 17   550.6 119.381  -0.451081  0.0755473   0.414367  -0.757219 -0.0574958   0.172686   0.862759 -0.0831175  -0.278491   0.734713
point 4 24 147.186  107.48   0.407567   0.451881  -0.678803   0.174946 -0.0307081   0.630109   0.455825  -0.607664  -0.564868 -0.0353542
point 5 43 39.1542 209.898  -0.961973   0.419504   0.187317   0.608073   0.166063 -0.0717963 -0.0106643    1.00259  -0.852367  -0.845951
point 6 44 517.968 192.665  -0.549873   0.229507   0.885887   0.512258 -0.0390546  -0.134478    0.67516   0.864688   0.851268   0.770965
point 7 57 564.051 153.116   0.45508  -0.29156 -0.551379  0.560205 -0.522392   0.32117 -0.922015  0.708951  0.744765  0.188356
point 8 64 579.828 192.495   0.922744   0.529468  -0.734686  -0.897295  0.0551071   -0.22956  -0.565975 -0.0848523  -0.645571  -0.392426
point 9 72 260.413 211.602 -0.833253 -0.353921   0.74898  0.169438 -0.810615   0.60692  0.492074 -0.197426 -0.261702 -0.215441
point 10 78 343.707 207.428 -0.871251 -0.807948  0.607447  0.755415  0.968488 0.0426439 -0.430029 -0.648897 -0.312679 -0.130665
point 11 92 317.403 210.553  0.200735  0.706992 0.0641086   0.94244  0.338822   0.29867  0.990603  0.589609 -0.251173 0.0358125
point 12 109 376.295 230.272  -0.442956   0.871033  -0.777403  -0.422208   0.487567 -0.0714331   0.759893   0.641024   0.052204   0.263916
point 13 110 465.744  182.27  0.830412  0.962279 -0.562087 -0.303387  0.035991  -0.71947 -0.607071  0.597215  0.756386  0.211604
point 14 113 497.346 216.398 -0.0756424  -0.556556   0.578397  -0.853724   0.484691  -0.375863  -0.907022   0.673662  -0.273537 -0.0226246
point 15 116 325.238 195.335  0.878349  0.584923  0.332862 -0.463629  0.626783 -0.115745 -0.329817  0.600205  0.325965  0.813053
point 16 119 527.925 162.353 -0.422613 -0.433191  0.782377 -0.394378   0.75173  0.431797  0.925034 -0.507356 -0.745251  0.390162
point 17 123 365.478 139.045  0.178279  -0.77786 -0.281266  0.316634  0.880089  0.653507  0.226302 -0.251123  0.412186 -0.561131
point 18 129 165.185 171.729  -0.489274   0.772484   0.944191  -0.648452   0.205304  -0.684013   0.938263  -0.111165   -1.00845 -0.0983789
point 19 132 474.004 208.053   0.259861  -0.943299  -0.966228 -0.0345599  -0.728437    0.83631   -0.84972   0.248484   0.864194   0.633456
point 20 134   607.9 180.657 -0.307598  0.080678  0.473381  0.873394  0.681228 -0.317388  0.957965  0.788966  0.631597 -0.782399
point 21 146 202.565 138.883   1.01218 -0.487307 -0.726909 0.0912399 -0.631855 -0.128373  0.935641 -0.541313   0.13412 -0.727917
point 22 148 487.892 171.176 -0.0891506  -0.237309  -0.155748   0.569794 -0.0561534  -0.203017   -1.02746    0.27578    0.94716  -0.629177
point 23 155 59.4741 227.065 -0.567832  0.748199  0.386999 -0.735986 -0.701778   0.67175 0.0506878 -0.249664 -0.763511  -0.91693
point 24 159 444.355 213.348  0.224427  -0.97352 -0.929181 -0.137131 0.0672278   0.15938  0.964069  -0.34965   -0.4417 -0.777811
point 25 165  422.97 201.162  0.499611 -0.746023  0.387988    0.6177 -0.710421  0.659947  -0.65735  0.836339  0.388021 0.0260454
point 26 169 506.067 201.769 -0.602334  0.467311   0.69457 -0.289608 -0.119234  0.457541  0.336871  0.479416 -0.744672 -0.531549
point 27 179 546.436 203.088 0.0526335 -0.828332 0.0442016  0.769081  0.680542  0.400174 -0.371814 -0.784971 -0.261107   0.76763
point 28 184 386.761 193.693  -0.198583   0.520645  -0.426418 -0.0114094  -0.605201  -0.256912   0.130673  -0.360039  -0.412854   0.343302
point 29 195 125.101 157.406  0.344828 0.0373735 -0.191421 0.0824981  0.638791  -0.28217  0.327808  0.576516 -0.414516 -0.170524
point 30 197 142.012 192.942 -0.778405   0.64666 0.0882264 -0.203603  0.814753 -0.539239  0.797387 -0.394348  0.487904  0.398238
point 31 200 364.197 173.067  -0.478668  -0.747073   0.656464   0.324438   0.224163   0.601356  -0.119012    0.86742   0.994485 -0.0920265
point 32 202 575.454 135.678 -0.534888 -0.241028  0.221089  0.342982  0.156058  0.758073  0.612256 -0.199462  0.131868 -0.193089
point 33 216 329.967 202.842  -0.673892   -0.95082    0.87718  -0.756169  -0.589553  -0.862412  -0.314199  -0.206877 -0.0164792   0.814455
point 34 242 147.563 13.2942 -0.779647  0.025065  0.160529  0.403286 -0.428901  0.671739   0.78277 -0.805585  0.407277  0.634802
point 35 262 333.982 190.104 0.0782245  0.369821 -0.300848 -0.519826  0.928929  0.957334 -0.985537 -0.322329  0.449987   -0.3871
point 36 263 21.4572 203.781   0.213036   0.598655    0.04652   0.580477  -0.874368 -0.0687516 -0.0352219  -0.916151   0.609239   0.816232
point 37 277 260.354 117.232 -0.548478 -0.845141  0.267917 -0.800256 -0.945485  0.171221  0.133784  0.528275   0.40214 -0.869992
point 38 280 605.025   227.9  -0.257108   0.105565   0.551856 -0.0891784  -0.369152  -0.349207   0.807711   0.790382 -0.0856086   0.758876
point 39 292 11.3949 196.689  -0.230256   0.160146  -0.242982   0.681142  -0.306677  0.0215079   0.502734 -0.0529637    0.53849   0.812573
point 40 296 505.152 108.145 -0.0341067  -0.595615  -0.362603   0.307476   -0.23772   0.570612  -0.629418   0.980057  0.0749434  -0.366286
point 41 301 418.464 207.963    0.0998 -0.526254 -0.999052  0.460836  -0.97955 -0.674443 -0.595885  0.505219 -0.735314 0.0349883
point 42 306 129.127 186.091    0.542005    0.229671      0.5498   -0.116575    0.258956 -0.00635222    0.328947    0.867002    0.667813    0.338025
point 43 309 204.443 206.306 -0.577298    1.0202 -0.987597  0.821946 -0.194171  0.150783  0.663061  0.557134 -0.170495  0.463899
point 44 313 588.032 75.9364   0.12988  0.308809  0.129313 0.0635343  0.424006  0.690958 -0.420376 -0.594787 -0.130424   0.35908
point 45 315  553.31 219.022 -0.813964 -0.310654 -0.895545   0.11652 -0.352232  0.141541 -0.538591   0.77708 -0.716121  0.900369
point 46 319 606.977 120.769 -0.988141  0.285656  0.581641 -0.229295 -0.684329  0.187243  0.739075 -0.286947  -1.01967  0.404744
point 47 334 266.903 211.504 -0.311597 -0.343409  0.911671  -0.74098  0.276267 -0.385636  0.146224 -0.863432   1.00557 -0.120388
point 48 343 603.032  228.52 -0.0338115  -0.947232  -0.351182  -0.852069  -0.241727  -0.110564   0.285109  -0.863411   0.586169   -0.47472
point 49 350 208.129 177.732 -0.752107  -0.86284  0.933063   0.20368  0.457195  0.871257 -0.732971  0.697887 0.0885272  0.619952
point 50 353 619.081 176.032  -0.564436  -0.238005   0.941169  -0.309979  -0.299475   0.274035 -0.0500599  -0.595594  -0.437541   0.111424
point 51 359 258.97  70.12 -0.0559011  -0.224348   0.609408  -0.556749   0.652942  -0.003443   0.234872   0.190916  -0.581836  -0.253528
point 52 364 347.716 206.423   0.125347    0.77826   0.621462  -0.597295   0.873244  -0.509068  -0.562875  -0.883624   0.131955 -0.0360447
point 53 367 479.231 158.109  -0.732233  -0.941538   0.926396  -0.461732  -0.482926   0.676184  -0.356251 -0.0875488   -0.55526   -0.76571
point 54 369 136.682 232.083   0.381547  -0.486101  -0.871574   -0.50076  -0.379172  -0.548537   -0.37701  -0.522667 -0.0256213   0.156043
point 55 382 214.153 94.4629 -0.716484  0.896039  0.943478 -0.935661  0.139766  0.545655  0.597387 -0.249454  0.292709 -0.135852
point 56 398 512.864 215.882 -0.834863  0.933119 -0.619254  0.393726 -0.998811  0.574255   0.69895  0.891223  0.293866 -0.745791
point 57 409 72.3865 182.765 -0.447802  0.933701  0.291502  0.762085 0.0985139  0.545568   0.66879   0.16275  0.229943  0.884037
point 58 422 17.0329 172.612 -0.0551499   0.554769   0.521894   0.367499    0.93918    1.01434  0.0460241  -0.898758   0.437815   0.793499
point 59 425 376.277 239.945 -0.487347 -0.362149  0.409636  -0.43382 -0.526907 -0.689886 -0.146638 -0.935538  0.914229   0.87568
point 60 448  591.31 201.202   0.87243 -0.485636 -0.791306  -0.68645 -0.275043  0.683254 -0.430199 -0.760954   0.62411  -0.39381
point 61 469 532.748 121.049 -0.0963972  -0.828752   0.917857   0.985371  -0.171991  -0.472003  -0.771992   0.826525   0.208657  -0.859797
point 62 470 250.682 236.341   0.467119 -0.0483112  -0.610089   0.907445  -0.302335   0.870136  -0.367143   0.233469   0.449228   0.765417
point 63 472 297.978 204.514  -0.874536 -0.0585132   0.647494  -0.244759    0.93707  0.0543194   0.706254  -0.648865 -0.0560349  -0.563749
point 64 475 281.955 216.248  -0.989466   0.122044  0.0414999   0.597009  -0.306237  -0.352299  -0.132624 -0.0413629  -0.714158  -0.249433
point 65 492 201.228 45.2705  0.462245  0.496262 -0.727015 -0.396347 -0.533221  0.661892 -0.565939  0.846642 -0.775979 -0.539952
point 66 497 65.2244 184.403   0.525817  -0.453611   0.633531  -0.170252  -0.580716  -0.161386  -0.571833    0.25418  -0.715839 -0.0186939
point 67 508 230.188 22.7814   0.60517  0.621962  -0.22415  -0.10245 -0.773237   0.89065 -0.853103   0.20959 -0.764229 -0.756214
point 68 519 479.075 136.866  0.371787  0.429781  0.518046  0.192217  0.665788 -0.870013 -0.840422  0.843251 -0.287988  0.510952
point 69 529   289.5 177.832  0.503959 -0.396392 0.0704046 -0.315045   0.64013 -0.136122 -0.836852  0.796846 -0.147151 -0.335261
point 70 568 326.329 210.166  -1.01334 -0.586632   0.99184 -0.664582  0.414701  0.492665 -0.995595 -0.778788 -0.728026  0.131632
point 71 573  533.92 143.022  0.908122  -0.19322  0.282248 -0.440275 -0.247444 0.0900474 -0.643564 -0.962738 -0.263573  0.632325
point 72 581 586.073 239.627 -0.663235 -0.446208 -0.334588  0.938869 -0.964976 -0.141843 -0.128184 -0.803252  0.922448 -0.154551
point 73 597 119.656 28.7025  -0.755261   0.748389   0.838007 -0.0735396  -0.344317   0.509102   0.878661   0.912511   0.495627  -0.327347
point 74 617 386.998 171.399 0.0783567 -0.810414  0.247372  0.164527 -0.559807 -0.969062 -0.195741  0.266711 -0.766492 -0.617823
point 75 634 2.11561 184.154   0.310231  0.0500026   0.977365  -0.682355  -0.902765 -0.0676529    0.45849  -0.244949   0.125648   0.887603
point 76 635 48.2183   239.1  -0.23412  0.315343 0.0340197 -0.477167  0.131845 -0.283177 -0.348487   0.55281  0.619093  0.685884
point 77 642  77.423 133.875  0.738593 -0.137562  0.277653  0.644162  0.581718 -0.671662  0.410986  0.536701  0.653329 -0.431664
point 78 655  500.29 225.479 -0.111397   0.72836  0.427084 -0.550438 -0.554078 -0.497755  -0.92058 -0.733909 -0.858804   0.88295
point 79 658 485.907 227.472  0.344803 0.0430097 -0.137019 -0.328117  0.156859   1.03933  0.643342  0.595384 -0.780188  0.547495
point 80 661 390.621   170.7  0.281839 -0.510178  0.405785   0.35958 0.0685578  0.164875 -0.960982 -0.725086  0.256519  0.369613
point 81 667 492.515 185.104 -0.963406 -0.620042 -0.200082 -0.583369  0.725194 -0.718424 -0.495161  0.686203  0.570089  0.452723
point 82 691 327.505 206.497  0.530737   1.02353  0.188728 -0.281872 -0.937598 0.0822641  0.253591 -0.358172 -0.907352 0.0451661
point 83 695 341.061  202.07   0.741092   -0.25609   0.347158    -0.3856   0.425926 -0.0300924   0.949415  0.0108976   0.498509   0.820956
point 84 717 611.202 190.099  0.949358  0.657965 -0.870467 -0.293053 -0.309144 -0.738138 -0.621284  0.725175 -0.403587  0.652604
point 85 720 236.282 185.095  0.352709 -0.591409  0.427121  0.357335 -0.781902 -0.984378 -0.656525 -0.891673  0.525437 -0.750444
point 86 752 396.638 171.413  0.778549  0.771371 -0.483511 -0.188503 -0.194119 0.0426386  0.290321 -0.601329 -0.683443 -0.482274
point 87 755 176.969 237.165   0.115037   0.172733 -0.0295997   0.790352   0.474184  -0.446841   0.299269  -0.331571  -0.444965   0.587596
point 88 760 138.198 184.768  0.851254  0.218091 -0.438177 -0.760696 -0.545343  0.399386 -0.693844 -0.710433  0.831935 -0.330882
point 89 767 161.286 238.274 -0.0846758  0.0333358  -0.144966  -0.752547   0.393955  -0.110965  0.0786435   -0.03245   0.321299   0.708478
point 90 774 118.012 217.163   0.282665 -0.0329991 -0.0617104   0.617601  -0.178874  -0.342596   0.189578   0.225109   0.114906  -0.322115
point 91 776 343.664 148.849  0.928505 -0.069533 -0.203406 -0.500553  0.640041 -0.853778  0.376178 -0.385962  0.845555 -0.783732
point 92 777 480.043 187.876  -0.646865   0.605707  -0.281488  -0.447448   0.559206  -0.267614  -0.331038   0.532058 -0.0488031   0.104636
point 93 783 162.149 219.002  0.986917 -0.410434  0.543991  0.871113  0.864928 -0.548248 -0.985846 -0.426212  0.279927 0.0668282
point 94 794 376.279 207.066 -0.374165  0.447404 -0.369538 -0.594028 0.0279059  0.626628  0.469838 -0.459571  0.108105  0.485061
point 95 797 394.685 173.677  -0.744117  -0.686956   0.720133   0.105251  -0.159837  -0.546315 -0.0826795   0.511573 -0.0713838   -0.29345
point 96 804 631.927 206.883 -0.753594 -0.729486 -0.714905 -0.567692  0.577208  0.742377 -0.103806  0.511699 -0.568302  0.132183
point 97 810 78.2083 219.085  0.931167 -0.653959  0.475524 -0.767588 -0.882645  0.990568  0.776579 0.0553493  0.755331   -0.6685
point 98 815 588.577 50.1213 0.0808114 -0.210957  0.999973  -0.27758  0.710143  0.638962 -0.389653 -0.580479  0.843248  0.855234
point 99 819 258.201 170.986  -0.535602   0.462227  -0.729442   0.781293   0.939484 -0.0144669   0.293649   0.717235  -0.424939  -0.129227
point 100 825 32.8173 152.784   0.374599   0.677942   0.992094  -0.276726   0.483531  0.0815845 -0.0781868  -0.514653  -0.197158  -0.477566
point 101 841 365.911 168.508  0.161461  0.867704 -0.861429  0.904779 -0.342034 0.0916583 -0.337182 -0.229711  0.212494  0.450237
point 102 843 432.699 161.621  -0.42588 -0.147385 -0.148651  0.420909  0.136393 -0.944667  0.384863   0.18972  0.981446  0.956617
point 103 852 147.145 182.219   -0.42664  -0.313957    1.01432   0.283782 0.00534041  -0.587127   0.126043   0.890119   0.763368   0.586676
point 104 861 206.611 170.988  0.0572136   0.622939   0.819543   -0.17236  -0.499277   0.257304  0.0638727   0.200917 -0.0320659  -0.424758
point 105 862 305.492 199.686 -0.791495 -0.369837 -0.703707 -0.187512  0.595655 -0.526276  -0.11705  0.409977 -0.963259 0.0947925
point 106 867 551.223 207.729    0.961472     0.13017   0.0383993    0.633194   -0.444927   -0.019085   -0.766835   -0.413784    0.643205 -0.00931412
point 107 886 637.762 167.396 -0.341066 -0.838945 -0.505716 0.0291989  0.344901  0.999779   0.91812  0.832473 -0.747114 -0.860139
point 108 887 56.8518 197.733  0.547998 -0.800087 -0.771707  -0.66028 -0.799373 -0.881455 -0.293546  0.016894  0.077998 -0.796549
point 109 890 34.7982 178.187   0.35783 -0.355927 -0.149253 -0.876294 -0.329217  0.231989  0.932627  -0.92556 -0.219007  0.269121
point 110 894 228.425  208.48 -0.286551 -0.548525 0.0181666  0.709328  -0.58736 -0.708126  0.878685 -0.338769 -0.981474 -0.913931
point 111 905 547.331 171.364 -0.927911  0.123238  0.446332 -0.395833  0.646258  0.233284 -0.870695  0.624161 0.0347592  0.191911
point 112 908 334.035 160.649 -0.967068 -0.949418  0.974352  -0.66411 -0.719507  0.991814  0.600179 -0.840545 -0.554301   0.25954
point 113 910 532.754 201.371  -0.948121   0.657359   0.432708 -0.0518342   0.689453   0.442508  0.0588555   0.626914    0.80043   0.405412
point 114 915 142.683 221.565  0.251142  0.648556   0.14668  -0.12155 -0.787167  0.341751  0.953471  -0.56085 -0.101227 -0.393874
point 115 921  40.723 189.474  0.170244  0.139323 -0.265934   0.74771  0.121563 0.0288841  0.193884  0.893654  0.440156 -0.344676
point 116 927 446.263 198.183 -0.0280184   0.862687   0.588759   0.414587  -0.885674   0.384601 -0.0642456  -0.335721   0.733594   0.954025
point 117 928 621.57 189.49 -0.125742   0.88193 -0.825812 -0.922761 -0.255612 -0.573792 -0.650548 -0.323662 -0.437914  0.335854
point 118 936  286.97 112.004 0.0235784 -0.387013 -0.442711 -0.293353  -0.46409  0.936247  0.128435 -0.691138  0.113488 0.0727057
point 119 942 386.813 220.161 -0.750174 -0.343543  0.620263 -0.504145  0.182942 -0.167895 -0.650473 -0.997472   1.01464  0.423947
point 120 962 271.549 207.595  -0.167496    -0.2452   0.919218  -0.793599  -0.763033 -0.0543334   -0.45132  -0.466381 -0.0799554  -0.130936
point 121 963 594.648 183.512 -0.0134522  -0.793676  -0.404782   0.452704  -0.880863     0.2977   0.943115  -0.915589  -0.176116   0.454856
point 122 965 277.012 143.958   0.904017   0.585562   0.522282 -0.0209174  0.0300198  -0.499813    0.16246   0.641154   0.919654   0.258589
point 123 971 600.688 180.866   0.640225 -0.0205232    0.27083  -0.648234    1.01366 -0.0915395   0.345515   0.979222   0.763485  -0.128502
point 124 979  465.58 176.999 0.00667095   0.509933  -0.149335   0.454896   0.235065   0.317714  -0.572101  -0.171492   0.635647  -0.248564
point 125 989  518.59 237.959 -0.682274  0.266822  0.451365 -0.552066 -0.119582 -0.521056 -0.166751   0.55584  0.537484 -0.464851
point 126 998 66.5543 168.304  -0.399834  0.0965595   -1.02715   0.362996  -0.145955   0.291772 -0.0809273  -0.738849   0.194872  -0.393644

