seq: 307
gt_pose:  2.60067 -4.59002  2.39325
odom_pose: 0.514078 -4.94659  2.22419
point 0 5 341.626 166.509 0.0121193  0.337326 0.0291362 -0.948372 -0.133703  0.884496  0.857914  0.477121 -0.443413  0.462378
point 1 6 629.313 69.1825 -0.662926 -0.150907  0.716786  0.703931 -0.373583 -0.591437  0.780715 -0.273715  0.422922  0.961186
point 2 10  100.22 225.533 -0.486758 -0.696491  0.473492 -0.732858   0.55355 -0.629873  0.473503 -0.899314  0.917463 -0.921645
point 3 14 438.025 195.346 -0.834681 0.0159192  0.539762 -0.409447  0.961827  0.120139  0.708016  0.519283  0.209233  -0.93837
point 4 17 568.352 117.062  -0.480942  0.0987525    0.44821   -0.80783 -0.0549658   0.210495   0.854872 -0.0521272  -0.326317   0.661187
point 5 23 224.736 26.7562   0.863573   0.723355  0.0108354   0.155881  -0.632898   -0.42102   0.724563 -0.0402528 -0.0398917   0.660544
point 6 24 185.916 127.531   0.366603   0.503924   -0.75492   0.179638 -0.0343712     0.6706   0.438121  -0.660011  -0.588071  -0.011919
point 7 43 96.9827 214.785  -0.940725   0.412165   0.195011   0.609929   0.157945  -0.106879 -0.0858272   0.999146   -0.88688  -0.841049
point 8 44 537.217 191.195  -0.535791   0.250447   0.882852   0.465058 -0.0308521 -0.0954603   0.671511   0.894173   0.850187   0.751295
point 9 57 575.301 153.925  0.407881 -0.333604 -0.619006  0.536888 -0.459744  0.349879  -1.00484  0.653895  0.721127  0.182328
point 10 64 601.455  190.99   0.891124   0.527078  -0.748053  -0.921222  0.0545736  -0.251046  -0.624985 -0.0605486  -0.670506  -0.385948
point 11 72 277.002  213.55 -0.804047 -0.364773  0.776398   0.19561 -0.768666   0.64254  0.457263 -0.159125 -0.296596 -0.251332
point 12 78 355.372 208.873  -0.852621  -0.790041   0.629512   0.806417   0.963078  0.0273564  -0.450317  -0.637132  -0.283023 -0.0745913
point 13 109 387.884 230.467  -0.442835   0.839326  -0.838713  -0.424413   0.503872 -0.0890784   0.712701   0.616577   0.063687    0.22119
point 14 110  479.95 181.781  0.807441  0.940528 -0.624422 -0.277576 0.0972589 -0.754021 -0.550421  0.614897  0.674328  0.269237
point 15 113 515.044 215.777  0.0108756   -0.51983   0.602222  -0.890814   0.571006   -0.39355  -0.868924   0.620456  -0.280824 -0.0555365
point 16 116  337.78 204.436  0.867822  0.577757  0.368244 -0.435466  0.617412 -0.064059 -0.319299  0.543642  0.353204  0.835054
point 17 119 525.521 168.371 -0.421903 -0.428922  0.782627 -0.356003  0.781809  0.493314  0.928857 -0.520627 -0.766052  0.411928
point 18 123 376.498 142.953  0.122642 -0.812143 -0.222773  0.384822  0.808715  0.698315  0.276803 -0.184399  0.403788 -0.617918
point 19 132 489.705 207.485   0.207527   -0.96965  -0.894659 -0.0629737  -0.712268   0.872206  -0.809473   0.277933   0.889261   0.637575
point 20 146 226.803 149.024   0.96603 -0.564757 -0.673072  0.115233 -0.644858 -0.190742  0.910919 -0.523349 0.0643077 -0.701102
point 21 148 504.966 169.502 -0.0621164  -0.271458  -0.210378   0.552622  -0.103493  -0.208108   -1.01028   0.195513   0.915389   -0.68466
point 22 155 105.975 228.774 -0.610248  0.779146  0.313764 -0.789812 -0.776083  0.733127 0.0895124 -0.251113 -0.824305 -0.887359
point 23 158 543.349 182.738   0.524786   0.439479   0.345006  -0.325359 -0.0748321  -0.413883  -0.766558   0.149212   0.986995  -0.573445
point 24 159  457.91 213.205  0.258308 -0.970029  -0.92627 -0.170383  0.022825  0.103392   1.00629 -0.316819 -0.408879 -0.796486
point 25 165  435.31 201.353   0.482062  -0.742542    0.45608   0.623421  -0.764713   0.586393  -0.612192   0.860171   0.413068 -0.0599092
point 26 169 523.264 200.925  -0.57531  0.495078   0.73431  -0.27997 -0.119338  0.488144  0.356764  0.490662 -0.687074 -0.539999
point 27 179 564.666 202.282 0.0101051 -0.836853 0.0392422  0.829463  0.738769  0.350811  -0.36742 -0.784523 -0.177638  0.804845
point 28 184 395.935 196.335  -0.21681  0.486565 -0.385722 0.0384555 -0.633561 -0.270507  0.106984 -0.343239 -0.402617  0.344659
point 29 195  159.06 166.621   0.375673 -0.0253658  -0.262296  0.0530831    0.58569   -0.25315   0.328996   0.543308  -0.474249  -0.211738
point 30 200 375.404 175.406  -0.462074   -0.72632   0.706806   0.332358   0.216403    0.59379   -0.05282   0.898151   0.988437 -0.0834418
point 31 202 595.951 132.777 -0.578932 -0.217904  0.200703  0.368484  0.166955  0.764119  0.597796 -0.216495  0.181125 -0.118192
point 32 216 342.215 204.152  -0.636009  -0.902368   0.900322  -0.753688  -0.592861  -0.880016  -0.356767  -0.295847 -0.0247006   0.835493
point 33 242 188.203 50.0796 -0.795851 0.0334368  0.202319  0.437425 -0.412609  0.605769  0.809343 -0.723101  0.472037  0.655328
point 34 262 346.111 191.832 0.0692934  0.290538 -0.357199 -0.549143  0.975148   1.01188 -0.908808  -0.39057    0.3875 -0.361114
point 35 277 278.913 129.309 -0.563283  -0.87904  0.285681 -0.864526 -0.996284  0.202225  0.113424   0.49947  0.422895 -0.868844
point 36 280 628.004 227.498  -0.215303   0.109934   0.547332  -0.123601  -0.304622  -0.366407   0.859619   0.788503 -0.0905824   0.793921
point 37 292 74.6743 203.865  -0.197183   0.113813  -0.249208   0.748049  -0.265941  0.0546213   0.567786 -0.0579449   0.577523   0.825299
point 38 296 515.875 109.963 -0.0317878  -0.571387  -0.383777   0.327558  -0.177761    0.59864  -0.678331   0.919656  0.0741663  -0.394443
point 39 301 429.154 208.691  0.140546 -0.485226  -1.02284  0.397057 -0.972945 -0.633703 -0.576864  0.463732 -0.696452 0.0490355
point 40 309 226.667  209.18  -0.52947  0.997332 -0.970647  0.784078 -0.180078  0.136351   0.75016  0.566211  -0.19458  0.417771
point 41 313 604.977 73.8446   0.120213   0.379546   0.120611   0.139637   0.490461   0.722854  -0.444866  -0.647446 -0.0585494   0.376646
point 42 315  577.94 217.992 -0.881075 -0.359536 -0.908236 0.0908034 -0.350266  0.140237 -0.590521  0.781945 -0.734467  0.865763
point 43 319 623.585 119.531 -0.941943  0.215139  0.624164 -0.266146 -0.692714  0.143859  0.687792 -0.308234 -0.953981  0.329375
point 44 326 25.8484   75.64  0.409858 -0.530216  0.544557  0.203701 -0.972925 -0.300186 -0.457725 -0.654611  0.278472 -0.763085
point 45 334  282.85 213.352 -0.334073 -0.413068  0.935969  -0.69973  0.231618 -0.401107  0.157805  -0.84233  0.969352 -0.179962
point 46 339 44.1901 162.347  0.321187  0.489028 0.0161882  0.189361  -0.20161  0.937842   0.98457 -0.854898 -0.528084  -0.45092
point 47 343  636.59 227.699  0.0225871  -0.929559  -0.337861  -0.882929  -0.252827 -0.0477728   0.317609  -0.936739   0.555251  -0.407088
point 48 350 229.146 182.566 -0.776847 -0.859163   1.01091  0.186586  0.451601  0.803682 -0.722774  0.665122 0.0892415  0.666306
point 49 359 278.059 87.8383 -0.126103  -0.26651  0.622168 -0.564124  0.713044 0.0274091  0.200057  0.168671  -0.56343 -0.185605
point 50 364 359.135 208.046   0.14004   0.75715   0.68178 -0.609761  0.891334 -0.482995 -0.571149 -0.921748  0.140812 0.0146982
point 51 367 494.474 156.958  -0.645029   -0.84961   0.913681  -0.418859  -0.483626   0.641261  -0.302358 0.00365171  -0.600811  -0.779694
point 52 369 168.617 232.934  0.428429 -0.501855  -0.82772 -0.541119 -0.402301  -0.54458 -0.386516  -0.48061 0.0560906  0.164943
point 53 382 247.783  122.65 -0.706505  0.892444  0.931267 -0.965364  0.123704  0.551534  0.593757  -0.17379  0.260465 -0.130626
point 54 398 522.846 216.301 -0.808456  0.888079 -0.622099  0.407417  -1.00098   0.57071  0.677717  0.842949  0.281521 -0.712575
point 55 409 118.404 190.586  -0.41006  0.868237  0.308965  0.743682 0.0926923  0.539902  0.654342  0.147422  0.266334  0.851302
point 56 413  30.243 211.798  -0.822973   -1.02904  -0.106372   -1.01864   0.125638  -0.696091   0.958287 -0.0176187  -0.730927   0.325038
point 57 422 80.6149  184.04  -0.0488248    0.492434    0.585223    0.326163    0.967715    0.939711 -0.00564166   -0.823804    0.454255    0.779032
point 58 425 387.002 239.947 -0.443187 -0.324906  0.326252 -0.517373 -0.560377 -0.656584 -0.166172 -0.921487  0.898645  0.876902
point 59 448 610.932 200.326  0.880009 -0.422605 -0.766671 -0.627062 -0.256422  0.697555  -0.43513 -0.691154  0.646824 -0.390801
point 60 469 544.651 121.867  -0.128717  -0.799714   0.958531    0.91638 -0.0842888  -0.502794  -0.815609   0.762561   0.152821  -0.886974
point 61 470 271.128 236.748   0.388689 -0.0599875  -0.600024   0.845632  -0.297565   0.846732  -0.395654   0.218706   0.439874   0.721321
point 62 472   311.7 206.381  -0.888077 -0.0602869   0.666429  -0.233665   0.894684   0.091876   0.731649  -0.696181 -0.0486786   -0.61564
point 63 475 298.283 218.479   -1.03377  0.0970808  0.0186471   0.593376  -0.300191   -0.38745 -0.0670486  0.0210656  -0.713272  -0.239694
point 64 492 231.654  74.205  0.497497  0.518718 -0.728953  -0.45103 -0.472578  0.664725 -0.544026  0.778774 -0.787909 -0.627393
point 65 497 114.066 192.398   0.513853  -0.479083   0.644317   -0.26328  -0.595093 -0.0929858  -0.527305   0.265198  -0.694755 -0.0668094
point 66 508 258.189 59.0309  0.664297  0.598738 -0.197229 -0.166176 -0.800095  0.823617  -0.85198  0.248307 -0.768833 -0.754205
point 67 511 6.20899 152.664  -0.242601  -0.448377   0.547286   0.275232   0.190604 -0.0821028   0.379257   0.798089  -0.470791   0.174345
point 68 519 492.039 136.945  0.344137  0.431835   0.57542   0.17606   0.70089 -0.842519  -0.87227  0.842098  -0.30049  0.424613
point 69 529  304.43 182.454  0.416693 -0.364791 0.0714657 -0.294693  0.685516 -0.110371 -0.820093  0.844174 -0.162488 -0.424801
point 70 568 338.685 211.717 -0.945163 -0.641569   1.00291 -0.697491  0.421135  0.546095 -0.922363 -0.850832 -0.723945 0.0982702
point 71 573 548.951 142.235  0.893857  -0.21679   0.25094 -0.497165  -0.28717 0.0938415 -0.672961  -1.03431 -0.260933  0.590426
point 72 575 55.2086 178.793 -0.0220272  -0.960285   0.526941    1.00676   0.821555   0.395857  -0.269106  0.0633925   0.935115   0.509774
point 73 581 615.892 239.604 -0.658622 -0.497134 -0.313188  0.968131  -0.96404 -0.172617 -0.180364 -0.780872  0.861841 -0.117327
point 74 597 168.592 66.9379  -0.719726   0.734568   0.848927 -0.0528326  -0.279526   0.592413   0.886037    0.90444   0.491651   -0.28168
point 75 617 398.696 172.468 0.0610888 -0.867658  0.305974  0.166441 -0.523834 -0.914552 -0.206402   0.35157 -0.820785 -0.651659
point 76 626 2.28704 152.214  -0.264246 -0.0625187   0.828572   0.575616  -0.757306  -0.233619   0.244526  -0.485575   0.143697 0.00287112
point 77 642 121.606 147.882  0.770784 -0.123055  0.237453  0.684308   0.62247 -0.750001  0.419362  0.507491  0.707454 -0.426634
point 78 655 518.186 225.087 -0.107928  0.673049  0.470854 -0.598916 -0.529123 -0.472096  -0.98528 -0.693602 -0.882356  0.854512
point 79 657 48.8098 209.419  0.207429 -0.910771  0.923894 -0.627344  0.179168 -0.224784 -0.927346  -0.34677  0.147113 -0.461418
point 80 658 503.021  227.16   0.394579  0.0715963 -0.0825834  -0.264827   0.160992   0.988563   0.584937   0.658374  -0.828784   0.559324
point 81 661 401.672 172.429  0.299711 -0.510936   0.37058  0.375089 0.0742408 0.0845508 -0.911863 -0.758452  0.220414  0.437202
point 82 667 507.356 184.547 -0.990115 -0.645763 -0.216708 -0.553101  0.725092  -0.70055 -0.528334  0.727895  0.510404   0.38351
point 83 695 352.534 204.501  0.705902  -0.19057  0.380753 -0.396853  0.484106 -0.079502   0.90285 0.0833991  0.574471  0.809868
point 84 751 28.9311 191.259  -0.313617  0.0734008  -0.450066   0.869129  -0.550094 -0.0660641   0.105069  -0.948087   0.270276  -0.412042
point 85 752 408.061 172.645  0.763699  0.829849 -0.551963 -0.172056 -0.155271  0.081891  0.334702 -0.622664 -0.611285 -0.455769
point 86 755 203.169  237.44    0.16225   0.143843 -0.0755814   0.822666   0.416522  -0.513988   0.318463  -0.334903  -0.468244   0.578174
point 87 760 169.226 190.484  0.852232  0.215813 -0.421777 -0.774268 -0.539782  0.353609 -0.728493 -0.735967  0.869072 -0.347152
point 88 774 154.167 219.867   0.288492 -0.0861834 -0.0649777   0.656246  -0.195245  -0.363562   0.189401   0.209773   0.116953  -0.256843
point 89 776 355.35 152.79  0.891754 -0.160527 -0.193679 -0.511747  0.698698 -0.874611  0.426667 -0.430174  0.825226 -0.825143
point 90 777 491.982 188.263  -0.648276   0.659269  -0.265286  -0.463177   0.616614  -0.283229  -0.293934    0.52154 -0.0375169  0.0345457
point 91 783   189.7 221.036  0.953682 -0.393321  0.520717  0.834611  0.820686 -0.587895 -0.943314 -0.470631  0.224946  0.111407
point 92 794 387.129  208.21 -0.453313  0.455671 -0.315953 -0.663448  0.024979   0.63887  0.479585 -0.512009  0.176134  0.474479
point 93 797 404.412 176.527  -0.737966  -0.620337   0.763114  0.0276049  -0.208947  -0.545926 -0.0759409   0.499568  -0.081513  -0.275426
point 94 815 598.715 52.6089 0.0612387 -0.173548  0.978156 -0.304222  0.668278  0.640969 -0.417511 -0.606047  0.840359  0.877709
point 95 819 277.584 178.404  -0.570014   0.378221  -0.780723    0.78448   0.927017  -0.014232   0.240933   0.805918  -0.389645 -0.0525837
point 96 821  637.68 63.5965  0.374404  0.279945 -0.601156 -0.963817  0.908149 -0.188145  0.519198 -0.794564  -0.42004  0.432093
point 97 825 87.2218 165.632  0.379021  0.674598  0.991936 -0.319361  0.417596 0.0521441 0.0107774 -0.503424 -0.255016 -0.424525
point 98 841 377.006 171.112  0.171618  0.896824 -0.861184  0.948445 -0.416137 0.0772296 -0.317768 -0.235763  0.208572  0.455587
point 99 843 444.847 162.145 -0.467283 -0.175623 -0.115457  0.502436  0.154618 -0.927858  0.349487  0.227622  0.964579    1.0172
point 100 861 229.403 177.301  0.0567393   0.706367   0.798419  -0.118755  -0.537209   0.258318  0.0296907    0.14363 -0.0367712  -0.472294
point 101 862 318.907 201.913 -0.771026 -0.357787 -0.699009 -0.173293  0.573181 -0.466157 -0.121547  0.353211  -1.00043 0.0602616
point 102 867 569.125 207.089     1.00571   0.0723435   0.0477687    0.638429   -0.487583 -0.00329621   -0.742061   -0.394698     0.64185   -0.101569
point 103 887 116.289 205.284  0.566899 -0.753032  -0.81495  -0.67968 -0.871664 -0.941465 -0.299585  0.033184 0.0281625  -0.78619
point 104 905 571.229 168.122 -0.945579 0.0939215  0.510378  -0.38507  0.638382  0.321092  -0.84957  0.643793 0.0471252  0.147349
point 105 908 346.157 163.462 -0.936262  -0.88562  0.959427 -0.741142 -0.670034   1.01322   0.63554  -0.80682 -0.603213  0.239062
point 106 910 554.664 199.775   -0.931372    0.618074    0.494705 -0.00617021    0.679643    0.422313   0.0869711    0.623433    0.753739    0.408781
point 107 927 459.408 198.108 -0.0480604     0.8234   0.539682   0.351531  -0.886007   0.352912 -0.0564539  -0.344275   0.759167   0.914436
point 108 936 302.12 121.66 0.0230962 -0.391473 -0.440148 -0.300153 -0.437756  0.882532 0.0944676 -0.697429  0.106336  0.143558
point 109 942 397.618 220.761 -0.810145 -0.357001  0.583143  -0.44009  0.240502 -0.168189 -0.647937 -0.971999   1.00203  0.412374
point 110 963 616.613 181.765 -0.0489183  -0.850166  -0.401611   0.405244  -0.910855   0.299225   0.959619  -0.926178  -0.169636   0.478502
point 111 965  292.79 151.046  0.934491  0.648659  0.494586 -0.103331 0.0443569 -0.452453  0.098945  0.616182  0.934421  0.265794
point 112 971 619.406 179.779   0.644306  0.0176404   0.314022  -0.726023    1.01515 -0.0846113   0.308711    0.99181   0.815336  -0.130218
point 113 979 480.955 175.939 -0.00722079    0.426319   -0.107542    0.444175     0.20399    0.329515   -0.581297   -0.186063    0.636859    -0.25128
point 114 989 537.395 237.901  -0.673199   0.298508   0.511747  -0.570687 -0.0703102  -0.546337  -0.138011   0.541596   0.487231  -0.521343
point 115 998 109.696 177.098  -0.406872  0.0503863  -0.945476    0.39915  -0.169917   0.274937 -0.0378449  -0.699614   0.190624   -0.39871

