seq: 98
gt_pose: -1.03855 -1.99242  -3.0729
odom_pose: 0.0609957  -2.15972  -2.94363
point 0 4 541.651 178.178  -0.258053  -0.886393  -0.953744 -0.0600863  -0.869932  -0.555898   0.985265   0.772752   0.750086   -0.46687
point 1 10 137.602  220.39  -0.55267 -0.719219  0.478703 -0.765999  0.629011 -0.714508  0.461213 -0.810694   0.94512 -0.901546
point 2 27 635.012 178.989 -0.00200668   -0.651867     0.78674    0.265649   0.0232175   -0.568828   0.0950034   -0.162779    0.685527   -0.227079
point 3 28  265.37 198.381   0.29459  0.989499 -0.304105  0.768612 -0.733531 -0.205138 -0.998149  0.554881  0.540393 -0.423363
point 4 34 333.522 212.011 -0.0938668  -0.537883  -0.213222  0.0682135  -0.657375   0.118147  -0.961032  -0.285324  -0.238067  -0.384463
point 5 41 625.856 185.994  0.743685  0.299567 -0.186725  0.192271  0.228854  0.317301  0.110907 -0.738378  0.118962 -0.924631
point 6 60 395.299 176.703  -0.914128  -0.802977  -0.531031   0.391201   0.174175  -0.790711   0.914907   0.727665  -0.705922 -0.0147074
point 7 70 425.254 191.882  0.904706 -0.765757 -0.427274  0.119304  0.291567  0.713528 -0.579662  0.310329  0.229666  0.667349
point 8 73 570.055 137.611   0.820154  -0.117012   0.785441   0.305066 -0.0417975 -0.0486891  -0.383672  -0.530476  -0.484886   0.195826
point 9 74 14.6817 182.215 -0.0595539  -0.056215  -0.594444   0.727119  -0.742679   -0.39138  -0.647885  -0.962023   0.766548  -0.427647
point 10 80 326.594 227.229 0.0804034  0.537028  0.934939   0.96675 -0.828642 -0.911601  -0.92791  0.794709  0.758761 -0.933675
point 11 86  509.24 188.178   0.80194  0.378165  0.695586 -0.424072  0.127588 -0.647216  0.639436 -0.540438 -0.761105 -0.139473
point 12 90 320.894 195.805 -0.734683 -0.930469  -0.73289  0.466883 0.0636998 0.0652534 -0.457169 -0.515158 0.0835705  0.757967
point 13 95 610.122 177.328 0.0942198 -0.451333 -0.543208 -0.587612  -0.97174 -0.770518  0.477193  0.212779 -0.622316  0.388682
point 14 105 592.508 178.325   0.491683   -1.04029   0.538985  0.0974225  -0.184351 -0.0464732  -0.815477  -0.771257   0.810885  -0.102455
point 15 122    70.7 206.746  -0.389223    0.48117  -0.969956   0.856706   0.837774   -0.89387 -0.0154344   0.524413  -0.454692  -0.334763
point 16 129 212.834 116.202  -0.580961   0.833815   0.978442   -0.73113   0.207763  -0.625508   0.969789  -0.100638  -0.998471 -0.0854494
point 17 131 354.639 177.234  -0.967893   0.101108  -0.528942  -0.275451 -0.0635012 -0.0806047  -0.540936  -0.146998   0.238889   0.655875
point 18 139 49.3821 162.942  -0.192356   0.100787    0.23616 -0.0190829   0.614976  -0.716452   0.297174   0.827322   0.103261  0.0696006
point 19 150 561.276 196.242 -0.949839  -0.50094  0.654737  0.342695 -0.587381 -0.389268 -0.927666  0.179108 -0.909595 0.0228095
point 20 155 130.739 223.972 -0.643156  0.748667  0.383482 -0.726597 -0.789483   0.69519 0.0468825 -0.298806 -0.779244 -0.947136
point 21 172 577.221 174.079  -0.348219   0.930745   0.438521   0.978632 -0.0530307  -0.503556  -0.393989  -0.767151   0.670386  -0.546706
point 22 183 51.1618 170.161   0.445736   0.016209   0.150253  -0.135965  -0.498137 -0.0827198  -0.502025   0.281759   0.794738   0.376579
point 23 195 126.014 90.7701  0.298839 0.0288538 -0.256863  0.104439  0.595654 -0.252994  0.282893  0.625349 -0.412371 -0.234033
point 24 197 208.449 168.229 -0.769244  0.611905  0.105991 -0.214836   0.80916 -0.524772  0.819745 -0.395917  0.519284  0.376419
point 25 218 380.513 232.503 -0.142413   0.68723  -1.03027  0.728606 -0.792862 -0.664656  0.814849 -0.963853 -0.458792 -0.690123
point 26 247 87.8738 192.257  0.665828  0.540139  0.424059  -0.33388 0.0146427  0.852256  0.301874 -0.507333 -0.857636  0.772788
point 27 302 483.477  185.78 -0.837065 0.0956025  0.565989  0.702121 -0.131069 -0.610654 -0.954585  0.199536  0.158302  -0.19788
point 28 306 218.596 168.123  0.542281  0.138439  0.479346 -0.178301  0.259855 0.0590325   0.30412  0.882032  0.622036  0.248658
point 29 308  251.71 198.461 -0.577107  0.965407 0.0126943 0.0379077 -0.805789 -0.538974 -0.790363  0.797628  0.421045  0.471493
point 30 309 111.858 105.341 -0.576196   0.93908  -1.01341  0.742927 -0.147366  0.161916  0.708206   0.58973 -0.181559  0.451005
point 31 328 556.705 188.277 -0.278386  0.445248  0.303958  0.204382  0.734803 -0.330744  0.773916  0.265374  0.944837  0.762434
point 32 331 516.582 190.747 -0.394735 -0.185705 -0.252245  0.179844 -0.058247  0.949354  0.899371 -0.562149  0.793562  0.900207
point 33 338  601.31 225.104 -0.415281  0.373703 -0.297533 -0.293212  -0.70898  0.277952  0.632963  -0.86649 -0.500868  0.905117
point 34 339 114.478 152.825  0.313873   0.53385 0.0894486  0.196239 -0.161356  0.917466  0.967699 -0.862277 -0.587368 -0.480405
point 35 350 231.848 69.4108 -0.695881 -0.917483  0.944487  0.200437  0.433492  0.876559 -0.732935  0.675844 0.0493092  0.582784
point 36 351 126.035 171.559  0.305153 -0.797239   0.72532   0.20782 -0.869485  0.380306   1.03769  0.829959  0.453849 -0.801889
point 37 362 514.942 173.449 -0.167973  -0.93005 -0.833682 -0.390753 -0.480779  0.753474  0.127219   0.44872  0.979826   0.83758
point 38 369 129.847 224.681  0.414902 -0.460369 -0.852294 -0.457123 -0.428245 -0.519222 -0.367448 -0.489818 0.0537708 0.0831269
point 39 381 30.1164 195.277 -0.115035  0.234559  0.245067 -0.374245  0.249245 -0.512505 0.0221702 -0.526835  0.568692 -0.365286
point 40 397 433.862 172.386  0.726481 -0.388852  0.548682  0.234401  0.589849  0.860759 -0.655637  0.583381  0.786506 -0.790854
point 41 409 19.0837 138.544 -0.441456  0.924144  0.322379  0.687711  0.132595  0.627373   0.72373  0.206393  0.244597   0.91837
point 42 413  152.43 213.347   -0.745818    -1.03375   -0.125635    -1.03333   0.0958531   -0.659915    0.925197 -0.00325778   -0.692104     0.29484
point 43 415 63.7063 158.262 -0.611331  0.654539 -0.886944 -0.253717 0.0652684 -0.694552 -0.216325  0.872078 -0.690366  0.922632
point 44 441 568.449  173.48  0.896326   0.23672  0.672074  0.753595  0.770902 -0.135039 -0.698688  -1.01719 -0.817701  0.713326
point 45 455 41.9548 186.238   0.239696   0.277717    0.37752 -0.0363661  -0.658488    0.89341  -0.716371   0.210455 0.00864725   0.582025
point 46 460 478.599 195.816  0.816373 -0.531167 -0.318869  0.453747 0.0685394 -0.116551 -0.341327  0.247654 -0.815357 -0.879502
point 47 479 76.3441 191.352  0.757556 -0.593588  0.463425  0.482527 -0.617762  0.415532   0.84222  0.495585  0.947889 0.0266594
point 48 486 533.536 213.629 -0.897528  0.515675  0.988566 -0.441806  0.959392  0.834252 -0.766102   1.01456 -0.880378 -0.456066
point 49 496 585.135 232.372  -0.948118   -0.73655   0.586568   0.289402   0.887349 -0.0394715  -0.859096  -0.426883 0.00519273   0.224031
point 50 503 448.487 133.029   0.293613 -0.0745632   0.684263  -0.954016  -0.205133   0.178624  -0.236314   0.681761   0.954265  -0.985754
point 51 511 137.092 160.649 -0.272692 -0.438308  0.561506  0.251696  0.135476 -0.118214  0.396115  0.870489 -0.449244  0.202657
point 52 522 104.901 169.666   0.201527   0.753971   0.177573  -0.240805   0.418405   0.928352 -0.0764713  -0.182829   0.338938  -0.241241
point 53 527 601.189 234.664   0.760326   0.439768  -0.900582   0.933779  -0.539887  -0.499112 -0.0970818   0.692905   0.585648   0.641717
point 54 528 111.722 164.152  -0.785467  -0.189176   0.933785    0.73953 -0.0719843  -0.388673   0.655359   0.569121   -0.23098  -0.544233
point 55 543 390.131 205.025  -0.302902  -0.724125   0.576093   0.617412   0.292325 -0.0321588   0.860547   0.212614   0.631859  -0.789955
point 56 552 446.322 162.754  0.850875 -0.237531  0.863456 -0.109325  0.417286 0.0446528  0.820212  0.719253 -0.406289 -0.534104
point 57 555 456.435 222.786    0.28433   0.365136   0.324952  -0.975135 -0.0487673   -0.49334  0.0222871  -0.153729   0.780769   -0.33216
point 58 559 309.189 191.989 -0.506095   1.01739   1.00421 -0.643411 -0.145942  0.785041  0.501237 -0.679429 -0.529779  0.799822
point 59 563 501.287 199.652 0.00933794   -0.47233    0.31855  -0.366658   0.760952   0.461115   0.327384   0.508383   -0.64605   0.327704
point 60 575 168.949 179.474 0.0333941 -0.922569   0.50869   0.97489  0.834841  0.343379 -0.225855 0.0550728  0.957846  0.469782
point 61 577  374.76 222.554  0.314052 -0.984854  0.497964  0.737488 -0.729793 -0.411306  0.798562  0.750181 -0.485624  0.571898
point 62 587 504.178 178.582  0.756511 -0.461259 -0.271894  0.671338  0.232793  -0.23404   0.36679 -0.907015 -0.493376 -0.364857
point 63 600  303.73 201.098   0.92606   0.46359  0.665304  0.567742  0.960669 -0.501436  0.217693   0.51732 -0.315458 -0.813979
point 64 623 431.301 162.231  0.546015 -0.560569  0.664867 -0.480712 -0.292805   0.48311  0.417956 -0.170664 -0.751616 -0.327727
point 65 626 121.365 157.471 -0.307549 0.0151004  0.834865  0.576769 -0.798474 -0.205298  0.297018 -0.535625  0.180616 0.0550997
point 66 635  193.08 239.144  -0.29306  0.342678  0.115916 -0.424481  0.128453   -0.3021 -0.262864  0.536512  0.548022   0.77161
point 67 642 65.5759 67.6897  0.744593 -0.155614  0.230573  0.611459  0.552296 -0.732662  0.450311  0.498457  0.669908 -0.401665
point 68 645 515.674 233.293 -0.950249  0.844451 0.0586243  0.362058  0.162733  0.927083  0.315274 -0.459636 -0.373074 -0.295178
point 69 648 281.313 217.641   0.101182   0.408017  -0.734214  -0.963643  -0.711794 -0.0839844   0.688405  -0.931218   -0.25008  0.0783016
point 70 650 441.411 224.809  0.803807  0.189996  0.610637  -0.49734  0.935512 -0.256827   0.86217 -0.802478 -0.137203 -0.872058
point 71 657 139.578 207.568   0.24299 -0.985409  0.853172 -0.574624  0.190889 -0.194297 -0.879721  -0.32344  0.143121 -0.438914
point 72 679 287.486 202.843  0.995238 -0.256524  0.162774  0.662349  0.960609 -0.452101 -0.337009 -0.409348   0.83655  0.865926
point 73 683  612.06 150.602  0.324371  0.154401  0.558174 -0.748297  0.778681 -0.705151  0.760446 -0.102239  0.750086  -1.00114
point 74 687 455.239 225.035   -0.347466    0.274208 -0.00075804   -0.214723    0.652695    0.443546    0.567757     -0.4922    0.174928    -0.51094
point 75 710 341.582 162.971  -0.083716   -0.46594  -0.560246   0.331016  -0.385204   0.297079  -0.679983  -0.144137  -0.178175 -0.0586659
point 76 715 320.714  238.89 -0.755461  0.605362 0.0760152 -0.693731  0.303716  0.959569  0.412403 -0.828587 -0.155235 0.0648262
point 77 719 408.673 154.895 -0.801672 -0.374289  0.672445  0.731173 -0.616173  0.683893  0.365209 -0.581218 -0.560944 -0.966283
point 78 720 291.148 49.9156  0.382001 -0.543566  0.453794  0.359536 -0.810043 -0.985264  -0.64002 -0.873196  0.473175 -0.739357
point 79 727 430.269 224.002  0.0419529  -0.878414   0.580345  -0.601924  -0.286817    0.85887  -0.339126 -0.0308621   0.918147   0.874166
point 80 734 94.9906 214.856    1.02112     -0.638 -0.0470017   0.307362  -0.464539  -0.877809 -0.0282027  -0.357443  -0.158838  -0.907466
point 81 735 388.549 231.454 -0.904605 -0.466368 -0.174476 -0.632903 -0.267341  0.482621 -0.277402 -0.771607 -0.314882  0.877936
point 82 736 539.565 164.302 -0.014434  -1.01617 -0.202673 0.0791845 -0.287147 -0.180081  0.497097  0.668582  -1.00217   0.99918
point 83 748 264.539 211.546  -1.01438  0.127291 -0.475193 -0.877335  -0.51184  0.192306 -0.197433  0.943945  0.743423 -0.442659
point 84 750 566.333 230.996 -0.381544 -0.507201  0.495473  0.271613  0.190341  0.513628 -0.613806  0.715773  0.646316 -0.167967
point 85 755 64.7195 230.715   0.155536   0.124715 -0.0297027   0.809915   0.430035  -0.467778   0.296169  -0.357469  -0.445607   0.565334
point 86 760 170.806 145.578   0.83569   0.17385 -0.408907 -0.683392 -0.508492  0.365902 -0.706374  -0.71139  0.884767   -0.3433
point 87 767 215.934 237.016 -0.0505111  0.0300325  -0.155466  -0.674573    0.40113 -0.0964258   0.166314 -0.0468602   0.357749   0.686906
point 88 769 295.225 131.174 -0.916551  0.736445 -0.630651 -0.303409 -0.328103  0.342874  0.823022   0.58295  0.657011  0.121784
point 89 770  316.79 164.348     0.74973    -0.52894    0.716212   -0.331754 -0.00259485   -0.240703    0.411241   -0.825801   -0.823775    0.743159
point 90 774 58.5413 192.505   0.276622 -0.0901766 -0.0720627   0.660239  -0.192833  -0.335497   0.119314   0.154159   0.151323  -0.342979
point 91 783 161.538 195.081   0.96128 -0.375051  0.558585  0.875886  0.826363 -0.637143 -0.894812 -0.459661  0.284444  0.118225
point 92 784  83.232 168.271  -0.29253 -0.115954  0.791566 -0.308055   0.80187 -0.566741 -0.799798  0.785629 -0.261545 -0.343952
point 93 810  197.06 217.432    1.0125 -0.636373  0.475886  -0.71214 -0.911103  0.967121  0.777618 0.0020131  0.764651 -0.637384
point 94 820  477.52 143.626 -0.711265 0.0520794  0.737186 -0.496376  0.470884 -0.230963 -0.369151 -0.442764  0.303177 -0.117365
point 95 825 59.6668 122.691   0.411718   0.705267    1.00184  -0.241592   0.425852  0.0724428 -0.0521954  -0.430409  -0.266864  -0.444772
point 96 836 272.377 208.979 -0.719707 -0.621743 -0.210225 0.0261564  0.593693  0.260616 -0.292407  0.638513  0.242565  -1.00324
point 97 840 125.902 181.736 -0.344151 -0.212479  0.802106 0.0651025  0.148426 -0.711189 -0.890623  0.996271  0.437601  0.829224
point 98 848 416.765 186.797 -0.400923 -0.222008 -0.867114  0.861825  0.856128  0.612184  0.134441  0.288612  0.741323  0.218101
point 99 852 214.276 150.515 -0.416277 -0.293261  0.983406  0.270165 0.0338335  -0.62336  0.059987  0.902962   0.72286  0.614845
point 100 863 343.381 107.053  -0.280196   0.268054 -0.0613136   0.392942 -0.0409299   0.973202  0.0819862  -0.274697 -0.0844867   0.539221
point 101 873 515.333 156.316  0.347118 -0.495472 -0.937653  0.977893  0.901734  0.382551 -0.836421 -0.752518 -0.521206  0.373095
point 102 888 294.725 37.2165  -0.684978    0.69444   0.441341   0.557658   0.415479  -0.923973   0.728751   0.950521   0.116265 -0.0173558
point 103 894 277.392 141.539   -0.24611   -0.59285 -0.0403167   0.726181   -0.63568  -0.671419    0.85793  -0.299077  -0.953524  -0.865258
point 104 915 220.855 213.166   0.159626   0.638806   0.164195 -0.0751969  -0.790247   0.290297   0.993138  -0.556109  -0.182618  -0.406394
point 105 916 575.032 133.032 -0.388867  0.228235  0.224666 -0.399008 -0.714331 -0.546094  0.680425  0.243374  0.916986 0.0146658
point 106 922 30.2492 198.028   0.607903   0.410897    1.04438 -0.0838431  -0.192866  -0.913612  -0.415639   0.431321  -0.265014   0.135127
point 107 940 133.703 205.088  0.115705  0.789192 -0.175479  0.202659 0.0911115  0.337239 -0.805235  0.493034 -0.390538  0.173332
point 108 946 594.054 166.875  0.162318  0.941853 -0.445653 -0.805039  0.513485 -0.878795 -0.295476  -0.70065 -0.413092   -0.6231
point 109 952 299.709 201.675  0.777528 0.0195014   -0.4354 -0.244609  0.675863 -0.258339  0.403525 -0.707135 -0.352102  0.726278
point 110 960 624.479 197.518 0.0916873 -0.681635 -0.648817  0.975135  -0.65732  -0.19692 -0.853506 -0.485374  0.662422  0.183812
point 111 962 422.494 8.48619  -0.158058  -0.232015    0.90259  -0.810843  -0.838534 -0.0992538  -0.473745  -0.487569  -0.112272  -0.154489
point 112 973 321.254 175.315  0.187623  0.205312  0.563867 -0.887672 -0.466705   0.30339  0.140313  0.817388  0.590273  0.106954
point 113 974 489.275 222.135 -0.432902   0.75566 -0.787338 -0.864802   0.53391 -0.449662 -0.387107  0.494493   0.55669  -0.39622
point 114 987 30.7515 187.405 -0.0286423  -0.513772  -0.397434  0.0767545   0.615521    0.56305  -0.588635   0.159781  -0.410842    0.72638
point 115 998  185.89 163.789  -0.456599  0.0772577   -1.02261   0.399021   -0.10767   0.268823 -0.0930305  -0.661104   0.164324  -0.460907

