seq: 116
gt_pose: -4.63833 -2.16297  3.13488
odom_pose: -3.40687 -3.06862 -2.95283
point 0 12 138.454 232.571  0.629909  0.170023  0.524961 -0.930484 -0.651359    1.0161 -0.579202  0.809286 -0.778316  0.965123
point 1 19 337.064 207.545  0.303011   0.23056 -0.313002 -0.588614  0.213808  0.225519  0.459392 -0.351794  0.522449 -0.580345
point 2 32 35.1942 158.008   -0.705344 -0.00786657   -0.597728    0.691992   -0.389802   -0.237559    0.777195   -0.277932    0.656067    0.336629
point 3 33 209.208 194.648  0.202786  0.639012 -0.391965 -0.543324 -0.621516  0.199634 -0.799761  0.393794  0.518649  0.440444
point 4 34 347.661 125.185 -0.167874 -0.578746 -0.221703 0.0725672 -0.739149 0.0631916 -0.942762 -0.240233 -0.241813 -0.369533
point 5 51 147.369  183.63  -0.111737     0.2963   0.828759  -0.832429   0.216117  -0.882028  -0.248595 -0.0488346  -0.166406  -0.373483
point 6 60 562.631  14.942  -0.886571  -0.869896  -0.553316   0.391072   0.248421  -0.824873   0.916242    0.69165  -0.683819 -0.0508693
point 7 90  292.69 21.5059 -0.732441 -0.975575 -0.703609  0.455342 0.0160818  0.055393 -0.538592 -0.517657  0.040726  0.805393
point 8 104 67.5209 207.039 -0.904268  0.910227 -0.446765 -0.710622   -0.9387    0.2652 -0.459354 -0.276595  0.486047 0.0644164
point 9 108 335.323 230.428  0.889156  0.729292   -0.4906  0.433731 -0.198692  0.275971  0.452107  0.910925 -0.838902 -0.178343
point 10 114 220.598 83.4254  0.504095 -0.856159   1.00491 -0.491725  0.112908 0.0128517 -0.315649  0.378276 0.0886383  0.259425
point 11 144 480.443 160.816 -0.430629 -0.228871 -0.808869 -0.720753 -0.715318  0.515416 0.0300524  0.349435 -0.664924 -0.733465
point 12 147 67.9598 192.571 -0.623392 -0.693027 -0.480879 -0.697104   0.38473 -0.863357  0.792699  0.455398  0.728164  0.168971
point 13 171 568.039 184.068  -0.0607262    0.681099 -0.00931285   -0.962431   0.0924503    0.415654    0.487297   -0.125783   -0.919684   -0.541118
point 14 178 616.024 208.297   0.682289  -0.384427   0.768651  -0.188946   0.915941   0.944627  -0.330591  -0.274971 -0.0537527  -0.979294
point 15 211 612.713 162.683   0.822251    0.59612  -0.188248   0.309193  -0.441549   0.541609  -0.538085   0.178162 -0.0467579   -0.43245
point 16 219 539.207 237.019  0.205342 0.0347607 -0.306351  0.936522  0.149116  0.332139  0.225586   0.18839 -0.473611 -0.558718
point 17 231 177.99 224.04  0.683106 -0.193533  0.838603  0.311746  0.344797  0.790473 -0.611439 -0.436234 -0.901193 -0.694653
point 18 235 460.448 223.969 -0.783537 -0.951404  0.954718  0.429239 0.0826856 -0.154084  0.951383 -0.721075 -0.866506  0.333447
point 19 249 469.271 169.437  0.761323 -0.645547 -0.307859  0.981485 -0.191947 -0.648852  0.573362  -0.71803 0.0118857 -0.475698
point 20 250 107.363 239.852 -0.837684 -0.968487 -0.102434 -0.802014 -0.781971  0.939591  0.998434  0.749883 0.0997242 0.0173115
point 21 258 48.7753 233.951 -0.0273359   0.575688   -0.62379   0.183865  -0.673463  -0.393517   0.545235   0.241152  -0.609904   0.044824
point 22 266 343.323 172.181   0.823698  -0.342413  -0.211828   0.738327  -0.707914  -0.228849  -0.442341 -0.0701133   0.626236   0.837281
point 23 274 566.793 234.942   0.86215 -0.653421 0.0622045  0.581394 -0.525009 -0.388295 -0.892198 -0.499395  0.475138  0.482683
point 24 284 157.787 179.835  -0.192184  0.0979804  0.0709144  -0.283384   0.833193      0.497  -0.935215   0.895708 -0.0431553  -0.701065
point 25 295 494.147 171.434   0.710394 0.00468866   -0.29596   0.401728   0.130491  -0.242107  0.0461067   0.571575 -0.0373821   0.273802
point 26 312 343.813  197.02 -0.202593   -0.7493 0.0528599 -0.505462 -0.801697 -0.377019  0.675314 -0.427055 -0.237165  0.296771
point 27 330 195.085 221.277 -0.0416313  -0.553811   0.237217  -0.682942  -0.280303  -0.952881   0.792006    0.97325   0.208695   0.455348
point 28 358 272.333 35.1719  0.678926 -0.212762 -0.119827   1.02647  0.219775 -0.862277  0.411188   0.42173 -0.930925  0.769821
point 29 371 68.7868 196.265 -0.430384 -0.754052  -0.74894  0.121942  0.202136  0.696785  0.711123  0.376172 -0.817127  -0.67419
point 30 375 362.094 181.876 -0.334409 -0.904866  0.828437  0.235295 0.0748406 -0.659657 0.0594311 -0.871198 0.0382528 -0.493462
point 31 384 205.671 222.698  0.549606  0.138197 -0.645439 -0.807716  -0.47439 -0.369384 -0.948764 -0.540025 -0.285279  0.148324
point 32 385 126.022 170.079  0.231473 0.0587191  0.785283  -0.22009 -0.361358 -0.853907  0.519287 -0.374144 -0.546774  0.737882
point 33 388 488.102 170.548 -0.412898 -0.133583  0.826547 -0.490348 -0.818269 -0.200287  0.286418  0.423699 -0.778379  0.332142
point 34 389 289.965 120.725   0.440165   0.834994  -0.359975  -0.492466   0.314916   -0.69733  -0.167413 -0.0824327   -0.70131  0.0304521
point 35 400 255.801 207.451  -0.974315  -0.059496   0.995133 -0.0594865   0.812378  -0.883553  -0.198559  -0.862854   0.571357  -0.112214
point 36 410 400.993 148.752  -0.25666  0.515715 0.0553451 -0.218147  0.372705  0.667185 -0.509014 -0.936507  0.808644  0.620109
point 37 416 43.8009 230.281  -0.507317   0.639716  -0.624987  -0.410864   0.620286   0.914566   0.709504   0.927001   0.373555 -0.0833267
point 38 420 132.576 186.773 -0.574968  0.608318 -0.798698  0.455082 -0.225182  -0.73117 -0.550428 -0.899892 -0.400891  -0.60709
point 39 432 106.026 210.229  -0.205642   0.641056   0.948826  -0.399015    0.19687 -0.0919717   -0.83456   0.450545   0.106403    0.38876
point 40 433 128.836 160.015  0.0618491  -0.560306  -0.424271   0.197958 -0.0544433   0.826528  -0.516189 -0.0813891   0.391662  -0.767988
point 41 443 16.9705 159.304  0.527999  -0.52512 -0.502835 -0.236083 -0.157941 -0.658828  0.981975 -0.472457 -0.907229   0.70595
point 42 462 39.0523 194.276  -0.855803  -0.678555 -0.0503497   0.182472    0.81192  -0.212423   0.658424  -0.552575  -0.830181  -0.290616
point 43 467 474.743 205.704 -0.366013 -0.769432 -0.132063 -0.366821  0.932459  0.246006  0.492609 -0.122073 -0.650869 -0.744252
point 44 474 399.697 215.705    -0.14929    0.775497   -0.914468    0.676132   -0.643755   -0.796694   -0.323596    0.955117 -0.00783659   -0.445478
point 45 476 247.605  172.46 0.0801003  0.402765 -0.493177   0.94807 -0.415511  0.462216  0.767859 -0.302953  0.115796 -0.941837
point 46 483 152.632 196.349  0.139596  -1.01752  0.132247  0.468252 -0.190949  0.232733  0.556547 -0.841475  0.620652 -0.735271
point 47 488 531.538 83.7286  0.941276  0.562384   -0.5391  0.215858 -0.707411 -0.361236 -0.308604 -0.735602  0.131588 -0.259582
point 48 489  575.48 213.948 -0.877316  0.989412 -0.858962  0.839402 -0.812211 -0.662708  0.911978 -0.536106 -0.536028 -0.135475
point 49 490 450.228 239.988  0.389821  0.886978   0.28318 -0.478116  0.905329  0.266572 -0.938967 -0.591607 -0.637285 -0.637714
point 50 501 257.888 101.664   0.45628 -0.272931  -0.19965  -0.18352  0.321261 -0.264102  0.385555 -0.277173  0.062629 -0.432149
point 51 507 162.073 183.411   0.16826 -0.127251 -0.147014 -0.143189  0.375458  0.169282  0.558962 -0.417738 -0.527383  0.836333
point 52 523 274.596 131.526  0.499283  0.542604  0.442355 0.0818763   0.95024  0.639439  0.733023   0.54878 -0.165078   -0.4975
point 53 545 229.446 104.652  0.857729  0.486966 -0.856464 -0.213667 -0.734254 -0.158675 0.0260763  0.830891 -0.520728 -0.707539
point 54 553 294.816 165.602   0.165451 -0.0677789   0.880177   0.241461   0.668936  0.0970357   0.485493    1.00956  -0.936733  -0.262117
point 55 554 629.692 164.002 -0.905962  0.899378 -0.548878  0.164783  0.739655 -0.722192  0.903472  0.642684 0.0998311  0.392668
point 56 570 95.8703  215.47   0.22457   0.28631 -0.723046  -1.02265   -1.0237 -0.718044 -0.584166 -0.978289   -0.3387  0.759092
point 57 572 388.722 227.093  -0.962231   0.531157   0.347743  -0.604203  -0.198353  -0.473286    0.72114 -0.0103392  -0.368421    0.71272
point 58 574 170.87 102.66   0.84267  0.337191 -0.686547 -0.199176 -0.513071 -0.665783 -0.660767  0.871765 -0.279961  0.134449
point 59 576 83.2412 198.011 -0.213561  0.865293  0.789583  0.404036 -0.898876  0.643695  -0.29147 -0.634908 -0.570798   0.20671
point 60 580 408.139 237.751  -0.352744  -0.472369  -0.979781   0.881363   0.199826  0.0695071  -0.334509   0.895263  -0.779894 -0.0866442
point 61 589 493.182 154.343  0.150779 -0.155922 -0.325315 -0.697999 -0.447947  -0.58856 -0.112051  0.255771  -0.83746 -0.902169
point 62 594 4.40356 190.392    0.16206  -0.498554  -0.902732 -0.0102385  -0.766643   0.995225 0.00971318    0.91349   0.242886   0.184914
point 63 595 253.309 237.947   0.737041 -0.0910367   0.285528   0.852102  -0.197042  -0.681975   -0.74679   0.871663  -0.430264    1.01311
point 64 611 227.807 189.138  0.198499 -0.453528 -0.649168  0.859816  0.125657 -0.937489 -0.539556 -0.450699 -0.268016 -0.905152
point 65 643 525.666 212.347 -0.0161349   -0.93117   0.445522  -0.356542   0.389719 -0.0372982  -0.762897  -0.964875   0.102807  -0.316076
point 66 647 443.105 196.293   0.86821 -0.507634   0.95793   0.14552  0.413442 -0.951171 0.0459313 -0.564523  0.304865 -0.804245
point 67 654 631.362 237.267  0.128722  0.706536  0.192234 0.0740166 -0.303531  0.376985  0.798931  -0.87969 -0.315582  0.687475
point 68 656 534.037 167.619    0.11414 -0.0834465  -0.546612   -0.77208   0.913751   0.464995   0.864086   0.102784   -0.44251  -0.454357
point 69 670 602.878 169.672  0.812244  -0.36024 -0.980289 0.0685964 -0.142293 -0.536034 -0.146794  0.141388 0.0368296   0.36568
point 70 680 451.891 218.622 -0.00833429  -0.0182103   -0.931942   -0.396119    -0.17961   -0.749464   -0.285056    0.411868   -0.156623    0.785816
point 71 693 340.895 212.689  0.578469  0.355278  0.541314 -0.401299   0.85786  0.165509 -0.411168 0.0898564  0.875301 -0.408931
point 72 694 569.067 214.129  -0.724845  -0.808318 -0.0651097  -0.393062    0.98335  -0.409425  -0.248882   0.883325   0.684591   0.444107
point 73 699 200.878 233.506 -0.939784 -0.945592 -0.584186 -0.158569  0.491627  0.564026 0.0479496  0.928544  0.452261 -0.480022
point 74 706 218.067 161.004   1.02651  0.627428  0.131474  0.653134 -0.948026  0.666271 -0.168398  0.430483 -0.485845  0.327383
point 75 708 0.34906 90.3527 -0.137073 0.0037008 -0.698664   0.51008  -0.37718 -0.766353  0.213392  0.720325   1.00421  0.234294
point 76 713 28.8617 179.251 -0.132249 0.0750996 -0.202788  -0.17754  0.704874  0.899469 -0.893099  0.718146  0.833279 -0.944134
point 77 715 294.384 235.252 -0.762862  0.574462  0.126433 -0.652017  0.273462  0.942292  0.408175   -0.8392 -0.176245 0.0287825
point 78 716 386.461 222.215   0.925471 -0.0273969  -0.547966   0.883354  0.0197717  -0.778069   0.220178   -0.20978   0.677767   0.757992
point 79 735 632.411 197.091 -0.946682 -0.441183 -0.128771 -0.618488 -0.303286  0.485006 -0.312045 -0.759684  -0.33921  0.864764
point 80 757 426.878 205.325  0.376307  0.737365 -0.728144   1.00594 -0.258492  0.403524  0.182963  0.662414  0.176207 -0.442245
point 81 758 114.481 205.627 -0.226045 -0.942484  0.829759 -0.531479 -0.552493 -0.885035  0.759511 -0.361759  0.220293 -0.471243
point 82 772 125.274 158.459   0.768334   0.481565  -0.626464  -0.517589   0.582981  -0.919521 -0.0122559    0.22048  -0.272651   -1.03955
point 83 773 106.117 184.408  -0.815816   0.895644   0.710237  0.0923164   0.134104 -0.0575238   0.672144 -0.0975138 -0.0924729   -1.00019
point 84 786 165.094 203.303   0.34305  0.453178 0.0358829  0.559934  0.724434   0.72121 -0.504668  0.559967  -0.47694  -0.64859
point 85 787 269.245 175.176 -0.219261  0.303392  0.901369 -0.406895  0.113331 -0.197114  0.512188  0.546066 -0.633737  0.680018
point 86 788 214.489 217.652 -0.639986 -0.547432  0.321063  -0.19395 0.0534257 -0.376638 -0.724087 -0.921866 -0.717099  -1.01043
point 87 795  319.94 171.385  -0.26552  0.907665 -0.274755  -0.51535  0.731077  0.140059 -0.513028  0.154721  0.918247 -0.169598
point 88 796 430.125 205.196    0.663089    -0.89269   -0.576331   -0.512526   -0.167379 -0.00486082    0.944411    0.461334    0.381285   0.0161087
point 89 812 55.5284  230.46 -0.0781738   0.137916   0.517637   0.417499  -0.614187   0.573012    0.78618   0.858601   0.780697   0.912647
point 90 834 296.941 214.887 -0.529952   0.69936 -0.903433  0.983797  0.370874  0.789797   0.91108   1.00265  0.450503  0.627074
point 91 838 165.927 181.183 -0.544292 0.0446708 -0.145033  0.169195  0.722335  0.107245  0.434885 -0.516909 -0.944906 0.0744773
point 92 844 218.294 201.048   0.506213  -0.852742  -0.301677   0.648044 -0.0451419  -0.717129  -0.112034  -0.870726  -0.904208   0.907402
point 93 850 236.706 142.635 -0.545185  0.873988 -0.141064  0.309548 -0.509128  0.383634  -0.84749 -0.440073  0.298365  0.976894
point 94 851 123.773 211.571  0.903617  0.612241  0.509382   0.90939  0.559014  -0.66919  0.120261 -0.475068 -0.240544  0.739914
point 95 871 226.321 169.397  0.265204 -0.841779 -0.685916  0.106172   0.10523  0.717799 -0.153457  0.344978 -0.801607  0.874303
point 96 891 97.4087 213.292  0.383635  0.428524  0.173362 -0.525866 -0.666193  0.316386  0.696796 -0.857653  -0.96808  0.685161
point 97 902 438.046 190.333 -0.404335 -0.770681 -0.184503  0.850161 -0.674841  0.209725 -0.656362  0.936878 -0.349418  0.795202
point 98 923 162.551 191.402  -0.717242  0.0183281   0.692807  -0.347049   0.388896 -0.0731109   0.824169  -0.884809  -0.329126 -0.0785524
point 99 950 397.366   208.6 -0.747396 -0.315791 -0.387595   0.90621 -0.749165 -0.322625 0.0299806 -0.670146 -0.895858  0.933772
point 100 952 205.585 77.8009  0.770953 0.0748842  -0.40175 -0.282631  0.648193 -0.260141  0.494538  -0.72511 -0.345115  0.686161
point 101 956 61.8446 234.679   -0.50466  -0.977232   0.703615   -0.25348   0.304911   0.263589   0.450198 -0.0760728    0.54407  -0.430888
point 102 957 511.315 89.0742 -0.481838  0.946598 -0.231682 -0.913106  0.336955  0.874055   0.44806  0.534582 -0.363418 -0.146533
point 103 959 362.362 238.209  0.619756  0.482669  0.423518 -0.426558  0.820995  0.858644 -0.397928 -0.405546   1.02679  0.879875
point 104 970 262.872 173.497 -0.502705  0.282042 -0.282474  0.825889  0.484378  0.764711 -0.538876 -0.479098 -0.268258 -0.605487
point 105 981 153.156 161.058  -0.423108   0.845078 -0.0687285   0.814257   0.726931   0.961653   0.245792  -0.461281   0.448328   -0.57756
point 106 986 488.238 226.092  -0.269969  -0.262087     -0.989  -0.523011 -0.0895792  -0.454998  -0.396981 -0.0852807  0.0653802  -0.813662
point 107 991 465.065 231.553  -0.126082  -0.007086   -0.74613  -0.982625   0.988113  -0.451107   0.277588   0.404416 -0.0152656  -0.806086

