seq: 26
gt_pose: 3.76264 2.38531 1.62503
odom_pose: 4.03707 2.14071 1.47751
point 0 15 383.927 163.605     0.736045     0.681037     0.920946     0.469853     0.763114     0.987183     0.370983 -0.000348992    -0.629264     0.661438
point 1 37 164.078   207.3 -0.954542  -1.01909 -0.383075 -0.526164  0.311912  0.683516 -0.634116 -0.340596  0.316563   0.75882
point 2 39 114.045 107.114   -0.567571    0.863001   0.0974782    0.843276 -0.00719739    0.120107    0.854155    0.627153    0.600187    0.168776
point 3 53 265.029 153.619  0.790427  0.304835 -0.268292 -0.875846  0.577045  0.561785  0.391235  0.394709  0.818633 -0.387511
point 4 61 416.857 116.984  0.139504   0.47639   0.49355  0.883871  -0.80303  0.532556  0.850003 -0.839316  -0.46624 -0.532344
point 5 71 494.731 116.145  0.189339  0.235323  0.576392  0.501982 -0.404827  -0.84364  0.778104 -0.702064 -0.661312 -0.240432
point 6 76 140.339  173.08   0.406085  -0.147011  -0.611607   0.656989  -0.674307   0.342347  -0.366155  -0.345526  0.0409435 -0.0391202
point 7 77 235.473 224.077 0.0789704 -0.980119 -0.462765 -0.663952  0.383662 -0.157777 -0.567221  0.310227 -0.599939 -0.307325
point 8 89  306.55 226.544  0.619531 -0.626411 -0.305461 -0.290036  0.299205 -0.615215 -0.518159 -0.959369 -0.700501 -0.139173
point 9 103 198.904 217.888   0.413875  0.0502643   0.498855 -0.0733642   -0.26349   0.100622   0.659542  -0.842372    0.40145  -0.554794
point 10 106 335.155 233.059 -0.190265   1.01997 0.0285489 -0.152616  0.479344  0.168496 -0.210168  -1.01785  0.460903 -0.124781
point 11 130  376.22 172.173   0.783316   0.216936 -0.0298642   0.986162   0.545121  -0.260565   0.926797  -0.917213  -0.502868  -0.494863
point 12 134 422.452 66.0712 -0.352231  0.103979  0.474146  0.891506  0.677481 -0.357422   0.89576  0.781279  0.539411 -0.794816
point 13 140 564.204  44.602 -0.518081 -0.081939  0.637605 0.0790729  0.860443  -0.75875  0.414202  -0.64583 -0.355028  0.837374
point 14 157 358.671 236.941 0.00665002  0.0826628   0.595733   0.487368  -0.746311   -1.00785   0.232384   0.613064  -0.725684   0.500755
point 15 161 402.283 130.379   0.445453   0.950424 -0.0579512  -0.450374  -0.397904  -0.808919  -0.409916  -0.277552   0.100029   0.634669
point 16 170 632.127 223.232  0.117207 -0.383137  0.212826  0.177227  0.778551  -0.22413 -0.880331  0.716031  0.421749  0.759918
point 17 189 88.1259 224.728   0.923541 -0.0134512  -0.908521  -0.867043  -0.107818   0.844779   0.691894  -0.418522  -0.342394   0.205512
point 18 226 60.1073 112.945 -0.0634015   0.460974    0.54876   0.583314   0.948663   0.435759  -0.940864  -0.841491 -0.0510333   0.434127
point 19 229  180.07 196.092   1.01653 0.0372339   0.28444 -0.736756  0.929969  0.109922  0.479258 -0.374218   0.14054  0.108019
point 20 232 541.375 237.118   -0.12205  -0.338672   0.422997  -0.325743  -0.852037   -0.10168   0.857965   0.718254  -0.939872 -0.0150364
point 21 275 203.79 170.78   0.875155 -0.0280737   0.431479  -0.757192  0.0237827   0.172649  -0.274426    0.41515  -0.598367  -0.138761
point 22 297 620.536 162.395   0.581366  -0.125447   0.834618  -0.279148   0.135714   0.523853   0.764417   0.774395  -0.169872 -0.0821966
point 23 310 360.849 163.687  0.631905  0.189208 -0.651827 -0.804148  0.703405 -0.215767 -0.844362 -0.313057  0.830864 -0.644646
point 24 315 226.998 25.1974 -0.837059  -0.40313  -0.99327  0.129347 -0.332658  0.213979 -0.550875  0.802747  -0.73948  0.941278
point 25 320  229.99 228.117  -0.153777   0.629548   0.938791 0.00888075   0.608038   0.165308 -0.0142691 -0.0244345   0.199127   0.313299
point 26 332 20.3398 207.454  -0.338775  -0.158324  -0.113847   0.343005   0.687494   0.842725   0.705382 -0.0148769  -0.821382  -0.488845
point 27 343 418.167 203.308  0.0291391  -0.942825  -0.411989  -0.786843  -0.224493 -0.0517969   0.322772  -0.858461   0.570602  -0.460416
point 28 357 532.473 232.162  0.395334 -0.223925  0.478965   0.46109  0.541479 -0.142264  0.309158   0.77083  0.431396  -0.19388
point 29 379 452.954 167.386  0.252086  -0.54275  0.124242 0.0863151  0.565708 -0.294122 0.0182747 -0.254406  0.151076  0.234737
point 30 391 556.592 229.036 -0.884463 0.0203355  0.228929 -0.130998 -0.333282 -0.440923 -0.340761  0.292757 0.0654919 -0.965666
point 31 393 226.251 221.173  0.554861  0.042609 -0.321541   0.33472  0.987012 -0.137287  -0.71043  0.106777  0.750998 0.0169192
point 32 402 135.173 218.516   0.261962  -0.216999 -0.0554793   0.990136   0.508994  0.0207246  -0.133202   0.417255   0.989526  -0.326236
point 33 404 113.832 174.866 -0.0535289  -0.907458   0.223249  -0.432305  -0.119051  -0.545987   0.331058   0.876323  -0.542132   -0.17393
point 34 426 593.217 171.583  0.945045  0.167142  0.909748  0.317943  0.861467 -0.214674  0.434652  0.387517 -0.827023 0.0508013
point 35 436 617.704 231.087  0.325877   0.82308  0.192047  0.660081 -0.840041  0.375477 -0.480032 -0.427162  0.893869 -0.365044
point 36 445 549.846 145.694 -0.927178 -0.244245 -0.675268 -0.871023 -0.362712  0.804939 -0.335276  0.150782 -0.461553  0.589526
point 37 447 626.524 129.037  -0.352088 0.00870486  -0.943247  -0.779854   0.273662  -0.879606  -0.080472   0.574699  -0.735224   0.586929
point 38 449 370.859  146.64  -0.039429  -0.395793   0.795963  -0.493436 -0.0479405  -0.504414   0.582877 -0.0339708  -0.305719  -0.222775
point 39 450 208.789 174.177  0.426762  0.184038  0.637363 -0.602867  0.941754  0.501211 0.0323935 -0.837384  0.823908  0.701665
point 40 453 60.6739 235.877  -0.420836   0.366029 -0.0539877  0.0899226   0.300865  -0.575139  -0.819643  -0.233213   0.527773    0.22911
point 41 458 242.482 196.948  -0.76128  0.193293 -0.787476  0.305381  0.512744  0.385165  0.811138 0.0524694   0.91205 -0.565118
point 42 464 222.937 234.839 -0.0246651  -0.902279  0.0520964   0.120237   -0.52695   0.100191   0.377667   0.495759  -0.615661   0.173615
point 43 478 61.4319 201.035   0.16458 -0.685693  0.552766  0.774611 -0.411802 -0.423999  0.249023  0.139176 -0.369116  0.879442
point 44 480 9.62069 221.217   0.230667  -0.930763  -0.896561  -0.161441   0.435774   0.279527     0.0396 -0.0633695  0.0917566   0.673438
point 45 487 375.327 175.585 -0.844439  0.949855 -0.721526 -0.948754 0.0603418   0.63512 -0.375245 -0.853243  0.326124 -0.172298
point 46 505 232.497 198.203  -0.672998  -0.194382   0.225004   0.219464  -0.837932  -0.523473  -0.846541   0.939298  -0.472076 -0.0298245
point 47 520 149.682 171.682 -0.271092 -0.910507  0.409663  0.328771  0.819914  0.427345  0.416785  0.104071    0.2542 -0.231586
point 48 521 457.103  163.28  -0.792413  -0.313762   0.595781   0.142798  -0.200047 -0.0349185  -0.367261  -0.618413  -0.780715  -0.717162
point 49 534  64.873 208.511  0.308428   0.35997 -0.303555 -0.982776 -0.135911 -0.141504  0.398242 -0.284251 -0.218568   0.17295
point 50 549 465.795 235.094  0.733937 -0.393952  0.839479   0.88508 -0.121912  0.245055 0.0757334  0.456402  0.369561  0.716238
point 51 561 78.5734 224.704 -0.916408 -0.366458  0.794187 -0.137471 -0.955402 -0.721042 -0.138283 -0.984396 -0.372082  0.691512
point 52 579 486.364 188.909 -0.870891 -0.116477 -0.786297 -0.016888   1.01876  0.490165  0.027577  0.488186  0.182542  0.249232
point 53 581 397.515 238.054  -0.73186 -0.504222 -0.247223  0.923098 -0.949999 -0.110723 -0.173951 -0.775414  0.928943 -0.148099
point 54 586 485.675 188.605  0.0283355   -0.97318   0.733966    0.21047  -0.276907  -0.107058  -0.762556  0.0730458 -0.0503217   0.758597
point 55 603 309.329 79.7784   1.03529  0.630061  0.670107  0.283911 -0.848544  0.428396 -0.833727   0.78951 -0.524123  0.707993
point 56 616 61.3047 226.141    0.85132   0.579965   0.501387   0.415782  -0.945921  0.0138276  0.0192522  -0.676314   0.234978 -0.0274618
point 57 627 295.004 127.539 0.0581093  0.952116  -0.60605 -0.505976 -0.810691  0.345272 -0.810846 0.0237207  0.330134  0.598038
point 58 628 347.024 212.952 -0.727938 -0.119604  0.137099 -0.402305 -0.209127  0.854504  0.648655 -0.408215  0.516127   0.86376
point 59 669 114.273 233.937   0.457973   0.655279  -0.698442   -0.46228   0.155142  -0.650148 -0.0734428   0.959102  -0.230248  -0.291602
point 60 678 253.982 168.939 -0.844039 -0.861313 -0.351688 -0.381088 0.0539602  -1.00358 -0.934577 -0.149969  0.263876 -0.362086
point 61 704 356.243  195.19 -0.367252   0.13057  0.334602 -0.143458 -0.485226  0.826883  0.517133 -0.921046 -0.474081  0.704728
point 62 712 475.191 237.567 -0.0439585  -0.755735   0.476936   0.744467  -0.587567  -0.541933   -0.69962  -0.240222   0.769673  -0.173828
point 63 717 415.874 123.532   1.00769   0.63067  -0.92694 -0.251109 -0.309269 -0.741475 -0.634753   0.70303 -0.383876  0.620783
point 64 756 19.3443 194.252 -0.706238  0.190748 -0.792239  0.118385 -0.114991   0.22249 -0.486173  0.489729  0.213242  0.804753
point 65 780 199.539 239.484 -0.942931 -0.196811 -0.284102  0.114256    1.0093  0.544921  0.530861 -0.803706   0.27838  0.916703
point 66 792 557.568 195.262 -0.0630645  0.0975425    0.45047   0.478779  -0.936294    0.70413   0.639455 -0.0279606  -0.506829   0.133081
point 67 813 619.635 231.735   0.656545   0.879686  -0.362535  -0.833014   0.266951  -0.803978   0.836189   -0.73349 -0.0490467   0.188508
point 68 847 110.263 198.303  0.103029   0.44082   0.37803  0.923603 -0.772485  -0.73105 -0.332091 -0.885469 -0.846212  0.156541
point 69 865 593.704 188.767   0.852682  -0.372317  -0.941124  -0.303653  -0.286544  -0.196875   -0.96064   0.563775  -0.720012 -0.0518715
point 70 868 353.617 198.036    0.629415   -0.376304   -0.872107  -0.0420017   -0.612308   -0.354667    0.861975   -0.867328 -0.00889673     0.54021
point 71 872 416.892 163.804  0.441863  0.884929 0.0817026  0.475124  -0.47615  0.733286 -0.457245 -0.265917 -0.875312 -0.978893
point 72 877 175.864 175.903 -0.664599    0.8802  0.724441 -0.973246 -0.170718 -0.946799  0.879648 -0.570534   0.36509  0.450559
point 73 897 271.085 192.715   0.219476   0.831496   0.949347   0.600698   0.139942  -0.866838 -0.0984513   -0.17444   -0.84955   0.233789
point 74 909 58.1246 205.149 -0.321068  -0.69309  -0.26279 -0.376648 0.0963847 0.0023339 -0.406498  0.179022  -0.36769 -0.188238
point 75 947 260.416 182.593 -0.331991 -0.917928  0.852606 -0.538844 -0.578971  0.947284  0.650922 -0.726381 -0.826464  0.756683
point 76 948 628.694 183.934 -0.913598  0.142192 -0.957645  0.388238 -0.108896  0.302125  0.299065  0.444351  0.495267 -0.188385
point 77 953 154.533  164.38  0.0714815   0.583748   0.721214  -0.561866 -0.0942627 -0.0326483  -0.481674   0.785067  -0.693306   0.825987
point 78 968 23.8086 21.9444  0.0247026  -0.351517   0.106945 -0.0365982   0.947593  -0.185792  -0.701789 -0.0553541  -0.651984  -0.963672
point 79 972  209.62 158.394  -0.733993  -0.498404   0.988615 -0.0355406   -1.00396  -0.541313  -0.719703   -0.34594  -0.720873   0.675638
point 80 975 531.221 219.324   -0.785109    0.426476    0.777438 -0.00779628    0.666102    -0.09919   -0.851179     0.25398  -0.0104929   -0.280433
point 81 993 204.068 176.227  -0.236046   0.963595  -0.476416   0.770443 -0.0972234   0.338149  -0.262404   0.111665   0.389972  -0.345541

