seq: 304
gt_pose:  3.08014 -4.95063  2.60322
odom_pose: 0.956921 -5.41762  2.39388
point 0 5 375.777 178.001 0.00734529   0.293128  0.0135754  -0.899431  -0.124394   0.867993   0.813184   0.426303  -0.450243   0.484792
point 1 6  586.07 115.142 -0.634218 -0.113255   0.79543   0.62321 -0.321326 -0.533724  0.814853 -0.319957  0.373048  0.931269
point 2 9 90.6842 143.346  -0.840122  -0.790729 -0.0523938   0.526763   0.999793   0.839377   0.386892  -0.204356   0.513235  -0.244964
point 3 14 473.486 196.958 -0.765199  0.107584  0.539977 -0.355526   1.00243  0.129662  0.745434  0.515159  0.267938 -0.907782
point 4 17  637.44 104.159  -0.462652  0.0861653    0.41645  -0.810896 -0.0482736   0.230992   0.909518  -0.111297  -0.352063   0.665959
point 5 23 292.554 99.8635   0.774486   0.726729 -0.0260008   0.114318  -0.639903  -0.494177   0.710445 -0.0126168 -0.0354072   0.742865
point 6 24 260.728 160.957    0.338651     0.47789   -0.680935    0.251901 -0.00648334    0.685191    0.419907   -0.594706   -0.577605   0.0285724
point 7 36 578.468 236.981 -0.178326 -0.269964  0.413208  0.651962  0.373895 -0.660016 -0.890134 -0.883726  0.342544 -0.655451
point 8 37  584.19 230.227 -0.988006  -1.01228 -0.391435 -0.439405  0.298955  0.697781 -0.592222 -0.297785  0.369937  0.790743
point 9 43 201.093 222.715    -0.9506   0.390744   0.152956   0.631329   0.116598  -0.142328 -0.0809183   0.962967  -0.919488  -0.858656
point 10 44 612.217 183.984  -0.606266   0.293808   0.895576   0.455509 -0.0428056  -0.106056   0.665037   0.930895   0.853795   0.783137
point 11 57 620.324 152.972  0.451259 -0.318499 -0.559687   0.51139 -0.480606  0.416633 -0.942001  0.688872  0.723814  0.212425
point 12 72 320.165 217.496 -0.817279 -0.365099   0.75533  0.252064 -0.752738  0.629262  0.450487 -0.249177 -0.226086 -0.247407
point 13 74 91.6383  200.66 -0.0435938  0.0162111  -0.567591   0.712377  -0.759113   -0.38473  -0.669379   -1.00637   0.806041  -0.455057
point 14 77 613.998 234.012  0.105219 -0.988929 -0.429476 -0.632534  0.429098 -0.125478  -0.54359  0.324175 -0.526737  -0.34867
point 15 78 390.277 211.722 -0.920166 -0.845058  0.604869  0.803377  0.926453 0.0175948 -0.418404 -0.685512 -0.303161 -0.118662
point 16 81 113.607  175.57   0.525112   0.270023  -0.854887  -0.111254  -0.212958 -0.0581789   0.248349   0.651618  0.0865769  -0.596343
point 17 109 425.098 230.725  -0.478241   0.919026  -0.778231  -0.434437   0.465529 -0.0109403   0.738649    0.61004  0.0256751    0.27292
point 18 110 531.324 178.074  0.856028  0.986836 -0.590193 -0.280349   0.10851 -0.689611 -0.609082  0.581359  0.749629   0.21911
point 19 113  582.48 212.661   0.020504  -0.522644   0.555217  -0.894151   0.485567   -0.36126  -0.935148   0.598589  -0.270578 -0.0603209
point 20 116 367.456 217.378   0.89772  0.552598  0.343159 -0.445086  0.582228 -0.127486 -0.350781  0.534406   0.38324   0.76556
point 21 119 532.218  179.92 -0.379409   -0.4503   0.85944  -0.37928  0.757659  0.481379   0.86999 -0.503438 -0.811526  0.428361
point 22 123 410.691 150.414  0.189703 -0.847988 -0.209154  0.404878  0.869533  0.726495  0.229149 -0.189805  0.410102 -0.655325
point 23 132 547.665 204.356   0.197336  -0.933439  -0.957226 -0.0982487  -0.685677   0.874456  -0.808176   0.273041   0.882274   0.668909
point 24 138 430.927 198.945 -0.394782 -0.730832 -0.409018  -0.61438 -0.461971  0.196382  0.505348 -0.763937  0.139324 -0.100264
point 25 139 105.833   186.5  -0.184352  0.0289607   0.197646 -0.0557813   0.597295  -0.775611   0.273389   0.832569  0.0439748  0.0780776
point 26 146 282.457 168.408  0.992688  -0.55531 -0.662023  0.145232 -0.665939 -0.127659  0.918558 -0.553219 0.0496982 -0.781873
point 27 148 569.373 161.001  -0.121604   -0.25436  -0.203374   0.499685 -0.0287703  -0.229215   -1.02929   0.197179   0.887347  -0.658823
point 28 158 629.316  171.83  0.471206  0.458555   0.31636 -0.290735 -0.144227 -0.398312   -0.7241  0.193368   1.01587 -0.557486
point 29 159 505.892 211.798   0.243178  -0.992476     -0.935  -0.153494 0.00226335   0.119476    0.94842  -0.331697  -0.393509  -0.777881
point 30 165 477.619 200.618   0.463607  -0.730285   0.470866   0.634071  -0.764793   0.670209  -0.667178   0.780131   0.419681 -0.0435953
point 31 169 588.609 196.503 -0.588189  0.448111  0.769701 -0.221495 -0.131681  0.454139   0.33081  0.420777 -0.676922 -0.537078
point 32 179 635.677 197.972 0.0561786 -0.841831  0.119716  0.766807   0.75068  0.410724 -0.313992 -0.830483 -0.232604  0.773642
point 33 183 99.6209 189.961   0.400649  0.0260586   0.142823 -0.0955652  -0.482468 -0.0542555  -0.547502   0.334724   0.794671   0.310537
point 34 184 425.292 201.587  -0.21658  0.540851 -0.395249 0.0552149 -0.566563 -0.282974  0.136045 -0.399081  -0.40304  0.358623
point 35 200 410.259 179.759  -0.438576   -0.73158   0.611923    0.33633   0.248487   0.510817 -0.0889351   0.883662   0.959504 -0.0745227
point 36 227 93.2366 229.858  0.910149  0.213995 -0.358462  -1.03659  0.558235  0.840035 -0.353291 -0.625479  0.114611  0.301546
point 37 234 182.063 94.6722  0.116314 -0.192053  0.622368 -0.360633  0.756708 -0.410559   0.33812  0.249752  0.196954  0.389892
point 38 242 264.348 109.485 -0.798337 0.0293684  0.175425  0.440055 -0.412705  0.610958  0.829001 -0.759312  0.462738  0.646052
point 39 277 323.916 152.367  -0.53859 -0.850699  0.279513 -0.799048  -0.95445  0.194821  0.136449  0.466789  0.356382  -0.92961
point 40 288 18.1123 189.787  0.253621  0.612492  0.881712 -0.962777  0.947844 -0.876085 -0.464779 -0.529765 -0.109667  0.592989
point 41 292 186.779  215.41  -0.235135   0.177839  -0.231852   0.663326  -0.309808  0.0129865   0.520037 -0.0252916   0.580144   0.813874
point 42 294  80.082 172.395 -0.0259451  0.0709351   0.159462   0.480479  -0.674167   0.887332   -0.41401  0.0190454   0.607041   0.295722
point 43 296 556.148 110.542 -0.030814 -0.598887 -0.392707  0.317968 -0.185958  0.649081 -0.711009  0.982618 0.0136767 -0.362789
point 44 301 465.167 209.724  0.147102  -0.47828  -1.02934  0.443138 -0.925459 -0.675726 -0.591355  0.456949 -0.754342 0.0377633
point 45 304 586.634 172.808  0.474529 -0.527789 -0.446366 -0.370916   1.02603 -0.189222   0.71542  0.526721 -0.501704 -0.392305
point 46 326 179.895 143.241  0.491508 -0.546366  0.550618  0.192903 -0.908967 -0.307562 -0.452176 -0.615389  0.226711 -0.808323
point 47 334 324.952 217.105 -0.378666 -0.399845  0.913556 -0.716326  0.272216 -0.309041  0.167991 -0.860387  0.933912 -0.178128
point 48 356 77.1796 184.955  0.305496  0.372461 -0.691756  0.882532  -0.60186  0.611068 -0.386524 -0.760712  0.849327 -0.945188
point 49 359 323.624 121.184 -0.0965219  -0.283783    0.64531  -0.541467   0.677857 -0.0104671    0.20081   0.176786  -0.498695  -0.208366
point 50 364 393.314 211.273   0.146072   0.746098   0.696623  -0.660694    0.90706  -0.500115  -0.612069  -0.917127   0.143369 -0.0451431
point 51 367 550.606  150.04  -0.713341  -0.895857   0.888502  -0.477087  -0.507569   0.665302  -0.300515 -0.0331035  -0.526771  -0.831324
point 52 382 308.613 164.079 -0.670405  0.822032  0.929244 -0.956957   0.14298  0.555811  0.542645 -0.176962  0.199499 -0.177762
point 53 398  561.05 216.646 -0.823932  0.929092 -0.655823  0.405958  -1.01996  0.633471   0.72966  0.845751   0.26325 -0.672003
point 54 409 208.457  204.25 -0.446092  0.874975  0.292137   0.76127 0.0984725  0.606698  0.642815  0.174511  0.230838  0.922255
point 55 422 192.115  202.21 -0.0276059   0.501743   0.586105   0.380808   0.964858   0.981762 -0.0305101  -0.827822   0.477732   0.723754
point 56 425 420.839 239.951   -0.45832  -0.411301   0.335863  -0.441363  -0.563827  -0.684808 -0.0949656  -0.941747   0.873835   0.896737
point 57 454 546.506 183.908 -0.907358  0.978188  0.631023 -0.411656  0.606941  0.764901     0.791 -0.605744  0.397945  0.387947
point 58 455 143.046 209.386    0.252599    0.252964     0.28235   -0.103659   -0.736602    0.937037   -0.700022    0.201657 -0.00418684    0.576196
point 59 459 140.933 214.577 -0.0614448  -0.518235  -0.257487 -0.0614048 -0.0426997  -0.740063  -0.699568  -0.941533  -0.971165   -0.83746
point 60 469  590.32 119.825 -0.113885 -0.806427   0.96895   0.96614 -0.114575 -0.507568 -0.806289  0.743062  0.190081 -0.891618
point 61 470 318.672 237.501   0.477583 -0.0494282  -0.643786   0.932399  -0.278819   0.869793  -0.406516   0.206803    0.43161   0.794471
point 62 472  350.05 210.163  -0.842433 -0.0940017   0.647107   -0.23801    0.95145  0.0344246   0.688895  -0.673879 -0.0433654  -0.583231
point 63 475 339.343 222.773   -0.952676    0.117226   0.0443429    0.584892   -0.330287   -0.392041   -0.080306 0.000290287   -0.737362   -0.315692
point 64 492 292.955 122.678  0.472078  0.483523 -0.694391 -0.420211 -0.521007  0.718033 -0.490146  0.819483 -0.846504 -0.581777
point 65 497 207.496 206.083   0.527712  -0.492034   0.656218  -0.168743  -0.612389  -0.124319  -0.590219   0.305148  -0.703786 -0.0244109
point 66 508 313.463  116.57  0.636656  0.570805 -0.234685 -0.168121 -0.736512  0.856065 -0.858516  0.198633  -0.75716  -0.78483
point 67 519 539.051 133.418  0.394572  0.446682   0.57669  0.147626  0.758825 -0.799154 -0.928872  0.912081 -0.344288  0.451977
point 68 529 343.963  191.69  0.430965 -0.350798 0.0730072 -0.265352  0.687232 -0.165193 -0.850093  0.825562 -0.125254  -0.33645
point 69 546 87.2844 182.259  -0.522829  -0.452976  -0.693466   0.945195   0.168618   0.266444  -0.296746  -0.127757  -0.925945 -0.0972082
point 70 560 137.325 99.3995  0.928455  0.513734  0.592955  0.821609  0.273466   0.46638 -0.721803 0.0423434 -0.452097  0.320928
point 71 568 374.418 214.835 -0.943451 -0.601084   1.01028 -0.672217  0.427415  0.547461 -0.981348 -0.828616 -0.749669  0.122849
point 72 573 606.251 135.837  0.880418 -0.225877  0.287509 -0.461321 -0.320244 0.0472694 -0.685183  -1.03092 -0.339767  0.628357
point 73 591  527.91 207.236   0.974048  -0.656793     0.6343  0.0641507  -0.472313  -0.221601   0.993378   0.247912 0.00248905  -0.528263
point 74 597 254.421 125.472  -0.686005   0.666457   0.849277 -0.0858411  -0.333884   0.533085   0.821155   0.937192   0.469782  -0.306494
point 75 617 436.908  173.41 -0.00574581   -0.863961    0.235567    0.185685     -0.5344   -0.953667    -0.21736    0.350499   -0.819279   -0.615636
point 76 639 545.582 118.786  -0.769542    0.84121  -0.316965  -0.385972   0.829263   0.606501 -0.0495791  -0.776831    0.12253   -0.66122
point 77 655 586.588 223.133 -0.109847  0.712926  0.477472 -0.551132 -0.597925 -0.493948 -0.983105 -0.686586 -0.823853  0.885766
point 78 658 567.575 225.584  0.331595  0.108725 -0.142878 -0.330558  0.206345  0.998436  0.635432  0.569359 -0.798103  0.495755
point 79 661 437.563 175.134  0.303321 -0.573672  0.456803  0.405271 0.0871325  0.167087 -0.902049 -0.745178  0.253245  0.414007
point 80 667 562.264 180.635 -0.979735 -0.621766 -0.271122  -0.54931  0.722775  -0.73331 -0.457295  0.721258  0.602525  0.425539
point 81 676 135.235 232.698  0.404189  0.449564  0.844279  0.218772 -0.428546  0.672851  0.500179  -1.04075  0.412078 -0.970636
point 82 695 385.866 209.376    0.698229   -0.172614    0.356866   -0.477444    0.455092 -0.00181001    0.959783 -0.00100284    0.506699     0.82805
point 83 738 63.3146 230.394  0.261099 -0.948787  0.699116 -0.563853 -0.622978 -0.428161 -0.592758   0.14517   0.72972 0.0906573
point 84 751 177.715 210.628  -0.298015  0.0234555  -0.437282   0.836426  -0.580028 -0.0299669  0.0993185  -0.931996   0.275796   -0.32654
point 85 752 445.661 174.022  0.850755  0.852408 -0.474888 -0.206589 -0.204926 0.0804287  0.300517 -0.601768 -0.657554 -0.463888
point 86 766 109.528 200.589  -0.949434   0.377135   0.200271  -0.527588 -0.0964907   0.162134  0.0349135  -0.916598   0.444989 -0.0470212
point 87 776 390.372 160.535  0.892168 -0.146484 -0.169197 -0.521343  0.678659 -0.811796  0.370469 -0.459783  0.791783 -0.814041
point 88 777 535.271 187.557 -0.651958  0.625661 -0.336552 -0.501826  0.616195 -0.300308  -0.29826  0.600559 0.0186831 0.0436442
point 89 794  421.43 210.322 -0.421286   0.44365 -0.354391 -0.654009 -0.010915  0.615638  0.480091  -0.46985  0.118685  0.537128
point 90 797 435.955 182.024  -0.762061  -0.663144   0.680646  0.0667851  -0.237964  -0.544367 -0.0712731   0.545199  -0.073718  -0.275489
point 91 819 323.458 192.255  -0.518022   0.467456  -0.781231   0.785473   0.898595  0.0131011   0.318943   0.774454   -0.40454 -0.0542677
point 92 821 567.749 124.225  0.421265  0.274052 -0.646898 -0.888575  0.927464 -0.178433  0.442093 -0.856301 -0.445975  0.404267
point 93 829 52.6348 157.576 -0.626253  0.816778 -0.744025 -0.863099    1.0013  0.237287  0.219819 -0.247403 -0.186506  -0.51222
point 94 841 411.537  176.01   0.11634  0.886674 -0.902883  0.892659 -0.425294  0.107109 -0.346221  -0.16691  0.206986  0.512239
point 95 843  486.82 161.055  -0.400114  -0.230347 -0.0646969   0.423863   0.175137  -0.957782   0.380627   0.271037   0.972917    1.02241
point 96 861 283.117 189.624  0.0723277   0.662769   0.777599  -0.172156  -0.479568   0.311794  0.0183173   0.186388 -0.0766057   -0.44581
point 97 862 356.513 206.421 -0.859202 -0.352899 -0.682675 -0.203168  0.622283 -0.458981 -0.121543  0.373861 -0.924405 0.0586803
point 98 867 638.874 203.563   0.983012   0.115542  0.0914635    0.56649  -0.422958 -0.0390826  -0.743924  -0.398933   0.649477 -0.0950943
point 99 878  563.61 234.241  -0.993994  0.0405624   -0.94278  0.0275952 0.00675441    0.45944   0.361271 -0.0857742  -0.708437  -0.577328
point 100 879 4.85645 117.482  -0.21131  0.639379 -0.130852 -0.621357  0.236135  0.127058 -0.749924 0.0102073  0.232964  0.103047
point 101 884 144.641 219.066  0.445579 -0.166707 -0.429933 -0.664613 -0.738737 0.0858876 -0.753613 -0.387602 -0.392116  0.767641
point 102 887 218.857 216.952  0.574846 -0.780998 -0.747878 -0.637532 -0.826755 -0.906339 -0.360532 0.0850945 0.0465234 -0.821583
point 103 917 47.0828 147.654  0.901533 -0.887451 -0.572447 -0.520404 -0.184759  0.688801 -0.850374   1.01339 -0.415076  -0.59173
point 104 925 76.8937 62.5487   0.765712   0.554134   -0.45547  -0.681508 -0.0104844  -0.235931   0.407969  -0.344717     0.4577  -0.222858
point 105 927   505.8 196.389   -0.0411901     0.908522     0.616786     0.345812    -0.852892     0.371993 -0.000998947    -0.413022     0.720304     0.881239
point 106 929 482.267 197.454 -0.869444 -0.274984 -0.301781  0.214033  0.261083  0.711008 0.0596721 -0.210989 0.0827071  0.235645
point 107 936 342.023 140.934  0.082899 -0.399799 -0.378422 -0.312275 -0.451423   0.96174 0.0545366 -0.739325 0.0871029  0.149488
point 108 941 150.883  206.62 -0.145465 -0.175424 -0.811965 -0.916255  0.492151 -0.255042 -0.708618 0.0257509 -0.351846  0.529228
point 109 942 432.393 221.807 -0.751411 -0.363743  0.617067 -0.462849  0.231386 -0.241455  -0.71677 -0.925347   0.98176  0.455614
point 110 954  102.86 214.358  0.604596 -0.347773  0.643379 -0.690861  0.117108  0.464548  0.366333  0.688999 -0.865377 0.0741899
point 111 965 334.027 165.254   0.862113   0.584116   0.551094 -0.0402051 -0.0132981  -0.479333  0.0985712   0.643355    0.89505   0.272799
point 112 976 0.52416 198.269 -0.896563  0.228706  0.281657 0.0600263 -0.727893  0.751397 -0.266824 -0.473144  0.821661 -0.719088
point 113 977 110.884 108.598 -0.468598 0.0246752  0.682771 -0.774315 -0.745992  0.801034  0.688327   1.03149 -0.189845  0.427153
point 114 979 537.278 170.021  0.069797  0.470728 -0.131736  0.455595  0.181721  0.400119 -0.590883  -0.15619  0.633718 -0.305609
point 115 987 19.5882 191.693 -0.053009 -0.606885 -0.434629 0.0694702  0.684586  0.573871 -0.563481   0.16366 -0.365609  0.762696
point 116 989 610.315  237.61  -0.699633   0.324449   0.493482  -0.614588 -0.0477806  -0.604027  -0.162802   0.547539   0.482533  -0.468311

