seq: 277
gt_pose:  7.02933  -2.3521 -1.89052
odom_pose:  5.39077 -3.72316 -2.14679
point 0 23 603.055  152.31    0.772604    0.741441  -0.0235322    0.137595   -0.687583   -0.494633    0.716295 -0.00610071   -0.102296     0.67981
point 1 24 614.924 178.977   0.326126   0.457022  -0.753454    0.16902 -0.0465162    0.65944   0.416201   -0.67575  -0.535179 -0.0341494
point 2 26 507.846   171.6 -0.902073 -0.735491  0.328399  -0.24656 -0.393435 -0.321298  -0.82303 -0.194735  0.882402   0.20854
point 3 35 408.904 201.975  0.124505  0.855913  0.356855  0.569623  0.347623 -0.354313  0.249375 -0.998927 0.0468075  0.665796
point 4 38 573.915 122.539  -0.60648 -0.697065 0.0368199  0.697334  0.352768  0.856878 -0.645185 -0.191801  0.378507   0.78133
point 5 45 505.516  218.98  -0.523772 -0.0756878   0.941935 -0.0457225   0.814089   0.956874  -0.644598 -0.0937962   0.583378   0.484179
point 6 46 143.711 137.378   0.908535  -0.343506  -0.177227   0.137977   0.101751   0.264275   -0.62975 -0.0436265  -0.320784   0.326842
point 7 47 162.858 211.079  0.759296 -0.750449 -0.295149 -0.593668  0.312455  0.194583  0.359973  0.234688 -0.903923  0.144981
point 8 48 513.655 158.788  -0.276828   -1.01554   0.889832   0.230637   0.579624   0.812295   0.866648  -0.677747   -0.12601 -0.0515254
point 9 54  439.81 130.103 -0.644465  0.191773 -0.877286 -0.751669 -0.709489 -0.553012 -0.712294  0.192392 -0.874753  0.803477
point 10 56 387.399  192.21    0.250407   0.0639213   -0.962333    0.854013   -0.259011   -0.614791 -0.00456665   -0.195267   -0.419876    0.338339
point 11 59 598.641 159.426    -0.93617      -1.001   -0.995004  -0.0570442   -0.385169    0.399621    0.596641 -0.00601791  -0.0558386    -0.85911
point 12 69 360.152 212.077   -0.371825    -0.75222    0.820792   -0.827502 -0.00839541   -0.489472    -0.62383   -0.427112    0.349328    0.929866
point 13 85 198.341 204.039  0.573833 -0.450607 -0.654508  0.485554  -0.23032  -1.01676  0.446124  0.787454 -0.954544  0.738408
point 14 91 266.464 217.392   0.515898 0.00179409  -0.848017 -0.0913081   0.849027   0.807506   0.295101   -0.49427    -0.5953  -0.469867
point 15 116 616.183 227.524   0.900887   0.614921   0.341755  -0.446569   0.631435 -0.0639092  -0.323312   0.542861   0.343473   0.818135
point 16 118 418.598 193.092   0.847426   0.893676   0.674189  -0.502018 -0.0349477   0.526068  -0.895179  -0.654013   -0.86326   0.662904
point 17 138 548.002 230.547  -0.38634 -0.697783 -0.458282 -0.579324 -0.531987  0.140636  0.562886 -0.775816  0.168771 -0.037308
point 18 151 144.525 181.097  0.962933 -0.525764 -0.664482  0.744276  0.379234  0.512471  0.872469 -0.758014 -0.160334  0.672455
point 19 152 372.252 138.462   0.102485   0.509012  -0.669838  -0.570432   0.908367  -0.532739 -0.0516368   0.656992   0.819144   0.328125
point 20 174 552.339  19.599   0.636756   0.110528   0.892854   0.123381 -0.0195204  -0.456943  0.0995265  -0.553459  -0.501998  -0.966757
point 21 188 182.228 137.681 -0.391663  0.258761 -0.371368  0.833551  0.446227  0.233508 -0.506272 -0.235108 -0.298356  -0.63254
point 22 194 285.455 64.2529   0.915176  -0.852697  -0.133066     0.8252  -0.707497  -0.716999  -0.157579   0.776959   0.633969 0.00646794
point 23 196 261.549 135.874  0.587089  0.498523 -0.930097 -0.902178  0.379312  0.949054 -0.774564 -0.724024  0.702424 -0.396459
point 24 207 210.361  228.76 -0.922937 -0.707178   0.96203  0.935719 -0.314986 -0.813286 -0.295176  0.493349 -0.633593 -0.751758
point 25 221 97.1393 239.601 -0.540401 -0.210876  0.142671  0.639634  0.809512 -0.680003  -0.30023  -0.55438 -0.749354  0.806284
point 26 224 322.939 55.4224  0.922054 -0.589528 -0.757501  0.472364  0.404363 -0.416378  0.369245  0.419238 0.0887145 -0.121974
point 27 234 541.648 167.927  0.128644 -0.125813  0.648474 -0.280168  0.769779  -0.45342  0.330166  0.200088  0.240908   0.44069
point 28 237 229.646 88.0284 -0.0821522  -0.961852   0.670204    -1.0021   0.171651   0.865488  -0.955122    0.22676   0.369402   0.174429
point 29 242 607.662  146.08 -0.788912 -0.026675  0.205266  0.389822 -0.335535  0.651916  0.826675 -0.794661  0.468144  0.637711
point 30 252 328.254 176.358 -0.403082  -0.02811  0.699333 -0.203094  0.963678  0.910121 -0.114835  -0.13519 -0.954833  0.104721
point 31 257 250.853 232.551  0.953495 -0.223074 -0.154268 0.0390197 -0.859913 -0.109942  0.278169 -0.757574 -0.033701  -0.76222
point 32 261 346.166 196.729  0.883916  0.391464  0.993736 -0.305365 -0.232419  0.181668 -0.670376  0.911676 -0.319024 -0.119775
point 33 265 184.837 225.532  0.255626 -0.172548  0.110011  0.682625 -0.670258 -0.684614  0.265119  0.393659  0.865342  0.419472
point 34 273 309.357 162.028  0.702086 -0.531041 -0.604555  0.265097 -0.835969 -0.795217 -0.191581 -0.891402  0.911197  0.080515
point 35 305 1.88381 76.7952   0.122531   0.264621   -0.22958  -0.762229  -0.399713   0.928174  -0.520123 -0.0538926   -1.04321    0.36383
point 36 326 546.134 187.746  0.400794 -0.532236  0.632125  0.233395 -0.974162  -0.33471 -0.413923 -0.625155  0.226561 -0.813708
point 37 327 591.992 182.134 -0.338748    -1.004 -0.224249  0.867579   0.30817  0.524845 -0.469882  0.663205 -0.335489  0.792891
point 38 347 239.57  174.2  0.395748  0.353666 -0.675787  0.607893 -0.123228 -0.773882 -0.969327  0.798738  0.563208  0.365552
point 39 354 68.6314 230.069  0.329876 -0.218843  0.873742 -0.691497  0.434152  0.442322  0.615153 -0.102562  0.677956  0.228349
point 40 365 204.341 191.802   0.762371  -0.871604  -0.543965  -0.293799   0.530663 -0.0122093   0.887514  -0.227708   0.553343  -0.274768
point 41 368 76.4491 239.971  0.591975 0.0681933 -0.195472  0.393164  0.195729 -0.730109  0.117403  -0.58231  -0.45936 -0.759926
point 42 373 380.335 232.533  -0.387406   0.792815 0.00279714  -0.342213   0.455498   0.588859 -0.0924479   0.762961   -0.29058  -0.854237
point 43 374 379.655 201.025  0.564832   -0.4089  0.253154 -0.692752  0.380227 -0.921159  -0.79013 -0.607114 -0.418547 -0.797203
point 44 382 603.744 194.727 -0.741724    0.8826  0.943472 -0.966381  0.127489  0.593603  0.556865 -0.185865   0.26583 -0.208633
point 45 394 245.284 148.237 -0.163594 -0.483166  0.963059 -0.306851  0.374938  0.978567  0.622359   -1.0158  0.237541  0.623008
point 46 421 82.5761 135.156 -0.806559 -0.843835 -0.208529 -0.716615   0.74821 -0.599425  0.253716   0.19093 -0.320487 -0.153245
point 47 444 373.111 174.377   0.634222  -0.902293   0.481151  -0.653131  0.0542496   -0.76188   0.944518   0.318752 -0.0574017   0.584177
point 48 446 409.833 141.047  0.538366 -0.720825  0.596293   0.95165  -1.01679  0.194196   1.02217  0.490447  0.576775 0.0157379
point 49 451  104.07 76.1096   0.548205  0.0658884   0.474817  0.0915908   0.113277  -0.611744   0.732775 -0.0539802 -0.0757762  -0.280502
point 50 452 405.331 176.058 -0.936877  0.241814 -0.189802  0.741456  0.607843 -0.756921  -0.11517  0.196783   -0.3738 -0.147677
point 51 468 407.83 165.86  0.453411 -0.250696 -0.451601   0.54645  0.183687  0.470782 -0.376933  -0.26331 -0.787201  -0.34227
point 52 481 332.859 224.728 -0.907988 -0.816652  0.413873 -0.599405 -0.256422 0.0454095 -0.213592 -0.852168 -0.430489  0.243057
point 53 482  340.68 210.778  0.491637   0.42318  0.237924  0.139191 -0.343014 -0.544367   0.26585 -0.213319  0.264329 -0.393433
point 54 484 458.972 191.891  0.890317  0.677183   1.03174 -0.725092 -0.665706  0.511037  0.591542  0.628502 -0.352603 -0.684055
point 55 492 630.032 150.285  0.451887  0.504948 -0.709949  -0.36551 -0.482112  0.713282 -0.559393  0.840012 -0.778078 -0.575664
point 56 498 296.018 209.582 -0.452736   0.39206  0.817427  0.815985 -0.679016  0.973482 -0.894751  0.880063  0.215172 -0.954889
point 57 508 621.981 156.648  0.600403  0.623533  -0.22384 -0.164331 -0.758404  0.859368  -0.80573  0.209976 -0.756604 -0.740739
point 58 509  379.22 174.907  0.299808 -0.920769 -0.337846  0.652165    0.7949   0.87689 -0.416762 -0.337591 -0.303743  0.946168
point 59 510 167.309 194.214  -0.609049  -0.931264   0.671304 -0.0654423   0.784072   0.239434  -0.465914  -0.390762  -0.866442   -0.25159
point 60 531 147.039  174.68  -0.35207 -0.118054 -0.505987   0.42022  0.405765  0.904086  -1.00566 -0.554266  -0.35294  0.682195
point 61 537 73.5835 126.126 -0.398223  0.595496  -0.13843 -0.421676  0.257628  0.152543  0.047004 -0.561344 -0.529674   0.24557
point 62 548  263.37 180.957  -0.808602  -0.386603  -0.453205  -0.481978  -0.871104  0.0746922  0.0934617  -0.602903 -0.0195337  -0.797259
point 63 560 505.827 203.356  0.918896  0.473599  0.527434  0.820508  0.253745  0.480018 -0.775783 0.0349618 -0.467684  0.410795
point 64 565 477.669 238.822 -0.890196   0.95345  0.393213   0.27359 -0.540537 -0.590291  0.842733  0.852666 0.0346727  0.529913
point 65 567 195.264 199.999 -0.962837 -0.818888   0.71054 -0.489914   0.13153  0.776044 -0.599561 -0.345736 0.0461355  -0.11061
point 66 597 592.312 164.842  -0.721747   0.752409   0.888391 -0.0872189  -0.293568   0.603499    0.85638   0.949003   0.430097   -0.26585
point 67 618 181.948 166.076 -0.228173 -0.600071 -0.272505 -0.565592  0.299346 -0.504157   0.93388 -0.202651   0.87961  0.911681
point 68 620 387.588 164.448  0.603994 -0.302325  0.875929  0.796976 -0.311818 -0.376605 -0.781426  0.394673 0.0129622  0.486091
point 69 637 161.792 108.313 0.0477558 -0.625427 -0.602907  0.462193  0.346305   0.11665 -0.190558 -0.626663  0.667689  0.832366
point 70 639 560.39 213.82   -0.82839   0.850778  -0.393598  -0.329362   0.814033   0.682182 -0.0696665  -0.843324  0.0676036   -0.70821
point 71 651 516.277  163.27  0.859673  0.541192  -0.55591  0.278889 -0.595466 -0.911774 -0.908066  0.387692  -0.24485 -0.414759
point 72 671 157.864 167.066  -0.970785  -0.352723 -0.0654432   0.599004   0.669439  -0.635815   0.184424    1.02632  -0.102005  -0.618599
point 73 673 342.539 238.096  -0.429128   0.631142 -0.0833251  -0.308382   0.597759  0.0506856   0.435079  -0.470595  -0.449966  0.0739298
point 74 692 243.317 173.999  0.681942 -0.790455  0.874761 0.0831928 -0.362432   0.21424 0.0297201  0.831367 -0.379462 -0.991511
point 75 731 410.806  223.42 -0.338064  0.366853   0.38107 -0.822122 -0.670144  0.896126  0.784861   0.77413  0.605075  -0.78743
point 76 733 227.204 160.078 -0.358138 -0.665265  0.616226  0.141788  0.192895 -0.715716 -0.499544 -0.476455 -0.584627 -0.127528
point 77 742 205.198 165.099 -0.455203 -0.311283  0.594689  0.522771 -0.851742 0.0415813  0.344874 -0.806198 -0.377814 -0.847063
point 78 743 362.977 218.272   0.139194  -0.588989     0.8857   0.264855   0.656081  -0.233798  -0.476849 -0.0406989  -0.282536  -0.464173
point 79 745 413.784 191.519  0.996128 -0.443628 0.0720181 -0.665901    0.2382 -0.684965 -0.262257  0.152193  0.583292 -0.510331
point 80 762 214.759  207.62   0.209414 -0.0713703  -0.946165    0.80253   0.249369   0.843303  0.0319145   0.845208  -0.904507   0.496399
point 81 763 445.665 177.327   0.136723  0.0997374  -0.750231  -0.307079  -0.586912   0.833459 -0.0766856   0.558696   0.408278  0.0653736
point 82 764 259.091 186.334 -0.989233 -0.432905  0.279334 -0.749454  0.938898 -0.459749  0.145197 -0.966884 -0.671798 -0.608159
point 83 774 639.153 224.264   0.322086   -0.06333 -0.0645781   0.615833  -0.123377  -0.383677   0.125323   0.191756   0.156585  -0.315092
point 84 790 57.7375 220.618   -0.77359  -0.808677 -0.0286494  -0.272174   0.399706   0.314684   0.215301  -0.245222  -0.913236  -0.766819
point 85 791 362.142 185.995  0.662162 -0.601426 -0.753627 -0.555325   1.02293 -0.488624  0.450452  0.568285  0.459941 -0.470119
point 86 811 207.957 172.061  0.545747  0.643022 0.0404225 -0.282275   0.36288  0.778808 -0.174166   0.33611 -0.542944  0.333367
point 87 857  196.66 216.326 0.0817058 -0.815958 -0.391876  0.410073   1.01277  0.655631  0.395885  0.145934 -0.424338  0.474954
point 88 860 282.717 227.868  -0.814059  -0.834816   0.772428   0.503676  -0.814505    0.27677  -0.236799 0.00264476  -0.912531  -0.506029
point 89 887 580.462  224.29  0.631834 -0.770171 -0.808687 -0.655726 -0.827706 -0.872715 -0.335454 0.0960186 0.0961222 -0.748197
point 90 903 510.565 178.066    0.833205    0.531759    0.978231    0.795147 -0.00866827   -0.737822    0.209874   0.0330795   -0.931325  -0.0162153
point 91 904 270.584 172.522   -0.46586  -0.194624  -0.479637   0.619469   0.341829  0.0659927    0.87146  -0.817669 -0.0439298  -0.791025
point 92 906  132.11 162.609  -0.98377   0.29109  0.857018 -0.575112  0.638888 -0.526909  0.233001 -0.756866 -0.961243 -0.424954
point 93 918 505.027 225.577 -0.806787  0.155645  0.575994  0.155676 -0.314378 -0.725484 -0.585482  0.868323 -0.199299 -0.256756
point 94 931 488.116 182.052   0.733127   0.759989   0.350249 -0.0964326   0.338583   0.536902   0.619953  -0.948663  -0.269111  -0.183482
point 95 935 393.512 219.911  -0.688726  -0.916954   0.207598   0.999962  -0.598967   0.500726   0.305634   0.780493  -0.787161 -0.0929423
point 96 961 469.336 165.811  -0.382273  -0.523659   0.965545   0.559589   0.527635   0.608562  0.0566344 -0.0453489  -0.746105  -0.120651

