seq: 214
gt_pose:  4.84607  4.53145 0.289141
odom_pose:  5.07811  3.49634 0.213091
point 0 20 429.739 203.079 -0.496152  0.101929 -0.776983 -0.518633  0.776269  0.360131 -0.851059 -0.792473 -0.316493  0.114744
point 1 50 626.772 140.099  0.815228 -0.616918 -0.465228 -0.707237 -0.634408  0.300658 -0.655414 -0.777702 -0.564301  0.928068
point 2 71 257.628 1.24455   0.18883    0.2757  0.492111  0.574232 -0.432699 -0.797732  0.808792  -0.68849 -0.685872 -0.301266
point 3 79 476.549 118.044 -0.229492 -0.723852 -0.180682 -0.797579  0.206656  0.973099 -0.748011  0.755485 -0.708665  0.649034
point 4 83 202.912 172.652   0.67052  0.925624 0.0263736 -0.941675 -0.626237 -0.407208  0.302316 -0.436853  0.534729 -0.949133
point 5 96 317.381 199.472  0.477286 -0.392637  0.259699  -0.65354 -0.848986  0.586112  0.755821 -0.385081 -0.203595  0.777736
point 6 135 93.6189 159.752 0.484497 0.436663 0.450419 0.320077 0.254366  1.02474 0.596188 0.417105 0.367135 0.716351
point 7 136 105.49 121.17 -0.413524  0.136538  0.655399  -1.03188  0.363844 -0.617871  0.139138 -0.206383 -0.773249 -0.180266
point 8 213 592.745 150.257    0.51729  -0.223019    -0.7854 -0.0111857  -0.115243  -0.917918  -0.417699   0.796308   0.402863   0.126434
point 9 222 343.345 232.218  -0.620973   0.901821  -0.898905  -0.477255   0.508269  -0.719401 -0.0320946   0.490983   0.344315  -0.440532
point 10 232 283.266 236.521 -0.0688351  -0.345428   0.382523  -0.355329  -0.881227 -0.0354869   0.849487   0.730867  -0.999914 -0.0692268
point 11 244 544.788 108.782 0.0113799  -0.87735  0.510203  0.606275 -0.857709  0.726845 -0.349329  0.256166  0.164336  0.224547
point 12 248 164.069 174.696 0.0302183  0.781375  0.539693  0.266188  0.104741   0.21496 -0.989648 -0.990861 -0.925151  0.307677
point 13 255 563.271 203.075  -0.927813  -0.854542  -0.896173  -0.946597 -0.0488261   0.905532   0.220888  -0.275259  -0.175632   0.423253
point 14 270 474.537  222.29 -0.531784  0.428819 0.0840416 -0.701042  0.013591  0.130724  0.435706 -0.225319 -0.951337 -0.810126
point 15 297 305.073 180.501   0.545289  -0.100237   0.796081  -0.252674   0.127863   0.462788   0.779336   0.852401  -0.170121 -0.0873795
point 16 300 368.166 179.261 -0.173525 -0.684688 -0.624731 -0.253094 -0.228393  0.750476   1.01555 -0.557992 -0.802835 0.0787509
point 17 349 178.808 160.754  0.603447 -0.301084  0.643958 -0.867945 -0.775694  0.108757  0.530788 -0.463213 -0.380095 -0.668305
point 18 357 292.487 228.702   0.382552  -0.206715   0.482924   0.473068   0.554929 -0.0656767   0.276244   0.702126   0.465304  -0.268999
point 19 361  144.95 184.191   0.787636   0.755679  -0.344434  -0.448068   0.660596   0.610663   0.212986   0.299935  -0.907155 -0.0930698
point 20 366 218.263 170.255  0.475908  0.726269  0.169038  -0.76409 0.0979113 -0.656882 -0.987983 -0.246758 -0.289846  0.949819
point 21 376 11.5487 137.599  -0.656694   -0.86811   0.603168  -0.352404   0.624055    0.23696   0.280354 -0.0853041   0.611065  -0.214658
point 22 379 171.142 105.944  0.245152 -0.597634  0.176323 0.0816505  0.643733 -0.336109 0.0512433 -0.280835  0.137016  0.250479
point 23 383 328.153  184.88 -0.727681 -0.361054 -0.994013 -0.705309 -0.745174 -0.140336  0.468508  0.539534  0.419792 -0.157962
point 24 390 536.36 217.88   0.279578 -0.0302141   0.230601   -0.58512   0.320171    0.87071   0.249229    0.16776  -0.537041   0.476808
point 25 391 268.273  230.09  -0.848111  0.0347779   0.232045 -0.0969722  -0.333273  -0.378461  -0.272966   0.353705    0.13342  -0.923227
point 26 392 68.2845 227.951   0.917855 -0.0178402  -0.437418   0.305714   -1.00642   0.928713  -0.735687   0.258155  -0.669861   0.621939
point 27 395 358.815  233.75   -0.732213   0.0940183   -0.934269    0.952945    0.906138     0.65894 0.000624001   -0.372883  -0.0893625   0.0467944
point 28 407 624.383 205.485  -0.704746   0.905066   -0.92087   0.661965  -0.792841 -0.0228765   0.697152  -0.957976  -0.356773  -0.478731
point 29 426 295.086 182.002   0.92066  0.167999    0.8551  0.294526  0.853319 -0.230386  0.517246  0.397242 -0.828503   0.01285
point 30 436 298.071 233.398  0.333803  0.827118   0.18141  0.715294 -0.850961  0.430336 -0.460519 -0.453728   0.89602 -0.350528
point 31 445 286.995 132.517 -0.909774 -0.226643 -0.729395 -0.795207 -0.326543  0.816193 -0.301037   0.16798 -0.517122  0.543133
point 32 447 340.039 137.297  -0.385932  0.0287509  -0.988783  -0.768346   0.270291   -0.83329 -0.0846761   0.553922  -0.679182   0.581245
point 33 521 189.114 2.13794 -0.807581 -0.378199  0.604302  0.215184  -0.18908 0.0424511 -0.355414 -0.648324  -0.84525 -0.700898
point 34 526 363.226 162.856 -0.207907   0.99387 -0.340279 -0.855241 -0.206057   0.45074  0.974086  -0.93078 -0.530135  0.837492
point 35 549 195.745 231.165   0.77213 -0.361274  0.884845   0.93246 -0.130739  0.253737 0.0302086  0.519078    0.4165  0.703838
point 36 550  616.86 199.528   0.206283  -0.110377  -0.731071   0.510463  -0.383159  -0.468885  -0.905743   0.159803 0.00365372  -0.776531
point 37 556 493.793 202.352   0.98661   1.00651 -0.319173  0.571594  0.966358 -0.258015  0.472152 -0.628017  0.916424   0.21136
point 38 579 225.037 161.529   -0.80024  -0.140894  -0.836423 -0.0018466    1.03273   0.560874  0.0445899   0.505246   0.249732   0.244883
point 39 586 226.784 157.204 -0.00399596   -0.921576    0.753128    0.201303   -0.346863   -0.083739   -0.737593   0.0588977   -0.110998     0.78778
point 40 590 368.147 175.895  -0.477695  -0.927562    0.68467   0.519521 -0.0442827  -0.587477  -0.492026   0.599924  -0.229822  -0.868457
point 41 592 96.1926 154.689  0.800361    1.0203   0.68457   0.29715 -0.860869 -0.826376  0.347477  0.867599   0.67008 -0.707311
point 42 630 504.135 176.448 -0.0800908 -0.0589881  -0.299949  -0.319623   0.645643  -0.073737   0.524499  -0.155814   0.578768  -0.668053
point 43 712 203.373 236.559 -0.0298357  -0.660193   0.484951   0.749238  -0.550779  -0.516566  -0.716621   -0.24352   0.825265  -0.138463
point 44 714  118.85 128.777  0.721083  0.474076  0.789755  0.468482 -0.547525 -0.226917  0.814093  0.979066 -0.470718 -0.803947
point 45 718 87.8017 157.469 -0.397741 0.0886044  0.905903   0.54469  0.847242  0.789206 -0.463823 -0.688304  0.699629  0.448314
point 46 723 27.7249 233.895  0.0927772  -0.930588 -0.0499259   0.149679  -0.349479   -0.44465  -0.381774   0.704509   0.104061  -0.694112
point 47 730 348.817 194.583  0.724562  0.429326  0.800454  0.851664  0.499504 -0.223418 -0.315355 -0.443064  -0.14504  0.993796
point 48 739 530.754 216.141    1.00954   0.123702  -0.434537 -0.0136235   0.806865    0.17489  -0.882971  -0.169998  -0.212757  -0.679352
point 49 749 611.012  181.88  -0.667956   0.244735   0.675594  -0.711277   0.504541 0.00988237   0.743991    0.14485  -0.234609  -0.136482
point 50 759 212.979 159.527 0.0926068  0.628099 -0.863185 -0.823828 0.0688851  0.491173  0.870526  0.285611  0.467277 -0.331589
point 51 765 438.328 163.928 -0.927917 -0.182614  0.579257 -0.559515 -0.370305 -0.284151   0.56209  -0.22014  0.437918  0.903068
point 52 785 190.658 167.159 -0.0781407 -0.0848664  -0.494324   0.517897  -0.909743  -0.499639  -0.849077   0.680417  -0.673508   0.985629
point 53 803 380.332 117.232 -0.751341  0.940376  0.754393  -0.58379 -0.539522   0.19098 0.0518968  0.748983 -0.259673  0.716298
point 54 813 308.952 233.454   0.651003   0.943538  -0.345016  -0.840355   0.227774  -0.805491   0.848897  -0.712037 -0.0359781   0.139507
point 55 823 494.643 79.6893  0.0847259  -0.720532  0.0289062   0.733736   0.521133  -0.563765  0.0271046   0.956858  -0.425262 -0.0114311
point 56 831 125.883 232.084  -0.117189   0.447624   0.727147   0.149916   0.381652  -0.874091 -0.0893008   0.613374  -0.695163 -0.0533319
point 57 865 300.719 194.843   0.896353  -0.379832  -0.940455  -0.359144     -0.305  -0.171548   -1.03636   0.584954  -0.772548 -0.0524677
point 58 872 70.1437 35.0864  0.459062  0.821808 0.0361822  0.543177 -0.408661  0.751361 -0.519782 -0.329611 -0.804585  -0.96971
point 59 874 425.862 212.079  -0.85095  0.237789 -0.687047  0.861473  0.234897  0.718758  0.760936 -0.681821  0.203454 -0.713004
point 60 914 135.479 233.253   0.223961   0.102963 -0.0103121   0.402259   0.373493   0.418236  -0.667989  -0.135711   0.214507   0.844648
point 61 932 191.973 183.948  -0.117033  0.0280278   0.832429 -0.0284938  -0.159989   0.722969 -0.0145187  -0.933807  -0.225106   0.557364
point 62 951 523.458 149.096   0.183244  -0.836618  -0.163919    0.35904   0.267458 -0.0168475  -0.987089   0.525371  -0.156287  -0.630508
point 63 964 129.758 170.646  0.939124 -0.256705  0.245751 -0.249749 -0.855782  -0.96139  0.508762 -0.945807 -0.735089  0.660596
point 64 975 252.823 219.151  -0.801126   0.441307      0.739 -0.0348843    0.74647 -0.0788318  -0.889393   0.302603 -0.0162666  -0.275527
point 65 992 233.542 181.682  0.410906 -0.731053 -0.228511  0.372186  0.925973 -0.604475 0.0863734  0.845485 -0.879183  0.926636

