seq: 228
gt_pose:  4.84901  4.53076 0.289141
odom_pose:  5.26966  3.54267 0.222572
point 0 20 429.745 203.046 -0.451806 0.0280375 -0.815252  -0.43891  0.782585   0.39762 -0.835533 -0.745776 -0.245707  0.138557
point 1 50 627.113 139.933  0.875521 -0.615397 -0.394679 -0.646739 -0.632046  0.286119 -0.693274 -0.739598  -0.50846  0.902127
point 2 71  257.321 0.802571  0.217011  0.218875  0.492349  0.500269 -0.475954 -0.863774  0.736872  -0.64893 -0.613838 -0.301571
point 3 79 476.632 117.854 -0.239029 -0.707473 -0.154878 -0.745385  0.202758  0.905218 -0.758329  0.767112 -0.729848  0.609503
point 4 83  202.78 172.612    0.60596   0.964734 -0.0116356   -1.03568  -0.626629  -0.442854   0.293766  -0.475105   0.537187  -0.901841
point 5 96  317.31 199.445  0.413093 -0.361998  0.250166 -0.717495  -0.79231  0.533324  0.725825 -0.400325 -0.216824  0.719773
point 6 135 93.2084 159.652 0.468947 0.413897 0.508836 0.330331 0.183793 0.979257 0.638561 0.436215 0.333281 0.737541
point 7 136  105.13 121.035 -0.433945  0.138124  0.715699  -0.99031  0.371419 -0.657963  0.145061 -0.207357 -0.751593 -0.171886
point 8 213 592.875 150.189   0.463608  -0.165555  -0.746381 -0.0744005  -0.121733  -0.922223  -0.433701   0.759821   0.383313  0.0972035
point 9 222 343.274 232.211  -0.615423   0.966721  -0.950902  -0.413288   0.483424   -0.74197 -0.0136097    0.50851   0.440856  -0.455902
point 10 232 283.118 236.518  -0.130117  -0.369308   0.368739  -0.356311  -0.863537 -0.0416947   0.808412    0.75448  -0.907095 -0.0886454
point 11 244 545.018 108.534  0.043374 -0.938214  0.548248  0.577289 -0.881788  0.758399 -0.382621  0.316085  0.159403  0.271705
point 12 248 163.928 174.661 0.0609059  0.781993  0.551752  0.244879 0.0693248  0.202173 -0.933527 -0.907792 -0.920411   0.36034
point 13 255 563.383 203.045   -0.960114   -0.811084   -0.967391   -0.892681 -0.00635053    0.852005    0.168596   -0.273858   -0.105546     0.36378
point 14 270 474.572 222.278  -0.449802   0.430899  0.0637041  -0.681014 -0.0133157   0.186308   0.487288  -0.185519  -0.935834  -0.863477
point 15 297     305 180.464   0.532248 -0.0540469   0.843347  -0.253657   0.152744   0.474638   0.765566   0.833404  -0.175202 -0.0964095
point 16 300 368.136 179.227  -0.13986 -0.622069 -0.690302 -0.190646 -0.211858   0.82738   1.02447 -0.493748 -0.824531 0.0577575
point 17 349 178.658 160.705  0.608217 -0.240798  0.625044 -0.883513  -0.79538 0.0629374  0.470803 -0.531318 -0.386115 -0.612787
point 18 357 292.299 228.686  0.361097 -0.225775  0.484632  0.398879  0.534885 -0.139088  0.313905  0.768312  0.472896 -0.236418
point 19 361 144.772 184.155   0.844792   0.696936  -0.349234  -0.456485   0.664301   0.622399   0.281473   0.312561  -0.931176 -0.0462778
point 20 366  218.14 170.213   0.46754  0.807017  0.176117 -0.691371 0.0630911  -0.66949 -0.961084 -0.241562 -0.270559  0.970698
point 21 376 11.1504   137.5   -0.69598  -0.870278   0.604987  -0.289982   0.647698   0.218735   0.269365 -0.0240001   0.559026  -0.218055
point 22 379 170.864 105.797  0.239036 -0.592517  0.114183 0.0707354  0.640435 -0.294544 0.0520633 -0.215646  0.191206  0.227278
point 23 383 328.083 184.839   -0.7157 -0.315231  -1.03647  -0.68625 -0.726633  -0.11761  0.474959  0.484975  0.447714 -0.232222
point 24 390 536.567 217.839  0.345899 0.0584215  0.254173  -0.51698  0.371228  0.817924  0.299144  0.207828 -0.628522  0.474685
point 25 391  268.19 230.085  -0.81144 0.0371809  0.235039 -0.122441 -0.341785 -0.378766 -0.256871  0.346013 0.0983042 -0.952942
point 26 392 67.9325 227.939   0.986962 -0.0409759   -0.42131   0.232367    -1.0105   0.963363  -0.686308    0.26053   -0.58977    0.59924
point 27 395 358.776 233.746    -0.704099     0.140429    -0.968333      1.00463     0.920689     0.575934 -0.000476286    -0.408417      -0.1323   -0.0457877
point 28 407 624.623 205.444  -0.742402   0.998799  -0.911049   0.627303  -0.824577 -0.0215675   0.662185  -0.973617  -0.363156  -0.448815
point 29 426 295.003 181.965  0.975305  0.130722   0.86188  0.265279  0.842695 -0.227682  0.522648  0.335997 -0.823424 0.0983431
point 30 436 298.005 233.395  0.349859  0.860311  0.213314  0.697286 -0.866082   0.37679 -0.461534  -0.46995  0.906942  -0.29448
point 31 445  286.86 132.411 -0.918578 -0.253378 -0.679614 -0.794189 -0.287941  0.734237 -0.298711  0.171615 -0.514718  0.539077
point 32 447 339.949 137.185   -0.35238  0.0857998  -0.930116  -0.828014   0.298093  -0.885247 -0.0416395   0.587127  -0.692384   0.629361
point 33 521 188.424 1.43662  -0.788883  -0.375345   0.585611   0.165785  -0.204235 0.00863845  -0.358358  -0.664494  -0.795284   -0.69292
point 34 526 363.188 162.807 -0.268029  0.935032 -0.359037 -0.865582 -0.263878  0.470584  0.881789 -0.886275 -0.506655  0.847599
point 35 549 195.468 231.154  0.712579 -0.404243  0.852001  0.931576 -0.133375  0.248695 0.0773675  0.459478  0.344662  0.737795
point 36 550 617.012 199.496   0.294798 -0.0635168   -0.69426   0.480288  -0.385698  -0.547229  -0.869731   0.154321 0.00914027  -0.790554
point 37 556 493.845 202.324  0.989106  0.951871 -0.292033  0.555332  0.901381 -0.188696  0.475735  -0.68529  0.930248  0.238422
point 38 579 224.824 161.445  -0.847406 -0.0866212   -0.85233   0.018143   0.986116    0.54233  0.0595373   0.505794   0.171589   0.287992
point 39 586  226.55 157.106  0.0305092  -0.911203   0.743098   0.172618  -0.266666 -0.0963075  -0.744621  0.0751058 -0.0290484   0.786238
point 40 590 368.116 175.858   -0.47551  -0.943117   0.628493   0.448845 -0.0760995  -0.608631  -0.493382    0.57169  -0.208249  -0.855989
point 41 592 95.8953 154.611  0.799189  0.994708  0.651311  0.280071 -0.866473 -0.806246  0.411854  0.876942  0.590758 -0.621077
point 42 630 504.294 176.323  -0.0276379 -0.00380469   -0.303343     -0.3772    0.672143  0.00306575    0.554353   -0.136344    0.571779   -0.656249
point 43 712 203.208 236.556 -0.0119065  -0.664996     0.4812    0.81099  -0.626258  -0.552134  -0.776023  -0.220355   0.761462  -0.176292
point 44 714 118.602 128.686  0.756715  0.409102  0.726331  0.470855 -0.529579 -0.295945  0.736596   0.96139 -0.530403 -0.860766
point 45 718  87.549 157.407 -0.429183 0.0813725  0.904268  0.509855  0.882433   0.81407 -0.521856 -0.623259  0.643964  0.483292
point 46 723 27.2296 233.887   0.169626  -0.968324 -0.0197515   0.122776  -0.325464  -0.389954  -0.344245   0.669123  0.0819208  -0.620384
point 47 730 348.762 194.549  0.751347  0.442818  0.809207  0.815025  0.515369 -0.196719 -0.321022 -0.504697 -0.136017   1.02844
point 48 739 530.834 216.123   0.991087   0.201284  -0.407121 -0.0337103   0.749611   0.237498  -0.878194  -0.185285  -0.185105   -0.63024
point 49 749 611.237  181.81 -0.648265  0.249236  0.686969 -0.661412   0.58214 0.0452735  0.748552  0.159979 -0.234604 -0.154061
point 50 759 212.844 159.476 0.0814627  0.554889 -0.867273  -0.82622  0.059036   0.50295  0.894834  0.270095  0.417421 -0.298258
point 51 765  438.34 163.867  -1.00878 -0.150922   0.59017 -0.512965 -0.358699 -0.330493  0.571247 -0.203757   0.47629  0.939878
point 52 785 190.501  167.11 -0.112647 -0.126803 -0.553013  0.494766 -0.901814 -0.580729 -0.836817  0.692907 -0.639469  0.997895
point 53 803 380.271 117.055 -0.756431   0.96327  0.793449 -0.592967 -0.619018  0.220186 0.0544963  0.793794 -0.245982  0.669042
point 54 813 308.874 233.449  0.629145  0.976362  -0.36058 -0.851299  0.307148 -0.809449  0.791611 -0.723507 -0.023553  0.120593
point 55 823 494.749 79.4517  0.0100663  -0.742612  0.0680554   0.700387   0.575921  -0.516686  0.0126663   0.923907  -0.465695 0.00816927
point 56 831 125.579 232.076  -0.137874   0.402103   0.669642  0.0682869   0.326952  -0.911093 -0.0417239   0.561274  -0.687353 -0.0920641
point 57 865 300.628 194.809  0.896997  -0.39388 -0.946364 -0.274064 -0.329992 -0.198083 -0.955241  0.602676 -0.810553  -0.05892
point 58 872 69.6115 34.7774   0.45787  0.809144  0.107649  0.481134 -0.454674  0.777616 -0.534747 -0.290062  -0.81128 -0.925107
point 59 874 425.864  212.06 -0.891801  0.210409 -0.687966  0.863117  0.225887   0.76314  0.725578 -0.643254  0.195737 -0.740552
point 60 914 135.289 233.248   0.223795  0.0958892 -0.0519079   0.396185     0.3515   0.451648  -0.600598 -0.0765814   0.165641   0.874034
point 61 932 191.818  183.91   -0.064356   0.0779694    0.749151 -0.00434951    -0.17209    0.693678  -0.0641189   -0.960873   -0.214847    0.501069
point 62 951 523.666 148.909    0.200781    -0.86721   -0.147595    0.375658    0.238511 -0.00953337    -1.02609    0.461066   -0.210406   -0.677225
point 63 964 129.507 170.587  0.947271 -0.310989  0.191961 -0.183198  -0.81614  -1.03717  0.508726 -0.938774 -0.751743  0.711693
point 64 975 252.727  219.14  -0.764707    0.47733   0.740039   0.018257   0.706638 -0.0898946  -0.865543   0.313171 -0.0543955  -0.341417
point 65 992 233.435 181.649  0.465178 -0.651645 -0.224994  0.342782  0.921999 -0.629906 0.0642839  0.802511 -0.868918  0.950428

