seq: 120
gt_pose: -5.43432 -2.08009  2.93129
odom_pose: -4.24676 -3.12884  3.08208
point 0 19 298.108 200.155  0.343223  0.324913 -0.338824 -0.630644  0.248272  0.229201   0.45005 -0.388972   0.52986  -0.64283
point 1 33  107.66 172.693   0.28032  0.633599 -0.384987 -0.528904 -0.571368  0.213432  -0.79178  0.392323    0.6049  0.470793
point 2 108  296.22 228.442  0.870282  0.727113 -0.503785  0.411115 -0.182889  0.281248  0.413116  0.824186 -0.783085 -0.131841
point 3 144 448.524 157.118 -0.507973 -0.206417 -0.825881 -0.791645 -0.643778  0.540799 0.0358899  0.331685 -0.686838 -0.785103
point 4 171 512.534   188.3  -0.111043   0.691813 -0.0262255   -0.93426  0.0839343   0.375829   0.478828  -0.151753   -0.88933  -0.617458
point 5 178 549.597 211.513   0.674738  -0.415421   0.712279  -0.145351   0.916331   0.943543  -0.279113  -0.268316 -0.0868612  -0.914258
point 6 199  152.74 182.105  0.697276  0.089166 -0.857313 -0.641066  0.515113 -0.683115  0.945231 -0.347061 0.0947688  0.786609
point 7 211 546.629 170.533   0.832285   0.626175   -0.22381   0.345883  -0.465693   0.551155   -0.54361   0.212841 -0.0414634  -0.381651
point 8 219 502.332 236.992   0.15698 0.0955628 -0.318172  0.945569  0.131617  0.285482  0.253803  0.148204 -0.462188  -0.52643
point 9 228 622.364 153.454   0.445814  -0.873274  0.0328668 -0.0454856   -1.01808    0.94579  -0.570442   0.546942   0.552671  -0.619558
point 10 231 47.0943 214.914  0.613134 -0.207173  0.840764  0.253585  0.302305  0.832666 -0.659714 -0.388836  -0.84973 -0.624092
point 11 235 432.907 222.492  -0.78597 -0.987515  0.996626  0.518381 0.0599781   -0.2015  0.950887 -0.713599 -0.858642  0.323112
point 12 249 435.362 167.059    0.729023    -0.68198   -0.301733     1.00451   -0.129321   -0.701932    0.572323   -0.734974 -0.00295214   -0.487705
point 13 266 305.128 145.093    0.807114   -0.378313   -0.156399    0.773175   -0.669616   -0.245196    -0.40838 -0.00509019    0.630621    0.809566
point 14 274 512.663 235.295  0.880454 -0.605444  0.135687  0.571985  -0.54157 -0.307114 -0.866719 -0.488238  0.469434  0.457127
point 15 295 459.341 169.826  0.647078 0.0115636 -0.302793  0.315615  0.147812  -0.27962 0.0288066   0.57111 -0.132945  0.291155
point 16 312 306.434 188.963   -0.157462   -0.739195 -0.00690085   -0.490874   -0.844492   -0.360931    0.713009   -0.453538   -0.200824    0.380928
point 17 363 351.248 203.681 -0.457663  0.195015  0.252041 -0.423521 -0.245498 0.0490627 -0.734084  0.479724  0.621094  0.920192
point 18 375  327.48 172.745  -0.42187 -0.905046  0.803704  0.258734 0.0700715 -0.654806 0.0369046 -0.927685  0.074112 -0.532257
point 19 384 105.91 214.75  0.628554  0.135652 -0.635538 -0.858569 -0.511979 -0.323318 -0.933034 -0.574382 -0.294569  0.136997
point 20 388 458.659 166.217 -0.343518  -0.13855  0.784988 -0.425447 -0.887639 -0.243806  0.363076  0.477823 -0.840631  0.349296
point 21 389 204.859 17.3756   0.362811   0.763825   -0.40953  -0.472561   0.355759  -0.695666  -0.158443 -0.0812438  -0.707062  0.0770221
point 22 400 167.577 188.595  -0.981159 -0.0831286   0.997443 -0.0381331   0.778438  -0.806202  -0.171632  -0.907622   0.616677  -0.100734
point 23 410 372.591 133.527  -0.22854  0.530416 0.0618591 -0.231586  0.352306  0.704329 -0.465971 -0.980248  0.799912  0.700899
point 24 424 598.424 207.618  -0.106434  -0.790069   0.559101   0.376783   0.584769  -0.485574 -0.0682755   0.115712   0.875395  -0.145649
point 25 467 452.012 201.559   -0.42763  -0.733737 -0.0596669  -0.297223   0.887122   0.251364   0.496637 -0.0814852   -0.59391  -0.706684
point 26 473 632.727 187.009    0.64018   0.283268  -0.697473   0.628403   0.828501   0.135267  -0.683823    0.57513 -0.0228988  -0.169109
point 27 474 378.273 208.324  -0.14539  0.702757 -0.870195  0.674758 -0.637575 -0.798265 -0.327703   0.98614 0.0265659 -0.457989
point 28 476 166.113 141.142  0.142929  0.400955   -0.4884   1.02988 -0.427719  0.428071  0.694747 -0.249988   0.12669 -0.910875
point 29 483 1.00795 169.892  0.139836  -1.01288  0.138548  0.418624 -0.171391  0.215607  0.592986 -0.779887  0.696404 -0.732566
point 30 488 524.159 57.0872  0.958741  0.542036 -0.509135  0.177595 -0.729133  -0.42509 -0.248438 -0.761431  0.198756 -0.265013
point 31 489  520.24 215.816 -0.815655   1.01941 -0.866203  0.905841 -0.800401 -0.682157  0.844271 -0.497408 -0.602511 -0.092288
point 32 490  419.29 239.987  0.459481  0.920735  0.331008 -0.502156  0.889458  0.233958 -0.980133 -0.571039 -0.608311 -0.703128
point 33 501  157.438 0.471918  0.479553 -0.326493 -0.185412 -0.230282  0.329436 -0.271585  0.374939 -0.308831 0.0293177 -0.475597
point 34 507 17.9299 149.699   0.131171 -0.0989005  -0.160465  -0.187519   0.370247    0.16764   0.595183  -0.390657  -0.490326   0.806071
point 35 523 201.621 75.7209     0.469551      0.54932      0.44585 -2.75906e-05     0.932916     0.627063     0.718505      0.59029    -0.156886    -0.483044
point 36 538 152.607 228.599  -0.783978   -0.12533   0.259941  -0.881848   0.977523 -0.0114773 -0.0651756   0.680182  -0.491181   0.195763
point 37 553  234.28 130.684   0.196089 -0.0674566   0.858067   0.258648   0.624928   0.169714   0.501038    1.00177  -0.936974  -0.209515
point 38 572 356.913 225.404  -1.02684   0.62097   0.36534 -0.611027 -0.250669 -0.478714  0.716151 0.0378007 -0.372331  0.712501
point 39 580 377.814 237.489  -0.365542  -0.381371  -0.909992   0.924608   0.193455  0.0344163  -0.259012   0.858111  -0.734712 -0.0162327
point 40 589 465.051 148.384  0.129328 -0.113111 -0.299206 -0.750814 -0.470693 -0.566568 -0.164672  0.207505  -0.80219 -0.878992
point 41 595 182.877 237.183   0.660248 -0.0827488   0.265554   0.906718  -0.148391  -0.653609  -0.768618   0.875926  -0.373946   0.975484
point 42 609 235.518 204.983  0.772032 -0.433395  0.461123 -0.279574  0.592883  0.272909 -0.966707 -0.727302 -0.612646 -0.299164
point 43 611 141.857 167.473  0.194568  -0.46452 -0.619915  0.881995   0.16185 -0.930981 -0.495386 -0.467128 -0.209774 -0.925712
point 44 625 581.804 170.617   0.011804   0.750778  -0.143426   0.971729   0.426204  -0.621207   -0.57813  0.0143029 -0.0655869   0.121267
point 45 636 590.002 230.708   0.789081  -0.259124   0.372347  -0.919014 -0.0226557  -0.378857   0.124122  -0.108224  -0.036503   0.199696
point 46 643 485.214 212.648 -0.0211391   -1.01082   0.382149  -0.314969   0.417332 -0.0583149  -0.682132  -0.952356   0.120791  -0.305672
point 47 647 410.266 194.042   0.944373  -0.482459   0.935423   0.199454   0.403815   -0.95154 -0.0150618  -0.503264   0.376252   -0.77785
point 48 654 615.273  237.04  0.114696  0.695391  0.208112 0.0557723 -0.308709  0.398911  0.762539  -0.97271 -0.321018  0.613682
point 49 656 488.389 170.368 0.0844363 -0.093887 -0.600057 -0.765158  0.944883  0.539164  0.949991  0.114682 -0.455822 -0.450467
point 50 660 300.226 158.397  0.163369  0.387295  0.260957 -0.573556 -0.824903 -0.365738  0.472926 0.0842629  0.284461 -0.361673
point 51 670 554.993 172.067  0.750166 -0.374096 -0.951133 0.0268713 -0.137673 -0.542832 -0.119792  0.111373 0.0330217  0.422491
point 52 680 430.088  215.33 -0.00238454   0.0278861    -1.01446   -0.327422   -0.201428   -0.734397   -0.256396    0.418745   -0.176923    0.767942
point 53 690 567.857 194.309  0.361339  0.983541  0.153966  0.417069 -0.100286 -0.708274 -0.777082 -0.344145  0.486104 -0.525686
point 54 693 302.776 206.512  0.599741  0.350467  0.543112 -0.399518  0.893419  0.146324 -0.484961  0.164128   0.95947 -0.361487
point 55 694 529.644 214.187  -0.685453  -0.762463 -0.0520962  -0.466703   0.958113  -0.362036  -0.168744    0.89376   0.696808   0.438667
point 56 699 98.9129 230.519  -1.00497  -1.00638 -0.656976 -0.182334  0.454444  0.530941 0.0232362  0.951421  0.512806 -0.463788
point 57 706 94.8402 106.754  0.981973  0.609245  0.042896  0.710392 -0.864428  0.713253 -0.130326  0.440287 -0.464592  0.349625
point 58 715 78.4406 218.831 -0.765778  0.603588 0.0623054 -0.708061  0.302571  0.986018  0.337692 -0.874862 -0.165699 0.0684564
point 59 716 355.148  219.54     0.97218 -0.00437688   -0.469651    0.881879   -0.036231   -0.803564    0.239759   -0.219518    0.725449    0.767294
point 60 757 394.895 202.869  0.329336  0.719291   -0.7158  0.971015 -0.194977  0.398592 0.0977655  0.732563  0.121918 -0.389742
point 61 786 23.6463 181.633  0.311941  0.541106 0.0193295   0.61258  0.698907  0.760315 -0.536017   0.55411 -0.493269 -0.674311
point 62 787 208.814  154.67 -0.190381  0.297505  0.895321 -0.367847 0.0777882 -0.147893   0.46597  0.587846 -0.625235  0.675102
point 63 788 121.065 207.795    -0.61668   -0.484621    0.320088   -0.227949 -0.00325024   -0.294297   -0.736642    -0.93502   -0.744277   -0.986309
point 64 795 271.742 141.481  -0.24333  0.849378 -0.262707 -0.509713  0.725436  0.126579 -0.568286  0.117731  0.898911 -0.241185
point 65 796 403.921 200.378   0.600378  -0.883146  -0.553806  -0.481283  -0.218788 -0.0178783   0.924875   0.463707   0.410048 0.00507354
point 66 834 241.867 205.385 -0.564337  0.658124 -0.883977  0.934255  0.298127  0.812083  0.894511  0.980925  0.404901  0.588395
point 67 838 15.6808 143.406 -0.501587 0.0932458 -0.204411  0.100941   0.72756 0.0841001  0.479302 -0.526914 -0.946111 0.0275699
point 68 844 36.0819 156.203   0.524418  -0.853673  -0.387691   0.632658 -0.0253644  -0.755008  -0.094303  -0.875252  -0.837365   0.888669
point 69 850 125.846  75.646 -0.525808  0.806445 -0.101033  0.348381 -0.526213  0.450918 -0.886371 -0.373727  0.243925  0.992412
point 70 871 78.9664 103.363  0.305151  -0.74486 -0.692415 0.0823149  0.113056  0.717044  -0.10534  0.322515 -0.816615  0.918682
point 71 900 617.159 109.034   -0.609871   -0.442311    0.650979    0.514477    0.491864    0.461501    0.843676   -0.316972   -0.576711 -0.00679021
point 72 902  412.88 183.444 -0.464901 -0.749289 -0.165202  0.872073 -0.633467  0.163783 -0.629268  0.909657 -0.260959  0.841233
point 73 950 366.236 204.717 -0.770927 -0.272597 -0.389713  0.842243 -0.689886 -0.262176 0.0509207 -0.646861 -0.877576  0.849575
point 74 957 540.005 26.9551 -0.446673  0.992921 -0.188318 -0.846877   0.25431  0.880329  0.479129  0.514524 -0.361798 -0.169482
point 75 959 327.999 237.903  0.686766  0.542302  0.363575 -0.369465  0.842968  0.850236 -0.348537 -0.422242  0.978838   0.94456
point 76 970 180.215 136.231  -0.55731  0.225477 -0.297518  0.888969  0.445827  0.749727 -0.504236 -0.508012 -0.287643 -0.576888
point 77 986  461.52 224.955  -0.344831  -0.273787   -1.03008  -0.508461  -0.120814  -0.451273  -0.341083 -0.0711436   0.016309  -0.873395
point 78 991 473.794 228.187  -0.125333 -0.0358006  -0.783778   -1.02345    1.01447  -0.483942    0.29847   0.489193 -0.0330735  -0.738401

