seq: 312
gt_pose:  2.00594 -3.79219  2.02338
odom_pose: 0.0257174   -4.0026   1.85423
point 0 5 257.172 114.777  0.0184373   0.343197  0.0314303  -0.891241 -0.0910782   0.857152   0.870622   0.429117  -0.451961   0.431889
point 1 14 381.526 186.917  -0.77732 0.0704918  0.492664 -0.361476  0.988873  0.120487  0.770753  0.529002  0.230786  -0.97141
point 2 17  482.23 125.321 -0.457526 0.0894927  0.464124 -0.743528 -0.063388  0.215587    0.8863 -0.139481 -0.308739  0.670819
point 3 34    86.4 213.101 -0.146223 -0.576083 -0.195305  0.069669 -0.648429  0.127641 -0.923382 -0.238445 -0.281608 -0.412273
point 4 42  565.69 149.929 0.0360442 -0.747247 0.0154073 0.0547207 -0.895609  0.618906 -0.280115   0.24823 -0.122169 -0.738502
point 5 44 446.491 196.669  -0.579759   0.266462   0.867838   0.432129 -0.0884091  -0.158419   0.737932   0.938875   0.870963    0.80349
point 6 49 606.684 156.356  -0.730327  -0.405321   0.781652  -0.225745    0.76174   0.504643 -0.0393445  -0.493689   0.853774  -0.742247
point 7 57 517.002 147.631  0.393621 -0.317777 -0.580393  0.491453 -0.483315  0.415098 -0.954406  0.691275   0.67569  0.238351
point 8 64 499.966 196.931  0.911007  0.537944 -0.763026 -0.928095 0.0376566 -0.172713 -0.567036 -0.100156 -0.667438 -0.350532
point 9 72 152.979 195.851 -0.748767 -0.327339  0.730754  0.232306 -0.778215   0.61633  0.475911 -0.229968 -0.251318 -0.224557
point 10 75 615.418 207.053 -0.613591 -0.958203  0.872837  0.526257 -0.798698  0.726396 -0.611395     1.027 0.0271243  0.330776
point 11 78 283.767 197.329  -0.87363 -0.781902  0.665201  0.726264  0.948121 0.0467978 -0.384514 -0.605061 -0.232687 -0.112855
point 12 80 113.185 231.709 0.0823244  0.538699  0.920486  0.877022 -0.807155 -0.915145 -0.879586  0.838027  0.765361 -0.941209
point 13 82 590.327 172.052   0.904329 -0.0977708  -0.249287  -0.300898   0.839751    0.84077  -0.757016   0.803928    0.74689  -0.575064
point 14 90 69.3023 195.975 -0.693579  -1.00256 -0.689257  0.533894  0.050462 0.0931747 -0.508159  -0.56443  0.113837  0.790792
point 15 92 251.655 202.502  0.218521  0.749855 0.0250617  0.919486  0.315026  0.250176  0.939647  0.569186 -0.267253 0.0170705
point 16 109 323.121 228.834  -0.475102   0.868803  -0.838899  -0.382759   0.513732 -0.0359237   0.711069    0.61105 -0.0151752   0.306068
point 17 110 408.539 182.188  0.845749  0.914177 -0.652229 -0.355937 0.0340848 -0.715455  -0.61406  0.591759  0.755854  0.266138
point 18 113 430.374  217.98 -0.0757711  -0.539302   0.575794  -0.892899   0.478991  -0.302263  -0.894691   0.617005  -0.320358  -0.026375
point 19 115 618.871 143.809  -0.704224  -0.742383   0.498167   0.540507 -0.0573763  -0.565641   0.939372  -0.429724  -0.505445   0.482815
point 20 119  561.71 118.239 -0.368803 -0.427643  0.865511  -0.33071  0.804727  0.413024  0.892717 -0.461348  -0.76948  0.357313
point 21 120 580.912  176.28 -0.956676  0.175251  0.727402 -0.588507  0.594414   0.62043  -0.71129  0.306029 -0.939736  0.282928
point 22 123 311.462 112.335  0.145878 -0.791474 -0.197295  0.339472  0.875863   0.67942  0.288347 -0.239657  0.349292 -0.650307
point 23 132  412.64 209.164  0.199466 -0.971599 -0.911219 -0.111821 -0.693069  0.844316 -0.845754  0.251536  0.818207  0.713193
point 24 159 388.848 212.901  0.197915 -0.955127 -0.903867 -0.180488 0.0841678  0.119873  0.944123 -0.272843 -0.420871 -0.778977
point 25 165  370.46 198.663  0.439867 -0.758996  0.386939   0.55318 -0.769226  0.664942 -0.631819  0.867849  0.346946 0.0145407
point 26 169 440.217  203.82  -0.626373   0.460064   0.759837   -0.24119 -0.0870875   0.514875   0.289832   0.487926  -0.648469  -0.564136
point 27 170 531.962 237.483  0.130332 -0.366537  0.275232  0.180826  0.789822 -0.160215 -0.866219  0.756257  0.467588  0.754349
point 28 179 476.827 205.218 -0.0418195   -0.79462  0.0951937   0.762148   0.751965   0.381013  -0.296742   -0.80522  -0.200047   0.747713
point 29 184 341.214 175.031  -0.276667    0.51148  -0.394422 -0.0147351   -0.61563  -0.237554   0.126831  -0.389126  -0.390471   0.377862
point 30 200 309.807 157.035 -0.455679  -0.76894   0.61435  0.329518  0.192332  0.569441 -0.103553  0.909108  0.970026 -0.138091
point 31 202 498.736 144.101 -0.544938 -0.212866  0.199942  0.309061  0.126301  0.747006  0.640442 -0.224292  0.128033   -0.1658
point 32 216 268.054 193.604  -0.67707  -0.91699  0.811398 -0.763028 -0.543485 -0.871476 -0.302135 -0.255743 0.0143709  0.851361
point 33 245 286.535 198.376 -0.647489 -0.426109   0.44755 -0.717769 -0.483085  0.416888  0.916449 -0.616172  0.186215  0.747567
point 34 262 273.086 177.945  0.106538  0.384667  -0.31794 -0.512659  0.909853   1.01049 -0.889437 -0.313219  0.378308 -0.394836
point 35 280 520.519  229.12  -0.25671  0.159826  0.504408 -0.145188 -0.315108 -0.363006  0.856452  0.828069  -0.13981  0.786572
point 36 296 460.067 95.8136  0.0312171  -0.607246  -0.336571    0.30333  -0.189892   0.591039  -0.694582   0.959108 0.00953641  -0.339421
point 37 301 370.835 202.999  0.126514 -0.531778 -0.990212    0.3871 -0.988149 -0.655798 -0.558832  0.457461 -0.726058 0.0330262
point 38 309 31.2849 179.567 -0.561913   1.02093 -0.934585  0.786542 -0.203328  0.153585  0.674962  0.546314  -0.18926  0.392748
point 39 313  521.12 80.9788   0.145112   0.347871   0.159729   0.111741   0.434558    0.64984  -0.380363    -0.6196 -0.0921097   0.376519
point 40 319 540.593 123.677 -0.919485  0.196262  0.588247 -0.237379 -0.758032  0.165282    0.6598 -0.373066 -0.959764  0.385635
point 41 325 542.478 213.236 -0.237653 -0.322012 -0.607841  0.169274  0.234817  -0.29405 -0.273994 -0.434564 -0.616305  -1.01486
point 42 334 166.798 196.921 -0.377366 -0.318234  0.978453 -0.676333  0.249648 -0.308301  0.169753 -0.850038  0.958094 -0.158544
point 43 350 54.3772 135.233 -0.717189 -0.919841   0.95795  0.145204   0.49211  0.822442 -0.713408  0.753527 0.0535929  0.599425
point 44 352  276.67 214.322  0.567746  0.360504  0.413179 -0.762352  0.576136   0.65399 -0.662544  0.595624 -0.164607  0.821508
point 45 353 518.484 186.135  -0.580745  -0.254248   0.955685  -0.259506  -0.351072   0.361931 -0.0222525  -0.523661  -0.436251  0.0917534
point 46 358 46.5989 174.208  0.667145 -0.299606 -0.108716  0.973178  0.146415 -0.833944  0.405522  0.476559 -0.980869  0.702638
point 47 364 288.506 195.016  0.0589888   0.813173   0.671322  -0.612991   0.866793  -0.549723  -0.534426  -0.910677   0.147271 -0.0580696
point 48 367 419.073 159.888  -0.669945  -0.942533   0.888128  -0.484928  -0.433447    0.68632  -0.291551 -0.0102631  -0.573191  -0.799719
point 49 389 46.7686 191.858   0.351666   0.798836   -0.37216  -0.479229   0.357857  -0.662463  -0.160734  -0.126919  -0.732537 0.00129689
point 50 396 547.205 166.342  0.247338 -0.749044   0.89595  0.669148 -0.353058 -0.294371 -0.822409   -0.3776  0.326823  0.587788
point 51 398 470.776 213.225 -0.796928  0.915901 -0.687754  0.393393 -0.939225  0.555234  0.708752  0.915509   0.25213  -0.75392
point 52 425 324.628 239.931 -0.470176   -0.4113  0.375839 -0.462905 -0.542969 -0.672842 -0.156947  -0.92874  0.919255  0.850446
point 53 448 516.414 203.743  0.869637 -0.459014 -0.776368 -0.645254 -0.315457  0.742984 -0.404357  -0.71381  0.638018 -0.381384
point 54 469 483.397 114.302 -0.0790117  -0.845013   0.939475   0.991294  -0.110505  -0.486305   -0.84285   0.771907   0.156824  -0.941424
point 55 470 58.3686 231.611   0.435224 -0.0829736  -0.640867   0.841753  -0.266083   0.923296  -0.415791   0.159413   0.409186   0.721794
point 56 472 220.414 190.764  -0.873826  -0.101348   0.630493  -0.229111   0.935431  0.0969043   0.681631  -0.724661 -0.0663061  -0.574465
point 57 475 158.915 194.868  -0.952838   0.129158  0.0145232   0.555256    -0.2932   -0.31779 -0.0886795 0.00081664  -0.734267  -0.257322
point 58 501 6.92985 167.316  0.492167 -0.245857 -0.229628  -0.14755  0.363601 -0.361256  0.414934 -0.331032 0.0300605 -0.481545
point 59 503 191.387 203.988  0.279998 -0.064194  0.708662 -0.981365 -0.192698  0.143994 -0.288378  0.644013  0.970383 -0.940897
point 60 514 266.142 198.401    0.3918 -0.814982  -0.88324  -0.45981 -0.921289 -0.546693  0.586902  0.784896  0.179918  0.196238
point 61 519  425.75 132.992  0.425341   0.45801  0.554129   0.20322  0.723792 -0.851626 -0.835717   0.88419 -0.335946  0.435303
point 62 523 10.0523 174.078  0.524537  0.548417  0.514881 0.0206585  0.924411  0.619454  0.713307   0.59033 -0.164182 -0.474539
point 63 529 193.209 139.832   0.444102  -0.339757  0.0481705  -0.281746   0.647964 -0.0893097  -0.814616   0.813696  -0.218701  -0.347042
point 64 541   278.4 234.054  0.340648 -0.766296   0.84613  -0.28136 -0.601856   0.65723  0.819061 -0.554559 -0.958366  0.249129
point 65 543 160.171 219.528  -0.390902  -0.762145   0.580286    0.61377   0.347095 -0.0112774   0.823105   0.148437    0.67148  -0.752687
point 66 545 15.6635 190.508    0.86041   0.563216  -0.807933  -0.219366   -0.73745  -0.216978 0.00663578    0.86711  -0.485668  -0.672939
point 67 555 195.915 233.285   0.281923   0.310778   0.305986  -0.923609 -0.0104337  -0.497417 -0.0350867  -0.153312   0.730076   -0.32777
point 68 559 85.1309 202.851 -0.530339  0.978692  0.970582 -0.663463 -0.188278   0.70618  0.502067 -0.659207 -0.572818  0.840272
point 69 568 259.295  198.98 -0.978675 -0.614505  0.965099 -0.680728   0.37792  0.493861  -0.98284 -0.790047 -0.719544    0.1093
point 70 573 473.977 143.631  0.876828 -0.275941  0.232122 -0.431343 -0.320095 0.0122699 -0.707915  -1.01908 -0.276325  0.597605
point 71 577 154.844 231.121  0.379222 -0.921405  0.552087  0.669027 -0.786396 -0.499519   0.75124  0.694408 -0.453616  0.581538
point 72 600 46.4978 199.965  0.954474  0.458072  0.652986  0.552004  0.942159 -0.471848  0.185329  0.462892 -0.364294 -0.873066
point 73 607 249.404 237.916  0.867331  0.395716 -0.350097  0.149917 -0.373186 -0.418176 -0.361929  0.250908  0.939088  0.798465
point 74 610 271.119 172.969 -0.234452 -0.224267  0.764558  0.703472  0.450785  0.412249  0.690966 -0.582709  0.171052 -0.457576
point 75 617 334.481 163.035 0.0343284 -0.821584  0.235851  0.172062 -0.512126 -0.956475 -0.209175  0.269485 -0.790302 -0.579202
point 76 630 624.054 220.757 -0.0786476 -0.0340947  -0.325414  -0.365162   0.627595 -0.0545121   0.509739  -0.205708   0.546719  -0.748614
point 77 655  432.74 226.486 -0.160562  0.655567  0.451207 -0.564281 -0.536785 -0.494161  -1.00516 -0.664531  -0.81155  0.851802
point 78 661 339.907 158.739  0.248538 -0.543823   0.37784  0.383617 0.0696607  0.170123 -0.901867 -0.741791  0.272351  0.397766
point 79 667 433.445 185.583 -0.946023 -0.643401 -0.223966  -0.61594  0.732587 -0.695026 -0.502864  0.761456  0.509971  0.400371
point 80 668 631.826 169.495 -0.528357  0.769016 -0.775171 -0.446973 -0.459956  -0.17754  0.148833 -0.457234 -0.910489 -0.565659
point 81 679 45.0548 205.834  0.986247 -0.269767  0.204966  0.709594  0.949679 -0.389117 -0.342899 -0.407318  0.867376  0.865166
point 82 691 265.353 198.475   0.577012     1.0163   0.222195  -0.277322  -0.865429   0.125477   0.247668  -0.417143    -0.9104 -0.0194505
point 83 695 276.974 183.785   0.764464  -0.210537   0.319053  -0.444401    0.49807 -0.0806108    0.95566  0.0211777   0.566653   0.765538
point 84 710 104.417  174.01 -0.0264952  -0.508953  -0.620039   0.330429  -0.480972   0.326357  -0.717587  -0.145796  -0.146868 -0.0654441
point 85 715  66.097 238.866 -0.757879  0.607876 0.0661193   -0.6926  0.320906  0.963606  0.339765 -0.846621 -0.126398 0.0952905
point 86 720 118.672 155.705   0.37526 -0.570486  0.442449   0.37756 -0.732051  -1.00171 -0.573902 -0.863306  0.540865 -0.749141
point 87 752  345.43 162.301  0.839696  0.790349 -0.553447 -0.240019 -0.139442 0.0541734  0.369469 -0.609909 -0.647418 -0.427773
point 88 769  77.902 159.152 -0.933672   0.71388 -0.613625 -0.273238  -0.27302  0.298433  0.818939  0.504931  0.655552  0.153074
point 89 770 63.7904 163.935    0.79961  -0.535169   0.664041  -0.378501 -0.0254678   -0.27999   0.480711  -0.729116  -0.828497   0.726727
point 90 776 283.855 121.341  0.930079 -0.100859 -0.132155 -0.496106  0.694901 -0.857295  0.342915 -0.417361  0.781642 -0.756299
point 91 777 430.157  184.38   -0.61946   0.659115  -0.324199  -0.427131   0.575852  -0.303624  -0.266878   0.534827 -0.0709707  0.0853738
point 92 794 324.389 199.307 -0.375697  0.390369  -0.29231 -0.687498 0.0245437  0.703085  0.434165 -0.526528  0.190821  0.540793
point 93 797 348.342 154.551   -0.70774  -0.653097   0.729936  0.0581481   -0.20268  -0.578835 -0.0254086   0.552928 -0.0657642  -0.339766
point 94 804 518.872 213.389 -0.811675  -0.73337 -0.655772 -0.570825  0.511258  0.663181 -0.100396  0.425502 -0.584793  0.157529
point 95 815 545.587 35.4872  0.113005 -0.249104  0.993525 -0.311944  0.686069  0.574317  -0.38853 -0.624794  0.774273  0.867643
point 96 817 636.889 196.001  -0.286295   0.567939   0.771659   0.640359   0.615817 -0.0712597  -0.651509   0.577842   0.584924  -0.954414
point 97 819 85.3364 88.6936  -0.537382   0.425376  -0.741857   0.738646   0.899501 0.00716764   0.271806   0.780662  -0.389502 -0.0675603
point 98 837  571.63 131.099 -0.105019 -0.232934 -0.464554 -0.378312 -0.749676  0.147005  -0.47963 -0.392274 -0.819559 -0.446487
point 99 841 311.926 150.707  0.174051  0.861258 -0.907038  0.940088 -0.330111  0.133316 -0.321997  -0.23194  0.198688  0.486652
point 100 843 381.045 156.059 -0.436641 -0.162971 -0.149086  0.497733   0.17816 -0.985086  0.383322  0.209645   1.00445  0.990513
point 101 846 535.788 233.342   0.423624   0.265509   0.448982  -0.909547  -0.936886 -0.0141773  -0.727488  -0.257451  -0.399828   0.262519
point 102 861 19.9643  109.32 0.0681312  0.698635  0.855475  -0.10705 -0.488271  0.305158 0.0708394  0.227108  -0.08644 -0.431598
point 103 862 229.462 183.221  -0.828889  -0.334972  -0.726133  -0.225342   0.607345  -0.506934 -0.0952984   0.320125  -0.923992  0.0395512
point 104 863 126.817 156.469  -0.239325   0.361367 -0.0918289   0.426535 -0.0952198    1.04272  0.0726571  -0.252445  -0.122281   0.594518
point 105 866 593.562 179.444  -0.570276 -0.0738499   0.774025  -0.653046   0.663809  -0.274719 -0.0999193   0.354874  -0.482426   0.873195
point 106 867 482.412 209.387    1.04228   0.103853  0.0935969   0.587114  -0.409676 0.00948731  -0.715627  -0.394749   0.605633 -0.0327018
point 107 876 304.074 159.932   0.459835  -0.647567   0.917677  -0.230355 0.00688087  -0.958341  -0.978746   0.352085   0.933301   0.343511
point 108 880 316.145 199.596 -0.633325 -0.553965 -0.248567  0.685527  0.523973 -0.261551  -0.37955  0.558524  0.796602  0.605188
point 109 886 525.423 181.131 -0.391201 -0.859488  -0.45946 0.0826482  0.360309  0.984621  0.930811  0.882678 -0.683316 -0.808061
point 110 888 108.515  133.27  -0.68524  0.758793  0.461657  0.481966  0.350527 -0.883087  0.709436  0.914969  0.131876 0.0417951
point 111 894 102.643 190.579 -0.264224 -0.567587 0.0308688  0.691856 -0.648425 -0.734524  0.822467 -0.362654   -1.0072 -0.859495
point 112 908 273.008 140.887 -0.988673 -0.930112  0.902551 -0.746027 -0.730073    1.0196  0.593201 -0.752409 -0.575719  0.246537
point 113 911 571.803 197.755 -0.950209 -0.356234 -0.813228  0.691054 -0.889369  -0.11402 -0.937569 -0.135333  0.500277 0.0581696
point 114 920   557.8 211.025 -0.916347  0.742451 -0.327125 -0.374543 -0.474398 -0.129682  0.803003 -0.863425  0.981965 -0.533777
point 115 926 616.95 225.34 -0.799356 -0.764348  0.959474 -0.926526 0.0321658 -0.571397 -0.364247 -0.746107 0.0197955  0.536899
point 116 927 391.953 196.873 -0.00509285    0.823846    0.527411    0.425918   -0.904308    0.412909  -0.0507431   -0.405525    0.740913    0.951893
point 117 928 521.027  197.37 -0.171606  0.926714 -0.799704 -0.944905  -0.30519 -0.549783 -0.738652 -0.362598  -0.49834  0.294179
point 118 929 369.183 198.118 -0.901401 -0.329026 -0.298248  0.166237  0.196724  0.748999 0.0585388 -0.147138 0.0651571  0.193742
point 119 936 188.172 31.9163 0.0171857 -0.455224 -0.420048 -0.362034 -0.416574  0.952211 0.0514431 -0.755095 0.0543909  0.139491
point 120 939 582.087 201.559 -0.381475 -0.747583  0.574917   0.90696  0.202875 -0.900971 -0.734969  0.681425  0.107442  0.787886
point 121 942 336.349 216.094 -0.738093 -0.340233  0.643003    -0.446  0.207101 -0.179879 -0.661928 -0.950766   1.00719  0.392905
point 122 944  280.57 189.278   0.590977  -0.547043  -0.310792  -0.555927   0.664328 -0.0822783   0.112135   0.305943    0.44409  -0.652736
point 123 951 624.876 213.494   0.127898  -0.860464 -0.0912694   0.400236   0.265761 -0.0189678    -1.0123   0.470371  -0.145485  -0.659643
point 124 952 23.8101 195.489  0.802847 0.0750691 -0.416092 -0.249583  0.672519 -0.285722   0.43857 -0.748817 -0.367206  0.701108
point 125 958 239.844 157.033  -0.46152 -0.878726 -0.831476 -0.199502 0.0149163  -0.34602  -0.16129 -0.249321  0.481065 -0.951472
point 126 962 182.758 194.369  -0.179282  -0.224436   0.870251  -0.773934  -0.804493 -0.0720525  -0.456283  -0.461555 -0.0429437  -0.128439
point 127 963 513.258 188.748 -0.0279784  -0.788247  -0.416394    0.39009  -0.906851   0.286927   0.921098  -0.889864  -0.228752   0.527677
point 128 965 173.708 85.4477   0.951025   0.611502   0.533118 -0.0948604 -0.0134859  -0.484237   0.141744   0.582374    0.96833   0.236877
point 129 971 528.065 183.958   0.651703  0.0163665   0.269882  -0.685722   0.970211 -0.0339476   0.390307   0.930814   0.825903  -0.146697
point 130 973  75.096 178.616  0.166579  0.165611  0.564773 -0.849714 -0.446608  0.281823  0.115987  0.862496  0.565723  0.117751
point 131 974 203.701 234.651  -0.44284  0.749839 -0.796562 -0.918586  0.510979  -0.47646 -0.389542  0.442606  0.518257 -0.382831
point 132 978 259.931 217.749  0.882816  0.696149  0.285385  0.915296 -0.836323  0.425581  0.100146  0.398233 -0.634273   0.34325
point 133 989 448.218 238.116  -0.644095   0.329957   0.483435  -0.614972 -0.0608881  -0.592675   -0.20031   0.488401   0.498515  -0.498529

