seq: 43
gt_pose: 2.72625 5.53727 2.42613
odom_pose: 3.31346 5.34399 2.38033
point 0 1 367.08 164.27  0.308574  0.446807  -0.76544  0.203555 -0.979636 -0.532221 -0.761375  0.656921 -0.637825 -0.220542
point 1 27  9.0602 191.037 -0.00927147   -0.716215    0.787456    0.228247   0.0794354   -0.619254    0.113797   -0.185974    0.622221    -0.18595
point 2 40 593.507 106.516 -0.373743  0.787535  0.128711  0.266303  0.543655   0.56248  0.614634 -0.433838    0.2352 -0.055744
point 3 76 234.094 147.452   0.418518  -0.175872  -0.647674   0.672032  -0.737368     0.3504  -0.324231  -0.338234  0.0666998 -0.0586377
point 4 86 24.0969 188.658    0.8457  0.318935  0.786229 -0.481907 0.0899081 -0.649467  0.638627 -0.510906 -0.822421 -0.100911
point 5 101 92.1535 173.054   0.653906  -0.233213   0.367619  -0.690444  -0.220559   0.835577  -0.338912 0.00974043  -0.871582   0.807527
point 6 103 225.933 178.528  0.480033 0.0876695  0.501384 -0.143274 -0.211041   0.14009  0.697686 -0.847999  0.448209 -0.590893
point 7 173 322.782 150.059 -0.561591  0.491951 -0.789962  0.847288  0.214036  0.168606  0.548255 -0.789879  0.203932 -0.326106
point 8 181 116.068 174.493  0.772528  0.552498 -0.180829 -0.150591 -0.172507   0.79516 0.0178701  0.942433  0.641456 -0.280313
point 9 189 205.694 222.905   0.941843 -0.0215439  -0.996521  -0.884414 -0.0547001   0.902432    0.74404  -0.429508  -0.373861   0.201744
point 10 205 377.147 190.977 -0.804205 -0.277709 -0.219802 -0.814342  0.496733  0.174247  0.224792 -0.642003  0.386598  0.122724
point 11 208 179.325 204.486  -0.969997  -0.255957  -0.844139 -0.0906639  -0.278113   0.773531   0.886471  -0.666815   0.735432  -0.798928
point 12 209 85.5544 233.142 -0.209063  0.215775 -0.333003  0.393532 -0.907948 -0.302956  0.653434 -0.917012 -0.285093 -0.659308
point 13 226 34.9007 18.0887  0.0129492   0.479772   0.553907   0.576919   0.938335    0.43842  -0.911928  -0.829401 -0.0411311   0.419921
point 14 229 246.251 155.945  0.923022  0.121551  0.238497 -0.764582  0.993805  0.164245  0.438246 -0.349852  0.175821 0.0823976
point 15 239 574.137 108.669 -0.434171 -0.903769 -0.787921  0.230458  0.583779  0.182835  0.210325  0.226188  0.213274 -0.597179
point 16 264 590.061 114.549  0.968182 -0.124752 -0.322122 -0.146599  0.247187  0.702082 -0.800332  0.910669 -0.809993 -0.866692
point 17 275 296.268  108.57    0.941522 -0.00882221    0.421012   -0.826646   0.0320141    0.158056   -0.288949    0.385559   -0.576523   -0.160345
point 18 285 153.824 146.287 -0.506474 -0.122079 -0.496598  0.978408  0.998024  0.751561  0.256685  0.583751 -0.418533  0.451659
point 19 311 451.817 151.168   -0.45995   0.498065 -0.0710419   0.203043  -0.123621   0.341771   0.225477  -0.168241   0.181459  -0.972831
point 20 321 89.5592  155.19 0.0977653 -0.670775 0.0053579 -0.967957  0.990194 0.0398066  0.248264  0.552962  0.815337  0.577543
point 21 322 109.619 164.738 -0.234614 -0.149466  0.472498 -0.735736  0.971561 -0.652452  0.928618  0.962525  0.355315  0.533153
point 22 324 618.755  55.299  0.103955  0.328359 -0.703885 -0.455778  0.618872 0.0276924   0.42707 0.0782941  0.304579   0.35564
point 23 362 17.7491 174.396 -0.218373 -0.902772 -0.830342  -0.37284 -0.466346  0.661842  0.133314  0.412678  0.963969  0.816382
point 24 377 331.372 224.478   0.598462   -1.02051   0.180661  -0.556736  -0.760463    0.78265  -0.385814  -0.993134 0.00834123   0.683486
point 25 393 309.614 188.429   0.530715   0.134596  -0.287201   0.322848   0.922685 -0.0880567  -0.686475   0.162662   0.743083 -0.0311798
point 26 399 136.896 231.299  0.874598  0.120357  0.449348 -0.116171 -0.271517  0.102193  0.525886 -0.659771 -0.648634   0.14048
point 27 402 217.096 208.835   0.303595  -0.282738 -0.0481037   0.945725   0.475293  0.0925573 -0.0961576   0.422209   0.977228  -0.296652
point 28 404 222.513   161.3 -0.0534703   -0.91846   0.216546  -0.383112  -0.172645  -0.464869   0.347535    0.84875  -0.509694  -0.251688
point 29 406 98.9931 185.512 -0.158777  0.938177 -0.702529 -0.508545 -0.889129  0.263015 -0.412786  0.338013  0.891552   0.38026
point 30 408 423.804 159.885  -0.39601   0.73559  -0.29906 -0.894373  0.180743  0.476776 -0.997438  0.436972  0.963654  -0.81952
point 31 435 394.654  219.48 -0.824422  0.354781 -0.051804  -0.33317  0.559401   1.02833 0.0636299 -0.863718  0.195103 -0.993096
point 32 438 386.009  150.13 -0.668016  0.787038 -0.673084  0.936461 -0.235097  0.692033  0.857416  0.955562  0.323578  0.998759
point 33 439 612.21 139.92  0.195089  -0.44496 -0.816313  0.215459  0.417511  0.721494 -0.351457  0.252871  0.140063 -0.215228
point 34 450 247.766 48.0786   0.419907   0.266034   0.710358  -0.543084     0.9838   0.532328 0.00522005  -0.854171   0.829626   0.659963
point 35 453 207.116  236.04  -0.364018   0.368589 -0.0861776  0.0223857   0.355392  -0.585208  -0.865643  -0.248172   0.528008   0.279843
point 36 458 300.615  7.3186 -0.742825  0.207189  -0.82928  0.301785  0.577918  0.468929  0.785615 0.0728382  0.911319 -0.575399
point 37 464 312.033 227.346 -0.0402308  -0.909865  0.0238118  0.0776665  -0.474753   0.113953   0.366214   0.420783  -0.618687   0.167878
point 38 477 291.658 151.128   0.88888 -0.686268   0.12112 -0.372844  0.174756  0.116463  0.657168 -0.728044 -0.365538 -0.633296
point 39 478 162.392 194.401  0.160716 -0.747359  0.544873  0.797959 -0.443903 -0.384844  0.226115  0.181112   -0.3569  0.879975
point 40 496 37.4362 233.533  -0.910704  -0.756509   0.600211   0.213217   0.911652 -0.0477764  -0.874945  -0.396679 -0.0231668   0.254864
point 41 505 330.014 128.012  -0.60759  -0.20921  0.176694  0.281696 -0.801629 -0.485527 -0.832958  0.916662 -0.493876 0.0201503
point 42 520 202.816 120.105 -0.252432 -0.841319  0.314484  0.402623  0.838285  0.383417  0.411003  0.155389  0.235999 -0.196633
point 43 524 86.2357 223.785  -0.246603   0.760805   0.337535 0.00905804   0.966288  -0.526356  -0.209983   0.202602   0.212247   -0.82669
point 44 542 402.556  190.36   -0.690993     0.15359   0.0910914   -0.405689  -0.0584571 -0.00392195   -0.899162    -0.38912    0.546788   -0.185728
point 45 544 38.322 178.75  -0.136451  -0.274531   0.659956   -0.15619  -0.725679    0.98444  -0.933545   0.386778  -0.467188 -0.0155699
point 46 561 207.447 223.904 -0.909043 -0.292977  0.739188 -0.169986 -0.973756  -0.69163 -0.128079 -0.917757 -0.357336   0.71558
point 47 585 365.354 205.149   -0.92701   0.615545 -0.0925043   0.766418   0.221611   0.409741  -0.541076  -0.720369   0.220383  -0.886835
point 48 613 4.11832 147.679  0.736352  0.875059  0.956306 -0.688346 -0.741213  0.204835  -0.23724 -0.430771 0.0966074  0.893966
point 49 614  163.94 196.246   0.49239  0.596697 -0.669506 -0.757667  0.939583 -0.347186  0.727298  0.190084  0.948307  0.195634
point 50 616 206.401 226.602    0.849332    0.564957     0.49441    0.395096     -1.0187   -0.048621 -0.00829071   -0.591844    0.241309  -0.0405797
point 51 640 632.609  181.84 0.00647548   0.795385   0.917595   0.423888   0.188601  -0.378223   0.522944  -0.299762    -0.1556  -0.175934
point 52 645  19.472 233.409    -0.92887    0.844351 -0.00673932    0.338822    0.167775    0.972688    0.291351   -0.415949   -0.349417   -0.298606
point 53 662 26.2189 204.085  0.355503 -0.322804 -0.325292 -0.780661 -0.240564  0.887783   0.50347   1.03104 -0.697878  0.730794
point 54 669   73.13 226.985   0.44251  0.619679 -0.713212 -0.441078  0.203106 -0.676586 -0.100706  0.992662 -0.252629 -0.286503
point 55 674 302.074  232.48   0.901637  -0.739857   0.409328   0.691434  -0.410947  -0.526817  -0.706526   0.164831 -0.0885924    0.29529
point 56 683 53.6406 168.818   0.313809   0.120313   0.527489  -0.803201   0.735915  -0.679776   0.762695 -0.0614733   0.747636   -1.01765
point 57 705  166.22 239.062 -0.0889896  -0.698634   -0.16354   0.558863  -0.963092  -0.259703    0.93219  -0.590182  -0.351958  -0.437587
point 58 711 431.875 203.297  0.114917  0.265029 -0.991511  0.957833  0.897022   1.00195 -0.913551  0.971681  -1.01586  0.566421
point 59 780 291.157 239.048 -0.979256 -0.166208 -0.332931  0.157578  0.962668  0.575584  0.500083 -0.791256  0.259288  0.930533
point 60 822 431.639 214.478   0.787553  -0.231791   0.913346  -0.336061   0.241007  -0.839239   0.690665 -0.0461786  -0.339377   0.180571
point 61 826  327.51 187.801   0.503321  -0.193585   0.187396   0.536883   0.950531  -0.468588 -0.0446742  -0.732839   0.797707   0.624039
point 62 832 85.6116 138.533   0.66235   0.95105 -0.356717  0.693792  0.680651 -0.464716   -0.6859  0.813167 -0.773333 -0.834863
point 63 847 154.653 173.565  0.147213  0.503111  0.341818  0.976206 -0.712109 -0.750911 -0.379895 -0.884476 -0.833015   0.17224
point 64 853 593.088 70.8109 -0.419911  0.881895 -0.572453 0.0260396 0.0861203 -0.706957 -0.302728 -0.423115  -0.82732 -0.721662
point 65 869  302.93 234.704    0.458821     0.76704   -0.723903    -0.56753 -0.00120739   -0.818255    0.531853   -0.861897    0.837525   -0.942156
point 66 877 209.808 98.2372 -0.679271  0.867827  0.770625 -0.909557 -0.167778 -0.966244  0.838094 -0.635521  0.454383  0.451431
point 67 897  448.63 78.5753  0.245017  0.851955  0.959151  0.580071 0.0946494 -0.835441 -0.161518 -0.175215  -0.85653  0.230783
point 68 899 126.281 185.563 -0.474643 -0.502952  0.598993 -0.744511 -0.831938 -0.231511 -0.886251 -0.928213  -0.56945  0.314693
point 69 907 629.135 187.372 -0.773325 -0.918695 -0.908014  0.601379 -0.799154 -0.861548 -0.302268  0.705548 -0.214168 -0.630466
point 70 924 374.322 218.246  -0.454332  -0.526158   0.225836    -0.3786 0.00243906  -0.146794   -1.00569 -0.0913401   0.851889  -0.244232
point 71 947 409.151 39.7526 -0.364822 -0.950641  0.837068 -0.524958 -0.508068  0.913521  0.579354 -0.789699 -0.836966  0.769713
point 72 953 244.257  128.25 -0.0078317   0.597697    0.77462  -0.613265 -0.0875307 -0.0961289  -0.398688   0.756373  -0.724087   0.802025
point 73 966 312.825 215.487   0.666915   0.344156 -0.0122036   0.531011   0.732542 -0.0847683  -0.746589 -0.0275373   0.683726  -0.603663
point 74 984 366.384 98.4035 -0.422076 -0.821941 -0.926406  -0.57103  0.468487  0.571617 0.0820809  0.453195 -0.539727 -0.647959
point 75 990 383.825  185.49   0.595695   0.690353   0.850291     0.7551 -0.0763102   0.229793   0.595045  -0.701577   0.767129  -0.706195
point 76 993  296.66 118.731 -0.185335  0.992511 -0.494845  0.764607 -0.131801  0.383276 -0.234792  0.136027  0.350517 -0.256139

