seq: 195
gt_pose:  1.19788  3.44639 0.289141
odom_pose:  1.32341  2.60435 0.275467
point 0 3 557.919 175.741  -0.23082  0.804325 -0.447908 -0.332203     0.646  0.840543 -0.878541   0.88145 0.0747201  -0.85659
point 1 15 236.114 169.118   0.778073   0.677642   0.997082   0.439033   0.816018   0.961714    0.30934 -0.0416593  -0.699365   0.651022
point 2 36 535.427 222.313 -0.241811 -0.247609  0.461515  0.631702  0.343447  -0.68618 -0.903574 -0.837278  0.387442 -0.592617
point 3 37 287.098 195.281  -1.03058 -0.953861 -0.386106 -0.474226  0.358337  0.699078 -0.682554 -0.337741  0.351445  0.785871
point 4 40 30.7164 150.544 -0.350069  0.746914  0.171732  0.264604  0.518352  0.503547  0.623405 -0.449146  0.175286 -0.102588
point 5 49   406.5 158.666  -0.723044  -0.440923   0.798774  -0.227881    0.75007   0.467464 -0.0502574  -0.422177    0.85107  -0.791219
point 6 53 325.139 175.033  0.792686  0.268384 -0.268185 -0.932249  0.560997  0.653112  0.398809  0.396561  0.784376 -0.405973
point 7 61 281.676 155.173  0.167795  0.499774  0.503897  0.799133 -0.841279  0.541432  0.849564 -0.747542 -0.408775 -0.548137
point 8 75 394.406 209.621 -0.693393 -0.952826  0.915953  0.590262 -0.726293  0.720257 -0.623152  0.984302 0.0518048  0.305941
point 9 77 275.017 222.012 0.0923183 -0.944739 -0.467547  -0.60785  0.347731 -0.139126 -0.521939  0.318547 -0.606294 -0.270009
point 10 82 375.741 170.906   0.955623 -0.0337061  -0.222789  -0.286566   0.881664   0.857808  -0.780402   0.828441   0.774812  -0.611913
point 11 87 473.817 234.244  0.763522  0.848407 -0.214403  0.908612 -0.632199 -0.614577 -0.461547 -0.247807  0.790736  0.229453
point 12 89   294.1 228.891  0.528452 -0.630701 -0.382378 -0.334895  0.250688 -0.657737 -0.493192 -0.920632 -0.683142 -0.139525
point 13 106 251.342  233.29 -0.197808   1.00012 0.0576199 -0.151832  0.403672    0.1206 -0.139307 -0.940473  0.535603 -0.092069
point 14 115  523.08 140.153  -0.727782  -0.723243   0.449134   0.541299 -0.0746734  -0.610416   0.934249  -0.492799  -0.420124   0.465554
point 15 120  449.08 166.317 -0.974721  0.110325  0.667786 -0.527321  0.627889  0.582055  -0.61739  0.249431 -0.921215  0.350141
point 16 130 224.013 172.534  0.827646  0.307499 0.0242064  0.977422  0.463505 -0.261772  0.958347 -0.949756 -0.464329 -0.548865
point 17 134 331.738  154.76 -0.292812  0.146812  0.402188  0.829815  0.735459 -0.331963  0.916218  0.769388  0.620263 -0.820428
point 18 140 358.095 180.757  -0.51981 -0.118401  0.621223 0.0952991  0.774066 -0.721618  0.426337 -0.557891 -0.404687   0.87158
point 19 157 228.056 236.889  0.047784  0.177333  0.620502  0.482572 -0.760381 -0.964695  0.226382  0.630545 -0.715074  0.533292
point 20 158 392.582 52.7086  0.444081  0.417498  0.348757 -0.346665  -0.10556 -0.383542 -0.741661  0.140603  0.936356 -0.594756
point 21 161 281.141  161.88   0.44316  0.918811 0.0350713 -0.404908 -0.371465 -0.747541  -0.40595 -0.272414 0.0991421  0.641488
point 22 170 379.295 236.362 0.0918258 -0.312193  0.245595  0.126978  0.768378 -0.151062 -0.832833  0.742988  0.456505  0.711579
point 23 177 602.747 197.029 -0.728929 -0.115872 -0.468857  0.387097 0.0766286   0.11099  0.016972  -0.57041  0.523436 -0.344292
point 24 180 104.914 140.626 -0.159105 -0.493919 -0.705669  -0.71695  0.131424  -1.03362 -0.142922 -0.173555  -0.11888 -0.263303
point 25 185 550.786 163.262  0.129574 -0.629464 -0.563282  0.346318 -0.269876  0.868146 -0.649718  0.877477 -0.264861 -0.165319
point 26 190 89.0062 226.329  0.413687  0.680863 -0.125622  0.808273  0.494111  0.470392 0.0187411 -0.879631  0.401283 -0.490135
point 27 191 149.764 214.744 -0.892114  -0.87815 -0.901773  0.775431 -0.013197  -0.89463 -0.253278 0.0630935 -0.818091  0.649054
point 28 214 84.7123 172.781  -0.747549   -0.55835  -0.646994  -0.165261   0.230087 -0.0854426   0.791657  -0.784261 -0.0279483   -0.41889
point 29 239 51.6774 171.021 -0.404413 -0.887475 -0.827586   0.21296  0.581276  0.183998  0.259967  0.249438  0.148177 -0.552927
point 30 264 37.5932 161.624  0.995485 -0.134903 -0.312621 -0.140891  0.210853  0.706655 -0.802527  0.892673 -0.863191  -0.82717
point 31 276 434.896 239.637   0.509948  -0.677678  0.0986605  -0.104763    0.29205 -0.0340042   0.305681  -0.621044  -0.485161   0.727078
point 32 310 210.217 156.834  0.582942  0.221934 -0.700623 -0.802289  0.678829 -0.235264 -0.868573 -0.331816  0.809834 -0.617454
point 33 315 422.323 189.542 -0.863824 -0.360187  -0.98338 0.0786245  -0.34219   0.17399 -0.540812  0.835498 -0.682074  0.866446
point 34 320  127.61 215.431  -0.127124   0.626455   0.999058 -0.0569779    0.57679   0.161218  0.0129995   -0.04697   0.154643   0.336969
point 35 324 76.7686 164.106 0.0775559  0.367703 -0.674948 -0.435459  0.585283 0.0369798  0.443763   0.10233  0.256937  0.348061
point 36 325 479.956 199.912 -0.244591  -0.29203  -0.58585 0.0903135  0.232379 -0.335181 -0.239903 -0.485476 -0.584198 -0.969384
point 37 340 428.862 166.753  0.426149 -0.345237 -0.657108 -0.139873  0.756087 -0.165136 -0.675891 -0.413522  0.507842 -0.339161
point 38 343 338.793 222.863 0.00969246  -0.940937  -0.377346  -0.821423    -0.2497 -0.0785782   0.257751  -0.871164    0.54097  -0.435547
point 39 348 541.313  212.63  0.824507 0.0599977 -0.801209  0.182589  0.339265 -0.268053   0.17944 -0.717038  -0.10693  -1.03808
point 40 353 587.858 133.555  -0.507402  -0.229555   0.920683  -0.288779   -0.28557    0.28091 -0.0291563  -0.573384  -0.378272  0.0744093
point 41 372 611.251 223.415  -0.241509   0.914557 0.00310681  -0.536342   0.950719   0.648698  -0.696707  -0.974616  -0.385859   0.200789
point 42 396 437.008 137.691  0.213376 -0.700154  0.850617  0.678947 -0.360434 -0.296781 -0.748669 -0.410909  0.318181  0.576196
point 43 411 201.671 229.726  0.471315  0.965344  0.876526   0.98112  0.402793 -0.577805  0.881267 -0.318335 -0.805666 -0.021156
point 44 418 480.315 231.319 -0.934946 0.0194638  0.296922 -0.683075  0.877268  0.803644   1.01282 -0.774933 -0.622189  0.625464
point 45 439 56.6074 186.773  0.212635  -0.41571 -0.778047  0.294172  0.410395  0.681373 -0.322113  0.287591  0.126128 -0.131117
point 46 440 126.373 141.476 -0.843411  -0.95119  0.125672    0.9165 -0.501347  0.396993  0.765326 -0.178333  0.408033 -0.542185
point 47 449 240.866 152.748 -0.0251822  -0.339679   0.812238   -0.47623  -0.118844  -0.521794    0.55523  0.0297443  -0.371305  -0.236078
point 48 456 466.769 185.224  0.203334 -0.574732  0.494458 -0.456962 -0.343781  0.690186 -0.560717 -0.709341 -0.773715 -0.963551
point 49 458 17.7765 126.162 -0.808287   0.21129 -0.795382  0.310098  0.514724  0.396827  0.752047  0.142126  0.957806  -0.54002
point 50 487 218.068 174.183  -0.822205    0.97045  -0.677153  -0.961947 -0.0128206   0.678684  -0.317179  -0.867727   0.373191  -0.163229
point 51 512 463.792 172.289 -0.671262  0.053388  0.742079 -0.380179  0.570598 -0.958486  -0.29163  0.225265 0.0405829 -0.406486
point 52 517 190.697 179.165  -0.373225 -0.0168918  -0.820685  -0.551267   0.389037   0.146024 -0.0840878  -0.811282   0.709021  -0.496439
point 53 521 295.121 194.773 -0.851399 -0.355906  0.632199  0.128185 -0.255384 0.0283368  -0.43831 -0.715683 -0.831944 -0.641143
point 54 569 90.1662 184.999 0.0513766 -0.698391  0.326966  0.214679 -0.184233  0.451222  0.413415 -0.507121  0.936479 -0.362435
point 55 581 376.78 239.35 -0.648779 -0.532464 -0.292079  0.957332 -0.996073 -0.144305 -0.182409 -0.775913  0.891622 -0.118097
point 56 582 545.005 193.244 -0.00837578   -0.778679   -0.482188    0.945739    0.203153   0.0688505   -0.416707    0.253666 -0.00540805    0.720901
point 57 603 320.513 129.623   1.02497  0.549964  0.756896  0.231318 -0.815409   0.42362 -0.832357   0.82247 -0.544107  0.637635
point 58 619 528.382 190.597 0.0299674  0.926733  0.350325 -0.997707 -0.909288  -0.59761 -0.782113  0.356203  0.591893 -0.362072
point 59 627 234.232 109.669 0.0769842  0.915379 -0.595189 -0.537585 -0.767706  0.359762    -0.795 0.0474064  0.296927  0.662342
point 60 628  195.07 207.716 -0.639179 -0.163127  0.121305 -0.326757 -0.205243  0.871845  0.619427  -0.40296  0.466427  0.814548
point 61 632 515.552 237.808 -0.078793  0.231195  -0.26806 -0.680679 -0.523729  0.678209  0.248488 0.0749711 -0.674408 -0.106647
point 62 640 67.2258 211.853 0.00678034    0.71431    0.93162   0.385321   0.178911  -0.359486   0.581232  -0.265912  -0.197747  -0.230156
point 63 668 392.595 179.553 -0.584528  0.784207 -0.746637  -0.44442 -0.533495 -0.189683  0.189834 -0.464183 -0.859942 -0.593177
point 64 675 163.064 185.857  -0.131121   0.806845   0.766362   0.244064  -0.174636   -0.71705  -0.110654   0.821985 -0.0492658  -0.589217
point 65 698 617.776 223.197  0.380337 -0.469634  0.412672  0.429043  0.475208  0.499741 -0.913792 -0.403103 -0.125261 -0.968857
point 66 704 198.808 188.391 -0.343546  0.150895  0.403097 -0.155325 -0.547819  0.864558  0.510579 -0.899151 -0.483257  0.693855
point 67 717 307.924 171.394   1.02174  0.693268 -0.956373 -0.224941 -0.323334 -0.730117 -0.644027  0.725543 -0.349928  0.667549
point 68 754 582.373 193.747 0.0630702  0.461796 -0.260213  -1.01836  0.192752 -0.492773  0.795088  0.697434  0.353464 -0.315681
point 69 768 639.674 189.408 0.0206632 -0.144109  0.204816  0.402913  -0.71707  0.262503 -0.194879  0.442583  0.728533  0.640605
point 70 778  468.79 225.225 -0.144089 -0.643028 -0.820847  0.718215 -0.555038 -0.928765 -0.370835  0.337206 -0.414258 -0.712975
point 71 779 128.968 229.636   0.244506  -0.832379  -0.952018  -0.810122    0.59025  -0.538807    0.89085  -0.685719 -0.0458957   0.485183
point 72 804 448.088  194.28 -0.820645 -0.764216 -0.662444 -0.559068  0.570873  0.684895 -0.140805  0.461837 -0.524826  0.155199
point 73 809 442.094 183.713 -0.219735 -0.929706 -0.992031 -0.324569 -0.518689 -0.199279  0.791396  0.773322 -0.263589 -0.205471
point 74 817 395.887  202.92  -0.243022   0.544303   0.860256    0.63628   0.587158 -0.0971747   -0.64096   0.550978   0.656387  -0.931896
point 75 837 538.324 95.1881 -0.054058 -0.263041 -0.516052 -0.325395 -0.758065  0.151248 -0.408439 -0.421627 -0.809097  -0.41221
point 76 839 619.076 216.797 0.0246757 -0.215444  -0.85713 -0.826274 -0.205891  0.116792 -0.111544  0.291749   0.70924  0.125573
point 77 846 401.588 230.396  0.437323  0.249479  0.383167 -0.900074 -0.973244 -0.061835 -0.708245  -0.28345 -0.378256  0.211217
point 78 853 47.9006  144.24  -0.391013   0.850238  -0.613247 -0.0169689  0.0742304  -0.722817  -0.338282  -0.454874  -0.796955  -0.762217
point 79 866 388.332 178.542 -0.495257 -0.139351  0.788148 -0.646481  0.614403   -0.2669 -0.189505  0.376472 -0.402335   0.89763
point 80 868 215.902 194.561   0.710349  -0.421367  -0.875926 -0.0416033  -0.676962  -0.412304   0.895325  -0.863506  0.0159462    0.50079
point 81 886 496.087 138.962 -0.399327 -0.840563 -0.470129 0.0719283  0.354903  0.987087  0.859108  0.832143 -0.723181 -0.843465
point 82 892  595.53 131.515   0.294641  -0.900679  -0.703446   0.664117  -0.713658   0.701208  -0.702032   0.172316   0.801957 -0.0674035
point 83 898 511.843 232.396  0.855667 -0.564626  0.248179 0.0164279 0.0443423 -0.291317  0.550697 -0.480316 -0.132106   0.44364
point 84 901 113.561 205.278  -0.734887   0.428634  -0.874953   0.813948   0.754146  -0.372027  -0.748246   0.334419 -0.0878429  -0.570468
point 85 905 425.255 64.0356 -0.949108 0.0839332  0.526403 -0.401752  0.636237  0.286609 -0.788522  0.642774 0.0342871  0.200634
point 86 907 64.1969 213.672 -0.733775 -0.970894 -0.853528  0.598571 -0.816408 -0.896922 -0.318408  0.629057  -0.28699 -0.609875
point 87 910 467.184 118.676   -0.926895     0.59566    0.437058 -0.00887938    0.657011    0.467999   0.0335414    0.611039    0.788049      0.4115
point 88 911 368.315 193.028  -1.00836 -0.402041 -0.820009  0.686562 -0.911893 -0.115971 -0.948762 -0.138923   0.49847  0.141295
point 89 920 404.813 203.608 -0.897762  0.665777 -0.383499  -0.35151 -0.467591 -0.178283  0.833466 -0.838479   1.00815 -0.518618
point 90 926 414.152 226.279 -0.760428 -0.829101  0.942688 -0.858966 0.0142079 -0.545737 -0.428355 -0.699594   0.01452  0.597136
point 91 928 605.452  156.08 -0.131955  0.876712 -0.856822 -0.862191 -0.256136 -0.544298 -0.733214 -0.366167 -0.465742  0.328564
point 92 939 527.515 192.188 -0.433577 -0.694359  0.604307  0.888876  0.200019 -0.878003 -0.780208  0.640468  0.140184  0.791984

