seq: 64
gt_pose: -0.158221   4.05268  -1.83745
odom_pose: 0.463251  3.88839 -1.78981
point 0 14 190.197 207.604 -0.778747 0.0873955  0.562156 -0.439756   1.02151  0.176906  0.753144  0.468186  0.272527  -0.93195
point 1 17 44.4425 112.647  -0.469674  0.0423879   0.461888  -0.744467  -0.069824   0.173944   0.883947 -0.0801581   -0.29763   0.678569
point 2 31 180.801 180.705   -0.408814    0.816094 -0.00437358   -0.642096    0.202635  0.00600633     0.23501    0.174349   -0.536161    0.609718
point 3 57 125.446 198.388  0.426254 -0.365716 -0.545071  0.535866 -0.513623  0.380084 -0.977233  0.708316  0.740325  0.156645
point 4 63 468.051 118.368  0.166263 -0.784303 -0.882176 -0.205377  -0.69137  0.312258 -0.793589  0.741394  0.125409 -0.621113
point 5 68 186.274 238.532  0.170853  0.336807 -0.895239  0.517577  0.160802 -0.743014 -0.701919 -0.599657  0.565762  0.645286
point 6 73 546.066 134.485   0.811746  -0.154779   0.737687   0.334229 -0.0304255 -0.0613458  -0.367671  -0.562485  -0.544411   0.186411
point 7 88 484.182 234.149  -0.248598 -0.0176047   0.426896  -0.964907   0.267484   0.262371   0.428984  0.0350826   0.744167   -0.56506
point 8 92 303.105 210.046   0.17508  0.768551 0.0249327  0.941451  0.279892  0.295648  0.996759  0.629982 -0.255496 0.0188045
point 9 93  587.69 152.094  0.767683 0.0912434  0.187139 -0.836224  0.860121 -0.335656  0.162853 -0.957426  0.529912 0.0587851
point 10 109  246.76 227.924  -0.437449   0.885484  -0.874742  -0.388087   0.546879 -0.0824564   0.722103     0.6493  0.0310033   0.274881
point 11 110 95.7152 137.814  0.894717  0.915269 -0.637848 -0.332585 0.0894055 -0.718058 -0.529768  0.576018  0.699537   0.18525
point 12 111 336.729 227.409  0.093063   0.95237 -0.848695  -0.94268 -0.155265 -0.316578  0.910317 0.0778217  0.273653  0.414295
point 13 123 236.867 169.024  0.172054 -0.781443 -0.217612  0.371835  0.866155  0.706246  0.278978 -0.261622  0.374967  -0.60833
point 14 144 612.015 173.439 -0.446098 -0.190393  -0.82904 -0.725637   -0.6405  0.521667  0.020462  0.390358 -0.669365 -0.773494
point 15 156  122.62 136.074   0.315406   0.550015  -0.670175   0.392516  -0.788991   0.915067   0.159774  -0.769014  -0.891469 -0.0888842
point 16 159 124.447 184.906  0.194213 -0.980527 -0.902814 -0.104941 0.0160303  0.070525  0.993703 -0.359843 -0.429515 -0.788666
point 17 165 180.672 181.438    0.48095  -0.735785   0.450782   0.570169  -0.688963   0.642445  -0.626114   0.787463   0.368909 -0.0413238
point 18 166 355.471 199.097 -0.594967  0.321036 -0.576621 -0.480474 -0.724262  0.282067 -0.714568  0.131961  0.185019 -0.654109
point 19 175 288.514 131.935 -0.401647  0.514749  0.230474 -0.562671  0.671613  0.697285  0.954018  0.961941  0.561403 0.0908217
point 20 176 176.798 186.714 -0.695291  0.877099 -0.178363 -0.025212  0.339276 -0.408234 -0.938272  0.268843  0.660802  0.128601
point 21 179 24.7879 194.951 0.0387995 -0.806939  0.126353   0.80302  0.686658  0.411516 -0.372879 -0.759535 -0.199871  0.828143
point 22 186 427.043 56.8671  -0.376207  -0.364757   0.362483   0.422639    0.90234  -0.880524 -0.0524507  -0.501042   0.119706   0.285181
point 23 198 135.745 237.396  0.915516  0.585949 -0.388455 -0.549585  0.953594 -0.832532  0.904629 -0.948954 -0.679163  0.335289
point 24 200 241.879 187.087  -0.499108  -0.724199   0.653929   0.382434    0.19208   0.588802 -0.0420384   0.868369    1.00844  -0.094893
point 25 202 0.769353  120.687 -0.585416 -0.238548   0.23857  0.302142  0.134718  0.752951  0.565915 -0.234357  0.143472 -0.137437
point 26 206 1.58333 150.865  0.690635 0.0184469  0.619578  0.905503 -0.719454 -0.674054  0.716298   -0.2394 -0.905828   0.68807
point 27 216 290.611 201.697  -0.707194  -0.891812   0.885454  -0.792083  -0.527086  -0.820341  -0.346609  -0.229608 -0.0416754   0.810986
point 28 233 474.417 221.652 -0.186757 -0.496417   0.11763  0.296644  0.320612 -0.174161 -0.912989  0.179035 -0.853596  0.344391
point 29 240 13.9482 36.0333 -0.559283 -0.642505  0.607548  0.808269  0.802357  0.707466 -0.479939 -0.769524 -0.956031  0.676908
point 30 245  289.48 196.536 -0.641194 -0.345671  0.448109 -0.736105 -0.483826  0.388013  0.829933 -0.604531  0.160282  0.749145
point 31 249 637.876 171.743    0.676152   -0.676519   -0.344203    0.968991   -0.125355   -0.617198    0.565156   -0.729356 -0.00236478   -0.430729
point 32 251 322.755 226.405 0.0497917 -0.530214  0.212267 -0.848151 -0.455801 -0.114056 -0.469284  0.190208 -0.113023  0.350145
point 33 259 59.7864 208.003  0.224158  0.689058 0.0931105  0.468467 -0.392591  0.002831 -0.689913  0.465866 -0.923063 -0.539834
point 34 262 285.205 189.199  0.110344  0.306434 -0.335689 -0.559291  0.934525  0.942442  -0.94121 -0.386358  0.433874 -0.344064
point 35 286 105.933 188.723 -0.720133  -0.47624 -0.430087 -0.193513 0.0880515   0.36688  0.857158 -0.885923 -0.928123  0.742894
point 36 296 145.047 163.575   -0.054158   -0.577381   -0.368933    0.306633   -0.243067    0.578959   -0.652876     1.00546 -0.00934506   -0.326341
point 37 301 196.293 215.034  0.154916 -0.546853 -0.955364  0.397754 -0.949856 -0.696278 -0.616223  0.543982 -0.739677 0.0312017
point 38 302 501.548 189.938 -0.761843 0.0657844  0.569263    0.6671 -0.159762 -0.590439  -1.00953  0.199986  0.138866 -0.147151
point 39 303 251.316 193.458   0.110656  -0.844682  -0.581312  -0.924796 -0.0745004   0.539286  -0.401059  -0.105346 -0.0409287  -0.349265
point 40 313 77.8972 131.284  0.0692937   0.304148   0.201298   0.146636   0.456263   0.692637  -0.459109  -0.582868 -0.0899809   0.415984
point 41 316  22.063 173.993  -0.566519  -0.749928  -0.898993  -0.484937  -0.432474 -0.0855406  -0.409384  -0.215655  -0.295046  -0.699679
point 42 319 84.7373 172.342  -0.91967  0.250753  0.601447 -0.240657 -0.750706  0.129975  0.742534 -0.276451 -0.977475  0.348425
point 43 331 382.721 222.415  -0.336486  -0.228186  -0.270408   0.173449 -0.0881878   0.960114   0.835704  -0.544461   0.786338    0.88923
point 44 352 301.617 213.102  0.525998  0.360753  0.378073 -0.774552  0.538248  0.629303 -0.667118  0.542721 -0.179603  0.843642
point 45 367 49.1972 72.4113  -0.661048    -0.8496   0.866993  -0.462281  -0.486039   0.672411  -0.340626 -0.0558333  -0.574171  -0.737098
point 46 387 264.265 166.594  0.720062 -0.741376  0.549429  0.933468 -0.807201 -0.136164 0.0157534 -0.973701  0.638195  0.716716
point 47 388 590.086 188.475  -0.43297 -0.111588  0.811218 -0.464869 -0.830016 -0.222803  0.294538  0.389434 -0.752737  0.287762
point 48 398   147.1 227.488 -0.812788  0.897779 -0.675282  0.456398 -0.934699  0.615115  0.657849  0.870959   0.26644 -0.705804
point 49 425 228.156 239.962  -0.452104  -0.332383   0.401362  -0.434334  -0.596183  -0.624228 -0.0851689  -0.951243   0.851578   0.851084
point 50 428 529.369 138.805 -0.509717 0.0372219  0.568339 -0.845979 -0.288067  0.503805  0.238865 -0.389866 -0.179203  0.164415
point 51 441 614.893 151.881  0.829877  0.279235  0.687783  0.745418  0.802772 -0.111807 -0.717496  -1.04333 -0.824818  0.668073
point 52 448 41.6236 207.558   0.86143 -0.457283 -0.833362 -0.664212 -0.329729  0.710086 -0.436644 -0.753771  0.663432 -0.421313
point 53 460 503.527 198.572   0.818289  -0.580941  -0.342155   0.448702  0.0538594 -0.0876538  -0.338804    0.28417  -0.763808  -0.867134
point 54 469 127.683 170.769 -0.0716838  -0.817789   0.899715   0.939614  -0.168068  -0.434866  -0.759896   0.757483   0.227625  -0.870771
point 55 486 620.277 203.147 -0.884664  0.529539  0.940404 -0.398105    1.0272  0.807613 -0.782556   1.03577 -0.941713 -0.442959
point 56 491 234.292 178.235 -0.847429  0.872429 -0.347213  0.580525 -0.449199 -0.113994  0.543304 -0.268623 -0.257203  0.678416
point 57 494  476.73 161.016  0.440621 -0.126345 -0.285929 -0.942797 0.0877623 -0.784014  0.551773  0.348212  -0.26928 -0.951573
point 58 499  530.25 21.2848   0.847718  -0.398464   0.331175  -0.642503   0.173828 -0.0508195 -0.0797126  -0.256926   0.733363   0.335927
point 59 506 94.4334 117.587  0.0270713   0.259789 0.00170067   -0.59645  -0.928014  -0.623123  -0.721597  -0.625365   0.728543   0.551552
point 60 514 331.679 189.091  0.393788 -0.809232  -0.91756 -0.502514 -0.945584 -0.489418  0.641943  0.781996  0.111742    0.2346
point 61 519 130.267 138.359  0.414637  0.435036   0.58782   0.19615  0.734161 -0.836305 -0.852762  0.865098 -0.337846  0.491855
point 62 527 573.976 234.058  0.776243  0.469736 -0.830815  0.909261 -0.563571  -0.46784 -0.115906  0.703614  0.653077  0.635046
point 63 541  312.94 232.828  0.323325 -0.853392  0.839851 -0.331079 -0.683824  0.719755  0.812694 -0.550164 -0.931011  0.214055
point 64 552 479.279 173.934  0.897864  -0.17888  0.830291  -0.10206  0.435004 0.0566932  0.743623  0.730805 -0.382468 -0.576227
point 65 563 567.188 191.391 -0.0549179  -0.418202   0.315926  -0.332416   0.762505   0.420667   0.304084   0.494069  -0.689062    0.34911
point 66 573  92.032 158.384  0.908603 -0.224345  0.245533 -0.500659 -0.246584 0.0554153 -0.635566 -0.967773  -0.31285   0.63643
point 67 587 555.945 169.382  0.830549  -0.42369  -0.29777  0.674345  0.170766 -0.282455  0.329832 -0.941307 -0.467536 -0.443273
point 68 589 581.588 179.955  0.126927 -0.131331 -0.293323 -0.678408 -0.460028 -0.507051 -0.163413  0.200285 -0.859802 -0.890349
point 69 596 368.032 130.439  0.0697919  -0.536794   0.440485  0.0924945 -0.0843033  -0.453324   0.687616   0.123829   0.627155   0.862217
point 70 607 325.795 237.971  0.882476  0.389139 -0.320497 0.0846489 -0.425145 -0.394804 -0.424932  0.245268  0.954201  0.807593
point 71 610 326.351 156.755 -0.161187 -0.238051  0.745173   0.70422  0.405947  0.426694  0.673715 -0.634416  0.173827  -0.48873
point 72 617 235.304 146.426 -0.00548234   -0.844303    0.217662    0.138162   -0.553835   -0.970436   -0.187405    0.355834   -0.848257   -0.611251
point 73 629 97.3129 189.284 -0.473848   0.81474  0.633863 -0.910596  0.921336 -0.291166   1.04792 -0.670199  0.135732 -0.785133
point 74 631 475.045 227.618   -0.817549   0.0678394    -0.62364  -0.0858831    0.376298   -0.132825   -0.277118  -0.0073894 -0.00918783    -0.25733
point 75 644 281.361  137.96  -0.521847  -0.119441  -0.586898 -0.0085923  -0.132889   -0.76891   0.845481  -0.907983   0.880155   0.447369
point 76 650 491.602 226.018  0.735926  0.244408  0.650576 -0.552854  0.930196 -0.218336  0.909891 -0.808337 -0.211151 -0.839768
point 77 654 560.237 238.729 0.0965229  0.705547  0.206823 0.0907326 -0.320252  0.399164  0.799607 -0.880936  -0.28796  0.621088
point 78 661 221.509 178.007  0.334934  -0.57024  0.424243  0.368469  0.108464  0.128568 -0.890329 -0.786586   0.27378  0.391155
point 79 667   83.88 166.305 -0.908077  -0.64264 -0.204776 -0.587088  0.748616 -0.690646 -0.528394  0.704656  0.599509  0.397412
point 80 681 4.95056 200.059 -0.309582  0.583974  0.139656  0.482433 -0.790501  0.189538 -0.820805  0.461425 -0.112387  -0.90157
point 81 687 526.992 223.901  -0.322027    0.26719 -0.0434619  -0.240374   0.686042    0.43239   0.615865  -0.461026   0.224752   -0.47031
point 82 689 469.286 122.602   0.889724  -0.452571  -0.446868 -0.0186986   0.679309   0.138838  -0.767792  -0.310457   0.931138   0.891866
point 83 691 301.083 202.418  0.588829   1.03003  0.175141 -0.227025 -0.878624  0.062088  0.278635 -0.444512 -0.977242 0.0697475
point 84 697 66.8449 205.575  0.137435 -0.722322 -0.488486  0.926345  0.492795 -0.786101 -0.226821 -0.158023 -0.174792 -0.794074
point 85 709  91.782 217.643  0.914579 -0.890929  -1.00017  -1.00326  0.537398  0.795289  0.798447  0.490137  0.180909 -0.481405
point 86 725 573.149  139.44 -0.738724 -0.797947 -0.735449 -0.891891  0.302097  0.376438 -0.801589 -0.791804 -0.467958 -0.272597
point 87 726 381.001 166.652  0.916965  0.521083   0.58716 -0.686173   0.30678  0.615719 -0.749826 -0.854685 -0.856457 -0.858258
point 88 727 470.945 226.716  0.0784396  -0.961852   0.634138  -0.577383   -0.27847   0.859994  -0.406618 -0.0384992   0.876396   0.919892
point 89 736 514.817 169.842 -0.0393729  -0.932101  -0.178423  0.0721343  -0.290573  -0.202214   0.445241   0.671913  -0.930254    1.03391
point 90 750 380.797 237.023 -0.366897 -0.437512  0.513522  0.277778  0.196015   0.53811 -0.684872  0.725867  0.656738 -0.144857
point 91 752 218.193  164.53  0.830081  0.846197 -0.564455  -0.19261 -0.124815 0.0761217   0.31178 -0.685399 -0.662882 -0.468676
point 92 776 253.812 175.112  0.942031  -0.15285 -0.169515 -0.508807  0.647732 -0.886972  0.383787 -0.410735  0.843779 -0.797576
point 93 777 144.305 198.805    -0.613917     0.663962    -0.329518     -0.51055     0.589226    -0.251753    -0.310596     0.570743 -0.000318865     0.106598
point 94 794  229.77 215.867  -0.405812   0.438385  -0.314022  -0.628456 -0.0119459   0.648928   0.424885  -0.507741   0.145849   0.495819
point 95 797 212.732 204.173 -0.687255 -0.686117  0.732971 0.0412733 -0.248401 -0.522969 -0.071961  0.548079 -0.103272 -0.324182
point 96 805 291.854 86.6942  0.396311  0.727956  0.485455 -0.235761 -0.893548  0.768012 -0.190271  0.900387 -0.832273  0.220638
point 97 815 126.485 162.413 0.0751276 -0.209498   1.01262 -0.271533  0.684717  0.656922 -0.402276 -0.635426  0.775664  0.908925
point 98 841 238.526 186.551  0.187316  0.877012 -0.948109  0.914317 -0.384559 0.0636927 -0.320363 -0.168388  0.257672  0.518563
point 99 843 172.517  143.79  -0.452741  -0.165281 -0.0666101   0.431868   0.149057  -0.903753    0.38603   0.202613   0.967005    1.01101
point 100 867 41.1233 205.375    1.02123   0.123991  0.0684341   0.609246  -0.445868 -0.0315514  -0.744766  -0.356258   0.687839 -0.0148483
point 101 873  503.61 164.622  0.324617 -0.520176 -0.987409   1.00349  0.863818  0.337095 -0.769208  -0.79926 -0.548513  0.346115
point 102 876 275.879 145.503  0.407019 -0.648406  0.880866 -0.256618 0.0763255  -1.02658  -1.00773  0.346215  0.868335  0.299431
point 103 880 267.882 184.054 -0.633771 -0.562906 -0.304786  0.660459  0.573049 -0.216428 -0.365599  0.573488  0.809772  0.597899
point 104 881 172.367  134.48  0.291177  0.575933  0.438604  0.591483  0.409579 -0.763633  0.236191 -0.765159 -0.438049 -0.598137
point 105 882 108.231 206.201 -0.476968   0.97072 -0.578392   0.59896  0.492602 -0.200902 -0.917659  -0.77499 -0.593478  0.667907
point 106 883 281.272  212.46  -0.255266  -0.254904  -0.767615   0.953482    0.22121   0.621933   0.539369  -0.348512   0.164156 -0.0279981
point 107 896 638.419 204.977   0.407272  -0.529373   0.429532   -0.76628   0.920384  -0.838801  -0.344359  -0.106398    0.86437 -0.0408582
point 108 908  282.65 161.735 -0.980602 -0.921747  0.983374 -0.715629 -0.734056  0.996337  0.542996 -0.766367   -0.5883  0.227302
point 109 916 389.862 200.852 -0.319322  0.238319  0.264141 -0.350677  -0.64677 -0.472958  0.680409  0.225475  0.835888 0.0101759
point 110 927 139.814 173.459 -0.0186473   0.847098   0.616142   0.369966  -0.910064   0.368952  0.0223052  -0.414282   0.767746   0.880807
point 111 929 161.224 135.526 -0.867554 -0.306918 -0.248588   0.18339  0.248845  0.735452  0.107887 -0.174266  0.102698  0.150931
point 112 937 410.662 217.918 -0.444663 -0.619786  -0.51662 0.0804991  0.501594 -0.242969  0.143543 -0.288665 -0.276722   0.51176
point 113 942 222.538 224.574 -0.752942  -0.34624  0.655147 -0.479531  0.235624 -0.257401 -0.741508 -0.958239   0.94657  0.467064
point 114 944 304.509  182.17   0.544885  -0.491341  -0.308644  -0.591875   0.716267 -0.0115615    0.17273   0.318381    0.46968  -0.633521
point 115 958 320.862 169.278 -0.455452 -0.884135 -0.849437 -0.253637 0.0299056 -0.350938 -0.182133 -0.215974  0.438087 -0.951485
point 116 967 270.595 109.203  0.183314 -0.120235  0.397193  0.902571  0.128588   0.35555  0.509516  -0.33301 -0.764521 -0.459662
point 117 971 60.9891 198.523   0.694605   0.028168   0.305224  -0.662845       1.04 -0.0774434    0.36534    1.00934   0.742453  -0.190423
point 118 978 321.458 216.762  0.842111  0.681741  0.294937  0.934879 -0.795996  0.430066  0.162282  0.408025 -0.568347  0.357488
point 119 986 570.604 230.709  -0.308239  -0.249139   -1.00165  -0.528825 -0.0912994  -0.460719  -0.342892  -0.129967  0.0732102  -0.815981

