seq: 166
gt_pose:  -4.45118   3.58851 0.0628489
odom_pose: -4.34676  2.48837 0.106289
point 0 1 129.009 178.256  0.261954  0.396225 -0.718547  0.210714   -1.0043 -0.544906 -0.712258  0.621371 -0.660898 -0.199815
point 1 5 567.606 199.743 0.0570995  0.375777 0.0598797 -0.943903   -0.0902  0.875094  0.827727  0.460035 -0.384236  0.496912
point 2 23 623.762 178.257    0.78391   0.756988  0.0316956   0.170354  -0.708873  -0.474485   0.700291 -0.0557042 -0.0735681   0.690622
point 3 31 396.111 218.998  -0.382831   0.817085 -0.0424622  -0.703514   0.205872  0.0689654   0.214018   0.242085  -0.552199   0.611527
point 4 58 396.964 210.938   0.69399 -0.537062 -0.445304 -0.808872 0.0188179  0.806391  0.228902 0.0682266  0.637557  0.921172
point 5 63 363.687 196.322  0.176988 -0.730528 -0.875182 -0.282594 -0.748613  0.297656 -0.781978  0.759974  0.152299 -0.540062
point 6 68 375.774 239.615   0.19897  0.389679 -0.913198  0.507605  0.152256 -0.757734 -0.748932 -0.629194  0.518777  0.682236
point 7 76 188.408  164.64   0.404732  -0.177519  -0.606825   0.649132  -0.683976    0.39354  -0.302371  -0.342924   0.067433 -0.0906991
point 8 78 548.593 213.249 -0.883126 -0.782952  0.573051  0.786254   1.01311  0.024338  -0.47531 -0.660803 -0.251083  -0.12849
point 9 88 485.585 231.707 -0.275266 0.0254399  0.377709 -0.919019  0.267614  0.231309  0.346634 0.0209042  0.812087 -0.543964
point 10 92 603.892 191.579  0.197414  0.704164 0.0648507  0.924167   0.28298   0.28078  0.946734  0.572798 -0.216228 0.0602427
point 11 101 191.294 59.1329   0.655702  -0.241763   0.392563  -0.684705  -0.191642   0.875335  -0.362993 -0.0300263  -0.893493   0.887427
point 12 109 485.153 229.709  -0.477964   0.929631  -0.818249   -0.37779   0.536914 -0.0258332   0.701338   0.656986  -0.026552   0.222036
point 13 111 466.894 228.764 0.0353474   1.01811  -0.92783 -0.983806 -0.173516 -0.378602  0.944113 0.0264506  0.231199  0.397012
point 14 123 523.851 166.576  0.126522 -0.842473 -0.263836  0.381825  0.902176  0.660213  0.216958 -0.270165  0.343654 -0.558282
point 15 145  35.208 237.216  0.608664  0.488534 -0.875117   0.59811  0.356086  0.808384  0.492344 -0.188705   0.68871   0.50597
point 16 166 574.559 174.358 -0.577436  0.390604 -0.630385 -0.433705 -0.721549  0.244011 -0.742931  0.118246  0.175421 -0.621944
point 17 173 161.462 173.899 -0.550009  0.538374 -0.818759  0.885387  0.219255 0.0947931  0.617474 -0.793515  0.142794 -0.332656
point 18 175 440.094 167.975 -0.351091  0.515176  0.323486 -0.567105  0.724899  0.729988  0.919621  0.976844  0.579411  0.109811
point 19 176 410.484 217.706  -0.769361   0.833141  -0.153822 -0.0566355    0.37211  -0.461899  -0.902263   0.278602    0.74348  0.0896173
point 20 181 231.959 173.567  0.798901  0.555429 -0.236253 -0.150363 -0.160205  0.827597 0.0163941  0.923719  0.609471 -0.268274
point 21 186 403.176  127.33  -0.36673 -0.432697  0.350609  0.425128  0.929965 -0.939113  -0.11726 -0.507813 0.0760199  0.338379
point 22 189 157.872 218.231   0.970335 -0.0569996   -0.99513  -0.896455 -0.0715278   0.860123   0.693719  -0.454268  -0.411026   0.149053
point 23 192 38.6872 152.246   0.489532   0.108084   0.510574   0.279109  -0.822855 -0.0868722 -0.0672119  0.0644799  -0.372911  -0.535685
point 24 200 520.667 185.668 -0.415049 -0.716937  0.691187   0.35702  0.195059   0.58631 -0.124154  0.864192  0.962982 -0.117981
point 25 209 205.975 222.666 -0.201062  0.217267 -0.319079  0.402923 -0.918496  -0.30586  0.620517 -0.877881 -0.312758 -0.629391
point 26 216 568.611 186.996   -0.64505  -0.967847   0.862691  -0.802178  -0.541658  -0.910866  -0.339608  -0.214298 -0.0495265   0.868575
point 27 226 277.411 166.281 -0.0299927   0.518228   0.527871   0.599012   0.940626   0.476057  -0.983799  -0.805124  -0.061362   0.415763
point 28 229 228.012 204.115   1.01702  0.074102  0.250553 -0.704885  0.968563  0.138323  0.522397 -0.327844  0.185492 0.0774607
point 29 233 396.074 228.351 -0.135117 -0.476354  0.171616  0.267499  0.280397 -0.204354 -0.946635  0.178712 -0.922878  0.362335
point 30 245 532.658  188.65 -0.651868 -0.381387  0.423934  -0.69819 -0.449521  0.347976  0.919414 -0.702697  0.222267  0.786017
point 31 251 458.975 228.829 -0.000900177    -0.524314     0.125304    -0.816804    -0.434283    -0.111944    -0.442618     0.216632    -0.119581     0.368503
point 32 262 559.361 172.969  0.100384  0.301859 -0.342957 -0.553286  0.940676  0.947182 -0.896928 -0.331365   0.43131  -0.42729
point 33 275 208.007 176.264   0.868231 -0.0132683   0.487157  -0.777838 -0.0297435   0.149619   -0.29563   0.401177  -0.555188   -0.16127
point 34 277 632.528 171.956 -0.487536 -0.799285  0.240614 -0.782313 -0.956229   0.17787   0.11027  0.501116  0.427375 -0.866236
point 35 285 161.095 73.7198 -0.563964 -0.156116  -0.48933  0.984828  0.920033  0.771846  0.315622  0.558734 -0.435909  0.406643
point 36 303 419.711 215.852   0.110157  -0.843273  -0.600504  -0.899491 -0.0711053   0.556657  -0.436666  -0.107281  0.0164445  -0.425509
point 37 307 354.395 176.646  0.142579  0.949725 -0.275134  0.631348  0.720844  0.888657 -0.134462  -0.45973 -0.898808  0.508612
point 38 321 242.031 141.139   0.136657  -0.721171 -0.0265325  -0.949943   0.971868  0.0246221   0.319052   0.534468   0.793654   0.604247
point 39 322 177.996 59.3354 -0.245521 -0.132556  0.522415 -0.692214  0.939256 -0.624557  0.934428  0.972367   0.38243  0.515785
point 40 333 64.1134 193.996  -0.837616   0.475624   0.136161   0.144183  -0.792067   0.824138   0.976739 -0.0644233 -0.0404357 -0.0951382
point 41 337 42.9388 208.672 -0.106561 -0.233146  0.276013 -0.452758 -0.455426  0.575661 -0.215788   0.41149  0.732273  0.379638
point 42 346 323.623 153.927 -0.533637  0.969581 0.0194557  -0.78241 -0.139659  0.499388 -0.066069  0.935957  0.808875 -0.210432
point 43 352 551.415 204.648   0.515168   0.357422   0.417603  -0.740023   0.590504    0.70068  -0.640481   0.553723 -0.0900348   0.815618
point 44 359  627.07 155.281 -0.087992  -0.21009  0.697611   -0.5304  0.661362 0.0705749  0.221062  0.224007 -0.518543 -0.214693
point 45 364 546.266 216.245  0.0817336   0.765241   0.654544  -0.644633   0.943503  -0.539165  -0.547126  -0.844175   0.113447 -0.0491311
point 46 377 160.221 228.803  0.614471 -0.974756  0.183176 -0.525957 -0.824639  0.771279 -0.417065 -0.974473 0.0605764  0.680624
point 47 382 605.473 211.208 -0.662344  0.828016  0.918477 -0.896596   0.16003   0.52855  0.584049 -0.239659  0.219458 -0.156206
point 48 387 441.676 192.503  0.735744  -0.71067  0.589315  0.933638 -0.730603 -0.161792 0.0427392  -0.95424  0.643738  0.643811
point 49 402 208.996 218.669    0.31324  -0.257389  0.0246872   0.957884   0.431422  0.0011725 -0.0953697   0.447087     1.0045  -0.343629
point 50 404   162.8 152.463 -0.0314541  -0.916301   0.194191   -0.39481  -0.161083  -0.524086   0.364563   0.814327  -0.513916  -0.244505
point 51 405  325.57 150.156 -0.0855694  -0.954298   0.879204   0.723788   -0.13844  0.0461289   0.363523    0.29915   0.543187   0.727914
point 52 406  236.46 177.159 -0.190338   0.91056  -0.66086 -0.552716 -0.825052  0.210116 -0.478234  0.321383  0.835237  0.424739
point 53 425 515.106 239.963 -0.415776 -0.322827  0.377763 -0.497995 -0.545269 -0.697351 -0.111498 -0.924703  0.884147  0.831206
point 54 453 55.6318 230.729  -0.361337   0.330059 -0.0452714  0.0662528   0.302261  -0.557751    -0.8242  -0.196172   0.596125   0.311565
point 55 470 629.814  238.29   0.404731 -0.0844455  -0.613342   0.847342   -0.30586   0.864429  -0.438867   0.228576   0.430704   0.762588
point 56 472 638.484 194.042   -0.860735  -0.0742744    0.644001   -0.245384    0.933502   0.0447879    0.693104   -0.710608 -0.00437673   -0.578482
point 57 475 608.197 228.007  -0.973366   0.107815  0.0084555   0.572199  -0.351348  -0.361069  -0.138793 -0.0676092  -0.726496    -0.3292
point 58 477 127.157 145.188  0.949423 -0.660457  0.058134 -0.408959  0.206181  0.126955  0.714106 -0.737211 -0.313501 -0.630405
point 59 478 214.265 198.937  0.146817 -0.716816  0.532825  0.833224  -0.38594 -0.400777  0.279935  0.101508 -0.367642  0.869509
point 60 491 429.683 205.738 -0.782708   0.82826 -0.322312  0.617262  -0.43176 -0.139451  0.537313 -0.339936 -0.250274  0.749595
point 61 495 373.305 175.507   0.186911    0.67634  -0.125565   0.438227  -0.434748  -0.699789   0.966571  -0.590576 -0.0404938  0.0638531
point 62 499 341.093 194.356  0.916804 -0.458029  0.370861 -0.599553  0.203642 -0.115902 -0.111398 -0.163288  0.681973  0.254778
point 63 506 372.479 213.517  0.0855171    0.27312 -0.0236176  -0.613103  -0.977946  -0.631002  -0.663707  -0.581288   0.749351   0.516371
point 64 508 607.986 186.979   0.623077   0.620269  -0.253792 -0.0936826  -0.806305   0.896156  -0.789372   0.189431   -0.73161  -0.754685
point 65 514 580.788 160.186  0.403264 -0.796812 -0.835959 -0.417691 -0.958863  -0.47212  0.570475  0.811543  0.177518  0.189961
point 66 520 235.666 185.592 -0.288293 -0.856866   0.39155  0.335009  0.900955  0.364732  0.432276   0.15425  0.291366 -0.210936
point 67 529 616.754 195.285  0.417956 -0.422379  0.117352 -0.349993  0.700422 -0.170694 -0.902854  0.821689 -0.181686 -0.370338
point 68 539 352.681 84.4331  0.844703   0.10068 -0.995845 -0.677219  0.496555 -0.358782   0.92869 -0.660014  0.250034  0.183819
point 69 541  545.84 230.605  0.344901 -0.835882   0.87059 -0.340045 -0.655095  0.703932  0.734773  -0.63838 -0.993177  0.283929
point 70 544 275.639 191.696   -0.131742   -0.302385    0.724436   -0.155189   -0.720824     1.01449   -0.948663    0.351311   -0.430786 -0.00208095
point 71 561 126.489 214.391 -0.928952 -0.369577  0.766539 -0.160943 -0.944048 -0.766111 -0.137077 -0.920084 -0.338777  0.663753
point 72 568 572.832 215.116 -0.939328 -0.658322  0.977642 -0.646247  0.380882  0.575675  -1.00367 -0.824254 -0.695103  0.133669
point 73 578 353.752  212.18 -0.0364809  -0.249353  -0.249707   0.192478  -0.733385   0.495332   0.120123  -0.899095  -0.134026   0.156795
point 74 585 135.274 212.642 -0.922211  0.606056 -0.125391  0.749708  0.275179  0.431552 -0.562888 -0.722157  0.260579 -0.892498
point 75 596 371.401 203.451  0.0406596  -0.511446   0.475602   0.169399 -0.0157378  -0.465004   0.699286    0.11979   0.590756   0.920438
point 76 599 334.757 211.777 -0.429771  0.289813  0.740084  0.121096 0.0988785  0.985115  -0.13171 -0.055073 -0.115125  0.552805
point 77 607 627.081 236.297  0.837588  0.341338 -0.269038  0.135561 -0.376683  -0.39121 -0.400097  0.181424  0.955939  0.728576
point 78 610 565.081 118.606 -0.198298 -0.267716  0.723395  0.642482  0.473676  0.413857  0.638661 -0.609171  0.125359 -0.404605
point 79 614 18.5569 80.8124  0.428068  0.632155 -0.622755 -0.755121  0.977182 -0.314873  0.791285  0.127634  0.998383  0.133131
point 80 616 65.2252 209.862   0.778931   0.575425   0.520818   0.443318  -0.978369 -0.0701249  0.0297248  -0.660259   0.209188 -0.0493876
point 81 617 468.835  169.48 0.0182691 -0.816664  0.229849  0.164368 -0.515532 -0.983771 -0.162704  0.262453  -0.80029 -0.667449
point 82 622 337.568 162.461  -0.397819  -0.934753   0.447887 -0.0759322   -1.02326 -0.0147786   0.622769   0.930648  -0.217787  -0.643598
point 83 631 584.429 212.678  -0.856224  0.0381478   -0.65779 -0.0356069    0.36556  -0.128799  -0.254073 -0.0291165 -0.0215667  -0.288005
point 84 644 448.017 168.432   -0.528715   -0.108069   -0.589933 -0.00327248    -0.19531   -0.733642    0.837466   -0.945703    0.922043    0.387322
point 85 661 490.232 187.755  0.258838 -0.495203  0.467122  0.420546  0.101275 0.0859867 -0.874983 -0.727773  0.254456  0.407671
point 86 669 271.811 236.488  0.477866    0.6851 -0.765036 -0.516813  0.163864 -0.647325 -0.104302  0.982069 -0.216695 -0.326077
point 87 674 105.017 231.154  0.856427  -0.72435  0.373956  0.752543 -0.420852 -0.504803 -0.698292  0.200266 -0.129222  0.256918
point 88 691 575.697 185.482  0.536805  0.996552  0.219008 -0.283967 -0.932983  0.132398  0.257151 -0.440285 -0.922286 0.0625891
point 89 695 557.086 219.456   0.740419  -0.266157   0.373021  -0.421999   0.411164  0.0142253   0.891562 0.00877272   0.558511   0.853751
point 90 725 373.232 179.006 -0.753474  -0.77644 -0.693529 -0.905072  0.230318  0.381848  -0.80445 -0.730554 -0.478136  -0.23412
point 91 726 473.022 165.306  0.943159  0.503701  0.490963 -0.666287   0.26621  0.603769 -0.763382 -0.882351  -0.88896 -0.880691
point 92 752 473.743 182.856  0.809226  0.764232 -0.543148 -0.231963 -0.137657 0.0682399  0.291178  -0.60272 -0.659967 -0.421415
point 93 776 548.085 162.747  0.937911 -0.148758 -0.180815 -0.514359  0.706748  -0.86544  0.344369 -0.399207  0.763071 -0.784033
point 94 780  206.16 239.517  -1.01831  -0.22499 -0.281798  0.107007  0.935636  0.538196  0.498829 -0.789829  0.326719  0.912237
point 95 794 512.168 216.736 -0.456392  0.434931 -0.367876 -0.657728 0.0452479  0.682232   0.48773 -0.471149  0.161833   0.46158
point 96 805 414.993 158.655  0.376992  0.768169  0.516381 -0.139191 -0.885188  0.738441 -0.213333  0.873957 -0.744235  0.226933
point 97 819 624.559 207.357  -0.518239   0.380817  -0.704004   0.763074   0.921389 -0.0610831   0.324193   0.793841  -0.385153 -0.0506184
point 98 826 144.118 196.619   0.554533  -0.162816   0.208352   0.581379    0.92469   -0.39015 0.00512688  -0.691096   0.789472   0.606617
point 99 830 56.5838 174.669   0.815465  -0.366479  -0.893897   0.709838   0.808555   0.218761  -0.879111    1.01199  -0.939856 -0.0245333
point 100 832 254.126 155.972  0.644359   1.00234 -0.341644  0.629698    0.7147 -0.462923 -0.718358  0.785413 -0.769854 -0.908161
point 101 841 521.084 185.308  0.128163  0.923562  -0.95069  0.928389 -0.373912 0.0836817 -0.294156 -0.234689  0.219127  0.463729
point 102 847 245.882 208.108   0.12158  0.487424   0.37975  0.935347 -0.804205 -0.782214 -0.370844 -0.837897 -0.790141  0.186929
point 103 854 325.758 219.462    0.606822   0.0933187    0.377471   -0.725771   -0.146237     1.01308 -0.00580953   -0.136708    0.200175    0.960114
point 104 856 317.713 162.256 0.0151235  0.626907  0.387393 -0.606968 -0.505816 0.0722089  0.573258  0.847195  0.227474 -0.600639
point 105 858 361.038 80.7958   0.524908   0.236028  -0.117257  -0.133861   0.766271   0.907329  -0.483805   0.101163  -0.733742 -0.0490438
point 106 862 610.231 198.862 -0.810033 -0.289461 -0.759272 -0.178744  0.653001 -0.521133   -0.0886  0.386707 -0.938267 0.0694502
point 107 869 60.5384 232.189  0.414824  0.730592 -0.723163  -0.53341 0.0393998  -0.73735  0.554025 -0.879088  0.800834 -0.891988
point 108 876 501.443 147.009  0.384913 -0.616751  0.857112 -0.172009 0.0160843 -0.930525 -0.916902   0.35239  0.847597  0.316228
point 109 880 478.176 192.664 -0.586121 -0.498828 -0.259579  0.691299  0.560762 -0.237436 -0.360166  0.561229  0.780586  0.685628
point 110 881 394.594 203.829  0.352595  0.626617  0.374207  0.638893  0.357702 -0.769856   0.21361 -0.757826 -0.420675  -0.53519
point 111 883 456.358  219.43  -0.253192  -0.247828  -0.696098   0.947267   0.266062   0.550358   0.560283   -0.32452   0.223737 -0.0475148
point 112 908 559.492 137.144   -1.0229 -0.937489  0.912148  -0.67732 -0.727131   1.01148  0.562434 -0.805595  -0.53067   0.24661
point 113 936 619.857 147.895 0.0334436 -0.391023 -0.464393 -0.339454 -0.470024  0.903071 0.0672421 -0.767463 0.0565235  0.154046
point 114 937 356.314 234.275 -0.455259 -0.635464 -0.535616 0.0720282   0.53075 -0.203774  0.157736 -0.191345  -0.29502  0.487808
point 115 942 500.556  226.19  -0.77979 -0.319031  0.640965 -0.486418  0.197674 -0.172503 -0.725033 -0.963494  0.963075  0.390292
point 116 944 541.953 166.709   0.576384  -0.474897  -0.249204  -0.514865   0.659054 -0.0741406   0.104056   0.316467    0.43986  -0.658682
point 117 953 194.663 159.468  0.0177754   0.518111   0.780565  -0.587982 -0.0979572 -0.0810548  -0.436272   0.744464   -0.69644   0.817779
point 118 966 72.6935 207.084   0.719063   0.364041 0.00936897   0.539785   0.725736 -0.0384643  -0.761209 -0.0373554   0.769086  -0.580234
point 119 967 391.734 189.499   0.212452 -0.0526637   0.391062   0.932024   0.126927   0.313051   0.559052  -0.317084  -0.702745  -0.401317
point 120 978 595.215 202.305  0.818877   0.64382  0.313166  0.970807 -0.776727  0.399407 0.0865276  0.423678   -0.6337  0.367371
point 121 980  338.96 143.139  0.496826 -0.185048  0.523939 -0.492889  0.567529  0.392747 -0.869892  -0.24632  0.372359 -0.696302

