seq: 291
gt_pose:  5.50967 -4.66709 -2.49649
odom_pose:  3.43838 -5.57229 -2.64495
point 0 11 378.538 202.175  0.558627  0.476692  0.360929  0.910192  0.298548  0.568606 -0.826396 -0.688359 0.0753969 -0.827976
point 1 23 509.306 144.964   0.859497   0.792304 -0.0288978    0.17965  -0.627889  -0.424303   0.694292  -0.017494  -0.115074   0.649715
point 2 24 489.942 182.118   0.373476   0.493352  -0.753979   0.185717 -0.0335042   0.723949   0.447204   -0.61723  -0.587828  0.0323638
point 3 26 452.402 141.787 -0.818598 -0.803032  0.291111  -0.23869 -0.416808 -0.370901 -0.784453 -0.102049  0.827153  0.185367
point 4 35 453.672 17.0833  0.113488  0.887556  0.384546  0.653241  0.421322 -0.366928  0.303323 -0.947231 0.0227992  0.706965
point 5 48 432.099 140.363  -0.269727  -0.969855   0.854782   0.163348    0.58287   0.813444   0.824722  -0.663673 -0.0886324 -0.0481414
point 6 56 301.287 75.9575   0.24268 0.0780671  -0.95901  0.885243 -0.319078 -0.624229 0.0837915 -0.228949 -0.428025  0.406505
point 7 66 377.822 176.465 -0.743644 -0.207514  0.237455  0.276699  0.400843 0.0995244 -0.227718   0.60656  0.166814  0.809033
point 8 69 215.028 156.435  -0.343166    -0.7848   0.804795  -0.807281 -0.0259034  -0.439932   -0.62325  -0.401808   0.274911   0.936709
point 9 72 596.742 211.803 -0.749492 -0.363442  0.733303  0.222026  -0.83431  0.641832  0.520605 -0.156573 -0.217073 -0.182717
point 10 102 327.179  175.79  -0.283125  -0.738948  -0.356509   -0.74981  -0.500132   0.822159   0.822437   0.332022 -0.0675514  -0.319461
point 11 107 233.945 192.969 -0.213563  0.174785  -0.86533 -0.941952  0.525597  0.573014 -0.968107 0.0827487 -0.380207 -0.172287
point 12 116 564.345 224.352   0.889911   0.547753   0.384625  -0.407049   0.603061 -0.0957472  -0.323425   0.558931   0.360097   0.833314
point 13 118 350.925 142.999   0.856438   0.881088    0.65873  -0.471143 -0.0360401   0.588874  -0.888174  -0.596693  -0.913313   0.704986
point 14 137 150.417 183.401  0.0251445  -0.707822  -0.796445  -0.127534   0.802226   0.715639   -0.73359   0.272943 -0.0256043   0.505134
point 15 138 532.856 225.167  -0.372822  -0.694687  -0.430469  -0.629181  -0.469986   0.118979   0.577937  -0.807755   0.162463 -0.0906351
point 16 141 64.7849 69.5926  -0.335237    0.12935  -0.300968 -0.0120956  -0.180607   0.434217  -0.951361  -0.923656  -0.621005   0.625107
point 17 146 523.252 172.387   1.00256 -0.536425 -0.732265 0.0912005 -0.685621 -0.157135  0.980658 -0.502302  0.126241 -0.763775
point 18 182 283.548 229.384 -0.851822 -0.927297 -0.823011  0.867927 -0.718199 0.0975704  -0.64345 -0.429543  0.336793  0.429332
point 19 187 295.366 163.303   0.85877  0.527146  0.689941 -0.206381  0.507087 -0.295783   0.13519  0.941677 -0.972835  0.889379
point 20 220 312.403 200.857   -0.794706   -0.537338   -0.951238    0.107087    0.551042    -0.09173   -0.181145    0.549481    -0.37636 -0.00371518
point 21 234 435.556 165.056  0.132561 -0.184765  0.661763 -0.288403  0.830871 -0.474731  0.331214  0.191304  0.270054  0.442983
point 22 242 491.235 147.589 -0.804237  0.038543  0.199755  0.410501 -0.364519  0.659578  0.812184 -0.740713  0.422459  0.615867
point 23 246 177.408 202.874   0.568318  -0.166047 -0.0667909 -0.0310115   0.280486  -0.952432  0.0673294    -0.2111   0.631337   0.154816
point 24 256 238.153 203.663 -0.735779 -0.747608 0.0182973  0.717606  0.571573 -0.853514 -0.501264 -0.666159  0.752074 -0.147176
point 25 261 130.522 49.6177  0.830515  0.390245  0.971035 -0.264275  -0.21296  0.129983 -0.621626  0.916645 -0.316761 -0.116708
point 26 277 572.127 151.356 -0.561139 -0.806094  0.321887 -0.855167  -0.94208  0.158084   0.16598  0.497454  0.404901 -0.915566
point 27 299 309.701 178.819  -0.665321 -0.0227188   0.438513   0.904616  -0.362985 -0.0204615  -0.159384  -0.468617   0.750364   0.938661
point 28 323 361.985 202.467 -0.722551  0.570042  0.282901  0.791802  0.232449 -0.567038 -0.905175 -0.702267 -0.550537 -0.968744
point 29 326 433.705 187.672   0.47592 -0.537649  0.586984  0.241179 -0.952088 -0.359371 -0.380238 -0.675386   0.25372 -0.817301
point 30 334 609.814 210.043 -0.351261 -0.388177  0.993355 -0.663628   0.24136 -0.390411  0.113583 -0.802265    0.9338 -0.173484
point 31 336 39.4025 224.846  -0.557454 -0.0111706   0.752402   0.236304  -0.719766  -0.590845   0.918605  -0.789019  -0.209831   0.178142
point 32 359 567.465 124.061 -0.0366616  -0.226353   0.618093  -0.545241   0.683563  0.0191944   0.245226   0.154431   -0.52903   -0.23694
point 33 374  271.12 151.122  0.591833 -0.400285  0.303718 -0.639304  0.471898 -0.953908 -0.735694  -0.62687 -0.492134 -0.767137
point 34 382  520.01 188.949 -0.737269  0.822422  0.953904  -0.95226  0.121121  0.591058  0.544272 -0.248022  0.215883 -0.182276
point 35 414 178.967 127.778   0.566904  0.0615618  -0.717836   0.441424   0.255481   0.862746   0.238774   0.515192  -0.614981 -0.0925681
point 36 429 294.072 168.056   0.49387  0.372856 -0.679566 -0.509009  0.604615 -0.964259 -0.596904 -0.161653 -0.356636  0.310792
point 37 444 254.354 54.6255   0.587966  -0.905432   0.475762  -0.588953 -0.0347684  -0.773637    1.00615   0.317141  -0.131316   0.495862
point 38 452 340.685 69.6226  -0.877529   0.222551  -0.247778   0.741494   0.577915  -0.750674 -0.0848961   0.209996  -0.390553  -0.144082
point 39 468 346.756  43.835  0.507563 -0.262812 -0.492905  0.484505  0.117783  0.497133 -0.375769 -0.271706 -0.861417 -0.284358
point 40 470 557.374  237.67   0.477753 -0.0504076  -0.588561   0.894155   -0.29812   0.910766  -0.387215   0.196182   0.388192   0.800655
point 41 475 595.674  221.66  -0.980824  0.0582349  0.0215403     0.5998  -0.354507  -0.316751 -0.0981772 -0.0212962  -0.746631  -0.273565
point 42 481  114.36 187.629 -0.865965 -0.814343  0.355495 -0.595038 -0.261357 0.0714304 -0.177638 -0.852188 -0.391692  0.234276
point 43 482 87.5265 96.0304  0.488937  0.429541  0.238154  0.130673 -0.374477  -0.57095  0.262495 -0.194364  0.272565 -0.393236
point 44 484 399.51 160.86  0.885776  0.631921  0.960237 -0.795026 -0.607737  0.477247  0.591258  0.592107  -0.29092 -0.754296
point 45 492 517.403 150.249  0.533842  0.508653  -0.67788 -0.441933 -0.474039  0.740415 -0.509795  0.784038 -0.850964  -0.58727
point 46 508 530.109 149.561  0.677239  0.605964 -0.231489 -0.137657 -0.759518  0.862969 -0.836962  0.183601  -0.72377  -0.73514
point 47 529  626.36 179.928   0.438075  -0.383857  0.0227058  -0.313165   0.673484 -0.0885223  -0.832734   0.809875  -0.201159  -0.373973
point 48 540 145.052 96.0836  0.988393  0.523849  0.658472 -0.477145 -0.336955  0.980216  0.392879  0.939609 -0.885438  0.386198
point 49 560 425.237 194.267  0.945548  0.506995  0.552585  0.798267  0.261259  0.480296 -0.764718 0.0625587 -0.485774  0.398605
point 50 565 398.789 238.429 -0.916129  0.933556  0.402103  0.267859  -0.57378  -0.55592  0.806456  0.848569 0.0257643  0.553861
point 51 566 323.014 236.837  0.552422  0.666115 -0.191372 -0.283303 0.0717898  0.110538   0.53308 -0.618074  0.633833 -0.497883
point 52 584 284.141 209.696  0.149228 0.0483802 -0.568841 -0.984638  0.500336  0.327227 -0.795821  0.892947  0.362473  0.395834
point 53 597 481.655 164.128 -0.676754  0.676091  0.896297 -0.131973 -0.294644  0.605727  0.805893  0.882707  0.485404 -0.306575
point 54 602 293.944 182.107 -0.879674  0.703286 -0.232157 -0.171882  0.195483 -0.404203 -0.745741 -0.124595   -0.7493 -0.760513
point 55 620 287.132 81.8276   0.595136  -0.259155   0.929694   0.775846       -0.3  -0.329916  -0.776876   0.405031 -0.0267854   0.469706
point 56 638 382.232 201.241  -0.313541  -0.832159   0.593197    -0.7562   0.186798   0.339511 -0.0476733  -0.423499    0.46557   0.898546
point 57 639 579.127 195.093  -0.759111   0.796539  -0.397151   -0.34464   0.822188   0.679563 0.00218724  -0.819869  0.0965721   -0.65914
point 58 651 444.308  140.92  0.836172  0.561303  -0.56367  0.209154 -0.596485 -0.907716 -0.931112  0.391223 -0.230435 -0.477553
point 59 665  347.71 202.826   0.470047  -0.899968    1.02197   0.306719 -0.0854525   0.870298   0.705393  -0.184239  -0.242536   -0.48075
point 60 673 170.154 234.739  -0.480746   0.713367 0.00302551  -0.263553   0.564706  0.0451916   0.377288  -0.531795  -0.432004   0.145107
point 61 707 238.048 210.352    0.82841   0.749054   -1.00633   0.319392  -0.251315 -0.0532763    0.68338   0.609173   -0.53531   0.679478
point 62 720 569.102 185.776  0.373167 -0.596823  0.411929  0.359161  -0.72547 -0.961796 -0.591181  -0.93445  0.507057 -0.743428
point 63 722 394.906  156.68   0.517539  -0.557464  -0.233151  -0.721406  -0.871404    -0.9258  -0.312854   0.606694   0.444036 -0.0535924
point 64 724 375.661  185.32 -0.911664  0.889652 -0.190081 -0.469148  0.904555 -0.628884 -0.112552 -0.355193 -0.396976 0.0537127
point 65 731 384.726 181.563 -0.294071  0.325623  0.360375 -0.815556 -0.625459  0.958909  0.769461  0.778675   0.58492  -0.86911
point 66 743 227.788 181.897   0.117495  -0.581105   0.899989   0.319405   0.740374  -0.315481  -0.409466 -0.0985792  -0.233689  -0.447755
point 67 745 328.046 156.581  0.926274 -0.488516  0.130942 -0.705356  0.228455 -0.685232 -0.296976   0.13042  0.523907 -0.563801
point 68 763  374.03 140.174  0.171069  0.148336 -0.803666 -0.266329 -0.576769  0.836573 -0.154143  0.503568   0.35222  0.145765
point 69 775 255.103 157.121 -0.968403 -0.834784  0.941607 -0.796266 -0.624538 -0.912858 -0.867849 -0.914209  0.201125  0.279949
point 70 782 1.91847 230.313 -0.368548  0.474164  0.935513 -0.701912 -0.495079  0.956061 0.0794752  0.187005  0.129247 0.0660526
point 71 791 222.254 83.1712  0.675482 -0.633142 -0.799039 -0.573549   1.01155 -0.493537  0.450429  0.547533  0.526768 -0.478244
point 72 801 229.736 177.723   0.515265  -0.378863    0.38488   0.482203  -0.423844   0.606249  -0.475438   0.666725   -0.23617 -0.0119492
point 73 818  305.93 195.522 0.0157833 -0.910993  0.107604 -0.372351 -0.724725 -0.298241  0.392593 -0.632216 -0.882616   -0.3793
point 74 819 565.125 194.263   -0.521757    0.442054   -0.715461    0.721248    0.928885 -0.00250028    0.271051    0.725122   -0.403188   -0.131332
point 75 848 635.031 213.171 -0.465769 -0.199598 -0.903226  0.810082  0.913063  0.600826  0.112946  0.264257  0.705919  0.235421
point 76 855 327.366 142.149 0.0452022  0.989904  0.147493 -0.109244 -0.844951  0.697293 -0.187753 -0.474957 -0.281599  0.878809
point 77 861 528.064 189.795  0.0475467   0.630355   0.861076  -0.100917  -0.514575   0.251238  0.0524104   0.211463 -0.0500853  -0.497575
point 78 887 456.958 225.123   0.630477  -0.723255  -0.734759  -0.722921  -0.795481  -0.878366  -0.316637 0.00631939   0.029909  -0.828082
point 79 903 588.524 89.9318  0.821639   0.57575  0.940445  0.790953 0.0384407 -0.678687   0.17457 0.0959596 -0.909368 0.0223942
point 80 918 499.781 213.514 -0.881843  0.159524  0.618535  0.225955  -0.39158 -0.799647 -0.604547  0.891647 -0.114781 -0.245602
point 81 925 402.565 179.309   0.824419   0.633797  -0.481024  -0.625542 -0.0176506  -0.229791   0.380865  -0.322181   0.451804  -0.226444
point 82 931 413.647 162.223   0.750762   0.744484   0.391054 -0.0904638   0.379627   0.535633   0.601602  -0.872187  -0.272773  -0.227175
point 83 936 621.623 118.382 0.0459536 -0.435199 -0.413182 -0.347917 -0.491995  0.945562  0.100105 -0.714704 0.0856053  0.134136
point 84 943 216.372 229.788   0.94152  0.253272    0.7495 -0.577256    1.0109 -0.354104  0.165953 -0.876711 -0.344591 -0.432386
point 85 949 43.2653 227.814 -0.848069 -0.346066 -0.766896   0.79499 -0.634075 -0.124687   0.89857 -0.834011  0.390262  -0.61142
point 86 961 396.041 134.361  -0.322591  -0.489459   0.934726   0.530258   0.572112   0.606098 0.00394917 -0.0891932  -0.730379  -0.151571
point 87 962 633.377 200.292  -0.155005  -0.288967   0.888593  -0.784856  -0.834424 -0.0776905  -0.457484  -0.479749 -0.0784436  -0.100009
point 88 965 611.405 148.249    0.927536     0.57048    0.559743  -0.0160499 0.000431173   -0.482111     0.07568    0.578547    0.891334    0.271542
point 89 977 407.905 186.131 -0.455252 0.0371503  0.611322 -0.684917 -0.758241  0.889606  0.713206  0.978341 -0.195682  0.412134

