seq: 135
gt_pose:  -7.37289 -0.043116   1.97883
odom_pose: -6.60843 -1.40668  2.19315
point 0 4 505.857 120.616  -0.302853  -0.875582  -0.980897 -0.0796873  -0.830725  -0.482446    0.90949    0.76006   0.692252  -0.487439
point 1 41 428.962 187.242  0.719087  0.304894 -0.136399   0.18369  0.155624  0.280851 0.0330752 -0.690123  0.147036 -0.930098
point 2 67 481.287 219.568 -0.242426 -0.797746  0.582743 -0.214714   0.53856  0.831026  0.710112  0.698361  0.442877  0.252085
point 3 86 492.843 115.568  0.869118  0.314763  0.767858 -0.400815  0.113729 -0.668761  0.695655 -0.517539 -0.747699 -0.115813
point 4 95 431.646 173.693 0.0795498 -0.367614 -0.499186 -0.658501 -0.977535 -0.758971   0.44857  0.197004 -0.596519  0.389334
point 5 100 531.511 172.416  0.147693  0.625257 -0.186613  0.234596 -0.119007  0.765131  -0.32634 -0.883044 -0.715163  0.507153
point 6 125 449.123 197.591 -0.167001   1.00649 -0.613741  0.681183  0.939646   0.51353  0.934646 -0.308418 -0.143263  0.763854
point 7 144 243.258 48.9914 -0.512101 -0.193234 -0.841941 -0.757827 -0.676335  0.553932 0.0115386  0.404554  -0.66277 -0.778529
point 8 150  508.75 164.992    -0.873064    -0.516019     0.675788     0.282074    -0.627471    -0.399706    -0.946726     0.171503    -0.862595 -0.000241417
point 9 171 313.915 182.371 -0.0426691   0.746662 -0.0249183   -0.93852   0.165054   0.380052   0.480369  -0.133207  -0.904301  -0.575437
point 10 172 440.714 155.143  -0.387642   0.911163   0.440291    1.00438 0.00347569  -0.478371  -0.381268  -0.842459   0.651211  -0.618098
point 11 178  338.74 211.807   0.702843  -0.458053   0.735014  -0.125684   0.865883    1.03087  -0.327938  -0.215325 -0.0768334  -0.992909
point 12 208 631.109 195.981 -0.923098  -0.32642 -0.849821 -0.144283 -0.239374  0.848903  0.948147 -0.582175  0.737592 -0.792545
point 13 210 424.979 147.545 -0.302382  0.654955 -0.479816 -0.714703 -0.817061 -0.330876 0.0391731 -0.676357  0.560844  0.705781
point 14 211 336.446 171.133   0.884506   0.626603  -0.201051    0.29516  -0.452071   0.597147   -0.54801   0.263419 -0.0584303  -0.402307
point 15 219 323.555 234.971   0.212371 0.00606055  -0.284722   0.960677  0.0935578   0.316239   0.252535   0.176672  -0.469608  -0.584554
point 16 235 180.739 174.509 -0.777678 -0.946258   1.02079  0.504721 0.0601515 -0.191678   1.01172 -0.713125 -0.927406  0.330111
point 17 238  274.04 203.139 -0.852172  -0.37914 -0.565432 -0.749468  0.169629  0.650608  0.856868 -0.294652  0.297028  0.291168
point 18 249 222.026 84.7471   0.698738  -0.687559  -0.379443    1.04053  -0.209804  -0.675994   0.516507  -0.708939 -0.0269744  -0.428549
point 19 254 401.554 216.399  0.101879 -0.199482 -0.190246  0.617746 -0.611085  0.392084 -0.473701 -0.959289 -0.781871 -0.485863
point 20 260 439.515 194.354   0.318004   0.598738  -0.303719   0.469614  -0.459266   0.691772 -0.0615901   -0.15436  -0.097595   0.244069
point 21 274 315.112 234.637  0.851071 -0.674419  0.134217  0.588731 -0.508197 -0.308714 -0.841902 -0.521758  0.466435  0.518483
point 22 281  558.04 219.669 -0.901928  0.359224 -0.169634 0.0542662  0.568604  0.329813  0.654733 -0.160122 -0.425754 -0.432157
point 23 283 475.955 229.329   0.301876   0.314877   0.673379  -0.148734  -0.889409   0.755527  -0.801295 -0.0687274  -0.184898   0.740319
point 24 295 264.213 105.308   0.660659  0.0361365   -0.30095   0.309978   0.157025  -0.267836  0.0944839   0.566052 -0.0407047   0.271397
point 25 328  457.67 160.891 -0.224609  0.465623  0.215265  0.235789  0.708261 -0.287277  0.778282  0.302756  0.922386   0.82172
point 26 332 572.932 207.509  -0.339923  -0.137511  -0.107005   0.366016   0.731286   0.895257   0.793967 -0.0512171  -0.776313  -0.561849
point 27 338 463.191 221.882 -0.402988  0.443975 -0.231285 -0.321493 -0.647309  0.238798  0.618709 -0.873487 -0.540985  0.897977
point 28 362 516.929 77.9759 -0.218121 -0.922337 -0.838299 -0.437842 -0.470437  0.723712  0.157726  0.402111  0.943194  0.904705
point 29 388 261.944 49.2595  -0.34579 -0.149281  0.847129 -0.459039 -0.892849 -0.244458  0.279693  0.407574 -0.774421  0.322714
point 30 399 566.474  227.22   0.90245  0.146212  0.401768 -0.140248 -0.257515  0.109017  0.553876 -0.661561 -0.609248  0.136871
point 31 424 377.942 208.095 -0.104155 -0.782716  0.526365   0.38425  0.531172  -0.47061 -0.119577  0.130678  0.818359 -0.124726
point 32 467 226.597 28.0722  -0.396983  -0.704693 -0.0486411   -0.35223    0.87854   0.233036     0.4848  -0.127582  -0.615995  -0.743795
point 33 480 523.243 222.179  0.190969 -0.906056 -0.836684 -0.193964  0.465817  0.250194  0.121838 -0.065781 0.0934881  0.702417
point 34 489 321.486 212.788  -0.835395   0.938779  -0.780227   0.835602   -0.79824  -0.606667   0.907614  -0.587498  -0.556148 -0.0661238
point 35 490 167.374 239.963    0.4389  0.867125  0.327196 -0.521497  0.946995   0.19525 -0.933606 -0.592258 -0.583695 -0.710645
point 36 496 590.046  226.17  -0.903276  -0.720902   0.535679    0.26598   0.877036 -0.0695247  -0.822073  -0.438598 0.00157762   0.210765
point 37 504 452.186 208.192  0.362412  0.853593 -0.654172  0.328098  0.180701  0.620204 -0.306466 -0.757973 0.0727443 -0.513015
point 38 513 487.447 227.933  -0.370487  -0.563023   0.634518 -0.0815955  -0.607167  -0.684713   0.460113   0.936051   0.633905  -0.427063
point 39 534 572.035 207.565  0.261533  0.355991 -0.214332 -0.978516 -0.106237 -0.131316  0.400347 -0.331468 -0.261032 0.0866979
point 40 601 256.064 197.093   0.713152  -0.117689   0.571594 0.00572918   0.552419  -0.830106  -0.720843   0.244125   0.315722   0.352877
point 41 625 364.027 171.961 -0.0626273   0.681326  -0.188403   0.991251   0.452574  -0.598741  -0.614423  0.0400546 -0.0765055   0.185792
point 42 636 361.194 231.714   0.781007  -0.334829   0.337308  -0.887819 -0.0487328   -0.30975     0.1732 -0.0279573 -0.0869733     0.1897
point 43 643 297.09 198.32  -0.0159913   -0.934122    0.358857   -0.362333    0.370327 -0.00734362   -0.728426    -0.93025    0.127818   -0.290497
point 44 645 514.978 223.851 -0.882525  0.850036 0.0570429  0.295018  0.151734  0.971092  0.382364 -0.414165 -0.310847 -0.230995
point 45 647 160.551  122.72  0.928961  -0.46783  0.984944  0.209308  0.498452  -1.00186  0.025715 -0.491491  0.295525 -0.804332
point 46 649 432.827 225.939   0.546251 -0.0915307 -0.0711452   -0.33736  -0.502251  -0.145014   0.275771  -0.608575   -1.00967  -0.331465
point 47 653 406.918 218.269  0.0454458   0.602552   0.922702   0.628256   0.788271   0.748426   0.142917  -0.748267 -0.0248145   0.573553
point 48 654 568.632 232.953 0.0405855  0.722499  0.181878  0.124227 -0.337107  0.401115  0.745695 -0.888231 -0.343613  0.627228
point 49 656 296.693 147.342  0.0914623 -0.0908067  -0.616183  -0.821112   0.903274   0.460744   0.945074  0.0694576  -0.419956  -0.472309
point 50 670 365.438 153.174  0.758205 -0.337516 -0.988487 0.0429869 -0.142556 -0.515008 -0.109681  0.102139 0.0914093   0.40585
point 51 683  588.49 98.6153  0.297313 0.0733652  0.564371 -0.749111  0.790266 -0.664126  0.767205 -0.111135  0.770358 -0.972337
point 52 690 348.174 197.593   0.305222    0.95656   0.205626   0.410964 -0.0581899  -0.758271    -0.8381  -0.332197    0.51362  -0.469893
point 53 694 352.719 200.661  -0.719502  -0.726452 -0.0904841  -0.395916   0.939607  -0.435062  -0.230711   0.876696   0.719705   0.416859
point 54 705 603.425 238.771 -0.0680142  -0.753013   -0.16771   0.577812  -0.995942   -0.33954   0.918469  -0.599178   -0.42356  -0.398745
point 55 729 541.057 238.421 -0.427738   0.60217  0.399737  0.580971 -0.553935 -0.473679  0.685477 -0.928903 -0.144706 -0.534556
point 56 732 441.183 104.407  0.197065  0.726915   -0.9328 -0.295334  0.141043  0.837808 -0.875351  0.010109  0.625024  0.630029
point 57 756 517.299 196.527 -0.661903  0.232924 -0.787885 0.0849252 -0.172441  0.269996 -0.450265  0.501679  0.249338  0.785976
point 58 757 94.7103 122.206  0.381087  0.766389  -0.80064  0.928932 -0.195847  0.386191  0.168597  0.672144  0.185097 -0.356972
point 59 761 470.806 217.686  0.714254  -0.87293   0.12644  0.481122 -0.728265 -0.855049  0.026401 -0.625501 -0.634361 -0.901981
point 60 816 580.584 161.791  0.588318 -0.231893 -0.810935  0.382082  0.311759 -0.391546 -0.408058  0.960474  0.415451 -0.251318
point 61 896 495.405  168.43  0.467935 -0.518904  0.375917 -0.772833  0.902902 -0.889234 -0.362968 -0.132457  0.862206 -0.020165
point 62 900 413.695 89.9665  -0.563438  -0.513284   0.627383   0.513754   0.467536   0.434947   0.908417  -0.255905  -0.550067 -0.0438587
point 63 909 568.568 204.384  -0.26082 -0.661252 -0.259608 -0.391774   0.10689 -0.013566 -0.397216  0.206397 -0.429816 -0.157856
point 64 934 551.078 159.581  0.317165 -0.615131   0.78667  0.174557  -1.01113 -0.387492 -0.789011  0.848443  0.581645 0.0811691
point 65 955 488.463 216.223 0.0561111  0.313168 -0.720743 -0.202572  0.473712  0.271493 -0.676476  0.207193  0.730304   0.15082
point 66 960  521.88 185.565 0.0160085 -0.670965 -0.648866  0.954568 -0.625577 -0.124465 -0.931636 -0.419045  0.640598  0.150941
point 67 986 268.312 193.286  -0.315458  -0.257452  -0.990505  -0.574688  -0.155215  -0.415425   -0.34655 -0.0522946  0.0169777  -0.814543

