seq: 243
gt_pose:  4.08194  3.38423 -1.15352
odom_pose:  4.26209  2.61298 -1.44742
point 0 3 315.422 174.149 -0.222161  0.757703 -0.437336 -0.326984  0.578056  0.799484 -0.888257  0.900507  0.101364 -0.846117
point 1 5 572.316 191.267 -0.0121624   0.334541  0.0329422  -0.886364 -0.0962516   0.903672   0.840319   0.432292  -0.450806   0.443922
point 2 14 584.081 190.966 -0.755884 0.0875658  0.536484 -0.347989  0.954053  0.198431  0.792784  0.507486  0.260196 -0.939118
point 3 17 498.739 90.4638 -0.449384  0.121972  0.453221 -0.736873 -0.009175  0.212371  0.936634 -0.128074 -0.348154   0.74274
point 4 42 411.035 145.611  0.0319604  -0.782794 -0.0239158  0.0422896  -0.926015    0.60364   -0.21909   0.280998 -0.0804306  -0.669836
point 5 50 81.8609 159.338  0.871617 -0.621707 -0.417283 -0.671234 -0.590465  0.289997 -0.658598 -0.755524 -0.545282   0.93515
point 6 57 471.681 191.841   0.43755  -0.29407 -0.549893  0.514278 -0.457065  0.386065 -0.994492  0.714955   0.74383  0.203822
point 7 64 475.341 174.936    0.908525    0.527281   -0.711621   -0.954926 -0.00766666   -0.230207   -0.583387   -0.070646   -0.652798     -0.4247
point 8 87 219.125 231.617  0.729906   0.81844 -0.207694  0.896626 -0.607877 -0.652066 -0.533514 -0.296896  0.848475  0.277524
point 9 115 318.647 108.343  -0.739476  -0.765969   0.464199   0.538406 -0.0179271   -0.58817   0.940236  -0.507017  -0.505032   0.454602
point 10 119 471.824 219.213 -0.379377 -0.398312  0.862987 -0.353771  0.738592  0.414196  0.944796 -0.493697  -0.75088  0.403934
point 11 120 248.738 60.8405 -0.970264  0.156797  0.645655 -0.571165  0.661691    0.5289 -0.666943  0.235631  -0.92181  0.273643
point 12 162 217.168  181.09 -0.569406  0.277259 0.0323567 -0.759913  0.117711 -0.978363  0.626967 -0.772766 -0.630812  0.207125
point 13 179 509.658 186.437 0.0271148 -0.862103  0.108787  0.816539  0.741039  0.395157 -0.317568 -0.778853 -0.235791  0.789404
point 14 184 547.666 211.662 -0.267754  0.527819 -0.341555 0.0177658 -0.641159 -0.253157 0.0849555 -0.366984 -0.371659  0.373076
point 15 185 275.717 168.431 0.0971307 -0.575986 -0.546792  0.304307 -0.221842  0.906482 -0.639861   0.91136 -0.264806 -0.163392
point 16 198 438.203 237.201  0.910813  0.603347 -0.331845 -0.585403  0.972715 -0.800933  0.857983  -0.98083 -0.740984  0.308312
point 17 202 477.705  109.45 -0.541421 -0.202579  0.217466  0.350161  0.161591  0.773284  0.596825 -0.243888  0.166545 -0.188207
point 18 213 162.791 174.304   0.538585  -0.199786  -0.721568 -0.0781553 -0.0575231  -0.880248  -0.367949   0.736787   0.391147  0.0945958
point 19 255   134.1 209.025  -0.952312  -0.861624  -0.918174  -0.941049 -0.0325556   0.852445   0.204692  -0.318785  -0.169955   0.417819
point 20 259 383.633 211.556     0.226804     0.695508    0.0721057     0.428101    -0.436016 -0.000854985    -0.746719     0.459923    -0.911908    -0.627435
point 21 270 24.0217 216.295  -0.448862   0.403252  0.0813092  -0.686748 -0.0283875   0.147582   0.463418  -0.234661  -0.895147  -0.798335
point 22 276 177.273 239.158   0.504943  -0.694593   0.114955 -0.0302407   0.271743 -0.0731688    0.25035  -0.645098  -0.428053   0.713952
point 23 277 581.992 174.891 -0.540509 -0.840904  0.242947 -0.809576 -0.953537  0.182025   0.14239   0.54215  0.374577 -0.853963
point 24 280 453.213 227.022 -0.194038  0.106689  0.594581 -0.132555 -0.284277 -0.414941  0.856634  0.820352 -0.113103    0.7815
point 25 286 407.571 189.977 -0.789972  -0.47858 -0.394753 -0.264183  0.055215  0.355467  0.866318 -0.875324   -0.9043  0.676386
point 26 290 382.393 184.503 -0.633682  0.807209 -0.758287 -0.447011 -0.638923   0.48386 -0.906167 -0.781535   0.53647  -0.96459
point 27 296 505.337 143.603 -0.022091 -0.630414 -0.343178  0.279085 -0.183336  0.610476 -0.677707  0.963622 0.0733232 -0.325976
point 28 301 612.065 200.132  0.167872 -0.542644  -1.01349  0.472876 -0.985595 -0.636059 -0.603159   0.49808 -0.736731  0.065541
point 29 313 463.641 119.823  0.126168   0.31778   0.18395 0.0762707  0.450616  0.706119 -0.434806  -0.58557 -0.126392  0.402813
point 30 316 369.943 184.804  -0.626485  -0.741729  -0.941638   -0.44863  -0.445573 -0.0820512  -0.377592  -0.207887  -0.286246  -0.692031
point 31 319 454.879 166.462 -0.932533  0.245537  0.602844  -0.27371 -0.722981  0.182434  0.743209 -0.282342  -1.00199   0.35837
point 32 325 337.076 155.355 -0.214413 -0.257052 -0.591815 0.0865458  0.167263 -0.382844 -0.232594 -0.480484 -0.555448  -0.93928
point 33 340 154.383 66.7229  0.469579 -0.430534  -0.69803 -0.109738  0.754048 -0.174411 -0.686318 -0.438905  0.504882 -0.410025
point 34 341 135.574 206.903    -0.7667  0.0706166   0.315549  -0.328941   0.248983   -0.43228  -0.834637  -0.713101   0.861704 0.00339997
point 35 353 429.161 113.634  -0.534541  -0.258784   0.963211  -0.317487  -0.308778   0.322781 -0.0683618   -0.57826  -0.376521  0.0915457
point 36 359 570.066 158.981 -0.107898  -0.20732   0.63612 -0.531029  0.676826 0.0095778  0.247227  0.212305 -0.498499 -0.180231
point 37 364 638.955 204.811   0.143284   0.735597   0.711311  -0.622931   0.925782  -0.547084  -0.570735  -0.840693  0.0702087 -0.0215239
point 38 398 496.325 224.503 -0.826857  0.910069 -0.634512  0.367676  -1.01718  0.561492  0.686778  0.882946  0.302853 -0.710257
point 39 401 75.0018 184.804 0.0249261  0.569113  0.275772 -0.534061 -0.589946  0.216838  0.635648   0.78511 -0.900598 -0.596226
point 40 407 139.439 215.173  -0.753793   0.954002  -0.924913   0.612395  -0.751462 0.00347555   0.665759  -0.940316   -0.31952  -0.482206
point 41 418 224.968 227.999  -0.880428 -0.0164928   0.258649  -0.626959   0.895122   0.731147    1.00896  -0.806506  -0.612844   0.608473
point 42 425 635.314 239.936  -0.433463   -0.38236   0.341928  -0.524465   -0.57108  -0.646246 -0.0964843  -0.907549   0.909786   0.842457
point 43 427 203.979 172.466   0.688744   0.922292   0.299744  -0.402526 -0.0765537   0.859268   0.224126  -0.691065  -0.667772   0.653741
point 44 448 462.668 204.938  0.817133 -0.455864   -0.7662 -0.677188 -0.255146  0.708239   -0.4106 -0.680771  0.626832 -0.436216
point 45 456 225.307 149.724  0.174284 -0.634453  0.538612 -0.511199 -0.397633  0.685036 -0.488715 -0.668446 -0.779273 -0.900705
point 46 463 436.784 163.097    0.52715 -0.0249327   -0.33759   0.509261  -0.813328   0.228193   0.904587  -0.766172  -0.717418  0.0625897
point 47 469 490.217  156.35 -0.103939 -0.880099  0.967187  0.938862 -0.147198 -0.449934 -0.770872  0.800695  0.193372 -0.927529
point 48 470 563.503 238.398   0.462572 -0.0409344  -0.636624   0.865546  -0.343668   0.859318  -0.429897   0.162411    0.36665   0.804434
point 49 475 571.432 227.696  -0.954933  0.0709432  0.0765089    0.54395  -0.324358  -0.380729  -0.123979 -0.0303739  -0.746044  -0.316808
point 50 512 213.369 129.987 -0.598806 0.0676193  0.715298  -0.33961  0.620472 -0.911594 -0.280506  0.223426 0.0186555 -0.423376
point 51 519 573.809 94.3144  0.419726  0.391571  0.563118  0.112713   0.68889 -0.810799  -0.90451  0.884086 -0.298349  0.455294
point 52 529 623.337 191.765  0.446934 -0.364488 0.0829663 -0.340679  0.696465 -0.172759 -0.864143  0.756232 -0.176919 -0.367051
point 53 532 438.393 203.794 -0.875622  0.354712  0.771886  0.836045  0.756868    0.7061  0.253481 -0.514812  0.959656  -0.50065
point 54 533 333.748 176.591 -0.652419 -0.188467  0.563742 -0.278922 -0.714986 -0.739744  0.551358 -0.212379  0.718514 0.0136853
point 55 550  176.46 212.846    0.232652   -0.111643   -0.677676    0.574022   -0.357695   -0.522336    -0.81891    0.145856 -0.00950766    -0.77958
point 56 556 48.8819 194.629  1.00467  1.02522 -0.27778 0.579546 0.911678 -0.20664 0.510825 -0.68928 0.937682 0.253791
point 57 564 163.023 185.354  -0.655718  -0.138934   0.221024  -0.478983 -0.0736103   0.543262  -0.432556   -1.00527  -0.729563    1.00557
point 58 573 503.672 140.518  0.936452 -0.270868  0.214035 -0.457978 -0.317035 0.0732525 -0.625671  -1.03061 -0.285506  0.609227
point 59 582 266.943   196.2 -0.0257295  -0.816735  -0.546072   0.946548   0.141336   0.100209  -0.421074   0.183974  0.0367943   0.740768
point 60 588 357.545 230.414 -0.210627  0.120907 -0.447472 -0.652096  0.552962  0.568013 -0.614422  0.276662 -0.211256  0.163255
point 61 605 80.0979 189.486   0.961981   0.434202  -0.423835   0.288502   0.183581  -0.415017 -0.0512171  -0.109372   0.863637   0.114427
point 62 619 255.844 190.175 -0.0236158   0.967108   0.403852  -0.974114  -0.984058  -0.630818  -0.744254   0.359776   0.534865  -0.319003
point 63 632 253.303 237.578  -0.090983   0.170989    -0.3123  -0.711663  -0.576652   0.678376   0.283301  0.0851839  -0.649907 -0.0476751
point 64 646 344.594 223.598 -0.348471  0.654174  0.825273  0.785467  0.398886 -0.726128 -0.302078  0.812137  0.325684  0.464348
point 65 667 600.667     132 -0.897089 -0.551148 -0.278997 -0.551128  0.729209  -0.75985 -0.455096  0.687162  0.518569   0.37913
point 66 681 378.764 206.034  -0.26483  0.584458  0.178405  0.492203 -0.785711   0.19931 -0.784435  0.471995 -0.157903 -0.857851
point 67 695 582.171 213.505  0.760012 -0.212968    0.3266 -0.414123  0.416164 0.0124575  0.885659 0.0812279  0.516817   0.77437
point 68 709 403.088 218.627  0.899187 -0.893398  -1.01963   -1.0073  0.459812    0.8047  0.766742  0.458784  0.183488 -0.478437
point 69 737 229.429 207.512   -0.375737   0.0857498 -0.00113203    0.601204   -0.813193    0.104962    -0.86052    0.120725    0.496336   -0.144513
point 70 739 104.933  216.82     0.97362     0.12578   -0.460536 -0.00102679    0.794204    0.193675   -0.886218   -0.161162   -0.235124   -0.620811
point 71 749 127.802  195.83   -0.672624    0.220596    0.621317   -0.729415    0.545816 -0.00411536    0.746639   0.0912644   -0.278469   -0.201853
point 72 768 314.423 205.632 0.0721515 -0.157169  0.199776   0.40191 -0.730312  0.258643  -0.24136  0.471684  0.710501  0.660171
point 73 771 366.018 224.977  0.220372  -0.40774  0.801838  0.989215 -0.682816  0.869058    0.6347 -0.241982 -0.421834 -0.650445
point 74 777 546.382 183.509  -0.636444   0.660557   -0.27495  -0.461679   0.633187  -0.282663  -0.266436   0.561396 -0.0533506  0.0646122
point 75 778 221.271 216.766 -0.109742 -0.604789  -0.83936  0.685916 -0.523749 -0.888214 -0.376978  0.331406 -0.432616 -0.671492
point 76 797 571.994 186.241  -0.739739   -0.62504   0.715374  0.0152201  -0.184254  -0.558231 -0.0615335   0.575693 -0.0575464  -0.351855
point 77 804 344.248 81.4611 -0.824762 -0.742136 -0.666419 -0.534663  0.567943  0.709869 -0.143274  0.482629 -0.611536  0.132272
point 78 809 183.145 125.784 -0.202981 -0.882069 -0.976719 -0.326328 -0.503352 -0.152679  0.830189  0.782517 -0.222789 -0.185036
point 79 815 461.787 152.197 0.0833277 -0.269509  0.997395 -0.279823   0.66156  0.611967 -0.403813 -0.607916  0.780372  0.854911
point 80 817 11.9673 89.2153  -0.259311   0.530735   0.820758   0.578226   0.625329 -0.0978603  -0.586454   0.614646   0.663028  -0.870972
point 81 819 564.552 208.792   -0.574247    0.467597   -0.717432    0.750996    0.986949 -0.00610199    0.265791    0.752419   -0.469539   -0.137616
point 82 837 353.417 50.2484 -0.122027 -0.242649 -0.555015  -0.39145 -0.827269  0.132037 -0.455119 -0.385151 -0.817649 -0.415877
point 83 846 86.2141 173.359   0.476364    0.27143   0.396294  -0.900532  -0.909348 -0.0105376  -0.709389  -0.265048  -0.363292   0.216715
point 84 867 498.771 199.416      1.0027    0.126665   0.0762286    0.574863   -0.485946  -0.0530726   -0.713231   -0.390805    0.678271 -0.00968793
point 85 882 428.181 205.147 -0.460764  0.913294 -0.625915  0.587051  0.425036 -0.221153 -0.924196  -0.79528 -0.527812  0.593505
point 86 886  380.78 36.9914 -0.369964 -0.840202 -0.464303 0.0910393  0.351447  0.954741  0.932684  0.829713 -0.700023 -0.853174
point 87 889 176.912 230.646  -0.809783   0.200112   0.786313  -0.245394  -0.965142   0.396456 -0.0633507  -0.742461   0.760984  0.0819775
point 88 892  317.07 149.254  0.312045 -0.925429 -0.753573  0.744441 -0.697576   0.65172  -0.70056  0.144513  0.871981 -0.066802
point 89 898 295.607 229.825     0.822219    -0.648394     0.286951 -0.000714424     0.119909    -0.314832     0.513757    -0.494119    -0.119052     0.405306
point 90 920 95.5347 55.7685  -0.93726  0.649213  -0.35595 -0.374395 -0.378725 -0.131395  0.817097 -0.867574  0.997257  -0.57342
point 91 926 121.302 195.126 -0.763576 -0.746212  0.895058 -0.880742 0.0279496 -0.584844 -0.380113 -0.773529 0.0408072  0.549777
point 92 928 428.654 148.838 -0.185235  0.837598 -0.825491 -0.853622 -0.306097 -0.577968 -0.708812 -0.364722 -0.480884  0.339611
point 93 936 622.792 141.826 0.0484335 -0.418081 -0.388867 -0.297673 -0.448601  0.948863  0.121957 -0.756472 0.0561789  0.104171
point 94 939 339.893 174.885 -0.445678 -0.746397  0.544811  0.903404  0.250618 -0.968715 -0.706323  0.693737 0.0988081  0.749941
point 95 963 460.945 177.008 0.0228234 -0.823654 -0.417872  0.410475  -0.90888  0.246782  0.983081 -0.903534 -0.160997  0.456885
point 96 971 457.201  195.27   0.675333 -0.0264223    0.28969  -0.719483   0.960752  -0.102292   0.300776   0.923056   0.780547  -0.204988

