seq: 3
gt_pose: 0.600309        0        0
odom_pose:    0.612653 -0.00964857  -0.0242308
point 0 3 299.191 197.998 -0.245308  0.768992 -0.410586 -0.280555  0.664799  0.872496 -0.844176  0.915664 0.0659655 -0.837735
point 1 6 582.809 172.345  -0.651325 -0.0887019   0.740247   0.674978  -0.298544  -0.519056   0.808344  -0.262875   0.360794   0.899845
point 2 14 536.579 68.8462 -0.773987 0.0713705  0.535145 -0.382086  0.951845  0.119746  0.756814  0.490855  0.285377  -0.92365
point 3 15 31.3254 166.302   0.705589   0.693867    1.00031   0.519453   0.803052    1.00798   0.350034 -0.0428498  -0.664263   0.640272
point 4 17  302.69 87.2527  -0.437129  0.0667417   0.399874  -0.740556 -0.0159297   0.137199   0.894528  -0.085462  -0.288774   0.738715
point 5 35 538.448 212.706  0.154244  0.854438  0.375073   0.63974  0.370277  -0.35561  0.327752 -0.961823 0.0316445   0.70135
point 6 38  616.75 117.654  -0.645795   -0.71095 0.00224428   0.631031   0.307911   0.849982  -0.653869  -0.188081   0.366409   0.759557
point 7 42 299.694 165.579 -0.0167775  -0.767642  0.0258567 -0.0148402  -0.913056   0.666043  -0.264102   0.321149 -0.0957123  -0.756931
point 8 44 146.201 140.881  -0.521242   0.260141   0.867387    0.46816  -0.104472 -0.0779345   0.663944   0.861122   0.918931   0.776669
point 9 45 451.973 234.173    -0.5424 -0.0921134   0.902909  -0.103013   0.744537   0.944424  -0.676177 -0.0941133   0.543194   0.493462
point 10 53 24.6902 189.039  0.740204  0.279294 -0.299406  -0.94191  0.533735  0.564234   0.44252  0.380757  0.761785 -0.378983
point 11 54 491.192  187.58 -0.599855  0.224814 -0.848329 -0.804712 -0.700574 -0.547087 -0.740338  0.175884 -0.913483  0.737536
point 12 56 581.152 195.171  0.293313  0.116091  -1.00548  0.842447 -0.350518 -0.601456 0.0845386 -0.237347  -0.35874  0.331835
point 13 57 417.024 160.897  0.377622 -0.295775 -0.563054  0.557295 -0.437581  0.325378 -0.921193  0.731536  0.729966  0.251388
point 14 59  462.77 214.371   -0.925742   -0.955112   -0.947392  -0.0442728   -0.374688    0.393856    0.636127 -0.00831876  -0.0400803   -0.827238
point 15 61 90.0937 158.309  0.142517  0.474045  0.493441   0.84165  -0.77666  0.585662  0.926492 -0.777226 -0.429148 -0.510813
point 16 64 279.479 187.349   0.928285   0.578719  -0.756841  -0.923731  0.0610582  -0.206218    -0.5689 -0.0670617  -0.693204  -0.400394
point 17 69 611.227  209.27  -0.346519  -0.765948    0.80714  -0.775576 -0.0863276  -0.439544  -0.553264  -0.424575   0.361963   0.916268
point 18 84 468.009 166.334 -0.463503 0.0874448  0.323897  0.937605  0.276595  0.229532 -0.151691 -0.970765   1.01582 -0.318924
point 19 89 22.0388 230.526  0.549106 -0.631114 -0.303716 -0.310339  0.241125 -0.608878 -0.546133 -0.927568 -0.719018 -0.161389
point 20 106 1.11247 233.635  -0.252974   0.961222  0.0426885 -0.0849169    0.38777   0.139832  -0.176682  -0.922199   0.528138   -0.10637
point 21 110 178.099 34.4011  0.874354   0.99545 -0.573793 -0.274795 0.0939584 -0.697901 -0.524682  0.536334  0.699222  0.248897
point 22 113 97.5729 175.942 -0.0742568  -0.568739   0.576136  -0.940819   0.495335  -0.344115  -0.876648   0.630473  -0.310703 -0.0569903
point 23 115  268.38 172.782  -0.673479  -0.777465   0.467167   0.459527 -0.0886165    -0.5597   0.922742  -0.444376  -0.451771   0.428354
point 24 119 579.479 185.167  -0.41587 -0.445364  0.792322 -0.399341  0.768149  0.499709   0.94164 -0.508548  -0.73822  0.349604
point 25 120 230.428 185.123  -1.02112  0.208025  0.690257 -0.552605  0.679268  0.599628  -0.61724  0.308926 -0.947069  0.286633
point 26 130 12.4919  168.49  0.744615  0.310158 0.0229129   1.01816  0.462667 -0.261146  0.955103 -0.897894 -0.468409 -0.573235
point 27 132 64.8932 121.176  0.270806 -0.895934 -0.928041 -0.113669 -0.686036  0.890916 -0.860917  0.307492  0.817607   0.72929
point 28 134 118.231 166.371 -0.289147 0.0701927  0.477632  0.839105  0.704583 -0.291816   0.88158   0.77791  0.608863 -0.844069
point 29 140 165.462 189.552  -0.450864 -0.0724182   0.596662  0.0920499   0.825045  -0.777914   0.346052  -0.563083  -0.315914   0.910563
point 30 141 634.314 169.488   -0.34389   0.139672  -0.331832 -0.0315944  -0.120427   0.465142  -0.984713  -0.917177  -0.608217   0.664915
point 31 148 62.0143 23.2557 -0.0648492  -0.298288  -0.191744   0.581326  -0.074583    -0.2341  -0.947108   0.248355    0.95664  -0.637243
point 32 152 560.953 154.545 0.0779199   0.47528 -0.638635 -0.552545  0.884229 -0.486096 -0.133988  0.600954  0.822439  0.249227
point 33 158 45.9641 112.201  0.532922  0.466843   0.36173 -0.320224 -0.132217 -0.369126 -0.812748  0.201179  0.998254   -0.6142
point 34 159 32.2031 68.8424  0.166548 -0.961502 -0.893856 -0.143509 0.0600549 0.0647165   1.00717 -0.316418 -0.394713 -0.754353
point 35 161 80.3039 165.523   0.407807   0.915551 -0.0408056  -0.445811  -0.433675  -0.823567  -0.446113  -0.318031  0.0445536   0.579746
point 36 169 191.136 156.888  -0.590662   0.461594   0.768382  -0.278598 -0.0476871   0.464831   0.302892   0.516123   -0.65842  -0.482611
point 37 170 174.364 237.027  0.118893 -0.307854  0.250382  0.179397  0.785483 -0.209178 -0.822804  0.714968   0.47505  0.723922
point 38 174 433.213 199.443   0.721678   0.169875   0.919633   0.105916 0.00754714  -0.522248  0.0655978  -0.567272  -0.508514  -0.918674
point 39 179 284.048 190.232 0.0209994 -0.811934 0.0388652  0.809318    0.6605  0.410252 -0.305127 -0.827816 -0.171096  0.808854
point 40 198  472.28 234.939  0.866274  0.559815 -0.329274 -0.533573  0.959227 -0.836863  0.868612 -0.965727 -0.717935  0.280639
point 41 202 291.268 124.051 -0.518267 -0.221802  0.199905  0.365082  0.110828  0.779141  0.638183 -0.206844  0.174035 -0.192112
point 42 206 389.351 164.964  0.676046 0.0499842  0.687126  0.894201 -0.799527 -0.717635  0.684781 -0.194111 -0.969526  0.670914
point 43 252 531.255 195.212  -0.409408 -0.0442644   0.674827  -0.177731   0.942682   0.893959  -0.121595  -0.185128  -0.888354  0.0842346
point 44 259 406.668 204.081  0.195008  0.682024  0.137586  0.478744  -0.43458 0.0138618 -0.690218  0.402718 -0.860148 -0.563444
point 45 261 568.002 201.655   0.850638     0.4751   0.964262  -0.336421  -0.227732    0.16824  -0.669561   0.881264    -0.3621 -0.0723349
point 46 280 299.048 228.649 -0.255546  0.192294  0.587586 -0.116751 -0.345829 -0.423791  0.803174  0.848398 -0.101312  0.742237
point 47 286 444.234 163.465 -0.777695 -0.437876 -0.407334 -0.246848 0.0527172   0.31441  0.880036 -0.899749 -0.968326  0.691127
point 48 290 350.806 185.244 -0.710539  0.848901 -0.807825 -0.502002 -0.627265  0.489919 -0.865653 -0.805789  0.585006  -1.00893
point 49 296  427.55 58.0289 0.0178122 -0.543386 -0.401913  0.311992 -0.180505  0.590189 -0.653649   1.01299 0.0810814 -0.390126
point 50 301 555.466 74.7195 0.0779807 -0.522608  -1.03694  0.470403 -0.948225 -0.662004 -0.646688  0.449168 -0.687101 0.0579859
point 51 313 356.596 90.4678 0.0919962  0.290554  0.118087 0.0925608  0.468399  0.651913 -0.412457 -0.627274 -0.104851  0.373698
point 52 315 118.993 204.792  -0.85184 -0.402161 -0.986785   0.11146  -0.34896  0.192937  -0.51965  0.769797 -0.706963  0.946745
point 53 316 384.833 178.124  -0.617682  -0.715751   -0.97453  -0.504085  -0.457272 -0.0186399  -0.431852  -0.151898   -0.26283  -0.639291
point 54 319 371.381 144.326  -1.00756  0.196516  0.554859 -0.267533 -0.725098  0.164268  0.673561 -0.371832 -0.945521  0.376191
point 55 325  223.11 212.102 -0.236388 -0.318834 -0.601581 0.0951105  0.238411 -0.357683 -0.216159 -0.458282   -0.5724 -0.970528
point 56 327 524.464  204.95 -0.330042 -0.927298 -0.268534  0.888931  0.306491  0.586986  -0.43135   0.68703 -0.328097  0.757146
point 57 343 119.613 225.444 -0.0290224   -0.94141  -0.385297  -0.840037  -0.176279 -0.0673296   0.232939  -0.942732   0.595984  -0.399146
point 58 353 239.237 177.491  -0.516199  -0.203391   0.926625  -0.308911   -0.34482   0.357344 -0.0346249  -0.597866  -0.419756    0.10833
point 59 396 209.676 163.557  0.267711 -0.772185  0.846346  0.667208 -0.362038 -0.304749 -0.738424  -0.42643  0.334941  0.632785
point 60 398  441.94 210.085 -0.826888  0.898799 -0.682346  0.448826  -1.01438   0.54865  0.682413  0.844862  0.271604 -0.744485
point 61 444 616.974 166.242    0.631585   -0.883988    0.421269   -0.680218 -0.00538507   -0.757828     1.01394    0.277157   -0.126069    0.541704
point 62 446 565.421  155.72  0.526728 -0.797536   0.59915  0.955401  -1.03448  0.168036   1.00765  0.429242  0.561128 0.0405816
point 63 448 325.653 202.965   0.86867 -0.453058   -0.8016 -0.608126 -0.335055  0.734879 -0.447165 -0.699472  0.662934 -0.417403
point 64 449 23.6785 151.651  0.0230127  -0.355652   0.790694  -0.467772 -0.0363025  -0.538712   0.495541  0.0148289  -0.310987  -0.222266
point 65 452 615.213  169.58  -0.933354   0.204802  -0.219063   0.741069   0.526249  -0.773076 -0.0846597   0.259828  -0.335164  -0.138728
point 66 463 485.745 95.6714   0.578873 -0.0838951  -0.319495   0.527898  -0.831668   0.289822   0.901363  -0.831682   -0.77412   0.100932
point 67 468 615.645 158.268  0.499324 -0.320334 -0.483794   0.55366  0.119407  0.497993 -0.386606 -0.300076 -0.848962 -0.377116
point 68 469 403.869 102.061 -0.0806672  -0.829396   0.918098   0.914615  -0.126594  -0.484304  -0.783125   0.822395   0.155341  -0.922594
point 69 481 599.504  223.93 -0.919061  -0.80973  0.379431 -0.544538 -0.334063  0.113124 -0.202446 -0.870671 -0.469416  0.229912
point 70 482 560.958 215.101  0.554943  0.412312  0.284405  0.186391 -0.371293 -0.481235  0.187141 -0.218834  0.230776 -0.371027
point 71 487 5.58223  169.32 -0.801894   1.01658 -0.686313 -0.961656 0.0595334  0.617595 -0.358476 -0.904289  0.310442 -0.201061
point 72 509 478.509 212.377  0.327494 -0.917581 -0.334638  0.668629  0.767754  0.841146  -0.48203 -0.337391 -0.303366  0.892821
point 73 516 0.617635  212.158   0.125357  -0.576893  -0.772117  -0.778967  -0.180335   0.584372  -0.580266 -0.0554439  -0.794667   -0.59748
point 74 519 333.872 7.19115  0.379295    0.4598  0.589621  0.132145   0.73083 -0.818883 -0.877086  0.841073 -0.376989  0.502696
point 75 521  119.56 196.689   -0.816642   -0.301535    0.601714    0.204587   -0.276785 -0.00595115   -0.406497   -0.708776   -0.805858   -0.632572
point 76 532 502.858 168.303 -0.878652  0.410904  0.813824  0.888251  0.752401  0.776926  0.171326 -0.454552  0.984875 -0.413415
point 77 533 350.787 183.662  -0.665435  -0.203679   0.619207  -0.265436  -0.710767  -0.742339   0.556761  -0.280736   0.672906 -0.0595517
point 78 540 631.212 179.242  0.917414  0.513118  0.752898 -0.523193 -0.284001  0.916232  0.390296  0.868191 -0.964147   0.33591
point 79 571 458.389 164.738  0.770606  0.769486  0.264833  0.668046  0.256771 -0.737498  0.938272 -0.389177  0.567199 -0.275137
point 80 573 340.052 111.788   0.88023 -0.234848  0.205361 -0.503628 -0.324446 0.0760234 -0.674896   -1.0236 -0.359194   0.65279
point 81 581 129.756 239.491  -0.698064  -0.530482  -0.248972   0.950035  -0.964547 -0.0990532  -0.154748  -0.812039   0.834967  -0.145159
point 82 588 334.349 231.776 -0.253162 0.0524011 -0.387932 -0.597287  0.525182  0.557511 -0.543956  0.325819 -0.187216   0.12676
point 83 603 50.9053 149.363  0.967796  0.613164  0.676399  0.244723 -0.779821    0.3709 -0.818697  0.769242 -0.572043  0.712002
point 84 629 440.842 169.365 -0.458725  0.797522  0.611188 -0.945688  0.909873 -0.276543   1.04515 -0.686126  0.191722 -0.747737
point 85 646 343.995 225.598  -0.31178  0.587243  0.756284  0.780231  0.399461 -0.748518 -0.336011    0.8184  0.314629  0.528542
point 86 655 107.036 202.229 -0.148971  0.653568  0.464434 -0.618959 -0.593396 -0.465622 -0.957234 -0.704114 -0.843207  0.878586
point 87 658 33.6584 198.153   0.353682   0.103642 -0.0855899  -0.322912   0.225368    1.00247    0.66205   0.650393  -0.752275   0.539451
point 88 664 560.772 194.449 -0.423193 -0.880655  0.310669  0.855742 -0.293939 -0.373191 -0.409662  0.401925 -0.139474  0.318453
point 89 667 264.466 119.049 -0.942863 -0.649859 -0.262279 -0.625477  0.726855 -0.719939 -0.505136   0.75121  0.598369  0.358345
point 90 673 636.97 237.64   -0.456998    0.653027 -0.00924588   -0.292324    0.580277   0.0379615    0.425873   -0.495646   -0.401158    0.123429
point 91 681 364.698 204.478 -0.311665  0.573375  0.176642  0.466955 -0.750155  0.177909 -0.843216  0.466851 -0.158412 -0.810559
point 92 697  418.68 200.339  0.128284 -0.752997 -0.444157  0.929334  0.519306 -0.784745 -0.228779 -0.182997  -0.24031 -0.777935
point 93 709   427.1 209.524  0.901227 -0.863527  -1.01677 -0.933792  0.531684  0.842905  0.793463  0.520541  0.168118 -0.502769
point 94 717 103.824 177.814   0.96516  0.660674 -0.876375  -0.22567 -0.381406 -0.712643 -0.661462  0.708626 -0.400866  0.664514
point 95 731 571.664 225.369 -0.337486  0.360055   0.31081 -0.879544 -0.620261  0.982534  0.751795  0.812584   0.51623 -0.820797
point 96 743 634.443 213.559   0.159068  -0.600189   0.838031   0.308303   0.658625  -0.316481  -0.457674 -0.0502234  -0.225147  -0.396917
point 97 771  351.82 225.637  0.178347 -0.451047  0.777531   1.00811 -0.591298  0.886699  0.663492  -0.25569 -0.469786  -0.61365
point 98 777 385.708 135.915   -0.57979   0.630058  -0.335004  -0.504848   0.604477  -0.227698  -0.353961   0.516459 -0.0315875   0.038156
point 99 791 616.189 179.254  0.705823 -0.663978 -0.825831 -0.568976  0.999175 -0.485296  0.449534  0.566564  0.473375  -0.44908
point 100 804 194.804  207.12 -0.828669 -0.737772 -0.676066 -0.563825  0.519102  0.710603 -0.128567  0.486515 -0.528095  0.124023
point 101 815 428.535 93.7124 0.0947873 -0.192571  0.991177 -0.303255  0.745973  0.588528 -0.394429 -0.578213  0.776675  0.917092
point 102 821 611.954 181.545  0.439002  0.349654 -0.598046 -0.970682  0.936233 -0.159591   0.48481 -0.831597 -0.375536  0.442172
point 103 837  256.65 146.143 -0.0629963  -0.272651    -0.4632  -0.347956  -0.772431   0.152328  -0.505292  -0.423755  -0.783338  -0.412333
point 104 846 187.516 232.436   0.452396   0.284167    0.42106  -0.905114  -0.878522 -0.0467188   -0.71768  -0.289901  -0.378547   0.242515
point 105 867 300.494 199.131   0.964791  0.0903373  0.0942132   0.550989  -0.452378 -0.0708533  -0.733819   -0.34409   0.654598 -0.0452087
point 106 882 427.932 186.987 -0.453273  0.948652 -0.591438  0.586357  0.503887 -0.231838 -0.904599 -0.766602 -0.577101  0.647413
point 107 885 465.025  144.29   0.884632  -0.631997  -0.144521 -0.0436218   0.590066    0.62229   0.759433   0.804795   0.616995 -0.0318155
point 108 886 217.338 172.179  -0.31759 -0.827918 -0.440471 0.0568756  0.355754  0.960908  0.924698  0.859932  -0.75637 -0.865209
point 109 892 326.175 171.523   0.266775   -0.86843  -0.702014   0.733649  -0.741271    0.68213  -0.722037   0.120415    0.83107 -0.0375684
point 110 898 275.358 234.742     0.85203   -0.657083    0.242928 -0.00425904   0.0682082   -0.336694    0.507683   -0.525012   -0.127043    0.471849
point 111 903 594.407 180.611   0.843923   0.532072     0.9659   0.804845  0.0253119  -0.752718   0.261226  0.0746823  -0.899872 -0.0306301
point 112 905  111.94 118.972 -0.933515   0.12556  0.515396 -0.384727  0.647396  0.247989 -0.790575  0.633927 0.0437659  0.127695
point 113 910 106.286 163.858 -0.902092  0.599869  0.432872 -0.054765  0.617963  0.496453  0.035673  0.593858  0.743528   0.37309
point 114 920 201.667 211.115 -0.928729  0.658979 -0.299114 -0.337045 -0.395029 -0.147717  0.840334 -0.821341  0.987282 -0.569825
point 115 927 168.882 26.5299 0.00305331   0.841084   0.596438   0.407663   -0.86798   0.418682  0.0265746  -0.367253   0.715071   0.894105
point 116 928 245.738 191.732 -0.125747  0.842944 -0.836981 -0.937445  -0.30855 -0.563079 -0.654744 -0.379401 -0.493002  0.267573
point 117 935 499.338 229.427  -0.679014  -0.928057   0.215611   0.996317  -0.682346   0.562243   0.319754   0.847071  -0.736101 -0.0979281
point 118 939 257.673 208.397 -0.385084  -0.72963  0.538363  0.900831  0.192779 -0.884223 -0.721745  0.663528  0.138005  0.819549
point 119 949 616.925  235.71 -0.872709 -0.399801 -0.698611  0.864449 -0.671053 -0.122374  0.887972 -0.862194  0.339045 -0.629779
point 120 963 298.074 184.096 -0.036489  -0.83505 -0.429584  0.421239 -0.932157   0.22215  0.945688 -0.895282 -0.160002  0.467778
point 121 971 345.336 188.284  0.704836 0.0132512  0.319954 -0.650406  0.975019 -0.101743  0.380282   1.01153  0.798049 -0.181915
point 122 989 172.389 235.912 -0.657125  0.269307    0.4938 -0.573814 -0.121304 -0.599901 -0.126953  0.519612  0.526159 -0.538451

