seq: 173
gt_pose:  -3.05483   3.56472 -0.184903
odom_pose:   -2.9963   2.51768 -0.151031
point 0 5 521.099 200.127 0.00899101   0.297633  0.0417952  -0.896254  -0.112185   0.814009    0.88574   0.404615  -0.443224   0.431952
point 1 7 301.462  184.14  -0.131088   0.861489  -0.215735    0.65167   0.407304   0.828994 0.00729476  -0.601568   0.914934   0.872889
point 2 21 294.037 207.497  0.582135 -0.425335 -0.322411 -0.589335  0.974886 -0.945479  0.630291  -0.30971 -0.587096 -0.140312
point 3 24 626.619 184.529   0.369259   0.425523  -0.723005   0.235702  0.0304513   0.637685   0.478327  -0.623857  -0.581941 -0.0349369
point 4 31 366.936 213.108 -0.366817  0.791367 -0.015269 -0.698356  0.205515 0.0719233  0.256904  0.170763 -0.495477  0.643099
point 5 39 221.079 151.332  -0.572759   0.870963   0.134274   0.896148 -0.0122113  0.0926845   0.904931   0.623775   0.593157   0.202169
point 6 40 39.2698 173.628   -0.38974   0.764401    0.21191   0.285598   0.513914   0.580048   0.611294  -0.499341    0.20769 -0.0132697
point 7 63 337.469  160.91  0.194086 -0.766503 -0.827948 -0.269342 -0.740539  0.365334 -0.725989  0.715969  0.138849  -0.54597
point 8 68  343.46 239.479   0.14571  0.328634 -0.940932  0.481364  0.163674 -0.672908 -0.705096 -0.567271  0.578395  0.710463
point 9 78 514.601 211.915  -0.89496 -0.776609  0.606392   0.74573  0.968095 0.0754707 -0.464531 -0.673446 -0.323468 -0.106177
point 10 92 593.873 185.289  0.134957  0.753005 0.0690846  0.965042  0.333324   0.26396  0.986944  0.618309 -0.241129  0.071998
point 11 103 157.135 217.606    0.4356  0.112342  0.456788 -0.152931 -0.212955  0.106543  0.634015 -0.870959  0.388222 -0.532662
point 12 109 462.097 228.182  -0.510216   0.921352  -0.816075  -0.411886   0.471353 -0.0963342   0.707822   0.599084 -0.0114389    0.26518
point 13 111 475.813 224.008 0.0200814  0.970761 -0.835845 -0.894838 -0.179985 -0.336274   0.91626 0.0601918  0.219038  0.444258
point 14 123 489.947 162.361  0.172018  -0.77164 -0.269348   0.39562  0.901776  0.643187  0.223493 -0.274523  0.366005 -0.596999
point 15 156 358.787 200.533   0.302902   0.565687  -0.699446   0.357766  -0.866808   0.978858   0.139236  -0.724206  -0.977602 -0.0847439
point 16 159 379.361 214.537   0.264165   -1.02408  -0.850896  -0.108024 0.00237557  0.0641273   0.994971  -0.338081  -0.378173  -0.802169
point 17 165 408.366 202.922   0.503402  -0.790157   0.383581   0.644662  -0.744239   0.587497  -0.576569   0.827982   0.334634 -0.0134965
point 18 166 632.967 145.567 -0.653593  0.374257 -0.633121 -0.468371  -0.70579   0.24775 -0.738673  0.129895  0.195509 -0.664347
point 19 175 427.665 144.669 -0.399572  0.595192  0.276682 -0.608679  0.748974  0.729839  0.901612   0.94057  0.615718 0.0897583
point 20 176  381.91 212.562  -0.730165   0.853866  -0.133798 -0.0272874   0.390537  -0.418946  -0.895295   0.269649   0.690609   0.137304
point 21 186 408.578  36.978  -0.402863  -0.401326   0.322007   0.401545   0.852999  -0.902016 -0.0722891  -0.505674   0.095322   0.314392
point 22 200 489.411 181.693  -0.414596  -0.712322   0.630452    0.32796   0.182431   0.511838  -0.129544   0.876944   0.989566 -0.0537546
point 23 216 553.447 180.222 -0.676036 -0.973408  0.863046 -0.757438 -0.541812 -0.888766 -0.313169 -0.267912 0.0275836  0.812321
point 24 226 188.557 115.383 -0.0745636   0.520194   0.559259   0.624479   0.897289   0.511081  -0.960407  -0.801392  -0.100208   0.456616
point 25 229 94.0799 175.914  0.932176 0.0379645  0.263385 -0.731212  0.977683   0.14694  0.465313 -0.367523  0.182633  0.109048
point 26 233 410.062 215.998 -0.161198 -0.510199  0.197642  0.241773  0.291292 -0.178482 -0.950261  0.216046  -0.85062  0.335818
point 27 239 110.201 201.079 -0.387166 -0.856346 -0.833047  0.189152  0.601717  0.144213  0.211372  0.291704  0.143166 -0.558027
point 28 240 337.229 188.674 -0.532538 -0.639121  0.637718  0.849815  0.808231  0.699092 -0.541543 -0.672113 -0.959982  0.606117
point 29 242 605.196 161.798  -0.758132 -0.0129857   0.138584   0.469003  -0.398045   0.622327   0.815431  -0.757848   0.420598   0.603515
point 30 245 521.693 179.715 -0.590496 -0.422826  0.407719 -0.654201 -0.462521  0.414244  0.854661 -0.685716  0.194922   0.76613
point 31 251 459.907 224.534 0.0497435 -0.502064  0.179908 -0.818029 -0.386105  -0.14054 -0.447536  0.198298 -0.142095  0.367942
point 32 262 541.905 164.736 0.0302339  0.295914 -0.269681 -0.565969   0.98501  0.949395 -0.903774 -0.379188  0.444501 -0.425505
point 33 264 64.4479 186.684   0.964873  -0.128234  -0.372638 -0.0849914   0.225758   0.670186  -0.775676   0.935103  -0.870789  -0.780588
point 34 275 49.4854 121.967   0.866929 -0.0927784   0.505412  -0.758957 0.00222374   0.157522  -0.261098   0.429641  -0.534887  -0.182928
point 35 277 573.252 175.466  -0.54528 -0.891224  0.252041 -0.847872 -0.963733  0.140394  0.125929  0.484771  0.384712  -0.90171
point 36 301 445.093 219.663  0.108581 -0.466727  -1.04098   0.45278 -0.940934 -0.662352 -0.570264  0.455788 -0.744765 0.0288624
point 37 303 398.611 208.654   0.104572  -0.806514   -0.60765   -0.88682  -0.115466   0.581479  -0.416092   -0.11711 -0.0302703  -0.384633
point 38 320 220.373 233.144  -0.139909   0.680145   0.994673 -0.0279701    0.62749   0.117114 -0.0200175 -0.0118284   0.175797   0.318337
point 39 324 127.333 198.059      0.10932      0.38394    -0.701371    -0.401961     0.608805 -0.000898888     0.407908    0.0706852     0.269538     0.387935
point 40 346 263.365 77.1448  -0.550299   0.929795  -0.050862  -0.767682  -0.183454   0.508422 -0.0224187   0.892842   0.842068  -0.211514
point 41 352 546.851 197.979  0.564257  0.311454  0.435218 -0.770029  0.571007  0.692402 -0.662647  0.597599 -0.179909  0.838504
point 42 359 567.242 159.894 -0.063495 -0.219229  0.639089 -0.566524  0.701212 0.0515554  0.223886  0.221187 -0.591016 -0.189529
point 43 364  509.13 215.409   0.120499   0.776106   0.639922  -0.576185   0.869095  -0.497582  -0.569644  -0.874932   0.111915 -0.0384555
point 44 387  424.43 179.641    0.711084    -0.74046    0.523391    0.944179   -0.771716   -0.160404 0.000136161   -0.946581    0.646504     0.64037
point 45 393 130.637 218.425    0.523868   0.0728025   -0.242431       0.292    0.963284   -0.140995   -0.691729   0.0979414    0.748754 -0.00231483
point 46 402 13.2372  194.35    0.34319   -0.31262   0.012792   0.949937   0.518586  0.0762216 -0.0720403   0.457935   0.977877  -0.334618
point 47 405 266.532 66.9356 -0.108653  -1.00591  0.874818   0.63478 -0.179508  0.100629  0.375902  0.315478  0.505346   0.74306
point 48 425 480.466 239.961  -0.436996  -0.350659   0.401032   -0.48517  -0.593781  -0.664977 -0.0899737  -0.942673   0.889879   0.825064
point 49 438 40.2116  173.17 -0.651419  0.801079 -0.672266  0.979357 -0.271047  0.671971  0.824759  0.906131  0.396431   1.00837
point 50 439 87.6496 205.621  0.240878  -0.43928 -0.754952  0.242516  0.371866  0.658534 -0.363684   0.23624  0.101885 -0.123564
point 51 450 155.397 173.427  0.461746  0.180353   0.68352  -0.56897  0.962307  0.554609  0.032275 -0.861993  0.848595  0.678894
point 52 454 308.088 181.988 -0.893637  0.929202  0.674573 -0.415793  0.633082  0.718542  0.745916  -0.55532  0.452871  0.389449
point 53 458 180.228  204.84  -0.78741   0.20057 -0.796033  0.318562  0.598355  0.456532  0.739431 0.0810486  0.882291 -0.559761
point 54 464 111.674 233.441 -0.0403563  -0.897054  0.0537696  0.0507027  -0.487828   0.122418   0.461531   0.434763  -0.618045   0.182165
point 55 470 568.202 238.393  0.447077  -0.10837 -0.612243  0.875836 -0.274687    0.8423 -0.377762  0.238693  0.455985  0.755275
point 56 472 606.965 192.091   -0.85989 -0.0706641   0.689185  -0.264556   0.928096   0.117148   0.756781  -0.654441 -0.0578322  -0.637659
point 57 475 553.166  228.49   -0.969581    0.109779  0.00254195    0.574256   -0.291257   -0.354001  -0.0751232 -0.00341533   -0.682829   -0.302099
point 58 491 407.112 197.247  -0.86579  0.823455 -0.331465  0.567071 -0.443717 -0.173788  0.551607 -0.289479 -0.296523   0.72218
point 59 492 573.931 177.468  0.541775  0.556123 -0.678212 -0.369663 -0.533727  0.716921 -0.483286  0.761153 -0.818009 -0.616311
point 60 495 339.502 153.789    0.19693   0.643285 -0.0827365    0.42228  -0.456595  -0.653731    1.01103  -0.605196  -0.105069   0.115772
point 61 499 296.468 157.726   0.895006  -0.450356    0.41952  -0.664396   0.179439 -0.0609167  -0.103269  -0.230814   0.681325    0.29433
point 62 505 119.969 189.676 -0.615745  -0.24673  0.212788  0.275259 -0.818184 -0.483685 -0.854448  0.875801 -0.480137 0.0329862
point 63 506 337.561 205.296  0.0371265    0.31289 -0.0643437  -0.627142  -0.913446  -0.596642  -0.683304  -0.584992   0.722467    0.55541
point 64 514 605.479 137.283  0.380803 -0.836952 -0.917045 -0.491493 -0.963845 -0.477409  0.651658   0.81469  0.104703  0.170496
point 65 520 104.273 141.025 -0.245594 -0.828215  0.384405  0.361029  0.883447  0.365076  0.449476 0.0963497  0.242658 -0.206647
point 66 529 567.162 196.151   0.411237  -0.384157    0.11875  -0.338587   0.668402 -0.0881357   -0.89517   0.765485  -0.173508  -0.380996
point 67 541 550.462 228.364  0.317118 -0.796933  0.851267 -0.336771 -0.616343   0.71291  0.819011 -0.572969  -1.00516  0.213333
point 68 544 142.412 126.452  -0.16236 -0.330845  0.735793 -0.112178 -0.723587   1.00544 -0.907873  0.327344 -0.405229 0.0167601
point 69 568 535.746 214.341 -0.943483 -0.601375  0.972198 -0.626506  0.353888  0.490547  -0.95858 -0.847219  -0.76666 0.0973629
point 70 578 313.577 202.233  0.011563 -0.252944 -0.265589  0.208058  -0.75718  0.499353  0.128638 -0.964694 -0.121847  0.129793
point 71 591 331.673 205.896   0.97774 -0.671855  0.602412 0.0848827 -0.393091 -0.234574   0.90085  0.243686 -0.011796 -0.501354
point 72 596  344.45 182.195  0.0753174  -0.442823   0.473154  0.0986129 -0.0273745  -0.394446   0.643372  0.0532394    0.53835   0.892965
point 73 597 603.559 176.968 -0.732706  0.733608  0.868481 -0.144802 -0.363899  0.605585  0.849539    0.8707  0.430712 -0.299003
point 74 599 286.831 197.503 -0.443118  0.277322  0.734969  0.153146 0.0112156   1.01693 -0.157026 -0.126961 -0.105581  0.546156
point 75 610 582.657 85.1583  -0.14566  -0.23569  0.742715  0.692673  0.434916  0.421541   0.65941 -0.603847  0.166492 -0.436263
point 76 617 444.821 158.189 -0.00838112   -0.783863    0.245568    0.160519   -0.499202    -0.94701   -0.186761    0.298557   -0.816073    -0.57297
point 77 622 291.143 124.896 -0.481961 -0.951865  0.463753 -0.040832  -1.00451  0.038629  0.679096  0.915285 -0.184302 -0.677043
point 78 640 95.7703 221.956 -0.00566147     0.78626    0.924261    0.450316    0.168798   -0.397537    0.504761   -0.297294   -0.136055   -0.210998
point 79 644  434.88 147.469  -0.495311 -0.0791957  -0.557579  0.0458489  -0.170286  -0.784959   0.823349  -0.944737    0.90683    0.45742
point 80 661 459.506 182.947  0.254283 -0.494558  0.420109  0.431857   0.13702  0.157721 -0.910264 -0.735702  0.210827  0.405874
point 81 669 183.456 234.286   0.436493   0.663971  -0.737221  -0.440429   0.173825  -0.620398 -0.0193704   0.945198  -0.193973  -0.285622
point 82 678 157.092 172.727  -0.832965  -0.902334   -0.35169  -0.389492  0.0255266  -0.986653  -0.956026 -0.0975055   0.256649  -0.294709
point 83 691 568.047 176.988   0.598033   0.987315   0.248159  -0.269752  -0.930909  0.0972939     0.3431  -0.373492   -0.96532 0.00490898
point 84 695 513.415  219.39   0.705416  -0.250564   0.394212  -0.429186    0.50314 -0.0546224   0.911301  0.0856803   0.552792   0.796212
point 85 725 386.767 69.4697 -0.736112 -0.719475 -0.694942 -0.918382  0.282318  0.385681 -0.823409 -0.734834 -0.483174 -0.257761
point 86 726 512.365 118.005  0.967384  0.559891  0.558085 -0.712911  0.236614  0.572965  -0.74511 -0.925997  -0.85297 -0.805452
point 87 752 445.313 175.943    0.8079  0.765218 -0.552316 -0.212098 -0.143859 0.0510481  0.342195 -0.689182 -0.700251 -0.476117
point 88 776  514.97 158.557    0.89391 -0.0716802  -0.178552  -0.559772   0.670516  -0.811177   0.402788  -0.454398   0.813053  -0.730651
point 89 780 42.2135 239.091  -0.99714 -0.250782 -0.272226 0.0952967  0.963221  0.518173  0.456315 -0.843973  0.263049   1.00571
point 90 794 478.797 215.233   -0.435297    0.469935   -0.373414   -0.645801 0.000116442    0.670492    0.482466   -0.465263    0.163631    0.516031
point 91 805 398.443 127.875  0.328176  0.725966   0.54791 -0.185744 -0.872805  0.733738 -0.205623   0.94476 -0.804129  0.184626
point 92 806  306.17 238.205   0.881908 0.00938938  -0.571552   0.126375  -0.654847  -0.322302   0.323641    -0.3318   0.131074  -0.104184
point 93 819 564.484 209.178  -0.502079   0.394896  -0.772256   0.794953    0.96134 -0.0306272   0.283028   0.743121  -0.459294  -0.122991
point 94 822 16.4573 220.483   0.695278  -0.239036   0.840961   -0.29339   0.322225  -0.834104   0.743715 -0.0138391  -0.307711   0.168452
point 95 832 85.2286 36.1885  0.660215  0.952554 -0.325889  0.677455  0.698669 -0.497605 -0.711117  0.783116 -0.797487 -0.895578
point 96 841 488.491 181.722  0.175929  0.896454  -0.91167  0.961224 -0.406033 0.0610665 -0.321385 -0.183564  0.229611  0.482321
point 97 843 413.762 177.714  -0.385491  -0.175829 -0.0726229   0.417702   0.104406  -0.929255   0.377468   0.174526   0.924726   0.944108
point 98 847 119.637 180.893 0.0795822  0.473324    0.3571   0.99626  -0.80657 -0.717451 -0.342785 -0.876296 -0.770853  0.147574
point 99 853 86.2111 179.362  -0.410498   0.882454  -0.628104 -0.0330773   0.131615   -0.69894  -0.363031  -0.366597  -0.804358  -0.709802
point 100 854 269.304  203.71   0.613947    0.11527   0.371497  -0.803971  -0.127989   0.990219 -0.0118541 -0.0797344   0.246677   0.977486
point 101 856 233.433 30.0996 0.0659231   0.66233  0.385214 -0.622631 -0.537117 0.0209176  0.483984  0.813001  0.287321  -0.63208
point 102 862 573.172 197.767 -0.854083  -0.36733 -0.703004 -0.213402   0.58648 -0.521811  -0.13324  0.353397 -0.987676 0.0542881
point 103 876 486.644  129.86  0.390766 -0.656416  0.923714  -0.23358 0.0561268  -1.01744 -0.928783   0.33819  0.841406  0.285527
point 104 877 139.756 165.629 -0.719733  0.830684   0.79536 -0.950302 -0.137581 -0.984789  0.894911 -0.615378  0.420509  0.436281
point 105 880 462.022 182.904 -0.606412  -0.49038  -0.25478  0.627276  0.534552 -0.199158 -0.324866  0.590379  0.785553  0.671519
point 106 881 364.854 193.776  0.366583  0.602627   0.39603  0.634286  0.401694 -0.754977  0.238347  -0.77855 -0.427938 -0.529885
point 107 883 443.851 213.732    -0.1903  -0.229674  -0.680657    1.00011   0.243093   0.582854   0.570316  -0.357518   0.244971 -0.0849837
point 108 897 120.052 185.652  0.247167  0.845467    1.0112  0.553452   0.15155 -0.866991 -0.154448 -0.241551 -0.874027  0.253755
point 109 907  90.813 222.855 -0.696248 -0.923914 -0.866158  0.536164 -0.827722 -0.862189 -0.342654  0.631285 -0.290437 -0.624041
point 110 908  540.28 125.342 -0.935121 -0.881355  0.943288 -0.660104 -0.672723   1.01316  0.565379 -0.830848 -0.533773  0.211456
point 111 927 392.542 204.927 -0.0579114   0.864549   0.571285   0.340987  -0.864478   0.332101 -0.0440398  -0.342332   0.715189   0.956473
point 112 929 377.621 189.494 -0.876102 -0.317139 -0.267884  0.171231  0.230992   0.72707 0.0920418 -0.169918  0.120244  0.210268
point 113 936  569.57 149.891 0.0403132 -0.380405 -0.414367 -0.299076 -0.445649  0.905624 0.0954866 -0.675483  0.105401  0.114017
point 114 937 321.578 230.561  -0.53577 -0.585931 -0.486853 0.0626751  0.555386 -0.234331  0.154949 -0.274963 -0.284767  0.549076
point 115 942 467.822 225.176 -0.722465 -0.290741  0.588673 -0.500007  0.261587 -0.199941 -0.737865 -0.962776  0.964345  0.472055
point 116 944 540.175 151.213   0.495492  -0.466758  -0.256822   -0.54573   0.707572 -0.0573842   0.175745    0.29323   0.448596  -0.638115
point 117 947 133.586 177.894 -0.317089 -0.948791  0.806724 -0.565305 -0.489265  0.882292  0.589542  -0.74512 -0.871397  0.730913
point 118 965 592.895 160.081   0.894837   0.590478   0.511824 -0.0616877  0.0390737  -0.531627  0.0896437   0.662815   0.922535   0.235482
point 119 967 367.125 169.586   0.236236 -0.0754419   0.398095   0.948189   0.073284   0.368601   0.591973  -0.399039  -0.770432  -0.459659
point 120 968  274.78 171.402  0.0811321  -0.342734   0.100418  -0.026051   0.929916  -0.202613  -0.756233 -0.0344122  -0.687544  -0.963049
point 121 972  183.81 172.488  -0.738821  -0.526533    1.00959 -0.0165449   -1.03435  -0.535368   -0.74565  -0.331539  -0.691612   0.659857
point 122 978 607.156 193.992  0.868482  0.653192  0.279771  0.888356 -0.789192  0.406709 0.0730664  0.441785 -0.554644  0.350925
point 123 979 345.493 177.814 0.0811079  0.465398 -0.180979  0.462599  0.195114  0.373969 -0.590141 -0.148111   0.60035 -0.318206
point 124 984 71.4512  150.13 -0.464511 -0.809004 -0.919298 -0.582333  0.530974  0.610754  0.086203  0.468706 -0.589107 -0.660305
point 125 993 49.7318 131.395  -0.208664   0.976497  -0.464308   0.688019 -0.0649379   0.365573  -0.243102   0.172597   0.346963  -0.287584
point 126 997  290.62 235.146   0.910462  -0.987076 -0.0803287   0.805494  -0.421405 0.00847951   0.677984  -0.844769   -0.28251   0.594372

