seq: 68
gt_pose: -0.302073   3.26615  -1.66584
odom_pose: 0.364483  3.17577 -1.63333
point 0 0 15.2694 194.506  0.641414  0.798092 -0.630082 -0.312021  0.545736 -0.438906  0.101032 -0.011712  0.247823 -0.240585
point 1 14 212.359  204.65 -0.782583 0.0700752   0.54313  -0.39802  0.956249  0.107576  0.776166  0.473421  0.302501 -0.953687
point 2 17 63.2216 105.481  -0.394041  0.0881083   0.424588  -0.800392 -0.0664744   0.219187   0.881989 -0.0974351  -0.305388     0.7069
point 3 31 148.069 147.415  -0.353464    0.79389 -0.0105021  -0.697579   0.203435  0.0470996   0.256176   0.219461  -0.553588   0.618024
point 4 57 152.429 197.093  0.413287 -0.286979 -0.554086  0.503873  -0.49315  0.405807 -0.978554   0.65181  0.671283  0.185298
point 5 60 572.088  162.54  -0.926175  -0.868842  -0.480617   0.445796   0.207865  -0.844058   0.930325   0.763674  -0.646857 -0.0690011
point 6 68 74.6791 236.612  0.147892  0.352602   -0.8955  0.488487  0.221114 -0.742474 -0.689916 -0.618178  0.511414  0.639863
point 7 70 580.486 181.262  0.871132 -0.702255 -0.362261 0.0873145  0.338004   0.73599 -0.580345  0.336047  0.259446  0.635529
point 8 78 278.191 214.746 -0.877241 -0.773597  0.601464  0.759519  0.984138 0.0606589 -0.409721 -0.671683 -0.284634 -0.129345
point 9 92 335.351 204.033   0.170222   0.789004 -0.0187074   0.936332   0.271255    0.31232    0.99218   0.633348  -0.257344  0.0598778
point 10 109 268.361 225.542  -0.438996   0.897919  -0.834486  -0.379812   0.525516 -0.0605889    0.69611   0.640295  0.0460795   0.296156
point 11 110 92.7409 119.649  0.804021  0.950165 -0.595497 -0.335761 0.0279807  -0.73723  -0.62143  0.609513  0.715839   0.22529
point 12 111 387.291  221.12   0.0314911     1.02653   -0.895335    -0.97122    -0.15293   -0.357832    0.988239 -0.00751712    0.212519    0.400021
point 13 123 261.408 160.759  0.192189 -0.844124 -0.219452  0.332226   0.81175  0.683044  0.261237 -0.242021  0.342759 -0.610994
point 14 156 66.7795 83.0733  0.235087  0.527858 -0.647463  0.392646 -0.824149   1.01061  0.192852  -0.71587 -0.911273 -0.110628
point 15 159 115.325 171.567   0.177012  -0.946343  -0.921016  -0.154667 0.00373153   0.121063    1.02677  -0.364747  -0.388946   -0.77689
point 16 165 190.211 170.085   0.432499   -0.78076   0.436376   0.623656  -0.698236   0.650266  -0.657719   0.811729   0.329906 -0.0178927
point 17 166  407.86 183.807 -0.583841  0.301714 -0.575347 -0.446636 -0.643454  0.248183 -0.685188  0.145848  0.204278 -0.644533
point 18 175 315.894 82.8611 -0.409504  0.516808  0.274235  -0.58873  0.723947  0.728747  0.878496  0.947341  0.587961  0.155868
point 19 176 165.542 167.397  -0.698114   0.855206  -0.158291 -0.0424415    0.37087  -0.397435  -0.947681   0.268832   0.695867  0.0801897
point 20 179 40.1345 192.003 -0.0377804  -0.860749  0.0586194   0.827714   0.666686   0.324591  -0.382068  -0.750127   -0.17291   0.738213
point 21 184 240.687 218.855  -0.238468   0.454987  -0.433451 -0.0103925  -0.589552  -0.271584   0.115565  -0.352201  -0.440118   0.331685
point 22 198 167.079 237.382  0.898085  0.532988 -0.289584 -0.546945  0.983404 -0.802067  0.918069 -0.928553 -0.748709  0.283792
point 23 200 266.181 180.165  -0.427118  -0.770325   0.648623   0.386691   0.270649   0.563523  -0.124707   0.937748   0.992565 -0.0506001
point 24 202 20.9198 115.391 -0.505967 -0.235434  0.201967   0.29372  0.100577  0.809392  0.621955 -0.174292  0.117436 -0.131534
point 25 206 57.9254  157.91  0.671464 0.0749796   0.67252  0.885203 -0.760281 -0.691302  0.726463 -0.266787 -0.902676  0.728689
point 26 216 320.496 194.244   -0.686078   -0.916669    0.879947   -0.776273   -0.547687   -0.847279   -0.356078   -0.232878 0.000764866    0.885647
point 27 217 37.5731 170.461 -0.369492  0.312986 -0.940309  0.233754  0.218431  -1.03525  0.639377 0.0683383  0.093653 -0.745533
point 28 218 495.584 233.668  -0.11862  0.625356  -1.00282  0.788758 -0.843951 -0.623292  0.787283  -0.93288 -0.503487 -0.682951
point 29 245 318.921 186.664 -0.626184 -0.401411  0.437507 -0.726601 -0.523756   0.35681  0.912498 -0.653931   0.22581  0.774151
point 30 251 365.991 219.878 0.000450314   -0.558681    0.219819   -0.852456   -0.467352   -0.103651   -0.503556    0.213944  -0.0847869    0.320373
point 31 259 102.089 209.302   0.23105  0.688264 0.0682531   0.45046  -0.42573  0.036771 -0.763177   0.43518 -0.911989 -0.615745
point 32 262 314.147 179.587 0.0519183  0.351523 -0.299197 -0.517344  0.977189   1.00727 -0.982608 -0.344417  0.391257  -0.35317
point 33 280 10.4045 227.006   -0.28782   0.161194   0.522917  -0.186392  -0.279753   -0.40623   0.829634   0.809445 -0.0969922    0.76124
point 34 286 141.968 189.702 -0.768175 -0.497515 -0.482091 -0.206661 0.0647946  0.348503  0.843133 -0.860631  -1.00177  0.702382
point 35 290 33.4142 177.458 -0.623722  0.821574  -0.72611 -0.476919 -0.690438  0.536793 -0.893469 -0.793726  0.563486 -0.934302
point 36 296 169.322 159.586 -0.0378914   -0.59718  -0.358384    0.29162  -0.203939   0.599794   -0.65646    1.01602  0.0517345  -0.388618
point 37 301  217.74 212.452  0.100009 -0.542435 -0.995072  0.417675 -0.927864 -0.708057 -0.565324  0.532626 -0.694036  0.105904
point 38 303 261.194 171.282   0.118917  -0.771776  -0.599707  -0.968524 -0.0886544   0.554608  -0.398746  -0.130536 -0.0747104  -0.420319
point 39 313 104.351 128.195   0.159691    0.30397   0.162477   0.104508   0.478947   0.738541  -0.378841   -0.63709 -0.0464974    0.42024
point 40 316 69.8956 177.575  -0.625581  -0.766145  -0.918792  -0.470115  -0.460394 -0.0425404  -0.343934  -0.173656  -0.303272  -0.658309
point 41 319 112.833 170.901 -0.981402  0.250787  0.615723 -0.220782 -0.694399  0.130097   0.67773 -0.317832  -1.00254   0.34984
point 42 331 440.492 216.774   -0.34892  -0.262856  -0.269172   0.122194 -0.0649858   0.884035   0.830352  -0.540991   0.756036   0.827361
point 43 352 333.759 206.697  0.533724  0.371388  0.399988 -0.686624  0.563706  0.723297  -0.63619  0.533629  -0.14361  0.866343
point 44 364 269.902 217.342  0.0603519   0.806958   0.658654  -0.597565   0.902299  -0.543325  -0.525444  -0.866247   0.119042 -0.0421034
point 45 367 35.7618 40.8519  -0.732262  -0.904227   0.886579  -0.429695  -0.456014   0.645512  -0.312812 0.00337472  -0.534927  -0.826212
point 46 387 283.422 139.025  0.663546 -0.662283  0.568954  0.961411 -0.710135 -0.222142 0.0482629 -0.958543  0.620795  0.724796
point 47 397 528.074  175.77  0.707446 -0.361526  0.592469  0.243518   0.53819  0.830461  -0.62502  0.596854  0.858376  -0.75368
point 48 398 172.348 226.909 -0.843732  0.911594 -0.703634   0.44504 -0.988299  0.616786  0.719591  0.845174   0.32732 -0.704818
point 49 403 28.7021 222.129  0.163067  0.710895 -0.501688  -0.50655 -0.599785   0.49761  0.949345  0.633458  -1.04391 -0.587013
point 50 425 252.252 239.958  -0.39473 -0.390603  0.421834 -0.464316 -0.607059  -0.68214 -0.109224  -0.89212  0.879825  0.842054
point 51 442 9.90374 235.073 -0.185667  0.629957 -0.726994 -0.366173  0.573318 -0.568342 -0.320453  -0.34283 -0.638803  0.113139
point 52 448 66.9141 206.584   0.89901  -0.39687 -0.845996 -0.646554 -0.264691   0.72976  -0.44184 -0.670086  0.647922 -0.434206
point 53 463 172.111 168.094   0.549298 -0.0524248   -0.33086   0.538262  -0.832649   0.270641   0.962788  -0.771599  -0.761011   0.117628
point 54 469 152.599 167.739 -0.115305 -0.882658   0.96612  0.950691 -0.112486 -0.493609 -0.747722  0.735187  0.205476 -0.883285
point 55 472 320.813 210.141  -0.910594 -0.0578759   0.647294  -0.235507   0.877604  0.0644707   0.662011  -0.719972 -0.0550158  -0.584181
point 56 474 578.302 226.302  -0.135677    0.75179  -0.921036   0.736271  -0.704155  -0.784729  -0.382612    1.00146 -0.0208895  -0.424924
point 57 491 243.509 156.049 -0.792714  0.848083 -0.291635  0.565786 -0.513128 -0.156511  0.566608 -0.332554 -0.266678  0.704481
point 58 503 404.645 204.021   0.326983 -0.0706143   0.751787   -1.01758  -0.205515   0.129292  -0.257026   0.611577    0.96037  -0.998255
point 59 514 372.677 174.078  0.449647 -0.773127 -0.850283 -0.490927 -0.930046 -0.467363  0.622575   0.84398   0.16379  0.144436
point 60 519 147.142 128.907  0.384487  0.437884  0.590246  0.132022   0.75393 -0.787547 -0.868416  0.899883 -0.379538  0.432952
point 61 541 348.26 230.86  0.411976 -0.778657  0.882075  -0.25808 -0.680766  0.740414  0.823198 -0.564194  -1.01015  0.239362
point 62 543 459.565 217.374  -0.316095  -0.713101    0.56281   0.669413   0.277345 -0.0243706   0.851912   0.189546   0.653345  -0.819493
point 63 552 601.947 140.035  0.889647 -0.171843   0.84531 -0.107851  0.377913 0.0914804   0.78659  0.758062 -0.412896 -0.574952
point 64 555 433.739 231.864   0.320384   0.325151   0.298611  -0.949203 -0.0727804  -0.483702  0.0225033  -0.211521   0.734157  -0.321961
point 65 568 286.402 219.097 -0.967752 -0.676652   1.00585 -0.645744  0.409584  0.576472  -1.01214 -0.857507 -0.724144   0.12455
point 66 573 113.254 153.845  0.878268 -0.242998  0.214857 -0.507507 -0.322824  0.020593 -0.657593 -0.980873  -0.27088  0.650086
point 67 577 419.308 232.212  0.298065  -0.94825  0.499395  0.702557 -0.780449  -0.46681  0.731451   0.66551 -0.456316  0.553565
point 68 607 363.742 237.469   0.90033  0.413352 -0.324367  0.130576 -0.381146 -0.437029 -0.402561  0.234222  0.913571  0.738818
point 69 610 365.772 132.364 -0.156203 -0.211899  0.752687  0.624596  0.445495  0.470869  0.628301 -0.646204  0.148666 -0.484109
point 70 617 254.081 126.943 0.00252045  -0.819453    0.29206   0.125733   -0.58489  -0.964298   -0.18749   0.266015  -0.827753  -0.655711
point 71 623 517.255 170.048  0.542568 -0.561266  0.579752 -0.458329 -0.210983  0.454577  0.458365 -0.200081 -0.821283 -0.385732
point 72 629  135.39 190.717 -0.400193  0.731524  0.667117 -0.913033   0.91528 -0.306595  0.972887 -0.693036  0.175623 -0.786287
point 73 644 306.465 97.6144  -0.524575  -0.109726   -0.59764 -0.0369225  -0.135602  -0.810707    0.82329  -0.910782   0.848539   0.445681
point 74 650 625.604 218.472  0.788668  0.247318  0.687245 -0.520359  0.963763 -0.197381  0.866137 -0.786339 -0.183541 -0.870816
point 75 661 243.168 169.775  0.277893 -0.552817  0.427921  0.354175  0.131052  0.150085 -0.939581 -0.698839   0.26821  0.432055
point 76 667 92.7086  158.02  -0.93292 -0.625772 -0.264603 -0.561699  0.736182 -0.770351 -0.461475  0.747942  0.565019  0.363659
point 77 681 51.027 201.84  -0.28014  0.546887  0.203982  0.437294 -0.709733  0.130431  -0.81212  0.412728 -0.141897 -0.816919
point 78 689 637.593 27.6466   0.907943  -0.440898  -0.528866 -0.0253089   0.747957   0.180696  -0.798556  -0.236464   0.939922   0.857875
point 79 691 333.004 194.329  0.589263  0.980998  0.205023 -0.205708 -0.946495    0.1119  0.343956  -0.45682 -0.937492  0.031887
point 80 697 109.892 207.135  0.128375 -0.730366 -0.458966  0.970544  0.479413  -0.72939 -0.241093 -0.126106 -0.226859 -0.849927
point 81 709 128.922  218.15  0.944835 -0.924777 -0.944349 -0.954999   0.49694  0.819757  0.788563  0.518915   0.17937 -0.482505
point 82 719 493.467 171.567 -0.741688 -0.368222  0.749984  0.665382 -0.598129  0.638238   0.39149 -0.511472 -0.619642  -1.02284
point 83 726 465.725 119.026  0.964638  0.481711  0.493347  -0.70898  0.311607  0.608524 -0.815923  -0.86413 -0.931735 -0.876422
point 84 727 582.319 220.445   0.113142  -0.906873   0.582126   -0.58686  -0.275234   0.867524  -0.391627 -0.0451476   0.912703   0.933344
point 85 735 533.591 231.165 -0.912017 -0.462554 -0.176934 -0.599568 -0.322381  0.466157 -0.284659 -0.770169 -0.301604  0.882816
point 86 750 439.043  236.03 -0.422427 -0.471748  0.467953  0.228434  0.238972  0.597367  -0.64141  0.802728   0.70655 -0.176674
point 87 752 237.404 152.538  0.788779  0.830712 -0.541293 -0.185924 -0.149778  0.102519  0.325995 -0.595371 -0.643133 -0.418153
point 88 771 18.6818 222.352  0.250638 -0.442334  0.757024   1.00197 -0.611032  0.869956   0.71962 -0.244736 -0.416115 -0.589393
point 89 776 279.724  166.85   0.883922 -0.0845868  -0.164462  -0.556038    0.62999  -0.870608   0.364884   -0.41061   0.785774  -0.819363
point 90 777 164.848 195.648  -0.635352   0.657675   -0.26357  -0.451626   0.568874  -0.272177   -0.32597   0.578716 -0.0467894   0.130355
point 91 794 253.554 213.061   -0.397393    0.410526   -0.357216   -0.601747 -0.00139799    0.700762    0.466303    -0.53288      0.1357    0.447368
point 92 797 237.476 201.212  -0.764792  -0.654375   0.752783  0.0687892   -0.16389    -0.5209 -0.0280811   0.513686  -0.101077  -0.338307
point 93 815 154.713 160.557 0.0829479 -0.185273   1.00217  -0.34366  0.706493  0.563919 -0.379314 -0.589701  0.814322  0.917006
point 94 820 437.222 193.986 -0.681926 0.0150726  0.674302 -0.429299    0.4717 -0.307486 -0.318446  -0.39485  0.309896 -0.120327
point 95 841 262.856 179.966   0.18262  0.899899  -0.86981  0.929434 -0.334157  0.126502 -0.303176 -0.174106  0.186089  0.537944
point 96 843 186.105 129.476  -0.472584  -0.193044 -0.0664695   0.491613   0.131062  -0.963928   0.405011   0.173963    0.93114   0.997196
point 97 848 452.981 208.476  -0.41137  -0.18883 -0.835042  0.897395  0.887557   0.55598  0.110637  0.274127  0.764968  0.218592
point 98 862 304.321  210.41  -0.788946  -0.312576  -0.688843  -0.199838   0.599381  -0.474011 -0.0988202   0.394004  -0.946632  0.0605055
point 99 867 59.6658 203.417    1.02886   0.120845   0.130592   0.610565  -0.449905 -0.0440295  -0.705995  -0.401496   0.647457  -0.098942
point 100 876  302.15 123.108  0.474779 -0.675802    0.9366 -0.180096 0.0180986 -0.969379   -1.0022   0.33496  0.850086  0.256307
point 101 880 291.577 169.324  -0.56908 -0.475251 -0.242614  0.678769  0.563243 -0.274091 -0.325574   0.55349  0.851227  0.611855
point 102 881 134.457 74.7804  0.335912  0.639451   0.44733   0.62287  0.370517 -0.820778  0.161901 -0.793808 -0.404034 -0.563943
point 103 882 140.891 206.247 -0.464578  0.972495 -0.571594  0.567085    0.4709 -0.252331 -0.892336 -0.791164 -0.556162   0.57498
point 104 883 306.847 202.478  -0.214564  -0.252897  -0.672887   0.956357   0.241527   0.606855   0.584581   -0.28817    0.22908 -0.0413315
point 105 908  311.22 147.419 -0.934268  -0.93932  0.923027 -0.667962  -0.65717   1.00474  0.554695 -0.850912 -0.616288  0.284714
point 106 916 453.636 186.694  -0.349838   0.232941   0.235137  -0.397481   -0.65834   -0.45869   0.676239   0.295989   0.887271 -0.0376337
point 107 927 143.973 161.492 -0.0039901   0.837348   0.593644   0.411165   -0.87598    0.41883 -0.0289136  -0.413067   0.765581   0.879659
point 108 929 145.005 98.0618 -0.840397 -0.262748 -0.267309  0.250201  0.240681  0.693618 0.0830995 -0.170731 0.0763201  0.198155
point 109 942 245.417 222.755  -0.76375 -0.272271  0.675516 -0.537483  0.213874 -0.181888 -0.651273 -0.910414   0.98123  0.430214
point 110 944 337.449 167.385   0.503792  -0.514114  -0.261674  -0.523807    0.65207 -0.0722945   0.158174    0.31762   0.454194  -0.634045
point 111 957 578.452 178.432 -0.485629  0.952636   -0.2431 -0.844232  0.340228   0.90502  0.421361   0.54908 -0.367521 -0.112273
point 112 958 357.067 153.457 -0.415903 -0.914108 -0.788982 -0.172243 0.0318758 -0.294181 -0.170462 -0.267792  0.486978 -0.939025
point 113 959 636.073 238.328  0.666784   0.45177  0.383883 -0.407606   0.84296  0.903102 -0.385345 -0.405252   0.96037  0.852735
point 114 962 363.009 207.764  -0.23741 -0.237688  0.839605 -0.779771  -0.78245  -0.10469 -0.497777 -0.539843 -0.073363 -0.180654
point 115 963 16.9902 178.004 0.0108529  -0.81999 -0.404987  0.414004 -0.907403  0.270473  0.936866 -0.961236 -0.162412  0.475652
point 116 971 87.9962 197.505   0.663819 -0.0111139   0.269443  -0.654187    1.02212  -0.104868   0.357961    0.96017   0.825888  -0.133791
point 117 974 406.442 234.121 -0.489441  0.710873 -0.767623 -0.907417   0.50135 -0.494153 -0.434706  0.507788  0.508158 -0.379682
point 118 978  358.56 210.835  0.803449  0.653913  0.256192  0.922693 -0.784935   0.40147  0.163643  0.407309 -0.564228  0.392101
point 119 991 571.339 236.319  -0.127111 -0.0512172  -0.801472   -1.01976    1.01436  -0.406824   0.312741   0.450413 -0.0608841  -0.773264

