seq: 30
gt_pose: 3.64911 3.17737 1.72987
odom_pose: 4.02753 2.98008 1.62915
point 0 15 429.247 139.147  0.786125  0.614143  0.917398  0.519423  0.786985  0.931311  0.356106 0.0327752 -0.697133  0.658104
point 1 22 598.282 193.042   0.40829   -0.7537  0.362687 -0.244484  0.544443  0.840217  0.880452  0.718361 -0.590857  0.565412
point 2 37 73.3789 180.405  -1.03924 -0.965185 -0.373203 -0.439951  0.344398  0.736597 -0.608224 -0.280616  0.343775  0.755797
point 3 39 79.9332 67.9384  -0.492208   0.851828   0.102732   0.816925 -0.0307092   0.135235   0.842463   0.552114   0.646633    0.17813
point 4 53  245.59 55.7498   0.77959  0.271918 -0.273887 -0.857645  0.549749  0.595705  0.443559  0.378097  0.841945 -0.375941
point 5 61 495.063 53.7612  0.199577  0.515005   0.45903  0.853815 -0.778202  0.530523  0.873028 -0.788596 -0.408294 -0.482107
point 6 76 144.543 166.392  0.380033 -0.155998 -0.625086  0.682039 -0.657027  0.365702 -0.366132 -0.257851  0.086257    -0.131
point 7 77 212.532 213.459  0.0691711   -1.01618  -0.479616  -0.636699   0.350892 -0.0624426  -0.508196   0.266458  -0.548074  -0.298696
point 8 83 549.512 172.418  0.650316  0.942757 0.0123346 -0.960506 -0.658865 -0.451895  0.290314 -0.481432  0.529527 -0.899817
point 9 89 330.614 216.872  0.560511 -0.608296 -0.338987 -0.309991  0.270271 -0.641783 -0.522562 -0.920225 -0.731804 -0.203061
point 10 103 199.423 213.657  0.467544   0.12358  0.464645 -0.138088  -0.29115   0.11429  0.649131  -0.83709  0.415321 -0.527504
point 11 106 369.297 230.053  -0.228727    0.94561  0.0536122 -0.0962073   0.482241   0.161277  -0.134061  -0.939737   0.544427 -0.0782563
point 12 130 416.951 152.399  0.794598   0.24144 0.0347756  0.963919   0.44967  -0.32486  0.977985 -0.917067 -0.428019 -0.574978
point 13 135 475.125 196.333 0.490368 0.485445 0.496708 0.343483 0.275668  1.02408 0.579778 0.372409 0.377159 0.735435
point 14 136 478.514 171.341 -0.370908 0.0985352  0.652291  -1.01093  0.402346  -0.67156  0.143418 -0.166056 -0.734351 -0.166817
point 15 157 396.341  235.95 0.0180494   0.13019  0.602278  0.463407 -0.721028 -0.996754  0.244129  0.589536 -0.714444  0.487349
point 16 161 474.144 72.9675   0.441809   0.897921 -0.0428391  -0.460818   -0.44836  -0.830013   -0.45482  -0.312292  0.0323196   0.660588
point 17 180 331.617 172.747 -0.167604 -0.550337 -0.651864 -0.708903  0.129405 -0.980044 -0.124257 -0.156143 -0.165611 -0.251985
point 18 189 92.4238 223.562   0.922803 -0.0901306  -0.916543  -0.861235  -0.108458    0.86204   0.708795  -0.407417  -0.348662   0.133653
point 19 190 327.319  231.29  0.340684  0.669528 -0.101535  0.769229  0.490806  0.495467 0.0518263 -0.850214  0.384397 -0.470173
point 20 191 366.962 218.782  -0.877597  -0.803536  -0.838229   0.743753 -0.0305351  -0.933105  -0.331378  0.0644206  -0.839154   0.624223
point 21 193 75.9738 209.558   0.97247 -0.789149   1.00995  0.776881  0.525886 -0.944368  0.983444  0.595195  0.873209 -0.047025
point 22 208 9.73084  195.92  -0.934822  -0.252444  -0.846725 -0.0889943  -0.307571    0.81322   0.886033  -0.622274   0.704214  -0.808685
point 23 226 30.6368 86.2283 -0.0497354   0.499108   0.562534   0.594374   0.902892   0.438139  -0.905933  -0.830236 -0.0301232    0.47704
point 24 229 182.788 189.786  0.929905 0.0519622  0.247709 -0.687144  0.971632  0.106579  0.508069  -0.39765  0.139923 0.0779163
point 25 239 318.306 201.401 -0.392473 -0.869274 -0.803611    0.2178  0.607128  0.165117  0.209997  0.268931  0.143635 -0.567301
point 26 241 605.964 180.757  0.230655  0.157321   0.59007  0.104834  0.670204 -0.816311  0.212449  0.858627  0.310569 -0.186783
point 27 243 570.825 172.999   0.947353   0.539409   0.807057   0.816172   0.947726   0.111184 -0.0128007   0.538941   -0.79893   -0.32245
point 28 275 211.382 162.038   0.887094 -0.0261988   0.491256  -0.754088 -0.0015574   0.112283  -0.318863   0.375481  -0.538751   -0.14819
point 29 293 2.24744 170.582 -0.959382  0.658384 -0.536021  -0.76922 -0.738459  0.687516  0.977699 -0.396866  0.787071  0.513017
point 30 310 396.141 142.798  0.617988  0.157513  -0.63823 -0.768868  0.695322 -0.203496 -0.846026 -0.337252  0.784347 -0.622467
point 31 320 226.666 224.197  -0.116853   0.681327   0.961245 -0.0452554   0.587617   0.201155 -0.0116457  0.0347947    0.23085   0.280594
point 32 324 321.641 193.888 0.0635624  0.355406 -0.719022 -0.468942  0.596414 0.0114581  0.426265  0.120102   0.25849  0.358322
point 33 332 36.0351 206.859  -0.328376  -0.208119 -0.0699991      0.367   0.772979    0.87849   0.741649 -0.0310554  -0.809812  -0.499096
point 34 343 623.982 144.997 -0.0648611  -0.935675  -0.356818   -0.85679  -0.161986  -0.128099   0.251538  -0.900964   0.618389  -0.472606
point 35 349 520.255 170.192  0.675041 -0.291458  0.673301 -0.915408  -0.81415  0.106242  0.507479 -0.465351 -0.337859 -0.580021
point 36 366 572.969 163.515  0.408222  0.805897  0.245569 -0.786981 0.0853517 -0.652807 -0.938298 -0.303853 -0.316412  0.996525
point 37 379 525.849 141.252  0.197177 -0.544139  0.140504 0.0579252  0.631372 -0.291502 0.0675015  -0.27824  0.132876  0.266861
point 38 392 454.919 233.602  0.905099 -0.113233 -0.364845   0.29666  -0.99306  0.888619 -0.697649  0.228691 -0.688384  0.603678
point 39 393 233.371  217.98    0.602262   0.0707171   -0.311384    0.330671    0.939336  -0.0906455   -0.639228   0.0939559    0.728598 -0.00471889
point 40 402 136.509 216.054  0.345074 -0.294307 0.0214929   0.98951  0.503295 0.0633602 -0.131208  0.460784   1.00833 -0.342443
point 41 404 118.883 169.526 -0.0778773  -0.894483   0.179769  -0.368318  -0.154854   -0.48502   0.279015   0.798496  -0.500963  -0.251361
point 42 411 410.589 228.366   0.463694   0.949446    0.85367   0.988429   0.412908  -0.537791   0.872136  -0.311313  -0.794909 -0.0108917
point 43 438 262.988 194.958 -0.662349  0.839804 -0.696253  0.977128  -0.29275  0.732692  0.809668   0.92526  0.360001   1.02373
point 44 440 351.603  166.05 -0.835976 -0.929963  0.110639  0.898407 -0.545324  0.389942  0.684549 -0.184679   0.39058 -0.517314
point 45 449 414.331 113.828 0.00882912  -0.343713    0.82518  -0.547369 -0.0632544  -0.580613   0.572651 -0.0438888  -0.326899  -0.193224
point 46 450 211.187  161.63  0.389719  0.194414  0.664506 -0.615117  0.982325  0.552652 0.0364642 -0.815823  0.857754  0.676891
point 47 453 70.1463 235.685   -0.38657   0.329282 -0.0416774  0.0373416   0.341531  -0.586274  -0.876682   -0.21483   0.598578   0.305913
point 48 458 248.889   187.1  -0.78011  0.212357 -0.758593  0.315769  0.577874  0.398734  0.745327  0.107373  0.915701 -0.552109
point 49 464 230.554 234.034 -0.0402097  -0.935671 -0.0245186   0.131836  -0.472592   0.164148   0.440708   0.454188  -0.630144   0.170501
point 50 478 56.9893 196.923  0.198235 -0.665909  0.512906  0.820576 -0.444599 -0.423193  0.183853  0.149339 -0.449928  0.885077
point 51 480 30.3913 221.213  0.217633 -0.930405 -0.871864 -0.245591  0.446519  0.269354 0.0690184 -0.118435 0.0364876  0.706508
point 52 487 414.654 157.789  -0.786495   0.979041  -0.721849  -0.867426 0.00112697   0.589156   -0.32996  -0.949418   0.338589  -0.241495
point 53 505 241.123 191.425  -0.672287  -0.248262    0.17559   0.280315  -0.845846  -0.505684  -0.884884   0.866213  -0.444124 -0.0489791
point 54 515 566.432 192.358 -0.0917554  -0.585863   -0.11126  -0.422068   0.581176   0.468217  -0.079556    0.23353   -0.61213   0.328556
point 55 516 421.662 211.091   0.184105  -0.577865  -0.808345    -0.8594  -0.141056   0.633031  -0.649476 -0.0534307  -0.819803  -0.525091
point 56 517 394.569 176.151   -0.414508 -0.00280169   -0.865307    -0.52161    0.375267   0.0930657  -0.0576615   -0.752523    0.663417   -0.479242
point 57 520 147.745 161.635 -0.246863 -0.896795  0.380171  0.394143  0.901672  0.366128  0.392364  0.173699  0.305803 -0.144994
point 58 521 568.825 117.377  -0.781918  -0.327724   0.635448   0.145211   -0.21269 -0.0219486  -0.350982  -0.629087  -0.844185  -0.676917
point 59 534 79.6468  207.74   0.295815   0.401702  -0.264596  -0.940874 -0.0825008   -0.14337   0.446633   -0.32194  -0.218804  0.0851774
point 60 549 553.507 233.023  0.804891 -0.369958  0.865419  0.926543 -0.132546  0.252752 0.0559795  0.521348  0.346887  0.748087
point 61 561 84.9032 223.724  -0.86487 -0.278637  0.812075 -0.146267 -0.965167 -0.715797 -0.134109 -0.977882 -0.377512  0.732217
point 62 569 337.401 204.392 0.0266904 -0.738148  0.351679  0.187165 -0.168808  0.433106  0.397442 -0.519662  0.906365 -0.426047
point 63 579 589.825 165.343 -0.802165 -0.149995  -0.85665 -0.023198   1.01771   0.53884 0.0222538  0.515999  0.229968  0.252934
point 64 586 593.414 163.623  0.0510066   -0.95972   0.717229   0.251029  -0.272242  -0.133561  -0.716752  0.0818851 -0.0703101   0.698972
point 65 592  466.38 189.791    0.8197  0.940531  0.644015  0.349052 -0.869963 -0.857039  0.364517  0.825344  0.594609 -0.659303
point 66 616 70.4015 225.473   0.831278   0.582888   0.536484    0.40335   -1.03258 -0.0404991 0.00379734  -0.644857   0.271472   0.019006
point 67 627 312.173 80.0095 0.0850071  0.911282 -0.646121 -0.495816 -0.810966  0.309866 -0.827188 0.0692494  0.303567  0.661708
point 68 628  377.88 205.985 -0.642035 -0.196627  0.127539 -0.394069  -0.25417  0.857433  0.603084  -0.38543  0.515397  0.836633
point 69 669 95.3978  232.65  0.446742  0.634507 -0.722646 -0.438412  0.221939 -0.661011 -0.103902  0.910444 -0.209655 -0.285567
point 70 678 264.319 154.877 -0.846229 -0.913822 -0.386487  -0.42335 0.0116115 -0.938658 -0.912246  -0.10866  0.274331 -0.366322
point 71 704 389.187 183.817 -0.362274  0.126928  0.353343 -0.148039 -0.480631  0.800581  0.515481 -0.962023 -0.477599  0.702347
point 72 712 553.625 236.723 -0.0120617  -0.670483   0.453783   0.752159  -0.578448  -0.498289  -0.702791  -0.161562   0.764659  -0.156406
point 73 714 476.761 167.735  0.731617  0.394654  0.819883  0.445005 -0.539567 -0.290236  0.807334  0.904388 -0.540859  -0.83227
point 74 717 525.058 32.0138  0.940482  0.688559 -0.869783 -0.269113 -0.347036 -0.684716 -0.636838  0.746428 -0.431757  0.647154
point 75 723 445.849 237.229   0.133167  -0.892926 -0.0479811   0.158901  -0.408897  -0.370374  -0.354276   0.758921   0.160295  -0.627219
point 76 756 40.2098 194.268 -0.710628  0.227198 -0.763464   0.10893 -0.155377  0.225068 -0.409558  0.516017  0.244576  0.814098
point 77 759 565.238 155.873  0.0966847   0.597718  -0.860586  -0.839417 0.00192483   0.441719   0.874021   0.306382   0.390686  -0.353421
point 78 780 206.874  239.42  -1.03482 -0.208839  -0.35084  0.114774  0.941091  0.533919  0.471363 -0.785104  0.252945   0.91706
point 79 785 535.523 173.278 -0.0588948 -0.0854195  -0.506387   0.559528  -0.908838  -0.571593  -0.911241   0.696468    -0.6644   0.983597
point 80 831 487.953 234.982  -0.076265   0.412564   0.677058   0.107966   0.381565  -0.901685 -0.0229951   0.536655  -0.665814 -0.0513236
point 81 847 101.714 191.926  0.107241  0.520812  0.356081  0.961076 -0.791975 -0.721205 -0.305619 -0.864457 -0.817766  0.157578
point 82 868 388.216 185.594   0.664247  -0.416264  -0.831114 -0.0646444  -0.621129  -0.358001   0.841472  -0.842431  0.0200557   0.548133
point 83 872 470.486 140.713   0.43181  0.855514 0.0954109  0.524831 -0.476928  0.785509 -0.436086 -0.250374 -0.838252 -0.891236
point 84 877 174.472 164.851 -0.679441   0.82857  0.775501 -0.995465 -0.122166 -0.941234  0.881893 -0.615633  0.399412  0.410479
point 85 897 285.595 184.909  0.250244   0.90065  0.969306   0.57246  0.186452 -0.855699 -0.130024 -0.248433 -0.913513  0.231169
point 86 909 73.2787 204.368 -0.287137 -0.667106 -0.194825 -0.429009 0.0720756 0.0695203 -0.406636  0.175872 -0.384961 -0.151317
point 87 932 537.002 188.235  -0.122974  0.0248841   0.804124 -0.0726221  -0.147645   0.679259 -0.0799207  -0.965541  -0.226566   0.539048
point 88 947 272.863 172.549 -0.342641 -0.952992  0.823228 -0.535971 -0.499072  0.904298  0.586549 -0.776637 -0.852425  0.704939
point 89 953 159.102 156.323  0.0285638   0.534803   0.722165  -0.636819 -0.0955681 -0.0560059  -0.489441   0.783624  -0.719813   0.800949
point 90 964  485.47 193.605   0.92391  -0.29739  0.178194 -0.278383 -0.845313 -0.977809  0.479086  -0.94944  -0.73687    0.6421
point 91 972  208.73 139.689 -0.723842 -0.554142  0.951486 0.0192175  -1.03191 -0.587167 -0.773828 -0.334955 -0.707024  0.738638
point 92 982 563.117 216.732  0.521324 -0.368991  0.946806 -0.118497  0.250029  0.529424  0.631205 -0.184066  0.987375  0.154751
point 93 984 254.293 171.455 -0.397558 -0.843841  -0.93983 -0.496796   0.45595  0.542845 0.0624018  0.466384 -0.504747 -0.658889
point 94 992 600.874 168.464  0.405183 -0.726995 -0.194091  0.395657  0.987356 -0.558997  0.099583  0.772234 -0.812904  0.915614
point 95 993 211.684 168.167  -0.247983   0.940676  -0.516037   0.701746 -0.0513095   0.337224  -0.314637   0.191734   0.358254  -0.276976
point 96 995 570.064 200.471 -0.992931  0.767198  0.597611  0.762802  0.946652 -0.596579  0.729447 -0.481952 -0.927414 -0.374988

