seq: 185
gt_pose: -0.742688   2.97868 0.0238903
odom_pose: -0.695485   2.14888 0.0890631
point 0 7 311.673 128.652  -0.163069   0.850184  -0.246117   0.677226    0.40489   0.797036 -0.0503212  -0.530233   0.938096   0.816639
point 1 17 466.857 142.984  -0.422536   0.100612   0.393458  -0.807362  -0.104089   0.234248   0.914621 -0.0489471  -0.367116   0.729718
point 2 21 298.376  177.03  0.530931 -0.423158  -0.32269 -0.611731  0.977292 -0.991622  0.676808 -0.314793 -0.605174 -0.167972
point 3 31 499.177 150.819 -0.400286  0.803682 -0.035552 -0.662207  0.243385 0.0492257  0.261096  0.151017 -0.546839  0.670453
point 4 36 332.326 235.416 -0.213574 -0.322463  0.406968  0.593722   0.32493  -0.72207 -0.945118 -0.827589   0.34284 -0.625489
point 5 37 261.795 223.423  -0.96811 -0.987789 -0.340161 -0.479195  0.270296  0.723037 -0.588792 -0.285706  0.314856  0.775328
point 6 39 113.419 36.9439  -0.493143    0.87447  0.0964301   0.868738 -0.0417154  0.0726082   0.927887   0.642007   0.604373   0.174472
point 7 40 0.651343   158.53  -0.347365   0.759722   0.167019   0.298328   0.469679   0.558854   0.634784  -0.484302   0.212058 -0.0925113
point 8 42 429.216 186.759  0.0695049  -0.791764 -0.0032272  0.0594663  -0.872397   0.655415  -0.233988   0.304802 -0.0874581  -0.685166
point 9 44 380.378 180.077 -0.563626  0.259402  0.845213   0.51622 -0.123482 -0.105218  0.658987  0.855767  0.908196  0.782082
point 10 53 276.359 207.359  0.764607   0.25735 -0.272022 -0.875039  0.570114  0.652705  0.380063  0.395519  0.794548 -0.338183
point 11 56 634.163 205.543  0.315206 0.0519306 -0.997821  0.878225  -0.34056  -0.53909 0.0371586 -0.186986 -0.356693  0.310006
point 12 57 545.814  190.31  0.394286 -0.358447 -0.571838  0.554518 -0.517666  0.367076 -0.963885  0.664171  0.705193   0.16566
point 13 64 436.789 204.919   0.894279   0.572702  -0.777767  -0.920622  0.0407887  -0.236628  -0.577976 -0.0511467  -0.633228   -0.34844
point 14 68  427.72 237.975  0.187116  0.388166 -0.980401   0.56026  0.209086 -0.747004 -0.664267  -0.65663  0.590858  0.715383
point 15 77 251.976   231.5 0.0340521  -1.01436 -0.510043 -0.615852  0.346792 -0.143106 -0.576465  0.319984 -0.569065 -0.300166
point 16 84 546.738 184.612 -0.401756 0.0559348  0.337988  0.871424  0.251427  0.324007 -0.163476  -1.03066   1.03403 -0.305319
point 17 89 258.341 233.723  0.613729 -0.625248 -0.387936 -0.284056   0.29562 -0.614611 -0.540038 -0.933191 -0.700814 -0.205729
point 18 103 20.1579 196.054  0.426877  0.119451  0.463796 -0.109181 -0.274433  0.109341  0.697375 -0.888642  0.363898 -0.600251
point 19 106 227.135 235.644 -0.181748   1.01367 0.0253563 -0.156488  0.476265  0.171689 -0.219674  -1.01021  0.512243 -0.154091
point 20 110 478.763 143.724  0.831299  0.950623 -0.582045 -0.329527  0.074857 -0.714821  -0.61195  0.607577  0.687862  0.260855
point 21 113 379.339 204.198 0.00230872  -0.558263   0.597252  -0.927289   0.481247  -0.312694  -0.897287   0.665341   -0.32613 -0.0256267
point 22 132 410.726 182.293   0.261919  -0.890806  -0.925447 -0.0369709  -0.780621   0.850704  -0.813964   0.247981   0.856295   0.647496
point 23 148 377.583 124.863 -0.136648 -0.233495 -0.182663  0.491267 -0.103227 -0.236842 -0.984299   0.22521   0.96752 -0.630458
point 24 156 450.673 134.952   0.242052   0.571743  -0.724852   0.395678  -0.800169   0.936448   0.156719  -0.736986  -0.888158 -0.0775364
point 25 157 203.326 237.722 -0.034177  0.158884  0.651482  0.490204 -0.723248 -0.945854  0.296199  0.574348  -0.68874  0.495554
point 26 158 305.661 160.819  0.471194  0.389303  0.296406 -0.272206  -0.15825 -0.408111 -0.804296   0.19373  0.993308 -0.650137
point 27 159 491.436 179.843  0.179833 -0.944856 -0.874183 -0.168257 0.0626498  0.120424  0.988923 -0.336581 -0.452047 -0.753272
point 28 165 592.505 138.795   0.428137  -0.821152   0.414268   0.614176  -0.709551   0.585559  -0.645108   0.827602   0.348721 -0.0464501
point 29 169 423.491 191.898  -0.628577   0.477139   0.697593  -0.281837 -0.0841243   0.468009   0.360669   0.488138  -0.662691  -0.529781
point 30 176 533.121 157.594  -0.711409   0.883678  -0.143632 -0.0376946    0.36003  -0.488192  -0.949219   0.300418   0.694078   0.080334
point 31 179 455.165 208.479 0.00861206  -0.846979  0.0567355   0.839909   0.660602   0.402231  -0.298364  -0.809873  -0.219077   0.747865
point 32 180 103.891 164.312 -0.146343 -0.532888 -0.680605 -0.676632  0.139465  -1.03401 -0.170465 -0.160725 -0.127385 -0.204683
point 33 190 90.6839 229.545   0.419095   0.699475 -0.0433008   0.771213   0.447783   0.485841    0.04831  -0.899314   0.331514  -0.464591
point 34 191 127.999 219.215  -0.901943  -0.835778   -0.91735   0.750263 -0.0173589  -0.965932  -0.308688  0.0175293  -0.780265   0.643309
point 35 198 571.394 236.606  0.905505   0.54863 -0.360888 -0.602361   1.02822 -0.746647  0.877956 -0.892262 -0.714017   0.28683
point 36 202 447.861 163.454 -0.517053 -0.214141  0.272876  0.361874  0.143771  0.830916  0.648008 -0.160564 0.0898285 -0.206772
point 37 214 70.2324  183.95  -0.690576  -0.545248  -0.674349  -0.102215   0.235077  -0.106026   0.735945  -0.797225 -0.0411202  -0.411381
point 38 239 60.2543 186.991  -0.46177 -0.930483 -0.842578  0.180946   0.58847  0.205993   0.22399  0.279521  0.226815   -0.5304
point 39 240  388.83 117.891  -0.49936 -0.584849  0.582584  0.816776  0.795745  0.750692 -0.531536 -0.735107  -0.96461  0.645571
point 40 259 497.521  212.94  0.181113  0.669011  0.126014   0.43008 -0.425998  0.071413 -0.750887  0.453827 -0.916474 -0.548986
point 41 264 20.7597 172.246  0.963152 -0.156409 -0.397175 -0.104578  0.257857  0.698556 -0.767638  0.892067 -0.895036 -0.825711
point 42 280 444.467 232.282 -0.263672  0.180494  0.530823 -0.139385 -0.327606 -0.353073  0.801575  0.871386 -0.136555  0.735707
point 43 286  536.46 184.718  -0.78266 -0.487015 -0.426876 -0.263385 0.0549136   0.30345   0.92105 -0.858222 -0.928177  0.675815
point 44 290 456.043 199.169 -0.654554  0.810083 -0.776369 -0.467418 -0.634667  0.495515 -0.929493 -0.785634  0.598217  -1.00025
point 45 296 569.955   135.8 0.0384716 -0.538301 -0.405035  0.275889 -0.198053  0.605289 -0.619034  0.993847 0.0191706 -0.390755
point 46 304 281.463 132.486  0.542324 -0.551207 -0.401208 -0.390361   1.01362 -0.248544  0.698968  0.547687 -0.498394 -0.448952
point 47 313 495.254 141.996   0.134287   0.340493   0.163237  0.0663071   0.452923   0.689662  -0.433115  -0.606589 -0.0469478    0.36625
point 48 315 322.926 216.493 -0.822479 -0.323599 -0.989148  0.137699 -0.406501  0.173025  -0.57831  0.746871 -0.746022  0.926174
point 49 319 502.791 176.592  -1.00183  0.201027  0.578125 -0.216219 -0.715182  0.111673  0.727183 -0.274252 -0.964064  0.385929
point 50 320 182.464 228.651  -0.143824   0.641194   0.965159 0.00917054   0.579647   0.173327 -0.0383874  0.0337421   0.151117   0.263461
point 51 324 83.6842 182.745    0.127053    0.391393   -0.754687   -0.381494    0.626138 -0.00945491    0.421009    0.137794    0.254576    0.388255
point 52 327 599.069 214.917 -0.325463 -0.994121 -0.219928  0.906063  0.266344  0.525637 -0.385076  0.725988 -0.355582  0.790163
point 53 353 388.366 195.877  -0.535731  -0.234249    1.00644  -0.268404  -0.320452   0.302097 -0.0666981    -0.5426  -0.459429   0.124771
point 54 367  448.95 114.165  -0.650913  -0.939286   0.884076  -0.398573   -0.52253   0.636756  -0.382862 -0.0390615  -0.513509  -0.810953
point 55 393 0.923413  201.305   0.53949 0.0931669 -0.272053  0.257371   0.94708 -0.125736 -0.671015  0.124256  0.753381  0.046733
point 56 398 576.054 222.604 -0.788607  0.929095 -0.672539  0.449158  -0.94907  0.611791  0.647575  0.852719  0.288811 -0.732368
point 57 439 45.9561 195.586  0.235924 -0.466152 -0.780196  0.212661  0.333562  0.700688 -0.392175  0.226917 0.0560049 -0.214522
point 58 440 110.815 160.184 -0.881521 -0.947195  0.108438  0.871706 -0.544357  0.374412  0.742741 -0.146908  0.390553 -0.595114
point 59 446 622.434  175.76   0.551842   -0.76675   0.536884   0.878021   -1.02698   0.197191    1.02386   0.451858   0.579989 -0.0273373
point 60 448 470.033  215.39  0.863207  -0.41271 -0.809388 -0.698832 -0.262667  0.731634 -0.400205 -0.762834  0.668407 -0.387632
point 61 450 30.5251  114.54  0.396456  0.209339  0.706851 -0.549904  0.955329  0.508051 0.0194919 -0.889677  0.852862  0.660577
point 62 454 325.728 125.531 -0.937398  0.933342  0.649621  -0.48553  0.600559  0.750433  0.826683 -0.628042  0.477264  0.390854
point 63 458 116.123 182.318  -0.79882  0.206298 -0.772822  0.391049  0.563502  0.413193  0.770795 0.0556707  0.909672 -0.593068
point 64 463 580.727 143.095   0.575634 -0.0598726  -0.296959   0.560071  -0.831477   0.235444   0.908431  -0.761312  -0.790547  0.0675803
point 65 469 544.862 156.565 -0.128789 -0.860393  0.958875  0.969834 -0.142415 -0.424025 -0.817063  0.750906  0.151326 -0.923072
point 66 506  394.06 141.423    0.0131832     0.297065 -0.000869329    -0.573508    -0.961656    -0.643309    -0.737822    -0.549619      0.74434     0.523948
point 67 519 533.305 118.122  0.374769  0.416349  0.519356  0.122552  0.748391 -0.849223 -0.904842  0.930741 -0.355182  0.465628
point 68 532 594.016  192.22 -0.855646  0.367878  0.823737  0.801237  0.676406  0.703093  0.162442 -0.490872  0.913574 -0.504576
point 69 569 80.5515 195.424 0.0252286 -0.725573  0.351935  0.224996 -0.165434  0.476492  0.464589 -0.594593  0.991856 -0.398107
point 70 573  500.99 161.462  0.900596 -0.255539  0.270159 -0.446491 -0.279427 0.0605621  -0.62899 -0.959142 -0.305569  0.579704
point 71 578 324.167 133.803 -0.0346671  -0.180057  -0.270955    0.27763  -0.788421   0.525385  0.0336669  -0.989923  -0.130543   0.144855
point 72 581 305.78 239.64 -0.716802 -0.470894 -0.278477  0.992863 -0.994814 -0.118202 -0.115196 -0.719684  0.899466 -0.121539
point 73 591 374.362 166.923    0.980906   -0.670382    0.571647   0.0570726   -0.404447   -0.267854    0.961929    0.247164 -0.00333479   -0.565421
point 74 599 153.775 28.4212  -0.366181   0.266556   0.664861   0.163437  0.0607726   0.954857  -0.159316 -0.0796347  -0.136211   0.528683
point 75 603 273.762 179.339   1.03864  0.586478  0.676434  0.278041 -0.839091  0.378282 -0.895378  0.834281 -0.581516  0.702369
point 76 627 221.411 163.384 0.0736801  0.928954 -0.664359 -0.533723 -0.765573  0.389689 -0.859324 0.0306401  0.316047  0.608193
point 77 628 174.699 215.449 -0.669286 -0.124173   0.21703 -0.333612 -0.214654  0.882456  0.563255 -0.361158  0.460704  0.823792
point 78 629 529.222 187.866   -0.4554  0.737301   0.69054 -0.922604  0.978638 -0.321839   1.01468 -0.626665  0.228717 -0.752722
point 79 640 56.6103 216.676 0.0523283  0.750705  0.913094  0.461699  0.119168  -0.37588  0.587538 -0.289979 -0.130907 -0.204731
point 80 655 380.009 218.603 -0.107959  0.703519  0.454531 -0.593968  -0.58229 -0.412773 -0.996729  -0.68024  -0.83792  0.819542
point 81 658 367.103 218.084  0.421187  0.112253 -0.104855 -0.276055  0.157063  0.951972   0.66361  0.651613 -0.843314  0.578007
point 82 664 635.722 209.896 -0.426958 -0.865093   0.29597  0.894865 -0.232504 -0.355609 -0.350442   0.40813 -0.160863  0.381927
point 83 667 482.056 173.449 -0.950827 -0.630236 -0.248853 -0.543343  0.771469 -0.695407 -0.470153  0.756329  0.546775  0.398614
point 84 678 85.0418 132.718  -0.837806   -0.91667  -0.393866  -0.407205 0.00295022  -0.955809  -0.906296  -0.161304    0.26145  -0.324342
point 85 709 521.504 217.801  0.903358 -0.900578 -0.990095 -0.968471  0.519964  0.779434  0.736566  0.518029     0.214 -0.456223
point 86 731 627.924 228.891 -0.318702  0.347622  0.390118 -0.816746  -0.67892  0.964246  0.775654  0.835497  0.568291 -0.856331
point 87 777 559.801 184.869   -0.63605   0.662735  -0.288667  -0.451583   0.561479   -0.22441  -0.337192   0.582341 -0.0710785  0.0963928
point 88 804 342.644 216.046  -0.815334  -0.744201  -0.646445    -0.5544    0.57452   0.719795 -0.0731179   0.514203  -0.586108   0.161362
point 89 806  312.97 235.763  0.868283 0.0174912 -0.591816  0.116597 -0.669368 -0.373838  0.369638 -0.383821 0.0402558 -0.136763
point 90 815 549.749 146.346  0.104888  -0.23472  0.993639 -0.346818  0.757089  0.647992 -0.334704 -0.650328   0.80202  0.837326
point 91 843 589.954 82.5281 -0.398593 -0.142966  -0.12064  0.474912  0.139241 -0.979136  0.351882   0.21965  0.939424   1.00582
point 92 853 40.8398 160.887  -0.443358   0.909817  -0.623285 -0.0114946   0.145626  -0.750176  -0.344395  -0.429667  -0.789947  -0.737078
point 93 867 464.955 214.003    0.98159  0.0582899   0.114365   0.550623  -0.486854 -0.0132487  -0.712318  -0.429672   0.691239 -0.0560449
point 94 868 193.121 206.307   0.627893   -0.36655  -0.875334 -0.0242235  -0.669209  -0.353172   0.889246  -0.868249 -0.0149337   0.567849
point 95 878 348.423 230.512 -0.979511 0.0343334 -0.934603  0.074975 0.0174156  0.471024  0.425061 -0.146002 -0.720491 -0.586304
point 96 881 487.535 92.2353  0.341781  0.574076  0.407278  0.612513    0.3452 -0.797779  0.182324 -0.825449  -0.40921 -0.599737
point 97 882 533.601 203.355 -0.453321   0.98738 -0.573575  0.628859  0.443054 -0.246625 -0.891323  -0.76613 -0.523889  0.607717
point 98 885 547.018 168.981   0.873403  -0.682618  -0.157835 -0.0491018   0.510081   0.705384   0.746914   0.879017   0.598535  -0.012687
point 99 886 361.932 190.837 -0.372633 -0.890975 -0.447471 0.0865219  0.336345   1.02131  0.890875  0.895748 -0.682814 -0.890459
point 100 897 43.5464 158.255  0.281486  0.857636   1.00566  0.607181  0.134973 -0.782233 -0.165848  -0.22094 -0.852046  0.307107
point 101 901 76.791 208.14 -0.661025  0.427064 -0.947789  0.846966  0.823195 -0.406142 -0.667009  0.385332 -0.136296 -0.611918
point 102 905 323.076 160.158 -0.983223  0.144338  0.442236 -0.427315  0.677223  0.296567 -0.793897  0.692771 0.0600142  0.187221
point 103 907 51.7658 217.962 -0.700767 -0.942406 -0.913601  0.577634 -0.836868 -0.835162 -0.300349  0.643408 -0.278276 -0.643743
point 104 910 334.631 191.589  -0.961863   0.678235   0.501619 -0.0166839   0.672605   0.501609  0.0916215   0.607869   0.772573   0.321127
point 105 927 522.458 157.734 -0.00457872     0.90459    0.602445    0.426871   -0.847062    0.354516 -0.00563931   -0.349657    0.709749    0.878139
point 106 928 393.359 205.944 -0.148626  0.849642 -0.830301 -0.855002 -0.238526 -0.562011  -0.66901 -0.361678 -0.419725  0.348246
point 107 929 510.173 97.8809 -0.806631 -0.333391 -0.226804  0.256684  0.230965   0.71926  0.106388  -0.21939 0.0663589   0.17088
point 108 947 52.5436 142.872 -0.352663  -0.98258  0.781467 -0.608735 -0.580072  0.954637  0.619925 -0.735445 -0.834408  0.739133
point 109 963 446.752  202.36 -0.00628187   -0.822208   -0.358344     0.37656   -0.908813    0.273882    0.965124   -0.963665   -0.230853    0.500086
point 110 968 253.232 98.8696   0.110924   -0.43019   0.107567 -0.0474688   0.982243  -0.238251  -0.740084 -0.0206254   -0.65153  -0.958626
point 111 971 483.383 205.573   0.730385  0.0229045   0.294901   -0.73773    1.03203 -0.0623846   0.301005   0.951748   0.769605  -0.135551
point 112 972 96.8677 117.781 -0.657917 -0.576228  0.930398 0.0124946  -1.02457 -0.559693 -0.768654 -0.259466  -0.69914  0.692896
point 113 979  403.72 110.993 0.0471831  0.460219 -0.156016  0.435823  0.168518   0.35126 -0.552555 -0.158558  0.591427 -0.244606
point 114 989 397.355 237.531 -0.726674  0.268028  0.501724 -0.567177 -0.107858  -0.54862 -0.153665  0.481788  0.577586 -0.466054
point 115 997 282.76  229.5     1.00592   -0.905326 -0.00675573    0.797014   -0.421555  -0.0408506    0.649716   -0.824894   -0.196066    0.589794

