seq: 163
gt_pose:  -5.05146   3.55063 0.0628489
odom_pose: -4.94386  2.41205 0.133284
point 0 58 360.386 224.744  0.720966 -0.502023 -0.511319 -0.874902 0.0105735  0.753723  0.235041 0.0217945  0.635945  0.940293
point 1 63 356.179 203.822  0.157632 -0.762451 -0.875138 -0.203364  -0.74835  0.327284 -0.756463  0.803286  0.144217  -0.61686
point 2 76 206.602 175.062   0.469493  -0.163056  -0.654763   0.634053  -0.653377   0.382627  -0.391039  -0.317958  0.0319072 -0.0602905
point 3 78 520.019 216.593  -0.945355  -0.769516   0.591496   0.737962   0.943758  0.0471169  -0.427405  -0.607037  -0.267182 -0.0747009
point 4 88 438.401  234.07 -0.237333  0.024643  0.363097 -0.946604  0.311745  0.241593  0.362314 0.0164692  0.785281 -0.512923
point 5 92 555.605 199.814   0.16072  0.742118 0.0103544  0.939535  0.305855  0.256884  0.951189  0.607005 -0.215158 0.0291722
point 6 93 451.458 101.258  0.713212 0.0766442  0.158529 -0.793131  0.940928 -0.342066  0.115164 -0.920049  0.567508  0.061974
point 7 101 231.911 116.225  0.626005 -0.163961  0.382477 -0.693828 -0.224667  0.837043  -0.35128 0.0557475 -0.934477  0.863289
point 8 109 464.769 230.979  -0.481473   0.909158  -0.873901  -0.390168   0.467354 -0.0506326    0.76445   0.609405 -0.0224255   0.269277
point 9 111 442.091 230.661   0.112669   0.982715  -0.923668  -0.951685  -0.181827  -0.310743   0.994902 0.00357015   0.216864   0.436476
point 10 145 74.519  237.6  0.608065  0.495144 -0.927541  0.586455  0.340327  0.733089  0.513763 -0.216549  0.706224  0.556028
point 11 166 520.411 188.319 -0.644172  0.331968 -0.588381 -0.501378 -0.710832  0.293327 -0.688666 0.0744197  0.136505 -0.611534
point 12 175 423.151 178.133 -0.371795  0.535028  0.261479 -0.572134  0.731774  0.709198   0.93097  0.955126  0.581879 0.0830271
point 13 181 247.774 185.505   0.747814   0.559607  -0.157095  -0.168043 -0.0947021   0.795494 -0.0017413   0.938413   0.661657  -0.302165
point 14 186 387.641 148.365  -0.393484  -0.432432   0.353119   0.455664   0.888885  -0.975946 -0.0725925  -0.519781  0.0659167   0.355084
point 15 189 186.486 222.073   0.919827 -0.0255011   -1.00192  -0.839244  -0.105385   0.870426   0.656454   -0.38286  -0.411934   0.179504
point 16 192 81.2569 165.527   0.441663  0.0560879   0.445202   0.310398  -0.792531 -0.0867409 -0.0680258  0.0766685  -0.358085  -0.584313
point 17 208 99.4233 154.434 -0.916662 -0.284307  -0.90755 -0.113332 -0.289072  0.852257  0.934287 -0.592173  0.707022 -0.815677
point 18 209 240.958 227.985 -0.221081  0.165349 -0.353709  0.376118 -0.913203 -0.274346  0.604014 -0.909854 -0.309836 -0.646802
point 19 216 530.094 195.207 -0.646572 -0.912794  0.893284 -0.769071 -0.555316 -0.849949  -0.30637 -0.228769 0.0235785  0.816639
point 20 226 282.608 175.284 0.00690752    0.46963   0.564007    0.58755   0.972836     0.5308  -0.984705  -0.828938  -0.043343   0.413447
point 21 233  380.58 230.723 -0.197766 -0.482909  0.178173  0.275195  0.291496 -0.154184 -0.975567  0.176734 -0.843622   0.38695
point 22 242 637.848 164.018  -0.83742 0.0307407  0.146033  0.486598 -0.376312  0.667748  0.836379 -0.784917  0.448754  0.617301
point 23 245 500.645 196.379 -0.619896   -0.4077  0.477232 -0.730083 -0.487296  0.433484  0.842265 -0.641378   0.18396  0.826886
point 24 251 436.798 230.611 0.0581029 -0.552564  0.164173 -0.812034 -0.387105  -0.10188 -0.486791  0.270751 -0.154824  0.343415
point 25 262 523.513 183.007 0.0643665  0.303897 -0.350482 -0.524387  0.910588  0.990327 -0.916771 -0.332662  0.358363 -0.410346
point 26 277 592.175 180.741 -0.551725 -0.845779  0.298232 -0.858783 -0.947318  0.156243  0.175061  0.531462  0.436333 -0.906076
point 27 285 197.352 111.667 -0.507101 -0.146063  -0.49645  0.961653  0.937737  0.805141  0.323506   0.63426 -0.391131  0.443609
point 28 303 407.029 218.922     0.12276   -0.762397   -0.541084   -0.942696  -0.0600515    0.491147   -0.475572  -0.0843352 -0.00255812   -0.427301
point 29 307 341.075 201.159   0.157948   0.966533   -0.22342   0.604336   0.661182   0.849282 -0.0831018    -0.4546  -0.907837   0.468931
point 30 321 257.583 160.866   0.101947  -0.673336 -0.0561605  -0.991773   0.996528  0.0126981   0.310517   0.567012   0.757255   0.540489
point 31 322 218.943 111.442 -0.276012 -0.156353  0.439532 -0.763285  0.972255 -0.596385  0.897847   0.96646  0.333547  0.460201
point 32 333 95.6839 199.673  -0.845315   0.442111   0.197385   0.188199  -0.752593   0.725701    0.98138 -0.0735885 -0.0337429 -0.0995264
point 33 337 85.3036 213.463 -0.155407 -0.261164   0.31946 -0.431233 -0.425274  0.543767 -0.206186  0.333107  0.732923  0.352841
point 34 344 5.48737 222.541 -0.504769 -0.247052   0.10659 -0.712675  0.891188   0.76353 -0.385294 -0.409883  0.643663 -0.071884
point 35 346  323.03 167.907    -0.574261     0.906855 -0.000978346    -0.816574    -0.139811     0.487364   -0.0640869     0.955893     0.812872    -0.203213
point 36 352 513.996 210.363  0.562692  0.399225  0.400246 -0.766564  0.565075  0.701779 -0.613016  0.533971 -0.107424  0.864945
point 37 359 588.503 165.921  -0.095387  -0.208768   0.641198  -0.510072   0.656719 -0.0125992   0.185641   0.155746  -0.573007  -0.245031
point 38 387 425.664 198.752  0.733335 -0.724065  0.542343   0.96957 -0.757168 -0.209138 0.0940334 -0.940156   0.67135  0.675205
point 39 402 223.692 221.494   0.324869  -0.270004  -0.025968   0.946468   0.484896  0.0732497 -0.0608602   0.445166   0.943412  -0.310258
point 40 404 188.101 166.555 -0.0696381  -0.939821   0.197375  -0.407157  -0.190693  -0.490742   0.339283   0.810727  -0.482377  -0.169592
point 41 405 324.639 165.077  -0.12205 -0.925167  0.840723  0.640336 -0.173377 0.0810825  0.332723  0.315507  0.492224  0.724727
point 42 406 252.833  189.48 -0.142587  0.871227 -0.676663 -0.555621 -0.875801  0.247787 -0.409061  0.305143  0.870987  0.332819
point 43 453 119.765 232.978  -0.351466   0.388728 -0.0889514   0.065595   0.326394  -0.561689  -0.899705  -0.266185    0.59639   0.238713
point 44 470 591.174 238.503   0.398491 -0.0629146  -0.561449   0.881967  -0.301052   0.878224  -0.425506   0.239649   0.448616   0.779405
point 45 472 586.924 201.482  -0.916371 -0.0427183   0.679807  -0.182664   0.958939  0.0457529    0.68934  -0.652508 -0.0433032  -0.647518
point 46 475 572.966 229.473   -0.944018   0.0787598 -0.00191144    0.557867   -0.281061   -0.347303  -0.0570639  -0.0728269   -0.682742   -0.247206
point 47 477  154.13 158.451  0.871353 -0.622942 0.0616593 -0.435135  0.178321  0.135288  0.701724  -0.75171 -0.294095 -0.624874
point 48 478 231.152 205.497  0.149135 -0.753045  0.469913  0.771348 -0.459449 -0.438254  0.219025  0.124235 -0.447018  0.869672
point 49 491 416.371 209.895  -0.829016   0.878231  -0.351204   0.560586  -0.496121 -0.0980568   0.594403  -0.322567  -0.214098   0.750439
point 50 492 603.756 180.142  0.448793  0.476544 -0.700705 -0.421267 -0.512724  0.670037 -0.528186   0.83817 -0.790369 -0.598119
point 51 494 578.626 68.8126  0.365854 -0.139043 -0.316183  -1.00633 0.0599027 -0.819414   0.51929  0.372223 -0.198832  -0.96192
point 52 499 337.678 201.735   0.876475  -0.453145   0.375993  -0.602667   0.170165 -0.0568483 -0.0658088  -0.197291   0.652305   0.314215
point 53 514 530.612  175.54  0.407611  -0.82827 -0.842863 -0.487803  -0.92131 -0.552275  0.589863  0.865061  0.178817  0.153106
point 54 524 120.565 128.054  -0.27822  0.702909  0.292172 0.0507708  0.941539 -0.504488 -0.246496  0.207399  0.237662 -0.823672
point 55 529 577.158  201.25   0.44999 -0.339661 0.0467374 -0.263822   0.67374 -0.084014  -0.82384  0.778616 -0.167959 -0.334489
point 56 539 344.897 121.452  0.798205  0.118754 -0.991454 -0.630621  0.444518 -0.316838  0.995133 -0.692662  0.245496  0.251561
point 57 541 507.524 232.199  0.375397 -0.764575  0.880735  -0.25566  -0.62339  0.668563    0.7836 -0.553514  -1.00676  0.304458
point 58 544 283.342  200.09  -0.072138  -0.283935   0.727683    -0.1662  -0.716204   0.991056  -0.972994   0.334945  -0.397295 -0.0126851
point 59 561 164.596 219.435 -0.909468 -0.282584   0.77401 -0.137069 -0.910458 -0.710678 -0.171259 -0.920051 -0.415992  0.725034
point 60 568 539.915 218.355 -0.971553 -0.605041   1.01023 -0.668327  0.418547  0.539968 -0.961115 -0.837761 -0.745944  0.162635
point 61 596 363.663  208.95  0.0368245  -0.502666    0.43601    0.10702 -0.0372002  -0.380744   0.704017  0.0975522   0.574226   0.918979
point 62 597 638.918 178.221  -0.728705   0.738165   0.858329 -0.0487564  -0.335472   0.531915   0.873678    0.92072   0.491305  -0.272517
point 63 599 332.923 215.276   -0.42341   0.244075   0.720664   0.123783  0.0697762   0.979738  -0.119841  -0.118951 -0.0836753    0.50147
point 64 607 566.738 237.024  0.901819   0.33086 -0.311089 0.0875298 -0.392587 -0.431078 -0.439259  0.195411  0.975861  0.779194
point 65 610 519.917 140.974 -0.164713 -0.246885  0.728662  0.656054   0.40784  0.474506  0.668531 -0.574449  0.148824 -0.440106
point 66 614 119.412 134.078  0.490237  0.661982 -0.603994  -0.71237  0.909696 -0.325214  0.728658  0.172017   1.02416  0.201953
point 67 616 125.762 217.024   0.871979   0.565436   0.479163   0.394315  -0.936388 -0.0276849  0.0408539   -0.65744   0.265615 -0.0183363
point 68 622 335.419 171.927 -0.405562  -0.97627  0.467139 -0.107916 -0.949664 0.0540166   0.60619   0.89083 -0.190026 -0.675021
point 69 631 493.754 222.046   -0.769323   0.0488217   -0.691616  -0.0111667     0.33675   -0.115939   -0.280335 -0.00133304  -0.0469165   -0.344926
point 70 644  430.25 178.362   -0.525065   -0.165617   -0.530089 -0.00831839   -0.170265   -0.749198    0.876784   -0.944735     0.92318    0.428791
point 71 662 326.867  81.133  0.355334  -0.25999 -0.303967   -0.8355 -0.302421  0.870407   0.51125  0.961755 -0.764089  0.681497
point 72 674 135.668 232.415  0.862391 -0.724661  0.446754  0.762361 -0.391996 -0.529355 -0.755314   0.10951 -0.129737   0.20872
point 73 689 528.656 38.7546  0.832768 -0.434101 -0.532778 0.0194078  0.695666  0.154359 -0.742635 -0.322505  0.931993  0.918766
point 74 691 533.636 194.449  0.589635  0.980094  0.219718 -0.231185 -0.882206  0.094519  0.283482 -0.453477 -0.915334 0.0226509
point 75 705  37.772 236.646 -0.0905862  -0.749252  -0.145357   0.579906   -1.00986   -0.33569   0.928149  -0.648106  -0.419728  -0.432255
point 76 725 361.016 192.995 -0.793996 -0.769973 -0.772282 -0.936049  0.258518  0.375138 -0.800837 -0.796175 -0.473487 -0.194948
point 77 726 442.803 180.053  0.984852   0.46118  0.513677 -0.723884  0.276471   0.57726 -0.758858 -0.845758  -0.92866 -0.869215
point 78 776 519.329 172.486  0.902698 -0.144966 -0.153044  -0.49339  0.629945 -0.840405  0.350373 -0.381157  0.828347 -0.783747
point 79 798 344.594 51.0495 -0.475172 -0.811484  0.997668  0.541266  0.468372  0.555503  0.678982  0.891953 -0.931302 -0.581407
point 80 800 353.672 54.9641  0.528945  -0.92251 -0.583615  -0.10054  0.796528 0.0213997 0.0445569  0.828994 -0.433628 -0.462739
point 81 805 401.717 170.019  0.333157  0.740321   0.55442 -0.155255 -0.892068  0.799677 -0.204362  0.873082 -0.764949  0.201181
point 82 819 586.805 211.403  -0.518829   0.372491  -0.772436   0.761749    0.93514 -0.0129036   0.306501   0.729248  -0.386472  -0.139617
point 83 830 89.7506 182.896  0.829765 -0.402171 -0.971168  0.705571  0.812351  0.143245 -0.921888   1.02137 -0.951883 0.0138443
point 84 832  265.25 170.168  0.657617  0.946722 -0.395776  0.624303  0.688366 -0.538607 -0.655264  0.814672 -0.804804 -0.864305
point 85 847 255.154 212.099  0.152747  0.441701  0.371451  0.909957 -0.746849 -0.683788 -0.335258 -0.870107 -0.849407  0.192123
point 86 854 324.879 222.579   0.620537   0.141067    0.39818  -0.776484 -0.0667345    1.03414 -0.0338675  -0.156707   0.273793   0.959809
point 87 856 318.177 178.259 -0.0217477   0.615541   0.455614  -0.640863  -0.567501 0.00134862   0.519201   0.813162   0.297537  -0.550305
point 88 858 352.166 115.188    0.51925   0.237258  -0.112646  -0.147817   0.742112   0.869296  -0.499335   0.112589  -0.803985 -0.0238398
point 89 862 568.064 204.838 -0.793414 -0.345988  -0.68632 -0.241415  0.645761 -0.468679  -0.13021  0.351409  -1.00581  0.101459
point 90 869 101.243 233.415   0.379221   0.726176  -0.802521  -0.500792 0.00108849  -0.778392   0.515783  -0.871457   0.825758  -0.860167
point 91 876 476.15 159.97  0.442878 -0.697484  0.890162 -0.209433 0.0213946  -1.02163 -0.992358   0.34217  0.867913  0.270529
point 92 880  456.97 199.008 -0.571137 -0.561892 -0.261805  0.679235  0.535027 -0.246902 -0.319775  0.593885  0.835821  0.658474
point 93 883 437.357 222.296 -0.231344 -0.222587 -0.694061  0.974955  0.294369   0.56107  0.530673 -0.281622  0.250022 -0.038959
point 94 899 133.594 64.2648 -0.445407 -0.512289  0.589194 -0.766683 -0.915026 -0.142379 -0.902371  -0.91742 -0.615671  0.268956
point 95 908 524.098 152.343 -0.985765  -0.93896   0.95717  -0.74241 -0.740666   1.03077  0.587877 -0.778739 -0.578726  0.227288
point 96 936 579.668 160.238 0.0331451 -0.374415 -0.464083 -0.371322  -0.46811  0.955632 0.0654928 -0.721285  0.123093  0.090047
point 97 937 350.786 235.146 -0.539892 -0.623066   -0.5039 0.0758496  0.522028 -0.213767  0.155322 -0.212298 -0.322177   0.46894
point 98 944 505.864 178.625   0.519755  -0.492375   -0.28404  -0.520363   0.702361 -0.0432002   0.154389   0.277268   0.440536  -0.676967
point 99 953 210.961 169.943  0.0221021   0.570573   0.815509  -0.614888 -0.0916719 -0.0651932  -0.466106   0.715284  -0.629272   0.727916
point 100 958 583.33 130.37   -0.4842 -0.841097 -0.807426 -0.169666 0.0682945 -0.388493 -0.168959 -0.265805    0.4769 -0.883766
point 101 965 597.264 170.011   0.883479   0.562345   0.517951 -0.0410935  0.0566869  -0.444524   0.103801   0.644706   0.879252    0.24135
point 102 966 109.111 211.931    0.734146    0.338663 -0.00461476    0.589361    0.789333  -0.0900529   -0.754538  -0.0687649    0.686094    -0.61317
point 103 967 382.253  196.17   0.173168 -0.0939073   0.381802   0.960641  0.0906929   0.345596   0.567845  -0.402814  -0.697091  -0.438428
point 104 978 544.044 209.313  0.883094  0.648894  0.272788  0.906972  -0.86628  0.379398 0.0904778   0.40609 -0.623637  0.351169
point 105 980 332.316 177.023  0.545115 -0.159902  0.582359 -0.558583  0.542251  0.414764 -0.887175 -0.164927  0.362967 -0.696578

