seq: 65
gt_pose: -0.20681  3.85855 -1.79454
odom_pose: 0.430563  3.71774 -1.73239
point 0 14 195.978 207.007 -0.775702 0.0980221  0.503925 -0.431158   1.02519  0.135826  0.760527  0.522542  0.246972 -0.919502
point 1 17 49.8942 111.308  -0.469535    0.11785   0.436927  -0.727188 -0.0416629   0.226672   0.867479 -0.0813413     -0.369   0.658535
point 2 31 176.603  175.04   -0.361189    0.777313 0.000864607   -0.704775    0.196959   0.0605235    0.277877    0.229208   -0.529714    0.675665
point 3 57 132.661 198.193  0.447888 -0.356225 -0.568498   0.49927 -0.495534  0.360337 -0.954908  0.733788  0.674935  0.153414
point 4 63 522.666 82.3598  0.204183 -0.749554 -0.809945 -0.292417 -0.739343   0.31265 -0.727901  0.776954  0.124618 -0.626795
point 5 68 174.536 238.295  0.186378   0.38364 -0.939703   0.53834  0.244956 -0.693153 -0.726639 -0.572635  0.570482  0.727014
point 6 70 491.428 196.568  0.874316 -0.708587 -0.444355 0.0760863  0.327069  0.751513 -0.537043  0.348758  0.256946  0.682483
point 7 73 586.563  119.72   0.805752  -0.184176   0.720331   0.329879  -0.125682 -0.0621098  -0.392061  -0.504974  -0.547657   0.186236
point 8 78 258.713 216.953  -0.851394  -0.772407   0.641462   0.757043   0.988689  0.0608172  -0.453577  -0.688848  -0.277642 -0.0784947
point 9 88 518.655 233.247  -0.203071 -0.0408479   0.388883   -1.00823   0.259684   0.227669   0.397842  0.0470505   0.830203  -0.558485
point 10 92 310.636 208.827   0.147261   0.744015 -0.0101906   0.925692    0.32985   0.252151   0.996627   0.592818  -0.261345  0.0679318
point 11 109 252.148 227.441  -0.498033   0.843158  -0.800986  -0.464632   0.504474 -0.0606514   0.740422   0.643158 0.00884205   0.243605
point 12 110 96.1659 134.119  0.879989  0.930432  -0.63033 -0.341847 0.0625267  -0.72336 -0.556924  0.632798  0.768478  0.232419
point 13 111 346.894 226.304 0.0207874  0.956204 -0.833194 -0.973407 -0.133893 -0.337097  0.925882 0.0159679  0.192724  0.433664
point 14 123 243.031  167.33  0.123728 -0.822955 -0.240569  0.397265  0.848098  0.640884  0.226213 -0.261361  0.403462 -0.583256
point 15 156 114.198 126.827   0.263195   0.564529  -0.739457   0.385921  -0.793564    0.95316  0.0999971  -0.720779  -0.945437 -0.0508441
point 16 159  123.68 182.253  0.179233  -0.99121 -0.931553 -0.190305 0.0566773  0.129563   1.01187 -0.274158 -0.356961 -0.711587
point 17 165 183.632 179.136  0.456731 -0.817236  0.422847   0.62677 -0.769673  0.673085 -0.596765  0.805268  0.333385 0.0037653
point 18 166 366.409 196.234 -0.662564  0.333301 -0.617018 -0.517353 -0.718592  0.237097 -0.713353 0.0778553  0.188285 -0.606862
point 19 175 294.666 123.118 -0.417712  0.603036  0.267038 -0.607476  0.674536  0.674496   0.86825  0.983028  0.624299  0.177608
point 20 176 175.826 183.083  -0.697125   0.815776  -0.173027 -0.0549808   0.334555  -0.483608  -0.937401   0.293472   0.703233  0.0939484
point 21 179 29.4811 194.384 0.00851736  -0.832105   0.103965   0.832341   0.724613     0.3948  -0.388527  -0.820366  -0.170694   0.815761
point 22 186 455.564 24.3858   -0.38979  -0.451646   0.338388    0.44562   0.870646  -0.901696 -0.0522596  -0.518504    0.11962   0.348268
point 23 198 144.062   237.4   0.88484  0.584029  -0.38669 -0.574925   1.02191 -0.835488  0.903915 -0.979772  -0.65749  0.277005
point 24 200 247.954 185.665  -0.464578  -0.732809   0.670479   0.294577   0.212792   0.543307 -0.0466124   0.873433    1.00211 -0.0702896
point 25 202  6.6954 119.765 -0.592734 -0.158458  0.276285  0.370729  0.137789  0.758971   0.61333 -0.231095  0.132031 -0.190109
point 26 206  17.197 152.994  0.756984 0.0763306  0.664986  0.873617  -0.78691 -0.660334  0.681456  -0.20757 -0.922926  0.674901
point 27 216 297.678 200.183  -0.633648  -0.974381   0.863676  -0.801987  -0.597512  -0.821407  -0.302008  -0.204608 -0.0376774   0.849261
point 28 233 516.211 217.847 -0.137153 -0.499736  0.135995  0.283962  0.285879 -0.152725  -0.91965  0.191716 -0.928898   0.32629
point 29 235 598.703 227.743 -0.765082  -1.01213   1.01249  0.481984 0.0662956 -0.220239  0.959841 -0.766399 -0.852366  0.353936
point 30 245 296.391 194.555 -0.630044 -0.367969  0.467579 -0.646732 -0.516029  0.437058  0.918239 -0.692134  0.234327  0.741449
point 31 251 331.685 225.247 0.0258614 -0.541584  0.161909 -0.786454 -0.467357 -0.109761 -0.459752  0.246416 -0.147722  0.385178
point 32 259 71.2912  208.43   0.210594    0.70993   0.139578   0.478428  -0.426998 0.00303099  -0.713415   0.441946  -0.895802  -0.584971
point 33 262 292.093 187.244 0.0464688  0.363851 -0.334982 -0.592721  0.969385  0.979213 -0.977737  -0.34648  0.424997 -0.339783
point 34 286 115.601 189.119 -0.740679 -0.509048 -0.437176 -0.264417 0.0169404  0.348234  0.890551 -0.847502 -0.990561  0.741588
point 35 290 0.320154  175.692 -0.647254  0.860237 -0.754557 -0.469936 -0.690195  0.475911  -0.86231 -0.734164  0.598091  -1.00251
point 36 296 151.511 162.838 -0.00617419   -0.632049   -0.321058    0.334785   -0.224731    0.617058   -0.676756    0.945846   0.0072849   -0.389857
point 37 301 201.878 214.508 0.0913956 -0.459389  -1.00784  0.453976  -1.00257 -0.668684 -0.629292  0.505334 -0.741533 0.0531472
point 38 302 529.033 184.718 -0.819489 0.0496483  0.512427  0.717396 -0.083958  -0.60007  -1.01893  0.233112  0.174752 -0.164757
point 39 303 254.335 189.519   0.190805  -0.760813  -0.553586  -0.896772 -0.0624783   0.585348  -0.434935  -0.117204  -0.054481  -0.366512
point 40 313 85.1328 130.847 0.0939185  0.327075  0.171516  0.118781  0.435412  0.710138 -0.459369 -0.616788 -0.111128  0.413867
point 41 316 35.1941 175.117  -0.578493  -0.728721  -0.917246  -0.453747  -0.460971 -0.0279893  -0.387825  -0.153554  -0.304368  -0.642235
point 42 319 92.3685 172.185 -0.975175   0.22158   0.64276 -0.268435 -0.751855  0.183311  0.660817 -0.311477 -0.935997  0.353157
point 43 331 394.897  221.33  -0.388758  -0.262084  -0.242749   0.191395 -0.0499408   0.966923   0.871151  -0.506474   0.759226    0.90353
point 44 352 309.044 211.822  0.561868  0.321667   0.41358 -0.756935  0.530353  0.636313  -0.59195  0.556385 -0.110492  0.809487
point 45 367 47.5371 66.0168   -0.68994  -0.935993   0.903665  -0.449859   -0.50021   0.707934  -0.374868 -0.0517209  -0.573674  -0.829862
point 46 387 268.989 161.442  0.728906  -0.69315  0.522766  0.969971  -0.74103  -0.22458 0.0590649 -0.972083  0.587766  0.632916
point 47 388  631.14 182.275 -0.417053 -0.126147  0.788333 -0.413445 -0.826958 -0.253584  0.352973   0.46766 -0.769854  0.315308
point 48 397 457.707 190.865  0.688623 -0.392416  0.600707  0.238632  0.573168  0.830391 -0.673424  0.650912  0.833086 -0.739247
point 49 398 153.802 227.384 -0.804048  0.864399 -0.666203  0.371121 -0.930974  0.546418  0.647115  0.889906  0.289952 -0.741334
point 50 425 234.253 239.961  -0.431674  -0.356221   0.409027  -0.453504  -0.569317  -0.625704 -0.0827926  -0.956092   0.903293    0.86634
point 51 428 569.384 123.809 -0.437594 0.0921261  0.623605  -0.83626 -0.289983  0.527861  0.302114 -0.380037 -0.189894 0.0874019
point 52 448 48.6848 207.416    0.8599 -0.400132 -0.808095 -0.700753 -0.259835  0.711794 -0.442024 -0.759549  0.584892 -0.393914
point 53 460 531.195 194.256  0.786409 -0.523528  -0.36606  0.376162 0.0243393 -0.111437 -0.348948  0.236936 -0.729036 -0.836654
point 54 467 573.564 218.033 -0.371671 -0.713369 -0.123606 -0.318706  0.905931  0.275394  0.426855 -0.141589 -0.613077 -0.760278
point 55 469 134.367 170.238 -0.0909973  -0.880025   0.897564   0.909907  -0.170688  -0.424246  -0.796271   0.745781   0.240283  -0.894868
point 56 488 548.526  165.73  0.955756  0.541391 -0.542263  0.210746 -0.734859 -0.408481 -0.292875 -0.761413  0.178103 -0.304058
point 57 490 631.424 239.989  0.451037  0.908792  0.275589 -0.484325  0.922187  0.271035 -0.954075 -0.575011 -0.621917 -0.728197
point 58 491 237.158 174.056 -0.808614  0.847903 -0.361164   0.58133 -0.454092 -0.184242  0.551516 -0.322067 -0.283815  0.724195
point 59 494 504.403 151.499   0.422468 -0.0572357  -0.284011  -0.952054   0.107527  -0.855628   0.507827   0.327714  -0.245432   -1.00648
point 60 506 69.7567 98.7852   0.0751208    0.255862 -0.00945376    -0.54028    -0.90218   -0.678604   -0.662856   -0.592369    0.739228    0.570565
point 61 514 340.707 186.169  0.421173  -0.83258 -0.857589 -0.442974 -0.905116 -0.518195  0.631018    0.7969   0.15784  0.141507
point 62 519 134.993 136.451  0.416634  0.431914  0.515288  0.164405  0.690432 -0.794955 -0.864913   0.90291 -0.371834  0.425333
point 63 527 623.772 233.104  0.833663  0.483797 -0.901264  0.955527  -0.49334 -0.512455 -0.125121  0.732587  0.641457  0.636517
point 64 541 320.913 232.441   0.37131 -0.837626  0.817974 -0.323122 -0.608517  0.738345  0.791874 -0.585783 -0.997517  0.239333
point 65 552 501.994 168.011  0.869153 -0.243389  0.852448 -0.103302   0.43875 0.0351201  0.783731  0.722402 -0.366229 -0.570107
point 66 555 391.098 233.338   0.277104   0.352562   0.301951  -0.965026 -0.0837381  -0.515786  0.0218576  -0.161303   0.780494  -0.368093
point 67 563 609.305 184.832 0.0058783 -0.464358  0.352842 -0.333627  0.735942  0.435488  0.341011  0.465791 -0.745279  0.332535
point 68 573 97.9213 157.536  0.903856 -0.227155  0.229591 -0.474781 -0.302431 0.0961636 -0.681227  -0.96334  -0.33097  0.573119
point 69 587 595.539 160.146  0.788085  -0.39239 -0.279744  0.720469  0.190529 -0.220411  0.365886 -0.862569 -0.483349 -0.389387
point 70 589 620.874 172.898 0.0859812 -0.186348 -0.385593 -0.682438 -0.516255 -0.525884 -0.152622  0.180985 -0.806913 -0.935775
point 71 596 389.536 104.888  0.0339165  -0.488652    0.49225   0.140677 -0.0102838  -0.457407   0.676547   0.052187   0.627506   0.933028
point 72 607 334.355 237.871  0.847524  0.347025 -0.318385 0.0677222 -0.421135 -0.372929 -0.379815  0.185332  0.954814  0.736898
point 73 610 335.077 152.003 -0.167237 -0.178385  0.719461    0.7059  0.461584  0.444755  0.656562 -0.567988  0.172588 -0.452994
point 74 617 240.107 142.492 0.0155196 -0.781418   0.30154  0.110928 -0.542767 -0.912539 -0.218722  0.355834 -0.862001 -0.642218
point 75 623  450.75 185.997  0.578851 -0.548321  0.626919 -0.516063 -0.260891  0.461754  0.464731 -0.227243 -0.762995 -0.338123
point 76 629 107.563 189.795 -0.429276  0.778777   0.64824 -0.875342  0.943838 -0.309382  0.984464 -0.636217  0.151051 -0.750787
point 77 631 504.427 225.983  -0.835918  0.0250552  -0.629642 -0.0765708   0.367431  -0.110505  -0.225728  0.0519424 -0.0237671  -0.267097
point 78 644 287.171 130.493 -0.538388 -0.164327 -0.583333 0.0279244  -0.19813 -0.753323  0.834045 -0.943607  0.827619  0.396991
point 79 650 516.021 224.717  0.799066  0.236444  0.664235 -0.575337  0.957487 -0.282175  0.869191 -0.744498 -0.141007 -0.865147
point 80 654 597.125  238.58 0.0947078   0.65732  0.138659  0.082915 -0.359166  0.422133   0.81411 -0.968461  -0.30566  0.621012
point 81 661 227.041 176.317  0.337643  -0.50448  0.379282  0.374742  0.110741  0.118365 -0.868468 -0.795746  0.227954  0.460479
point 82 667 86.8941 164.616 -0.967616 -0.625326 -0.243415 -0.532968  0.743446 -0.701994 -0.538113  0.758787     0.552  0.357836
point 83 681 17.6198 200.636 -0.280831  0.534651  0.151853   0.44302 -0.747642  0.162821 -0.837249  0.418787 -0.126628 -0.835714
point 84 687 557.987 222.155   -0.36474   0.255657 -0.0118454  -0.228049   0.680782   0.466283   0.617987  -0.444424   0.149484  -0.514015
point 85 689 496.439 108.191    0.87565  -0.487378  -0.473259 -0.0714109   0.698622   0.107277  -0.731852  -0.300864   0.853708   0.880298
point 86 691 308.516 200.787  0.558846  0.981353   0.21425  -0.24481 -0.866716 0.0440555  0.334133 -0.449048 -0.937913 0.0110034
point 87 697 78.5451 206.078  0.198756 -0.725706 -0.458763  0.919282  0.501736 -0.761637 -0.299991 -0.146961 -0.233726 -0.842512
point 88 709 101.787 217.836  0.981937 -0.863937 -0.983413  -0.96229  0.511678  0.831357  0.807853  0.500356  0.226571 -0.449429
point 89 726 396.289 158.873  0.989125  0.490386  0.520783 -0.725079  0.292051  0.599856 -0.810516 -0.879527 -0.901636 -0.843451
point 90 727 492.042 225.597  0.117172 -0.956802  0.603582 -0.588383 -0.275648  0.789748 -0.403117 0.0131846  0.916258  0.878585
point 91 736 546.826 161.447 -0.0177188  -0.975816  -0.268979  0.0923529  -0.347232   -0.20439   0.402512   0.600138   -0.99406    1.04565
point 92 750 393.007 236.833 -0.355176 -0.429157  0.494562  0.223122  0.165464  0.504421  -0.65539  0.734626  0.698207 -0.160554
point 93 752 223.165 162.074  0.853648  0.826399 -0.475101 -0.199599 -0.155614 0.0682972  0.334545 -0.612698 -0.619023 -0.506048
point 94 757 630.519 206.063  0.307351  0.769752 -0.745579  0.945606  -0.27001  0.388304  0.183991   0.66556   0.19229 -0.442738
point 95 776 260.224 173.415   0.866625 -0.0944731  -0.113493  -0.546726   0.714791  -0.893148    0.38125  -0.439788   0.795133   -0.81134
point 96 777 149.856  198.18   -0.64841   0.631904   -0.25986  -0.498492   0.629428  -0.274303  -0.307057   0.547819 -0.0662426  0.0733773
point 97 794 235.781 215.292 -0.416185  0.418987 -0.360681 -0.683243 0.0320746  0.628908  0.509683 -0.509132  0.128615   0.51361
point 98 797 219.063  203.58  -0.732665  -0.678757   0.709139  0.0518854   -0.17896  -0.579742 -0.0675243   0.514984 -0.0890978  -0.268391
point 99 805 297.864 70.3938  0.349452  0.807638  0.509187 -0.212963 -0.801808  0.731946 -0.190022  0.895666 -0.791263  0.254963
point 100 815 134.016 162.182  0.137185 -0.178861  0.927546 -0.356135  0.660567  0.615869 -0.406897 -0.574777  0.833222   0.88707
point 101 820 393.266 202.603  -0.692909 0.00637774   0.763128  -0.419813   0.509816  -0.253645  -0.375552  -0.453477    0.37783 -0.0513116
point 102 841 244.628   185.2  0.110987  0.901684 -0.881203  0.900648 -0.361105  0.120291 -0.311659 -0.227538  0.202873  0.520636
point 103 843 176.369 140.857  -0.470484  -0.222022 -0.0773651   0.419088  0.0896101   -0.92075   0.384436   0.204927   0.989242   0.995521
point 104 867 46.5286 205.009    1.03649  0.0833117   0.119882    0.62834  -0.472187  -0.039651  -0.746267  -0.382976   0.664868 -0.0479913
point 105 873 532.542 156.283  0.313472 -0.519476 -0.895881  0.959247  0.850848  0.352078 -0.856847 -0.803526 -0.492679  0.303677
point 106 876 282.139  141.03   0.404826  -0.710315   0.881687  -0.169567 0.00163577  -0.985202  -0.937673   0.369931   0.912025   0.291722
point 107 880 273.591 181.146  -0.62554 -0.503964 -0.253175  0.620137  0.551085 -0.191136  -0.31402  0.550022  0.808346  0.626507
point 108 881 167.308 124.344  0.334568  0.663362  0.367911  0.626403   0.35277 -0.847295  0.186095 -0.809607 -0.425977 -0.592401
point 109 882 116.981  206.31 -0.463854  0.980598 -0.634564  0.612896  0.489533 -0.231765 -0.962349 -0.808005 -0.600624  0.666906
point 110 883 287.211 210.581   -0.19599  -0.253819  -0.709674    0.96437   0.281974    0.55791   0.575549   -0.33617   0.176667 0.00675574
point 111 908 289.476 158.817 -0.967615 -0.893078  0.995025 -0.680729 -0.707394   0.95899  0.615412 -0.776942 -0.577835  0.223487
point 112 916  402.99 198.184 -0.304326  0.272116  0.282014 -0.414939 -0.673354  -0.49318  0.679347  0.310963  0.835939 0.0210127
point 113 927 141.702 171.024  0.00290915    0.904591    0.551368    0.381277   -0.900724    0.417001 -0.00774667   -0.346844    0.715752    0.948413
point 114 929 159.312 128.472 -0.826086 -0.245925 -0.252313   0.23651  0.244739   0.65839   0.12366 -0.205957  0.115061  0.177168
point 115 937 452.753 210.444 -0.480168 -0.592427 -0.556585 0.0628661  0.464691 -0.209519  0.105688 -0.226629 -0.257784  0.473956
point 116 942 228.361 224.201  -0.78007 -0.305745  0.674837 -0.471431   0.18743 -0.228371  -0.68536 -0.936484  0.943037  0.471218
point 117 944 312.056  179.24  0.534245 -0.453405 -0.243497 -0.506238  0.707322 -0.050521  0.081304  0.325209   0.49903 -0.612584
point 118 958 329.135 166.098 -0.422386 -0.890292  -0.80114 -0.260538  0.106116 -0.339544 -0.155582 -0.277618  0.411517 -0.905996
point 119 963 0.12914 179.626 -0.0510884  -0.803525  -0.419275   0.385092  -0.916039   0.238973   0.942412  -0.880311  -0.147554   0.504683
point 120 967 273.234 91.2989   0.235551 -0.0973482   0.429718   0.960829  0.0908695   0.299974   0.511477  -0.375895   -0.70708  -0.389722
point 121 971 68.4197 198.395   0.64272  0.020671  0.266088 -0.681102   1.02364 -0.094164  0.313629  0.988201  0.785115 -0.183242
point 122 974 369.888 235.096 -0.505243  0.776838 -0.739017 -0.915079  0.539159 -0.518709 -0.420376  0.458264  0.556601  -0.42012
point 123 978  329.83 215.587  0.815349  0.692099  0.308804  0.966846 -0.837644  0.353326 0.0829295  0.412836 -0.584882  0.424141
point 124 986  607.4 229.66  -0.322859  -0.280027   -0.96851   -0.53373  -0.162038  -0.416194  -0.394824 -0.0913477  0.0105909  -0.849366
point 125 994 8.52142 177.583 -0.326269 -0.060088 -0.985696   -0.5342 -0.264053  0.426835 -0.215681  0.494387 -0.152542 -0.276719

