seq: 226
gt_pose:  5.23234  4.64528 0.289141
odom_pose:  5.63248  3.60941 0.102792
point 0 20 446.776 197.322  -0.45062 0.0557637 -0.843401 -0.499478  0.735078  0.407342 -0.832767 -0.792473 -0.300043  0.138925
point 1 22 224.797  198.92  0.431282  -0.74711  0.322194 -0.266015  0.571745  0.907321  0.877724  0.678836 -0.555411  0.579548
point 2 79 525.406 79.8694 -0.213015 -0.730347 -0.174892 -0.839713  0.240289  0.897592 -0.740978  0.740446 -0.714365  0.623524
point 3 83 191.028 165.843  0.612174  0.888624 -0.023204 -0.988913 -0.642141 -0.436113  0.241762 -0.465112   0.52184 -0.913527
point 4 96 317.029 194.852  0.500353 -0.380411  0.265373 -0.644434 -0.795805  0.616261  0.737385 -0.335497  -0.28451  0.740638
point 5 135 40.1366 140.832 0.447153 0.472225 0.506827 0.288524 0.247793  1.01478 0.589128 0.417566 0.342137 0.703591
point 6 136 60.3413 96.2135 -0.438574  0.153194  0.705638  -1.00651  0.333261 -0.583535  0.135605 -0.197519 -0.767172 -0.196689
point 7 213 628.727 138.397   0.461759  -0.193875  -0.789596 -0.0610425 -0.0769921  -0.868933  -0.437406   0.716122   0.401432   0.125813
point 8 222 347.013 230.971   -0.638257    0.963046   -0.863964    -0.43813    0.537941   -0.691033 -0.00292964    0.513595    0.373144   -0.436365
point 9 232 276.083  235.85  -0.158983  -0.341649   0.403345  -0.295237  -0.852074  -0.045247   0.843914   0.756486   -1.00081 -0.0687227
point 10 241 229.106 190.156  0.235091  0.131885  0.635351 0.0535957  0.652366 -0.847211  0.139318  0.886086  0.352794 -0.203255
point 11 244 636.195  55.314 0.000337812   -0.923657      0.5019     0.58039   -0.816574    0.703595   -0.340633     0.30206    0.184752    0.209028
point 12 248 149.878 168.771 0.0343875  0.814903  0.580317  0.254562 0.0771873  0.185075 -0.985147 -0.978169 -0.900401  0.313432
point 13 255 596.947 197.953   -0.97974  -0.798216  -0.934383  -0.950013 -0.0652018   0.843448   0.177522  -0.341948  -0.112631     0.4227
point 14 270 492.113 220.269 -0.446658  0.480778 0.0371807 -0.724219 0.0396647  0.124998  0.489279  -0.19055 -0.911169 -0.836136
point 15 297 303.466 174.287   0.564539 -0.0559005   0.803599    -0.2928   0.160573   0.542752   0.809325   0.789612  -0.177466   -0.13264
point 16 300 372.632 173.575  -0.130559  -0.643959  -0.713664  -0.248338   -0.19108   0.745166   0.958218  -0.564044  -0.874833 -0.0155767
point 17 349 164.067 152.507  0.596841 -0.287957  0.701589 -0.921412 -0.785744 0.0924622  0.471595  -0.51969 -0.361621 -0.587331
point 18 357 284.546 225.495  0.400065 -0.268991  0.508235  0.398099  0.552527 -0.107656  0.281238  0.729713  0.460537 -0.271348
point 19 361 125.845 178.116   0.869962   0.693878  -0.306054  -0.454676   0.703551   0.586357   0.301068   0.385561  -0.937513 -0.0769857
point 20 366 207.936 163.208  0.467206  0.789305  0.198249  -0.71516   0.10748 -0.737721 -0.955348 -0.296382 -0.327162   1.00093
point 21 379  140.82 78.7232  0.204985 -0.577336 0.0864565 0.0836705  0.585553  -0.29375 0.0369445 -0.237457  0.127641  0.215304
point 22 383 329.132 177.859 -0.672271 -0.282046  -1.00157 -0.696455 -0.704395 -0.175161  0.532808  0.553749  0.493157 -0.207729
point 23 390 619.829 209.327   0.37115 0.0511451  0.213454 -0.567455  0.347064  0.819498  0.300321  0.123788 -0.592819  0.470706
point 24 391 263.629 229.208  -0.89659 0.0388325  0.146241 -0.135318 -0.327198 -0.422446 -0.268953  0.345481  0.132813  -0.92859
point 25 392 23.1044 225.792   0.974456 -0.0630372  -0.363773   0.254755  -0.942765   0.943138  -0.721471   0.286113  -0.641221    0.60952
point 26 395 362.815 233.098   -0.654022    0.114229    -0.96533    0.913988    0.944014    0.654773   0.0104551   -0.383914   -0.037502 0.000846677
point 27 426 292.261 175.544  0.933639 0.0893523  0.917752  0.309054  0.810077 -0.252733  0.526187  0.305868 -0.907794 0.0959777
point 28 436 296.092 232.815  0.381592  0.914354  0.191803  0.694619 -0.876527  0.371401 -0.498909 -0.442326  0.940875 -0.285948
point 29 445 280.997 113.253 -0.958387 -0.238828 -0.719419 -0.864338 -0.283877  0.761385   -0.3603 0.0799139 -0.457539   0.52428
point 30 447 343.966 116.694  -0.361723 0.00131318  -0.986282  -0.781485   0.257382  -0.874031 -0.0201615   0.549954  -0.711297   0.566469
point 31 515 206.193  193.53 -0.0535856  -0.592851 -0.0904662  -0.400618    0.63224   0.437773 -0.0639947   0.181874  -0.585663   0.334014
point 32 526 367.809 154.588 -0.286717   1.00355 -0.276991 -0.824076 -0.265506  0.456693  0.950443 -0.949492 -0.512247  0.873432
point 33 549 167.048 229.132  0.734565 -0.419177  0.893347  0.897396  -0.10178   0.24933 0.0544036  0.512551  0.408125  0.795919
point 34 556 515.816 197.568   1.02207  0.953704 -0.336309  0.575703  0.982995 -0.265556  0.423881 -0.694167  0.892659  0.186091
point 35 579 206.206 146.044  -0.872193  -0.115183    -0.7651 -0.0295455    1.03698   0.486405  0.0835205   0.544048   0.210428    0.29795
point 36 586 205.881  138.73 -0.0206727  -0.939598   0.710772   0.236201  -0.261455  -0.165306  -0.687545  0.0994775 -0.0277765   0.735346
point 37 590 372.743 169.717  -0.485989  -0.908877   0.679434    0.49409 -0.0214895  -0.576077  -0.424997   0.574446  -0.184572  -0.825193
point 38 592 59.8949 140.881  0.849615  0.993599  0.653546  0.317727 -0.815271 -0.853146  0.393586  0.852127  0.682113 -0.700506
point 39 630 582.725 149.255  -0.0424953  -0.0636318   -0.311166   -0.324384    0.675898 0.000453417     0.53817   -0.175512    0.593538   -0.671159
point 40 712 188.143 236.111 -0.00196752   -0.753716    0.500529     0.77187   -0.569732   -0.578195   -0.682588   -0.195444    0.838158    -0.15918
point 41 714 90.1193 112.927  0.712423  0.436224  0.742334  0.528798   -0.5648 -0.228741  0.747639  0.907901 -0.488013 -0.858368
point 42 718 57.4389 146.699  -0.462101 0.00890465   0.846839   0.469113   0.862782   0.860396  -0.465211  -0.659093   0.651121   0.461697
point 43 730 352.488 188.702   0.756686   0.374702   0.835742   0.874382   0.563921  -0.251312  -0.371614  -0.468636 -0.0979149   0.943976
point 44 739 557.965 213.053    0.969524    0.133112    -0.41826 -0.00518075    0.723213    0.250233    -0.88849   -0.227633   -0.166029   -0.700384
point 45 759 201.272 150.763 0.0682393   0.54969 -0.914279 -0.845178 0.0230758  0.507566  0.880711  0.257343  0.447339 -0.315127
point 46 765 454.704 153.358 -0.973695 -0.125749  0.610184 -0.508824 -0.350163 -0.273096  0.522409 -0.227838  0.431583  0.990585
point 47 785  175.71 158.771  -0.105457 -0.0835682   -0.54343    0.58059  -0.905699  -0.551287  -0.847788   0.662391  -0.646442   0.992955
point 48 803 397.209 82.6234  -0.75031  0.943074   0.78331 -0.533853 -0.558173  0.174087  0.118227  0.840516 -0.304834  0.662691
point 49 813 307.612 232.692   0.658998   0.952599  -0.341758  -0.801433   0.287526  -0.782092   0.798874  -0.691966 -0.0202769   0.183149
point 50 823 545.771 32.6319  0.0923138  -0.732147  0.0738465   0.692218    0.57221  -0.514781  0.0339386   0.909225  -0.494305 -0.0775314
point 51 831 89.7258 230.613 -0.0574956   0.479613   0.663745   0.138526   0.363578  -0.856145  -0.017583   0.561631  -0.685683  -0.126775
point 52 865 298.189 189.057   0.891003  -0.362357  -0.904837  -0.261237  -0.348603  -0.176179   -1.01506   0.591327  -0.757108 -0.0154596
point 53 874 438.118 208.832 -0.895613  0.252922 -0.705846  0.902755  0.268533   0.77603  0.721566 -0.622549  0.204191 -0.686845
point 54 914 114.692 232.495   0.304767  0.0275271  -0.020393   0.343415   0.375457   0.421133  -0.620549 -0.0564147   0.213783    0.82048
point 55 932 177.285  177.54 -0.0681465  0.0131196   0.821286 -0.0127439  -0.169157   0.740442 -0.0594171  -0.929246  -0.271233   0.572406
point 56 948 298.742 197.034 -0.916728   0.18433 -0.925194  0.406185 -0.152712  0.340163  0.298706  0.389381  0.543283 -0.149264
point 57 951 616.921 107.242  0.213566 -0.799647  -0.15675  0.396248  0.263272 -0.032539 -0.961068  0.497973 -0.123121 -0.667419
point 58 964  100.94 160.166  0.897995 -0.248125  0.240559 -0.187136  -0.83617  -1.03696  0.531516  -1.01979 -0.759724  0.649863
point 59 975 246.452 217.188  -0.753269   0.504613   0.744795 -0.0421566    0.72311  -0.161552  -0.870284   0.269046  -0.043561   -0.34169
point 60 982 203.759 216.919  0.502527 -0.438566  0.933186  -0.12745  0.320332  0.532711  0.681364 -0.130343  0.982879  0.199349
point 61 992 225.301 176.153  0.376782 -0.666557 -0.210119  0.406311   0.96309 -0.615702 0.0935498  0.801278 -0.884277  0.927357
point 62 995 208.305 201.762 -0.941179  0.766614  0.553131  0.727756    0.9821 -0.686377  0.696857 -0.478861 -0.920349 -0.370485

