seq: 294
gt_pose:  4.99486 -4.97428 -2.71086
odom_pose:  2.85625 -5.80722  -2.8744
point 0 5 599.316 167.446 0.0325838  0.346583 0.0488617 -0.901592  -0.10148  0.908198  0.893698  0.482576 -0.401396  0.443944
point 1 11 341.296 199.102  0.601873  0.448938  0.310968  0.912324  0.296963  0.484627 -0.774399 -0.739419 0.0798588 -0.839918
point 2 23 467.224 145.434   0.827951   0.758192  0.0147361   0.134295  -0.682337  -0.440216    0.76625 -0.0363802 -0.0325694   0.669044
point 3 24 445.384 183.629   0.359084    0.45272  -0.689588   0.232594 -0.0476903   0.681808   0.469409   -0.59404  -0.559857 -0.0020272
point 4 26  423.06 130.702  -0.88849 -0.831814  0.328965 -0.258543 -0.443458 -0.334631 -0.788285 -0.176702  0.912363  0.185997
point 5 48 397.251 133.635 -0.290057 -0.979814  0.826474  0.193562  0.575307  0.795634  0.819215 -0.632844 -0.153975 0.0182177
point 6 66 340.631 171.054 -0.738764 -0.233218  0.182778  0.301301  0.367845 0.0866887 -0.206747  0.682922  0.162763  0.869337
point 7 69 2.19672 47.7616  -0.385028  -0.765021    0.80559   -0.82199 -0.0523591  -0.500632  -0.574412  -0.457023   0.292655   0.913516
point 8 72 523.689 215.367 -0.762269 -0.298947  0.710433   0.18065 -0.801313  0.567066  0.536127  -0.20944 -0.239893 -0.174772
point 9 92 638.529 199.953   0.158858   0.770565 0.00723793   0.969817   0.300703    0.28373   0.954002   0.620618   -0.23789  0.0725131
point 10 102 284.635 165.482 -0.326257  -0.75382 -0.336532  -0.80929 -0.441341  0.730059  0.800986  0.357902 -0.053856    -0.275
point 11 107 157.333 177.058   -0.2341 0.0939853 -0.875287 -0.918866  0.521995  0.538854  -0.90896 0.0385334 -0.344077 -0.146251
point 12 116 523.956  224.22  0.939739  0.620532  0.344227 -0.474103  0.595195 -0.100303 -0.326027  0.613941  0.332871  0.764155
point 13 118 311.397 102.971   0.924091    0.91073   0.674698  -0.483513 -0.0658786   0.563633  -0.892644  -0.647982  -0.912675   0.714212
point 14 138 509.742 223.617 -0.431766 -0.693195 -0.397842 -0.577855 -0.496686  0.107211  0.572531 -0.837413  0.121821 -0.105642
point 15 146 469.547 177.281   1.00197 -0.562667 -0.726604  0.150832  -0.67726 -0.132242  0.917417 -0.553023 0.0955473 -0.730264
point 16 182 222.549 225.768 -0.939959 -0.940615 -0.789594  0.903897 -0.702487 0.0683483 -0.655132 -0.442401   0.41086  0.503211
point 17 187 244.439 145.754  0.781368  0.598464  0.673304 -0.290514  0.482609 -0.302758  0.129942  0.932171 -0.959946  0.876978
point 18 220 266.983 193.813  -0.781036  -0.525039  -0.989881   0.126418   0.522972  -0.122012  -0.236921    0.55817  -0.357364 0.00981465
point 19 234 396.952 163.597 0.0747599 -0.153906  0.661975 -0.312787    0.7977 -0.458807  0.377608  0.246451  0.273121  0.463444
point 20 242 447.598 149.343  -0.775211 -0.0357924   0.191535   0.422891  -0.422987   0.626879   0.817599  -0.804429   0.480254   0.634171
point 21 246 24.5523 177.764     0.5922  -0.194582 -0.0361878 -0.0457727   0.271282  -0.949898  0.0222859   -0.17608    0.64256   0.228769
point 22 256 136.816 182.956  -0.68723 -0.694186 0.0231094  0.666368  0.500611 -0.881872 -0.536578 -0.690727  0.778862 -0.179422
point 23 277 513.425 158.088  -0.55902 -0.834224  0.265003 -0.779793 -0.914963   0.17422  0.109388  0.493626  0.406295 -0.921411
point 24 299  259.43 161.394    -0.627445 -0.000269215     0.468445     0.921652     -0.33133    0.0364658    -0.196501    -0.484537     0.721041      0.98384
point 25 323 323.946 198.318 -0.701303   0.58918  0.292092   0.73888  0.256289 -0.558956 -0.954939 -0.714045 -0.481799  -1.00635
point 26 326 394.443 187.079  0.483449 -0.466791  0.621246  0.191825 -0.905857 -0.297993 -0.413456 -0.685747  0.211269 -0.849124
point 27 334 532.632 214.101 -0.367468 -0.392752  0.983981 -0.649903   0.25382 -0.368129  0.184235 -0.826921  0.940163 -0.132155
point 28 359 510.811 131.974 -0.100556 -0.211289  0.677337 -0.534001  0.663132 0.0707706  0.189405   0.18285 -0.532307 -0.176614
point 29 374 184.894 97.2672  0.611419 -0.357721  0.328264 -0.629345  0.449117 -0.895257 -0.756943 -0.616962 -0.418149 -0.774651
point 30 382  478.54 188.946 -0.732651  0.814795  0.909986 -0.969944 0.0813011  0.560775  0.552421 -0.173767  0.226639 -0.148041
point 31 414 36.4236 57.9859   0.600475   0.108423  -0.668537   0.434239   0.213582   0.891614   0.183165   0.517472  -0.657694 -0.0514536
point 32 429 233.597 139.986  0.456476  0.349729 -0.695887 -0.521856  0.591447 -0.903361   -0.5511 -0.196069 -0.385831  0.330582
point 33 470 503.224  237.81   0.393947 -0.0677002  -0.583905   0.849262  -0.298352   0.912971  -0.378767   0.162465   0.433774   0.712219
point 34 472 582.479 201.305  -0.848873  -0.100283   0.652888  -0.230194   0.895953   0.102481   0.679839  -0.698899 -0.0782917  -0.601833
point 35 475 533.223 223.178   -1.01469  0.0822972  0.0580808   0.576791  -0.306497  -0.360768 -0.0995845 -0.0277311  -0.686022  -0.260132
point 36 484 369.587 144.253  0.810045  0.710235  0.961677 -0.722612 -0.690751  0.532996  0.654511  0.629886 -0.269625 -0.734829
point 37 492 471.586 152.666  0.514817  0.549883 -0.721386 -0.432918 -0.505605  0.741605 -0.561208  0.812333 -0.837783 -0.614692
point 38 508 486.008 150.836  0.583791  0.610513 -0.200638 -0.107249 -0.804905  0.813902  -0.86637  0.210962 -0.727345 -0.741344
point 39 525 265.097 238.089  -0.633071 -0.0690384   0.268149  0.0961617  -0.183035  -0.239129  -0.401153   -0.74856   0.771247   -0.47159
point 40 529 551.684  186.96  0.462113 -0.412661 0.0363334  -0.35197  0.661214 -0.127073 -0.809974  0.803445 -0.221398 -0.394613
point 41 560 390.695  190.76  0.983578  0.424635  0.603827  0.767148  0.309307  0.386151 -0.744904  0.081198 -0.452558  0.414845
point 42 565  364.39 238.248 -0.903694  0.961417  0.439037  0.252402 -0.549834 -0.625877  0.780094  0.824349 0.0121683  0.554373
point 43 566 277.573 236.078  0.601332  0.728348 -0.183012 -0.320034 0.0663452  0.135763  0.579144 -0.690007   0.72451 -0.540732
point 44 568 626.456 205.547 -0.972926 -0.622652  0.987699 -0.661516  0.434294  0.518744 -0.978917 -0.843662 -0.778581  0.187609
point 45 584 228.637 201.762  0.103088 0.0880332 -0.569949 -0.908741  0.422014  0.336872 -0.795893  0.911979  0.373381  0.410019
point 46 597  439.61 164.813  -0.672889   0.724919   0.848776 -0.0720788  -0.294269   0.557694   0.809546   0.896079   0.459619  -0.265592
point 47 602 242.897 169.039 -0.873545  0.679109 -0.262238 -0.180623  0.164124 -0.357959 -0.732603 -0.126733 -0.755264 -0.738123
point 48 615 241.316 185.758 -0.174551  0.608214 -0.140902  -0.86637  0.623725 -0.396926 -0.966234  0.615139 -0.185495 -0.751622
point 49 620 217.881 4.83098   0.560118  -0.218845   0.855582   0.799264  -0.294474  -0.420431  -0.808726    0.41352 0.00300987   0.530319
point 50 638 346.323 196.647 -0.236907 -0.904974  0.536892 -0.806424   0.24417  0.347383 -0.143496 -0.395527  0.433774  0.899097
point 51 639 563.349 189.742  -0.804633   0.859464  -0.319518  -0.323773   0.789066   0.676988 -0.0101412  -0.840354   0.111084  -0.655241
point 52 651 411.025 133.202  0.907006  0.540796 -0.519461  0.205875 -0.593574 -0.957982 -0.924905  0.362285 -0.272211 -0.441551
point 53 659 246.919 213.204  0.709079 -0.365929   0.15615 -0.910869  0.323915 -0.683088 -0.827848  0.220666 -0.242332   0.31438
point 54 665 307.908 195.323   0.487105   -0.87665   0.933491   0.252712 -0.0725582   0.930018    0.79565  -0.206807  -0.164522  -0.466673
point 55 695 627.317 201.145   0.68129 -0.191418  0.400857 -0.419355  0.493224 -0.081355  0.971022 0.0855803  0.520872  0.780788
point 56 707 162.858 200.353   0.780444   0.793182   -1.02343   0.412099  -0.272371 -0.0278812   0.613145   0.574997  -0.537452   0.712597
point 57 722 358.716 149.927   0.49166 -0.592187 -0.227343 -0.732917 -0.839133 -0.896117  -0.34312  0.603385  0.485265 -0.123098
point 58 724 338.308 180.696  -0.93604  0.946327 -0.127992   -0.5351  0.920884 -0.638479 -0.117168 -0.329475 -0.372048 0.0814938
point 59 731 394.602 90.9436 -0.300741  0.421075  0.352227 -0.819756 -0.596296    0.9902  0.752364  0.762107  0.538889 -0.810293
point 60 741 246.433 219.189 -0.191472  0.268074  0.173635 -0.953943  -1.01846  0.228607  0.153872 -0.442135  -0.81421 -0.103557
point 61 743 74.2482 126.756   0.126397  -0.571807   0.908424   0.241347   0.715868  -0.286618  -0.438779 -0.0372296  -0.217147  -0.456087
point 62 745 282.562 132.549  0.987453 -0.461071 0.0956243  -0.70022  0.249709 -0.754828 -0.268938   0.17088  0.549797 -0.547039
point 63 750 604.264 237.266 -0.404056 -0.479423  0.483883  0.243863  0.170858  0.528257 -0.701311   0.74183  0.679284 -0.225314
point 64 763 339.226 119.243   0.13112  0.132679 -0.781495 -0.289957 -0.577478  0.861982 -0.112384  0.506201  0.340271  0.095064
point 65 775 186.517 130.205 -0.935914  -0.79346   0.99897 -0.810285 -0.635032 -0.921474 -0.858557  -0.89528  0.236206      0.27
point 66 801  136.77 148.915    0.426501   -0.364359    0.337414    0.484535   -0.392723    0.639328    -0.46543    0.670826   -0.200825 -0.00795274
point 67 818 257.759 185.865 0.0459211 -0.910433  0.122396 -0.387497 -0.739322 -0.293756  0.394892 -0.626018 -0.919136 -0.401445
point 68 819 509.477 197.207   -0.53309   0.458757  -0.776157   0.747387   0.988494  -0.024001   0.285467   0.746481  -0.376458 -0.0949353
point 69 855  282.04 115.311  0.0112876   0.898777   0.137785 -0.0867113  -0.878545   0.693992  -0.178832  -0.437135  -0.317067   0.924395
point 70 861 471.934 194.012  0.0537442   0.622336   0.859113 -0.0878653  -0.479294   0.262138  0.0623032   0.198175 -0.0415154  -0.450554
point 71 862 589.927 196.836 -0.786349  -0.37589 -0.725586 -0.168448  0.614836 -0.506621 -0.106679  0.315713 -0.925442 0.0444289
point 72 887 415.223 225.298  0.594602 -0.803136 -0.770991 -0.707895 -0.837442 -0.874298  -0.31959 0.0353581 0.0842846 -0.744913
point 73 903 629.044   36.33  0.757023   0.58443  0.939875  0.833242 0.0162169 -0.678144  0.209167 0.0473178 -0.905412 0.0554969
point 74 916 611.771 205.495 -0.312317  0.211315  0.199176 -0.399071 -0.715447 -0.494786  0.704985  0.288329  0.894823 0.0141221
point 75 918 488.468 208.063 -0.878894  0.127573  0.602087   0.18153  -0.37686 -0.806269 -0.598338  0.837019 -0.162269 -0.307679
point 76 925 365.977 175.488  0.751887  0.606326 -0.537784 -0.670623 -0.057591 -0.196748  0.438241  -0.29696   0.41031 -0.250713
point 77 931 380.333 153.772  0.761241  0.726272  0.414513 -0.183274  0.347332  0.583438  0.584648 -0.923785 -0.237862 -0.223843
point 78 936  548.21 132.323 -0.000277874    -0.397339      -0.4418    -0.310597     -0.49856     0.931665     0.130803     -0.71506      0.11708     0.117345
point 79 943 117.615 225.072  0.979086  0.312214  0.705238 -0.596449   1.02476 -0.338306  0.179803 -0.805475 -0.303573 -0.360031
point 80 958  620.25 154.003  -0.48646 -0.896829 -0.775033 -0.174138 0.0491032 -0.369046 -0.160803 -0.286712  0.452045 -0.925471
point 81 961 362.564 119.307  -0.377527   -0.46544   0.925727   0.546704   0.533451   0.590534 0.00649785 -0.0971563  -0.746299  -0.117548
point 82 962 544.946 206.783  -0.179759  -0.267321   0.881558  -0.753872  -0.831973 -0.0708649  -0.510703  -0.463448  -0.100382   -0.11221
point 83 965 538.669 158.994   0.916192   0.595508   0.499039 -0.0732498 -0.0041154  -0.484129   0.140328   0.592231   0.931048   0.206441
point 84 977 370.473 183.819 -0.488427 0.0219287  0.670239 -0.727091 -0.757016  0.809863  0.755469  0.982114 -0.183389  0.438477

