seq: 87
gt_pose:  0.288604 -0.439946  -1.72486
odom_pose:   1.19555 -0.502732  -1.64075
point 0 5 236.245 133.183 0.0176897  0.381287  0.100368 -0.924704  -0.12603  0.896105  0.867399  0.467731 -0.391444  0.521385
point 1 6  43.726 167.467 -0.706528   -0.1475   0.71067  0.636056 -0.331613 -0.503056   0.83033 -0.279151   0.38392  0.940249
point 2 23 252.871 150.813   0.854985   0.723047  0.0188458   0.193541   -0.71997  -0.483668   0.739934 0.00824018 -0.0573337   0.660001
point 3 24 309.403 175.222   0.376586   0.413062  -0.763928   0.201602 -0.0104607   0.682918   0.426322   -0.68311  -0.573591 -0.0351612
point 4 26 200.986 174.622 -0.900119 -0.790302  0.284493 -0.317493 -0.401805 -0.289437 -0.773384 -0.130104   0.88691  0.172039
point 5 28 561.383 194.551  0.269861  0.973309 -0.293527  0.760232 -0.733089 -0.143921  -1.00556  0.522102  0.556718 -0.363681
point 6 35 52.5602 208.456 0.0722872  0.805357  0.328897  0.595181  0.407255 -0.364479   0.32404 -0.948613 0.0880143  0.652559
point 7 38 97.5684 134.628 -0.670305 -0.658836 0.0156632  0.655158  0.383504  0.788737 -0.622741 -0.184443  0.457771  0.700804
point 8 43 369.821 225.646   -0.983674    0.423384    0.164018    0.587294    0.168666   -0.145178 0.000626032     1.02725   -0.915679    -0.84763
point 9 48 249.083 159.477 -0.276432 -0.997324  0.867408  0.245663  0.551512  0.755977  0.870974 -0.661469 -0.133077 -0.048035
point 10 56 101.334 198.952  0.274311 0.0544754  -1.01329  0.828919  -0.27954 -0.552966 0.0415366 -0.227625 -0.373543  0.351724
point 11 69 127.757 215.668  -0.390661  -0.745315   0.806972  -0.745598 -0.0855129  -0.475951   -0.63928  -0.473691   0.285616   0.872149
point 12 72 420.482 186.405 -0.793944 -0.392362  0.751556   0.18991 -0.742627  0.584394  0.505729 -0.198996 -0.251189 -0.184271
point 13 78 285.579  102.61 -0.869091 -0.839001  0.574086  0.791411   0.96153 0.0732662 -0.412449 -0.605206 -0.330358 -0.140908
point 14 114  639.56 147.351   0.488724  -0.912121   0.959347  -0.583488   0.141848 -0.0327608  -0.331906    0.40106  0.0608056   0.256258
point 15 116 191.456 227.829   0.917486   0.622604   0.397502  -0.461221   0.545796 -0.0911883  -0.335034    0.58679   0.322233   0.787589
point 16 118 157.424  197.57   0.882743   0.930627   0.648723  -0.484761 0.00923827   0.580588   -0.91651  -0.640767  -0.882651   0.670628
point 17 119 11.266 175.83  -0.36311 -0.387588  0.834184 -0.407068  0.737316  0.507376  0.899883 -0.498503  -0.78604  0.412555
point 18 129 489.576   153.6 -0.578202  0.762386  0.952931 -0.672741  0.197614 -0.656259  0.938531 -0.124072 -0.994115 -0.101843
point 19 138 158.509 231.161  -0.400524  -0.702412  -0.426407  -0.563571  -0.519698   0.138308   0.567759  -0.798962   0.194883 -0.0879554
point 20 146 369.405 143.277   1.02652 -0.503282 -0.695807  0.127282 -0.634448  -0.15797  0.937029 -0.541913  0.119203 -0.694979
point 21 152 85.1424 154.241  0.0871999   0.499666  -0.663127  -0.605946   0.936967  -0.508492 -0.0558301   0.669727   0.820352   0.262918
point 22 184 128.058  156.15 -0.251197  0.465605 -0.346404 0.0793188 -0.642033  -0.31896 0.0799912  -0.34389 -0.391099  0.320148
point 23 195 439.427 167.008  0.314992 0.0111638 -0.188375 0.0712103  0.639283 -0.220495  0.337999  0.574814 -0.400455 -0.178663
point 24 197 487.817 186.955 -0.835358  0.644172   0.10502 -0.260894  0.826934 -0.594213  0.821886 -0.405122  0.460146  0.402467
point 25 234  302.82 165.252 0.0554657 -0.166237  0.718109 -0.272637  0.806627 -0.490288  0.290131  0.243617  0.272417  0.453844
point 26 242 294.629   141.5  -0.842947 -0.0384944   0.131673   0.478582  -0.371555    0.58985   0.829614  -0.762727   0.434493   0.604057
point 27 252 57.3266 188.022  -0.438757 -0.0150662   0.726152  -0.201454    1.02006   0.909733  -0.133453  -0.131563  -0.913925  0.0463576
point 28 261 96.4485 203.349   0.891089   0.445461    1.02598  -0.291326  -0.182714   0.171187  -0.620478   0.921179  -0.369393 -0.0613392
point 29 277 293.337 130.012 -0.524743 -0.866748  0.298364 -0.805377 -0.991796  0.159013  0.146774  0.528807   0.43279 -0.929786
point 30 306 499.078 180.473   0.455405   0.145458   0.543533 -0.0882122   0.253439  0.0511881   0.323006   0.868726   0.664716   0.270486
point 31 308  544.43 195.739 -0.538757  0.950041 0.0382781 0.0220629  -0.80012 -0.502329 -0.853383  0.797642  0.337736  0.461332
point 32 309 442.523 194.915 -0.563825  0.985395 -0.957827  0.745656 -0.220536  0.194424  0.689831  0.613097 -0.214122  0.376375
point 33 326 318.492 185.156  0.489834 -0.500655  0.554946   0.24294 -0.935648 -0.345933 -0.427492 -0.680096  0.262676 -0.846765
point 34 330 614.873 229.992 -0.0537865   -0.58689   0.233216  -0.669725  -0.318063  -0.987605   0.791136   0.950667   0.242757   0.509918
point 35 334 434.136 179.403 -0.350035 -0.414252    0.9329 -0.742055   0.20979 -0.350185   0.17702 -0.851105  0.967371 -0.144608
point 36 350 497.714 136.899 -0.728351 -0.909588   1.02675  0.216541  0.423048  0.833569 -0.761271  0.710999 0.0801805  0.657398
point 37 359 283.653 102.449 -0.076678  -0.29741  0.643005 -0.592379  0.669555 0.0209675  0.235126  0.221163 -0.533677 -0.261858
point 38 364 242.919 134.066   0.126484   0.739747   0.628723  -0.660938   0.874979  -0.530441  -0.553458  -0.840179   0.122324 -0.0530723
point 39 369 441.554 232.588   0.363905  -0.482999  -0.867116   -0.52586   -0.43477  -0.544488  -0.379175  -0.524679 -0.0363408   0.102271
point 40 382   236.3 194.493 -0.749722  0.866964  0.946061 -0.938579  0.136999  0.564327  0.592458 -0.248626  0.252391 -0.162931
point 41 409 407.592 203.606 -0.445088   0.86643  0.308589  0.733569 0.0879158  0.611497  0.714148  0.142507  0.268309  0.887133
point 42 422 370.891 209.746 -0.0547427   0.482814   0.566217   0.383178   0.946169    1.00313 -0.0239565  -0.916312   0.427997   0.733852
point 43 425 91.5556 239.675 -0.451359 -0.408523  0.410425 -0.450434 -0.553377 -0.656076 -0.137796  -0.93459  0.909527  0.894659
point 44 444 129.363 182.565   0.543585  -0.880314   0.433947  -0.616667  0.0033019  -0.720685   0.961864   0.283306 -0.0942574   0.500677
point 45 446 83.2381 155.785    0.54105  -0.722242   0.546179     0.9078    -1.0003   0.159241    0.96265   0.485834   0.524807 -0.0242737
point 46 452 123.286 183.864  -0.872619   0.265649  -0.222277   0.725038    0.57293  -0.823986  -0.102753   0.273846  -0.339863 -0.0691867
point 47 468  123.17 174.878  0.529009 -0.270054 -0.454334  0.481612  0.149126  0.486309 -0.357634 -0.239677 -0.823118 -0.353913
point 48 470 281.209 237.317  0.472549 -0.100511 -0.653192  0.837459 -0.304583  0.882437 -0.410051  0.227722  0.372858  0.793851
point 49 472 450.368 122.146  -0.924564  -0.114052   0.656364  -0.220413   0.944663  0.0444865   0.716669   -0.73867 -0.0753289  -0.638123
point 50 475 273.604 217.746   -0.939778    0.141159   0.0770872    0.612175   -0.361079   -0.384906   -0.129642 -0.00640597   -0.664284   -0.261318
point 51 482 90.5033   215.4   0.55123  0.438477  0.284254  0.228335 -0.322237 -0.531313  0.231829  -0.26496  0.243741 -0.339237
point 52 484 187.676 195.024  0.808377  0.658229   1.00381  -0.73613 -0.600797  0.493942  0.681465  0.606368 -0.318964 -0.768929
point 53 492 274.853 146.668  0.506113  0.510768 -0.675907 -0.418893 -0.503196  0.656103 -0.504644  0.812786 -0.803428 -0.567979
point 54 497 393.203  207.66   0.507814  -0.449157   0.635117  -0.256895  -0.607957  -0.145158  -0.544183    0.22521  -0.667202 0.00308396
point 55 508 242.809 155.425  0.643964  0.633712   -0.2438 -0.148701 -0.759262  0.804316 -0.807195  0.199041  -0.73379 -0.808565
point 56 529 311.253 150.545  0.453227 -0.418865 0.0871355 -0.315376  0.669034 -0.173862 -0.858882  0.767829 -0.167733 -0.409166
point 57 559 625.453 181.759 -0.462947   1.02404   1.03135  -0.66591 -0.136345  0.748612  0.574694 -0.678034 -0.558516  0.835636
point 58 560 246.812 203.798  0.916825  0.436348  0.537856  0.757233  0.279569  0.465823 -0.764405 0.0106344 -0.484806  0.388897
point 59 565 237.991 238.852 -0.941478  0.949675  0.457388   0.30694 -0.559873 -0.605085  0.860196  0.836329 0.0345534  0.541028
point 60 568 314.834 153.148 -0.921968 -0.640095  0.954174 -0.619832  0.425325  0.497928 -0.993628 -0.814623 -0.746591  0.165966
point 61 574 598.522 174.755  0.803159  0.331854 -0.672549 -0.205793 -0.484933 -0.731579   -0.6507  0.895397 -0.332369  0.166631
point 62 597 290.255 161.726 -0.714663  0.723621  0.818536 -0.114598 -0.308034  0.541874  0.874103  0.923057  0.409311 -0.329575
point 63 639 132.025 215.944  -0.822229   0.767747  -0.325275  -0.375673   0.816835   0.661298 -0.0277443  -0.864849  0.0553416  -0.636188
point 64 642 417.887  168.25   0.81351 -0.188521  0.243353   0.67494  0.592168 -0.670956  0.355345  0.502888  0.729627 -0.442267
point 65 648 594.752 212.192  0.0713461   0.405012  -0.773555  -0.975239  -0.740393 -0.0470247   0.692558  -0.981229  -0.306548  0.0767961
point 66 651 229.959 164.918  0.895184  0.562728 -0.515359  0.252313 -0.524352 -0.944429 -0.915187  0.336088 -0.235025 -0.442422
point 67 664  31.764 187.202 -0.507146 -0.910779  0.316366  0.883349   -0.2999 -0.388515 -0.408788  0.351919 -0.142796  0.312258
point 68 679 589.121 198.247  0.994426 -0.206663   0.17762  0.722196  0.898874 -0.465854 -0.340202  -0.36693  0.872787  0.906265
point 69 695  226.34 176.522   0.699843  -0.254169     0.3309    -0.3967   0.476911 -0.0820891    0.90723  0.0789851   0.493941   0.854182
point 70 706 627.743 186.809  0.964348  0.627249 0.0658985  0.747463 -0.904306   0.69286   -0.2097  0.509624 -0.471241    0.3647
point 71 720 540.148 114.364  0.308326 -0.615057   0.48188  0.339799 -0.743746 -0.949304 -0.608365 -0.911829  0.518409 -0.733527
point 72 731 89.0576 225.819 -0.356454  0.387878  0.296213 -0.869907 -0.639892  0.967245  0.737419  0.834342  0.578037  -0.81763
point 73 748 561.209  208.69 -0.936487  0.139102 -0.423311 -0.910676 -0.500894  0.161149 -0.214246  0.913459  0.713959 -0.355763
point 74 751 328.498 222.443  -0.379296  0.0425897  -0.463103   0.888054  -0.558952 -0.0171642    0.11403  -0.959233   0.208123  -0.400025
point 75 755 427.388 236.949  0.0763045   0.138917 -0.0234532    0.76836   0.459316  -0.486691   0.337196  -0.289548  -0.445986   0.562316
point 76 760 460.791 184.136  0.803792  0.151363 -0.400114 -0.763408 -0.564319   0.38564 -0.717546  -0.68403  0.874019 -0.283936
point 77 763 201.885 180.977  0.154139  0.104844 -0.841439  -0.24934 -0.620552  0.902039 -0.121512  0.471986  0.403741  0.116659
point 78 767 492.829 237.836 -0.0623569  0.0162103  -0.107784  -0.725353   0.334472  -0.132104   0.144063  -0.110662   0.297835   0.679585
point 79 769 586.774 127.849 -0.898278  0.728823 -0.630028 -0.318508 -0.275338  0.341568  0.786283  0.537178   0.60417 0.0963909
point 80 774  419.18 221.918   0.271398 -0.0520409 -0.0981512   0.624529  -0.167333  -0.313349   0.186375   0.234456   0.110973  -0.266233
point 81 783 456.374 216.617  0.988671 -0.427524  0.565785  0.864574  0.868017 -0.641044 -0.915547 -0.442793   0.21047 0.0559878
point 82 791 130.565 192.814  0.702454 -0.581582 -0.780576 -0.566855  0.932728 -0.469885  0.392257  0.612342  0.541835 -0.465835
point 83 797 56.8278 25.3772  -0.692564  -0.620796   0.677476  0.0471789  -0.242731  -0.555206 -0.0949659   0.496934  -0.104043   -0.33686
point 84 819  279.15 186.896  -0.494718   0.380886  -0.731686   0.787975   0.942248 -0.0362785    0.31879   0.740033  -0.398937  -0.135467
point 85 821 77.6192 186.131  0.379077  0.289502 -0.595743 -0.885351  0.878202 -0.223736  0.485551 -0.846906 -0.393904  0.411374
point 86 836  575.05 204.186 -0.728412 -0.668782 -0.205936 0.0200367  0.609331  0.270328 -0.370441  0.638975  0.224761 -0.972891
point 87 852 492.814 172.252  -0.427512  -0.280009    1.00952   0.293558 -0.0379745  -0.614242  0.0774822   0.828706   0.756159   0.636508
point 88 861     401 161.098  0.0639213   0.690373   0.791049  -0.170181  -0.469582   0.245479   0.018686   0.165083 -0.0497492  -0.430951
point 89 862 377.878 129.237 -0.806665 -0.286157 -0.742463 -0.174632  0.624098 -0.537113  -0.10953  0.382713 -0.986101  0.097127
point 90 887 328.821 223.249  0.576966 -0.753664 -0.780481  -0.73166 -0.842573 -0.895229 -0.369988 0.0631015 0.0791031 -0.766338
point 91 888 556.428 82.1363 -0.664869   0.77995  0.473884  0.558557  0.343234 -0.907377  0.644351   0.88394  0.175353 0.0283103
point 92 894 532.509  173.48  -0.206763  -0.588988 0.00333852   0.708508  -0.660264  -0.724209   0.830521  -0.337037  -0.942194   -0.86766
point 93 903 91.8337 185.577   0.806031   0.516265   0.940543    0.82735 -0.0420946  -0.708062   0.222077  0.0593666  -0.935165 -0.0136305
point 94 904 16.2784 187.503  -0.471925  -0.155095  -0.482513    0.59679   0.356389  0.0805659   0.814417   -0.83114 -0.0790573  -0.781446
point 95 915 500.036 218.333   0.179681   0.601858   0.115548 -0.0523698  -0.747552     0.3091   0.937972  -0.495517 -0.0958728  -0.339994
point 96 918 142.182 226.827 -0.841285  0.162973  0.543051  0.183489 -0.374847 -0.791852 -0.627908  0.920056  -0.13938 -0.303022
point 97 923 579.544 214.735  -0.767362  0.0680586   0.764819  -0.333205   0.384446 -0.0627946   0.824846  -0.882405  -0.375561  -0.011666
point 98 931 230.916 183.657  0.732423   0.76992  0.359692  -0.11063  0.338466  0.547848  0.530334 -0.913606 -0.257129 -0.147657
point 99 936 312.537 60.1283 0.0338306 -0.378997 -0.430214 -0.335524 -0.478259  0.945263  0.120292 -0.724329  0.113715  0.129723
point 100 961 221.678 168.686  -0.329641  -0.442029    0.97351   0.562044    0.52096   0.588606  0.0126543 -0.0423001  -0.721761  -0.159264
point 101 962 587.538 124.246  -0.178822  -0.252928   0.916971  -0.741555  -0.822368 -0.0847088  -0.496291  -0.509974 -0.0539592   -0.10759
point 102 965 341.415 94.7062  0.891823  0.555646  0.544883 -0.036066  0.015973 -0.442659  0.128942  0.613623  0.917315  0.203169

