seq: 191
gt_pose: 0.429836   3.2178 0.289141
odom_pose:   0.5023  2.39433 0.243324
point 0 0 604.019 193.575  0.565066  0.846882  -0.63992 -0.357349  0.506614 -0.454114  0.132191 -0.051351  0.281805 -0.248856
point 1 3 508.069 189.203 -0.241384   0.76929 -0.459972 -0.337632  0.579407   0.81799 -0.820122  0.857861  0.072439 -0.835642
point 2 21 364.785 114.052   0.52789 -0.425483 -0.356512 -0.630811  0.925868  -1.00674  0.629897 -0.386178 -0.659262 -0.132239
point 3 36 424.389 231.428 -0.247706  -0.29317  0.406089  0.569647  0.360351 -0.705739 -0.928025 -0.893901  0.403808 -0.644515
point 4 37 301.014 214.209   -1.0472 -0.948058 -0.373038 -0.502908   0.35871  0.745552  -0.63379  -0.27895   0.37433  0.732355
point 5 40 84.5149 167.181   -0.37033   0.714624   0.200408   0.290333   0.524339   0.580079   0.540715  -0.443625   0.238857 -0.0936414
point 6 42 598.996 141.288 0.00567125  -0.743728 -0.0226286  0.0146255  -0.856172   0.581181  -0.198246   0.278331  -0.114299  -0.697235
point 7 44 518.357  124.16  -0.527153   0.242495    0.85235   0.475632 -0.0683357  -0.119577    0.68137   0.865172   0.889462   0.768018
point 8 49 392.415 171.905 -0.705144 -0.391994  0.750259 -0.311666  0.785882  0.536818 -0.012875 -0.466112  0.915629 -0.739735
point 9 53 323.613 194.234  0.781831  0.341345 -0.320446 -0.948769  0.525251  0.600079    0.3508  0.338129  0.854811 -0.389291
point 10 61 287.833 168.809  0.196312  0.502632  0.504293  0.839556 -0.827729  0.548083  0.940581  -0.78738 -0.467561 -0.532007
point 11 77 290.032  228.02  0.111784 -0.971484 -0.501052 -0.651384  0.409848 -0.113207 -0.570383  0.314794 -0.525178 -0.272106
point 12 89  300.77 231.755  0.550697  -0.65703 -0.322479 -0.311145  0.266365 -0.666978 -0.548702 -0.956923  -0.73047 -0.203994
point 13 106 266.291 234.751 -0.180612  0.961355  0.106892 -0.125991  0.462358   0.12938 -0.164773 -0.947187  0.527393 -0.158492
point 14 113 531.825 165.125 -0.0652163  -0.558072   0.605625  -0.916129   0.549727  -0.356831  -0.880475   0.674952   -0.23808 -0.0290597
point 15 115 478.702 161.969 -0.703038 -0.787002  0.402499  0.480951 -0.013998 -0.586029  0.932881 -0.511999 -0.433675  0.501541
point 16 120 423.685  180.81  -1.00693  0.173542  0.670176 -0.586415  0.589626  0.536371 -0.684891  0.309808 -0.872603  0.271518
point 17 134 329.416 171.588 -0.292066   0.15017   0.45083  0.851584  0.666231  -0.34293  0.962587  0.816136  0.562468 -0.772702
point 18 140 351.432 191.113   -0.47652 -0.0674726   0.592549   0.108801    0.79362  -0.802939   0.425727  -0.578954  -0.394167   0.920569
point 19 157 244.658 237.451 0.0387753  0.115226  0.636285  0.446855 -0.745844 -0.956276  0.222643  0.630507 -0.739485  0.454818
point 20 158 367.318 117.877  0.521259  0.393833  0.273641 -0.320847 -0.107455 -0.427886  -0.72681  0.185077  0.938761 -0.637701
point 21 161 287.801 175.279    0.43536   0.964506 -0.0569445  -0.441382  -0.412269  -0.820004  -0.423745  -0.313827 0.00561664   0.634213
point 22 170 368.064 237.051 0.0994012 -0.314727  0.276213  0.150337  0.830127 -0.205907 -0.901055  0.700999  0.401622  0.718947
point 23 180 150.972 161.908 -0.181085 -0.480331 -0.676938   -0.7317  0.116885  -1.02489 -0.130046 -0.160229 -0.142016 -0.225681
point 24 190 139.518 229.318   0.390327   0.642462 -0.0831725   0.804767   0.483176   0.549921  0.0973726  -0.826769   0.337316   -0.45133
point 25 191 178.754 219.046   -0.880527    -0.86327   -0.863941    0.745931  -0.0672373   -0.925944   -0.258024 -0.00121142   -0.764245    0.565529
point 26 214  129.91 185.694  -0.685958  -0.485107  -0.737784  -0.151014   0.158559 -0.0745755   0.784688  -0.771007 -0.0111235  -0.457812
point 27 217 626.933 160.996 -0.400175   0.31163 -0.989675  0.245132  0.177985 -0.955894  0.671245 0.0524724 0.0823864 -0.727107
point 28 239  113.54 186.926  -0.38858 -0.912846 -0.831514  0.198622  0.641973  0.127823  0.208966   0.29403  0.176691 -0.605795
point 29 264 93.8108 177.227   0.994613  -0.170946  -0.389336 -0.0736398   0.238984   0.691344  -0.781691   0.893712  -0.804222  -0.839425
point 30 304 331.003 66.7576  0.538971 -0.586974 -0.368433 -0.411924  0.942872 -0.253227  0.656607  0.546255 -0.578411 -0.387818
point 31 310 228.693 170.834   0.57781  0.133842 -0.679729  -0.81135  0.676399 -0.253674 -0.833809 -0.385246  0.836016 -0.654176
point 32 315  391.77 204.605 -0.870122 -0.334877 -0.956145 0.0956117 -0.349629  0.129356 -0.539136  0.748895 -0.725669  0.927091
point 33 320 200.496  224.74  -0.125982   0.633672    1.03058 -0.0397831   0.582219    0.20761  -0.027465 0.00227496   0.197336    0.29258
point 34 324 132.116 181.377  0.0730651   0.405265  -0.707429  -0.419056   0.613784 0.00206898   0.441756  0.0655953   0.268596   0.372236
point 35 325 442.419 209.318 -0.218048  -0.28667 -0.636363  0.144091  0.254727 -0.293134 -0.230759 -0.461452 -0.628754  -1.00383
point 36 343 334.939 226.372 -0.0365644  -0.958759  -0.359778  -0.859163  -0.179597 -0.0364572   0.255621  -0.934395   0.577512  -0.402037
point 37 353 506.545 165.865  -0.520106  -0.201175   0.995176  -0.328361  -0.307855    0.29735 -0.0628926  -0.587753  -0.426798   0.150814
point 38 393 1.28645 193.542   0.587241    0.12508  -0.291414    0.25659   0.964122  -0.152497   -0.70499   0.131036   0.809823 -0.0127822
point 39 396 412.494 159.121   0.26671 -0.752905  0.876638  0.685165 -0.387878  -0.33503 -0.816028 -0.373846  0.381226  0.646562
point 40 403 623.395 220.151  0.205255  0.654796 -0.495721  -0.55922 -0.590073  0.456988   1.01191  0.638686  -1.00974 -0.616336
point 41 439 110.006 197.565  0.249446 -0.477172 -0.814841   0.22682  0.344704  0.719006 -0.344874  0.245112  0.060285 -0.162397
point 42 440 162.224  159.72 -0.869358 -0.903601  0.137984  0.894693 -0.591098  0.419127  0.756126 -0.218195  0.382588 -0.553723
point 43 442 597.252 235.128 -0.143721  0.654077 -0.657539  -0.36574  0.562732 -0.575984 -0.285026 -0.369003 -0.651421  0.104893
point 44 449 254.614 167.912 -0.0275037  -0.391148   0.793401  -0.519187 -0.0507118  -0.545051   0.490133   -0.03322  -0.289759  -0.249361
point 45 450 8.44301 75.1544   0.479739    0.22507   0.709538  -0.537075   0.994047   0.563997 -0.0229635  -0.837574   0.837522   0.710157
point 46 458 130.761 168.723  -0.83747  0.172898 -0.766604  0.388238   0.58945  0.373739  0.748268   0.10643  0.881886 -0.548695
point 47 533 587.415 164.955  -0.664936  -0.196921   0.580247  -0.216631  -0.690066  -0.782256   0.596372  -0.210958   0.658391 -0.0368269
point 48 569 135.948 195.957 -0.022658 -0.734486  0.383127  0.191141 -0.254577   0.44384  0.387301 -0.558234  0.916626 -0.406067
point 49 581 363.237 239.505  -0.725839  -0.519036  -0.285762   0.989559  -0.997815  -0.135786  -0.111698   -0.77478   0.841135 -0.0955646
point 50 588 592.255 229.048 -0.266342  0.113865 -0.419468 -0.604801  0.605383  0.589536 -0.558675  0.295867 -0.194535  0.163917
point 51 591 608.842 18.3965   1.01219 -0.651521  0.592836  0.109136 -0.438649 -0.289805  0.921817  0.229759 0.0343568 -0.539717
point 52 603 320.373 158.355    1.0407  0.616654    0.7301  0.272823 -0.812218  0.428947  -0.81818  0.764651 -0.585947  0.621235
point 53 627 256.691 143.807 0.0300245  0.914794 -0.585642 -0.535759 -0.827277  0.365009 -0.780559 0.0650577  0.245869  0.583773
point 54 628 217.531 213.521 -0.659347 -0.120643  0.175691  -0.32084 -0.213056  0.835647  0.581087 -0.368452  0.513534  0.880836
point 55 640 118.002 217.507 -0.012299  0.764701  0.925251  0.452953  0.131525 -0.397762  0.558752 -0.285465 -0.179929 -0.187488
point 56 646 590.892  220.79 -0.359436  0.634796  0.779427  0.750562  0.330514 -0.709869 -0.291462  0.856966  0.271852  0.443974
point 57 655 530.764 195.781 -0.154842  0.666428  0.487662  -0.58219 -0.606608 -0.478044  -0.93176 -0.686727 -0.810486   0.83734
point 58 658 511.497 192.971  0.371745 0.0342014 -0.132161 -0.338276  0.227192  0.974343  0.615482  0.620587 -0.794067  0.574343
point 59 678 106.995 115.195  -0.800685  -0.880913  -0.382412   -0.36504  0.0694857  -0.962686  -0.911201 -0.0970544    0.25655  -0.286857
point 60 704 219.225 197.087   -0.3433  0.120681  0.349829 -0.157569 -0.548747  0.816849  0.598032 -0.906989 -0.463747  0.705511
point 61 717 310.123 183.913  0.954102  0.646284 -0.863536 -0.265611 -0.342952 -0.663228 -0.624959  0.686944  -0.38196  0.633625
point 62 768 578.036 199.162 0.0149361  -0.13199  0.164586  0.367501 -0.685961  0.305384 -0.169288  0.420807  0.766097  0.636072
point 63 771 632.543 220.016   0.19951 -0.390826  0.809315  0.963915 -0.643894  0.903829  0.716924 -0.252528 -0.400087 -0.601752
point 64 804 417.617 205.154 -0.822835  -0.76504 -0.713922 -0.606815  0.535326  0.741493 -0.151679  0.435966 -0.518817  0.146635
point 65 806 447.426 224.507  0.834832 0.0377688 -0.535486  0.084759 -0.694446 -0.343258  0.361798 -0.391785  0.121435 -0.114768
point 66 837 484.775 130.702 -0.0860701  -0.257845  -0.555874  -0.355137  -0.764866   0.171893  -0.480943   -0.35534  -0.799051  -0.403815
point 67 846 385.371 232.304   0.466946    0.24776   0.356411  -0.837739  -0.949648 -0.0510795  -0.689644  -0.286965  -0.349139   0.237244
point 68 853 104.81 164.27 -0.371588  0.832344  -0.60462 0.0166054  0.136314 -0.756588 -0.285715 -0.446818 -0.804323 -0.697219
point 69 868 234.712 202.773    0.652544   -0.340158   -0.910039  -0.0275185   -0.673478   -0.370737    0.914826   -0.880841 -0.00995579     0.55934
point 70 878 467.901 220.266  -0.958244  -0.029351  -0.933233  0.0561454 0.00723363   0.422527   0.347513    -0.1293  -0.760609  -0.539993
point 71 886 451.045 164.803 -0.401462 -0.862566 -0.513898 0.0784203  0.366474    1.0054   0.93183  0.896281 -0.696811 -0.878111
point 72 892 539.028  153.76   0.323777  -0.928102  -0.758023   0.726107   -0.71285   0.675832  -0.686556   0.156494   0.898832 0.00935132
point 73 897 83.212 153.19   0.203112   0.862179    1.02727   0.619004   0.105274  -0.800335 -0.0756967  -0.230751  -0.907387   0.239958
point 74 898 473.407 233.919   0.779023  -0.623027   0.275146 0.00649403  0.0326562  -0.311611   0.571625  -0.482226  -0.149263   0.466387
point 75 905 392.709 118.433  -1.01394  0.150307   0.51116 -0.421165  0.664602  0.272174 -0.833311  0.686614   0.10403  0.152721
point 76 907 115.058 218.908  -0.71318 -0.976765 -0.943558  0.586822 -0.759404 -0.894818 -0.309262  0.711023 -0.247744 -0.607997
point 77 910 415.141 161.568 -0.961396  0.646171  0.429532 0.0181485  0.675019  0.457562 0.0336695  0.614855  0.747422  0.348867
point 78 920 389.085 210.354 -0.913193   0.67517 -0.380321 -0.374732 -0.436671 -0.174853  0.836698 -0.805978  0.986858 -0.535186
point 79 926 398.778 228.519 -0.763629  -0.82598  0.918617 -0.890988 0.0439574 -0.537006 -0.388288 -0.728927 0.0458952  0.518153
point 80 928 517.324 181.987 -0.173245  0.903698 -0.807175 -0.888283 -0.274883 -0.576216 -0.644473 -0.347738 -0.485142  0.281738
point 81 939  478.72 203.429 -0.378758  -0.72919  0.566874  0.846872  0.241967 -0.884516 -0.718783  0.685648  0.166173  0.832121
point 82 947  82.632 132.511 -0.377307  -0.97287  0.787794 -0.552659  -0.52521  0.865114  0.600853 -0.784174 -0.851628   0.74544
point 83 972 87.0404 74.9374 -0.734382 -0.483078  0.952338 0.0261832 -0.983943 -0.524113 -0.763667 -0.300134 -0.703572  0.712721
point 84 989 562.721 234.962  -0.661929   0.296951   0.448162  -0.621775 -0.0742574   -0.60512  -0.190213    0.47563   0.542582   -0.45793
point 85 997 335.88 213.73    0.92076  -0.928452 -0.0847502   0.810644  -0.450972  0.0222015   0.623841  -0.862832  -0.211047   0.673251

