seq: 71
gt_pose: -0.320516   2.66643  -1.53714
odom_pose: 0.356658   2.5454 -1.50124
point 0 0 59.8781  197.68   0.628398   0.863736  -0.645926  -0.285949   0.585825  -0.471547    0.10743 -0.0625773   0.289031  -0.298538
point 1 5 286.089 202.506  0.0391938   0.364815  0.0304504  -0.961354 -0.0985763   0.850881   0.858042   0.434434  -0.460301   0.502322
point 2 14 227.524 201.203 -0.777569 0.0907536  0.507244 -0.388222   0.94381  0.145631  0.721114    0.5441  0.256435 -0.910323
point 3 17 71.8565 96.4156   -0.45648  0.0723463   0.447814  -0.781031 -0.0832947   0.193722   0.903948 -0.0749364  -0.286027    0.69197
point 4 31 50.5491 73.2174  -0.346307    0.78284 -0.0708623     -0.698   0.234937 0.00361112   0.237421   0.154294  -0.538042   0.680299
point 5 34 566.771 208.769 -0.094828 -0.570211 -0.228684 0.0455032 -0.669568  0.119968 -0.949341 -0.202699 -0.228012 -0.419069
point 6 57 169.748 195.131  0.412079 -0.293126 -0.570704    0.4834 -0.500279  0.391135  -0.94402  0.739055  0.702037  0.216421
point 7 72 356.635 218.156 -0.803219 -0.356241  0.709169  0.236579 -0.786956  0.647346  0.522933 -0.248183 -0.218738 -0.243381
point 8 78 298.709 211.526   -0.874119   -0.776536    0.604648    0.732793    0.937923 -0.00055543   -0.397499   -0.603591   -0.237712   -0.130425
point 9 80 465.039 232.808 0.0209354  0.489518  0.922769  0.924007 -0.808459 -0.942801 -0.913367  0.783876  0.814033 -0.892865
point 10 90 540.239 196.284 -0.787667  -1.01328  -0.74007  0.463605 0.0928845 0.0722239 -0.546956 -0.545438  0.112485  0.750844
point 11 92 365.529 196.606     0.19649    0.755812   0.0712559    0.902991    0.336236    0.245218    0.936237    0.610069   -0.178337 -0.00886418
point 12 109 285.257 222.604  -0.521982   0.934745  -0.817234  -0.428649   0.503541 -0.0778174   0.674292   0.644849  0.0289061   0.288602
point 13 110 79.2272 97.5894  0.865856  0.964171 -0.580412 -0.286643  0.113789 -0.701216 -0.565717  0.632665  0.689084   0.21313
point 14 111 466.769 208.695  0.0187035    1.02604  -0.840687  -0.894045 -0.0867582  -0.338204   0.898312 0.00271213   0.208868   0.489102
point 15 123 280.154 151.191  0.133676 -0.830761 -0.193545  0.390965  0.876276  0.686976  0.202747 -0.199313  0.351245 -0.586658
point 16 131 598.677 161.486  -0.943957   0.106356  -0.568882   -0.33214 -0.0483099   -0.11153  -0.478611   -0.13951   0.193849   0.728881
point 17 159 92.5022 154.084  0.240004  -1.01183 -0.862005 -0.137027 0.0154226  0.146245  0.964037 -0.342983 -0.453534 -0.743273
point 18 165   192.1 156.105  0.443345 -0.803861  0.383356  0.560409 -0.762598  0.661772 -0.617034  0.788877   0.38412 0.0312786
point 19 166 476.594 159.522 -0.582357  0.391082 -0.555855 -0.506809 -0.703848  0.287113 -0.721211 0.0717065  0.118361 -0.633253
point 20 176 133.485 137.113  -0.780112   0.868504 -0.0875525 0.00578018   0.376085  -0.479339  -0.879923   0.291587   0.696529   0.148143
point 21 177 21.0816 199.141  -0.714103  -0.130629  -0.544123   0.429988   0.147446  0.0858746 -0.0307617  -0.619678   0.515847  -0.256284
point 22 179 45.2514  188.38 -0.0210739  -0.864618   0.126284   0.763913   0.702644   0.331863  -0.306939  -0.750192   -0.23978   0.827425
point 23 184 259.579 217.195 -0.227254  0.473473 -0.367165 0.0466171 -0.626699 -0.310584  0.130061 -0.419799 -0.447136  0.325432
point 24 198 187.761 237.317  0.935449  0.591568 -0.305741  -0.52772  0.954562 -0.791374  0.854793 -0.933312  -0.67048  0.315163
point 25 200     285 172.115   -0.45358   -0.77539   0.676125   0.327894   0.201783   0.526983 -0.0762324   0.844011    0.95596 -0.0689957
point 26 202 29.7132 108.231 -0.510492 -0.160825  0.202057  0.355481  0.132195  0.772335  0.644717 -0.228178  0.112781 -0.115791
point 27 206 91.6063 161.007   0.711325 0.00768898   0.646843   0.908908  -0.808346  -0.645821   0.760861  -0.278128  -0.961954   0.741316
point 28 216 347.575 185.099  -0.666048   -0.90241    0.88751  -0.828741  -0.592224  -0.908583  -0.345086   -0.22894 -0.0542752   0.860033
point 29 218 588.367 231.362 -0.169246  0.716538  -1.00014  0.762956 -0.803129 -0.623177  0.860043 -0.964484 -0.495402 -0.770131
point 30 245  346.36 174.055 -0.629523 -0.374167  0.399838 -0.653425 -0.534734   0.36132   0.89289 -0.702705  0.174857  0.822633
point 31 251 429.105 207.422 0.0465248 -0.515576  0.188784 -0.813034 -0.465203 -0.076408 -0.467369  0.230443 -0.107476  0.370824
point 32 259 128.437 209.615  0.145213  0.714949  0.109886  0.467297 -0.424848 0.0192259 -0.746225  0.408822 -0.861138 -0.590709
point 33 262 339.921 167.862 0.0383808  0.299035 -0.346917  -0.56855  0.997876  0.948572 -0.929303 -0.343338  0.383785 -0.350819
point 34 280 23.0787 226.458 -0.238258 0.0997966  0.568373 -0.167865 -0.301729 -0.358626  0.775404  0.823656 -0.132889   0.78432
point 35 286 165.165  189.41 -0.803513 -0.519249 -0.432325 -0.200366 0.0598975  0.299151  0.831882 -0.848576 -0.977481  0.741982
point 36 289 4.77909 184.847   0.86487  -0.48506  0.374477  0.954922 -0.800249  0.925381 -0.680137  -0.43278  0.991436 -0.353743
point 37 290 60.7285 178.071 -0.689239  0.874879 -0.801769 -0.444212 -0.708061  0.551416 -0.877753 -0.811327  0.551972 -0.939801
point 38 296 185.014 154.493 0.0194145 -0.606293 -0.314933  0.284261 -0.241677  0.611355 -0.682425  0.920829 0.0311786 -0.338555
point 39 301  232.47 209.456  0.143493 -0.468606  -1.03043  0.436664 -0.966558 -0.713646 -0.618975  0.464795 -0.726111  0.091972
point 40 303 260.597 129.147   0.130028  -0.769368  -0.560334  -0.933071 -0.0535395   0.576358   -0.44867 -0.0797058  -0.070562  -0.381757
point 41 313  120.14 123.309   0.105023   0.365424   0.191925  0.0932909   0.433042   0.730252  -0.378497   -0.60896 -0.0499775   0.400028
point 42 316 99.0195 178.831  -0.647388  -0.726141  -0.965174  -0.527276  -0.501401 -0.0276166  -0.406684  -0.168314   -0.25618  -0.653135
point 43 319 130.042 168.288 -0.989991  0.208991  0.623305     -0.19 -0.700743  0.172794  0.730263   -0.2741  -1.00902  0.406521
point 44 331 512.201 208.552  -0.366627  -0.223997  -0.251036   0.133936 -0.0373437   0.956265   0.833806  -0.513004   0.756396   0.827335
point 45 334 358.661  216.48 -0.360892 -0.374604  0.975129 -0.686547   0.25687 -0.310822  0.117378 -0.810232  0.968652 -0.172937
point 46 352 365.022 198.401   0.578113   0.377754   0.385739   -0.74024   0.588997   0.716655  -0.675644   0.553187 -0.0944768   0.809124
point 47 358 550.829 177.473   0.698181  -0.260043 -0.0735235   0.951711   0.221331  -0.780265   0.337906   0.417674  -0.925977   0.734966
point 48 364 289.853 214.779  0.0860592   0.741818   0.693088  -0.659134   0.932558  -0.518996  -0.612291  -0.842241   0.074643 -0.0106241
point 49 367 9.10261 2.02633  -0.733266  -0.851954   0.867732  -0.461724  -0.488127   0.723252  -0.370838 -0.0447485   -0.57252  -0.829232
point 50 387 299.291 94.9903  0.726926 -0.687075   0.54898   0.97226 -0.720053 -0.194407 0.0453825 -0.914787  0.635415  0.655739
point 51 389 573.256 190.682  0.369655  0.845224 -0.383214 -0.534945  0.281323 -0.717267 -0.206623 -0.165138 -0.668584 0.0622103
point 52 398  188.86 226.146  -0.82034  0.930658 -0.642358  0.449585  -1.00126  0.545949  0.701877  0.874183   0.30836 -0.760125
point 53 403 68.4832 223.123  0.189055  0.655315 -0.481786 -0.600536 -0.644516  0.507593  0.983094  0.685846 -0.990168 -0.538644
point 54 425 270.277 239.953 -0.411399 -0.342225  0.410531 -0.515181  -0.52961 -0.614685 -0.164027  -0.96127  0.939193  0.807318
point 55 442  56.441 235.442 -0.145814  0.612716 -0.742665 -0.365043  0.560623 -0.596978 -0.290161 -0.373239  -0.63843  0.124471
point 56 448 80.9308 205.073  0.813294 -0.470509 -0.790244 -0.612368 -0.332316   0.74078 -0.397672 -0.703961   0.61133 -0.436298
point 57 463 193.031 166.391  0.563791 -0.105685 -0.284576  0.541453 -0.836774  0.294374  0.933434 -0.830527 -0.806426 0.0476422
point 58 469  168.37 163.673 -0.108969 -0.788221  0.978894  0.941355 -0.116919  -0.49353 -0.785693  0.761047  0.175147 -0.920883
point 59 472  347.05 205.517  -0.873402 -0.0739211   0.636056  -0.242564   0.895744  0.0856082   0.665975  -0.657663  -0.067754  -0.616809
point 60 491 243.691 121.514 -0.772212  0.855739 -0.323479  0.603448  -0.50562 -0.134744  0.553762 -0.291359 -0.221386  0.729787
point 61 503 454.275 194.642  0.331513 -0.116308  0.714256 -0.982054 -0.154873   0.13669 -0.236263  0.619718  0.974009 -0.977569
point 62 514 418.421 153.007  0.415665 -0.833049 -0.861129  -0.41294 -0.936332 -0.461688  0.607244  0.816982  0.179079  0.206951
point 63 519 156.032 117.848   0.42051  0.473675  0.560417  0.136201  0.727384 -0.809867  -0.84247   0.86049 -0.360663   0.50419
point 64 533 20.7465 162.527  -0.655624  -0.242523   0.561572  -0.276696  -0.709559  -0.709132   0.601012  -0.248121   0.722407 -0.0745223
point 65 541  385.13 228.179  0.394492  -0.81332  0.809014  -0.30348 -0.654177   0.69817  0.768023 -0.555217  -1.01761  0.236721
point 66 543 532.224 210.174  -0.337467  -0.718411   0.572918   0.619446   0.288301 0.00498846   0.878297   0.126755    0.63219  -0.741165
point 67 553 608.803 193.852  0.253815 0.0158956  0.815363  0.197126   0.62409  0.145642   0.50914   1.01556 -0.972272 -0.202975
point 68 555 497.714 229.315  0.324541  0.313859  0.288783  -1.01811 -0.029472 -0.466942 0.0113546 -0.223388  0.759894 -0.340573
point 69 559 471.561 210.433 -0.512824  0.961944   1.00151 -0.653315 -0.199349  0.778318   0.52848 -0.615086 -0.522362  0.827396
point 70 568 307.975 216.518 -0.923032 -0.600383  0.957881 -0.601326  0.439422  0.549747 -0.946297 -0.792667 -0.740931 0.0950793
point 71 573 125.121  148.11  0.904028  -0.25471  0.220982 -0.421347 -0.293362 0.0820921 -0.667444 -0.945907 -0.276579  0.567895
point 72 577 471.975 230.226  0.339593  -1.00414  0.505629   0.66033 -0.758987 -0.457048  0.814681  0.748231 -0.467024  0.595434
point 73 588 8.55993 228.588 -0.266821  0.062523 -0.401722 -0.605814   0.55126  0.612688 -0.599663  0.362033 -0.189161   0.13697
point 74 600 509.093 207.436  0.867234  0.462758  0.626594  0.546719   1.01742  -0.49526  0.153769  0.458054 -0.375328 -0.790464
point 75 607 402.946 236.811  0.853097  0.408608 -0.365067  0.129086 -0.427498 -0.378957 -0.448176  0.268565  0.951345  0.768123
point 76 610 409.203   98.22 -0.182106 -0.176736  0.766865  0.645665  0.440468  0.406172  0.687375 -0.592494  0.123887 -0.478773
point 77 617 267.606 102.595 0.0345008 -0.855988   0.21934  0.145842 -0.551815 -0.897723 -0.158807  0.298236 -0.836388 -0.639869
point 78 623 637.355  138.21  0.527095 -0.517134  0.590851 -0.514502 -0.268341  0.419324  0.460265 -0.203054 -0.822193 -0.346057
point 79 629 159.728 190.773 -0.473861  0.804711  0.641954 -0.872523  0.909536 -0.236785    1.0487 -0.639706  0.199144 -0.835252
point 80 644 332.381 31.0538  -0.46591 -0.154225  -0.58314  0.049023 -0.159993 -0.763132  0.875809 -0.906489  0.828335  0.389566
point 81 646 16.8612 220.219 -0.302858  0.606372   0.82165  0.738283  0.372105 -0.745907 -0.351505  0.801818  0.306502  0.492402
point 82 661 258.918 160.183  0.327617   -0.4988  0.396177  0.378737   0.12558  0.112597  -0.94521 -0.728497   0.18405  0.449947
point 83 667 92.7095 148.353 -0.911544 -0.551266 -0.191211 -0.625823  0.796633 -0.721349 -0.478024  0.760913  0.518315  0.426905
point 84 681  78.853 202.334  -0.323284   0.620318   0.231551   0.482167  -0.805069    0.16615  -0.836588   0.413373 -0.0961289  -0.813701
point 85 691 363.235 184.157  0.612394    1.0006  0.247403 -0.279324 -0.870746 0.0850976  0.288405 -0.448275 -0.970311 0.0234377
point 86 695  283.73 219.792   0.774706  -0.179715   0.354502  -0.391455   0.501184 -0.0360935   0.922221  0.0525825   0.508085   0.827486
point 87 697 136.787 207.587  0.154429 -0.783259 -0.477528  0.924168  0.471393 -0.743288  -0.25175 -0.158594 -0.240112 -0.814816
point 88 709 152.576 218.082  0.915565 -0.842316  -1.01375  -1.02703  0.543372  0.770414  0.768292   0.49183  0.144453 -0.480671
point 89 710 550.655  161.82 -0.00195028   -0.540078   -0.603737    0.333904   -0.479425    0.281998   -0.649629   -0.138162   -0.244576   -0.100721
point 90 715 547.063  238.86 -0.826267  0.594159 0.0848272  -0.64691  0.321555   1.00911  0.368632 -0.874322 -0.184054 0.0558275
point 91 719 589.922 145.062 -0.727754 -0.341895  0.686589   0.66549 -0.655483  0.658712  0.330627 -0.520724 -0.559433  -1.01021
point 92 720 413.939 183.793  0.347755  -0.56029   0.43573  0.381799 -0.723878 -0.997549 -0.632839 -0.856677  0.566865 -0.798576
point 93 750 512.743 234.552  -0.34425 -0.509628  0.525412  0.253316   0.24836  0.521985 -0.677845  0.745486   0.68767 -0.206913
point 94 752 250.758 138.305  0.851655  0.803445 -0.494606  -0.22047 -0.154829 0.0540979  0.340462 -0.627549 -0.706934  -0.48176
point 95 768 23.4052 196.895  0.108427 -0.183985  0.261133  0.359694  -0.74305  0.305543   -0.1827  0.435429  0.760159  0.678247
point 96 769 453.889 182.683 -0.886128  0.741916 -0.565651 -0.297864 -0.329648  0.378535  0.789482  0.555538  0.614542  0.114291
point 97 770 532.206 168.112    0.798278   -0.554134    0.719351   -0.350761 0.000643928    -0.26457    0.487933     -0.8253   -0.824722      0.7682
point 98 771  49.814 222.751  0.198954 -0.383793  0.765793  0.943432  -0.67248  0.879359  0.654395 -0.197867 -0.455373 -0.674525
point 99 776 300.354 157.262    0.92066 -0.0634806  -0.123282  -0.536794   0.667287  -0.886204   0.365271  -0.468773   0.825143  -0.774741
point 100 777 177.399 191.892   -0.63445    0.65965  -0.279493  -0.507734   0.576408   -0.30458  -0.324734   0.523979 -0.0745911  0.0513105
point 101 794 271.406 209.811 -0.462878   0.43104 -0.277719 -0.658464 0.0605766   0.61881   0.51899  -0.53613  0.100616  0.460797
point 102 795  629.77 195.494 -0.309428  0.886146   -0.2847 -0.588457  0.722601  0.137033 -0.575375  0.104573  0.892093 -0.157283
point 103 797 255.431 197.733  -0.674354  -0.719136    0.73003  0.0770098  -0.252302  -0.519215 -0.0478875   0.525412  -0.152363  -0.284446
point 104 815 172.986 157.399  0.103848 -0.268013  0.937928 -0.306509  0.696194  0.654753 -0.367371 -0.629844  0.745107  0.898597
point 105 820  504.46 178.828   -0.700789 -0.00224698    0.700691   -0.449513    0.470893   -0.280113   -0.374577   -0.415756     0.37135  -0.0486481
point 106 834 628.802 221.568 -0.538948  0.697829  -0.84665  0.907568  0.351659  0.728793  0.961678   0.96408  0.429791  0.586564
point 107 841 281.525  172.33  0.202325  0.950064 -0.955105  0.883598 -0.388604 0.0840331 -0.342572 -0.253998  0.255504  0.446705
point 108 843 192.571 112.587 -0.406804 -0.202245 -0.123625  0.409245  0.178648 -0.941331  0.368582  0.199162  0.930862  0.983988
point 109 848 524.653 198.225 -0.476015 -0.210485 -0.894314   0.82129  0.885886  0.622581  0.114745  0.286376  0.680336  0.227434
point 110 862 328.037 206.408 -0.799922 -0.377503 -0.729836  -0.19611  0.588617 -0.469451 -0.137561  0.343843 -0.921965 0.0911802
point 111 863 477.158 158.294  -0.257381   0.321629    -0.1347   0.439514 -0.0382149   0.961433  0.0523245  -0.271993  -0.140064   0.560333
point 112 867 68.0159 200.941    1.00016   0.120109   0.126332    0.63122  -0.417322 -0.0305017  -0.729557  -0.436815   0.626436 -0.0199236
point 113 876 325.755 94.1138  0.438058 -0.616119  0.943785 -0.266009 0.0548107  -1.00987 -0.925991  0.367937  0.884771  0.323203
point 114 880 312.345 149.542 -0.595921 -0.480243 -0.293713   0.68194  0.558477 -0.201313 -0.287536  0.621729  0.851299  0.629839
point 115 882 161.905 205.588 -0.501436  0.955807 -0.559812  0.632336  0.453382 -0.187039 -0.926646 -0.842909 -0.533253  0.653359
point 116 883 332.619 186.881 -0.185169  -0.26353 -0.692797   1.00196   0.25636  0.592386  0.535636 -0.343312  0.181311 -0.034988
point 117 888 425.303 166.937  -0.624111   0.772796   0.458731   0.501891   0.406582   -0.84829   0.645162    0.93179   0.184063 -0.0262247
point 118 894  416.32 208.812   -0.204419   -0.532195 -0.00594187    0.778621   -0.596553   -0.660133    0.866081   -0.354232   -0.940511   -0.871542
point 119 908 336.374 130.074  -1.00634 -0.890784  0.997569 -0.743467 -0.680295  0.980708  0.591548 -0.773101 -0.552018  0.273965
point 120 916 538.895 164.672   -0.370115    0.250285    0.246765   -0.362866   -0.648047   -0.532892    0.692251    0.226069    0.911457 -0.00570989
point 121 927 139.223 146.954  -0.074655   0.890111   0.560439   0.392251  -0.873633   0.343736 -0.0241455  -0.391747    0.75117   0.905441
point 122 929 105.433 39.6751  -0.81039 -0.249235 -0.292991   0.25475   0.27869   0.74481 0.0636177  -0.19587  0.105323  0.242943
point 123 942 262.246 220.646 -0.799639 -0.363545  0.637649 -0.461744  0.257215 -0.209462 -0.649737 -0.951061  0.983735  0.455937
point 124 944 370.378 147.765   0.495068  -0.482274  -0.283187  -0.565735   0.664996 -0.0914614   0.141152   0.335315   0.456347  -0.665477
point 125 958 393.028  133.36 -0.509691 -0.898755 -0.838979 -0.248331 0.0375223 -0.380457 -0.238078 -0.227449  0.456654 -0.893215
point 126 962 397.923 201.519   -0.19792  -0.234063   0.902727  -0.812361  -0.800357 -0.0579327  -0.470636  -0.495965  -0.117941  -0.164057
point 127 963 28.5579 175.096 -0.0438058  -0.855929   -0.34643   0.439016  -0.896645   0.229584   0.970068  -0.962383  -0.155575   0.461169
point 128 971 103.82 195.78    0.66119  0.0274495   0.289909  -0.700471   0.942631 -0.0389369   0.353346   0.924691   0.790511  -0.198387
point 129 973 528.362  180.35  0.171568  0.139862  0.623373 -0.892624 -0.481791  0.266491  0.149889  0.863102  0.530822  0.143039
point 130 974 458.123 232.499 -0.510056  0.747879 -0.725632 -0.947047  0.464124  -0.48593 -0.461733  0.410886  0.507309 -0.469498
point 131 978 396.991 202.982  0.824457  0.694687  0.309801  0.976965 -0.852534  0.422416  0.156826  0.445061 -0.543561  0.364537

