seq: 123
gt_pose: -6.00824 -1.90361  2.75513
odom_pose: -4.86187 -3.05054  2.94892
point 0 19 254.217 189.781  0.315515  0.262152  -0.28622 -0.650762  0.180279   0.26387  0.427569  -0.36918  0.506872 -0.545769
point 1 29 613.224  207.17  -0.919587 -0.0544145    0.96138   0.416364  -0.602096 -0.0607016   0.759681  -0.835104  -0.778545  -0.234408
point 2 108 253.037 225.706    0.8701  0.703278  -0.50572  0.481839 -0.247384  0.343579   0.38581  0.854444  -0.78295 -0.199627
point 3 144 420.995 152.667 -0.482625  -0.23399 -0.856428 -0.813692 -0.691469   0.54226 0.0485118  0.361512 -0.665586 -0.795469
point 4 178 501.816 213.468    0.695802   -0.467139    0.713575   -0.122243    0.889068     1.00371   -0.345298   -0.265386 -0.00746855   -0.996163
point 5 199 22.2199 151.741  0.781395 0.0843724 -0.865538 -0.690725   0.48332 -0.672088  0.940402 -0.405732   0.12178  0.717387
point 6 210 635.019 132.993   -0.31153     0.6675  -0.479366  -0.677238  -0.774949  -0.374779 -0.0156406  -0.706561    0.56435   0.787782
point 7 211 499.133 175.283   0.881328   0.623068  -0.128137   0.270543  -0.452165   0.593246  -0.499785   0.245965 -0.0123917  -0.384716
point 8 219  471.35 236.942  0.191664 0.0795458  -0.26831  0.957976  0.168576  0.358996  0.279438  0.100469 -0.492329 -0.557308
point 9 228 555.696 163.578   0.413521  -0.874854 -0.0291766 -0.0899102   -1.02165   0.930534  -0.574689   0.542848   0.596826    -0.6538
point 10 235 408.296 220.816   -0.8247 -0.971652  0.928422  0.448188  0.123788 -0.190996   1.02197 -0.741673 -0.935614    0.3384
point 11 249 406.469 163.805    0.688459   -0.628334   -0.358121     1.04666    -0.15328   -0.679655    0.565396   -0.725511 -0.00683822   -0.402382
point 12 254 592.341 214.429  0.112552 -0.238384 -0.195947   0.56821 -0.608575   0.39198 -0.441334 -0.959271 -0.731192 -0.501797
point 13 266 252.898 97.0669   0.848582  -0.419069  -0.145194   0.777294  -0.698067  -0.216132  -0.428082 -0.0791449   0.621369   0.799168
point 14 274 471.941 235.499  0.889867 -0.656076 0.0692764  0.548849 -0.583721 -0.317131 -0.885445 -0.548394  0.441446  0.495076
point 15 295 429.974 167.504  0.638776  0.034726 -0.340462  0.357587  0.160081 -0.237332 0.0174856   0.55723 -0.114947  0.322447
point 16 312 266.519 178.137  -0.153335  -0.779728 -0.0163654  -0.475542  -0.780907  -0.398847   0.657404  -0.509655  -0.212795   0.316073
point 17 363 319.927 198.751 -0.424177  0.192457  0.236554 -0.456445 -0.171191 0.0914246 -0.777025  0.435305    0.6033  0.949264
point 18 370 580.347 172.667  -0.315883   0.917049   -0.90203 -0.0435494  -0.134882   0.633948   -1.01311   0.723733  -0.043988   0.194431
point 19 375 292.455 160.928 -0.398158 -0.886132  0.791958  0.222252  0.151345 -0.658606 0.0807561 -0.940149 0.0103034 -0.459053
point 20 388 432.892 161.371 -0.393897 -0.121982  0.858929 -0.491313 -0.903996 -0.195558  0.339572  0.418525 -0.836803  0.307998
point 21 410 345.016 114.538 -0.181664   0.44377 0.0517913 -0.195782   0.32304  0.696219 -0.470781 -0.992374  0.735675  0.638873
point 22 424 546.883 209.833 -0.0799274  -0.843467   0.519129   0.333163    0.59631  -0.502825  -0.113077  0.0969037   0.886385  -0.116612
point 23 467 431.509 196.962  -0.439305  -0.784773  -0.113228  -0.382753   0.866185   0.257301   0.503177 -0.0800577  -0.580778  -0.687799
point 24 473  563.21 193.497   0.597705   0.343276  -0.665233    0.67586   0.824313   0.138239  -0.644476   0.566132 -0.0320528  -0.193999
point 25 474 356.763 197.504 -0.116414   0.72011 -0.948482  0.663762 -0.663842 -0.765011  -0.35595   1.01507 -0.058989 -0.475245
point 26 476 16.1729 74.7801  0.100898  0.403725 -0.456694   1.03429 -0.410479   0.43884  0.705091 -0.326207  0.138887 -0.987398
point 27 488 518.034 28.3647  0.895295    0.6145 -0.478776   0.12742 -0.688514  -0.42211 -0.315366 -0.747301  0.172804 -0.254772
point 28 489 478.746 216.915  -0.877397   0.951241  -0.834794   0.838388  -0.844393  -0.608426   0.902271  -0.507619    -0.5304 -0.0689604
point 29 490 392.063 239.986  0.385999  0.884153  0.252624 -0.529589  0.912885  0.223012  -1.00436 -0.562375 -0.583279  -0.67502
point 30 538 23.4797 222.706  -0.726453  -0.104434   0.219219  -0.897432   0.985193 -0.0225373 -0.0390208   0.766188  -0.506953   0.173972
point 31 553 130.161 58.5143    0.232374 -0.00272232    0.879962    0.197196    0.671009    0.169192    0.425538    0.984694    -0.92465   -0.201126
point 32 572 326.381   223.3   -1.01449    0.61225   0.333176   -0.61895  -0.224378  -0.439217   0.718875 0.00790622  -0.458828   0.696414
point 33 580 349.523 237.169   -0.33197  -0.410343  -0.905183   0.917458   0.148899  0.0468958  -0.277222    0.93971  -0.736227 -0.0502149
point 34 583  627.48 189.823 -0.503187 -0.357204 0.0201626  0.910447  0.656993    0.3164 -0.583081 -0.637147  0.341705 -0.559882
point 35 589 440.262 141.876  0.0757261  -0.111378   -0.32599  -0.729126  -0.499206  -0.490541 -0.0950062   0.182027  -0.859262  -0.876831
point 36 595 72.8452 235.796   0.694423 -0.0693693   0.237583   0.884082  -0.139279  -0.680846  -0.837422   0.886712  -0.384689   0.966142
point 37 598  599.82 206.426  -0.206047   0.654931   0.509588  -0.899227 -0.0027647  -0.502181  -0.388588   -0.55495   0.665397   0.621428
point 38 609 168.525  193.44  0.723969 -0.394512  0.479763 -0.354637  0.617613  0.269406 -0.989917 -0.714906 -0.609777 -0.332546
point 39 625 531.258 175.453 -0.0199978   0.732038  -0.140024   0.911957   0.484828  -0.608693   -0.56514 0.00412271  -0.142286   0.123513
point 40 636 534.262 231.531   0.769558  -0.326328   0.433717  -0.919609 -0.0498281  -0.312502   0.122142 -0.0427054 -0.0659847   0.226002
point 41 643 452.278  212.57 -0.0562773  -0.942453   0.383138  -0.349031   0.456768 -0.0609533   -0.74363  -0.965827    0.18419  -0.320085
point 42 647 381.682 191.146  0.920925 -0.450861   1.00227  0.179407  0.475641 -0.926069 0.0774053 -0.518449  0.391543 -0.862083
point 43 649 639.898 224.225  0.609336 -0.133573 -0.110096 -0.276011 -0.528479 -0.155301  0.237744 -0.545375  -0.99741 -0.267116
point 44 653 623.261 212.757  0.109106  0.666416  0.915166  0.640538  0.843569  0.785575  0.130207 -0.764965 0.0404789  0.576396
point 45 654 597.091 236.857 0.0887496  0.679756   0.20169 0.0897172 -0.309751  0.398115  0.786975 -0.909185 -0.273571  0.664526
point 46 656 452.533 171.607   0.112759 -0.0576796  -0.520928  -0.738767    0.89775   0.529771   0.917133   0.125907  -0.387729  -0.387991
point 47 660 259.051 141.052  0.207826  0.343056  0.271876 -0.585698  -0.83378  -0.36067  0.461027 0.0846819  0.345126  -0.27661
point 48 670  516.27 173.608   0.767609  -0.339377  -0.981704  0.0378911 -0.0690093  -0.474446  -0.109568   0.104472  0.0649331   0.380162
point 49 680 410.187 211.492  0.0415589 -0.0118802   -1.02059   -0.30435  -0.214803  -0.787652  -0.242717   0.372511  -0.218954   0.749714
point 50 690 515.963 198.005  0.377581  0.985967  0.191498   0.44423 -0.110002 -0.779619 -0.844852 -0.365761  0.515178 -0.432791
point 51 693 260.159 197.885  0.563189  0.396983  0.570726 -0.466642  0.850956  0.142602 -0.483699  0.131889  0.948847 -0.328313
point 52 694 496.589 214.083  -0.760022  -0.729143 -0.0586886  -0.447393    1.01451  -0.382004   -0.20269   0.863832   0.730606   0.462691
point 53 716 324.552 216.182   0.980014 0.00439468  -0.514129   0.850642 -0.0394636  -0.794593   0.281459  -0.248012   0.708321   0.686561
point 54 732 606.207 121.463   0.187749    0.71794  -0.891201  -0.269409   0.187424   0.785273  -0.940639 -0.0475916   0.678469   0.675861
point 55 757  366.42 199.824  0.296429  0.782535 -0.729202  0.966966 -0.269697   0.36584  0.112329  0.721054  0.116254 -0.352476
point 56 787 124.073 120.714 -0.245205   0.32941  0.929144 -0.367149 0.0784557 -0.117303  0.475639  0.530214  -0.62314  0.667642
point 57 795 197.545 84.1929 -0.308657   0.91725 -0.259564 -0.577746   0.79218  0.110056  -0.57379 0.0636866  0.870946 -0.251924
point 58 796 379.613 194.666   0.575621   -0.89303  -0.534778  -0.461109  -0.160205  0.0592574   0.934626   0.429408   0.380673 -0.0261663
point 59 834 160.529 188.512 -0.490334  0.702837 -0.907924  0.963488  0.364779  0.812186  0.926983   1.02639  0.490946  0.598347
point 60 900 571.784 114.264   -0.597781   -0.503424    0.560611    0.459169    0.447419    0.459029    0.879972   -0.258534    -0.50042 -0.00386506
point 61 902 389.683 175.355 -0.421351 -0.769665 -0.215913  0.838311 -0.630223  0.161627 -0.632672  0.908902 -0.330837  0.793128
point 62 950  336.77 199.935 -0.782559 -0.317604  -0.43971  0.914077 -0.674747 -0.270866 0.0739301 -0.623614 -0.903461  0.921337
point 63 959 292.792 237.503  0.665227   0.48105  0.423579 -0.365225  0.796695  0.866195  -0.37416  -0.39115    1.0358  0.921174
point 64 970 2.07295 42.9837  -0.51223  0.272319 -0.289742  0.900371   0.42362  0.763979 -0.563209 -0.433044 -0.284655 -0.603983
point 65 986 437.796 223.718  -0.257766  -0.303006  -0.977996  -0.591788  -0.148283  -0.415233  -0.307802  -0.109229 -0.0010909  -0.843024
point 66 991 498.442 222.759   -0.19855  0.0252604  -0.714659  -0.936668   0.979775  -0.461097   0.301216   0.428871 -0.0791368  -0.778689

