seq: 218
gt_pose:  5.61448  4.75982 0.289141
odom_pose:  5.87188  3.65476 0.192004
point 0 20 470.003 189.526  -0.48789 0.0674546  -0.77872 -0.448678  0.735804  0.414008 -0.847789 -0.769701 -0.308778  0.149869
point 1 22  215.88 195.058  0.438042 -0.711532  0.414058 -0.241646  0.553801   0.90488  0.828646  0.726804 -0.615318   0.63124
point 2 79 617.897 7.89634 -0.207368 -0.695744 -0.184969 -0.809341  0.230623  0.919638 -0.764484  0.748359 -0.720178  0.628424
point 3 83 176.715 157.589    0.661505    0.945542 -0.00661259   -0.974901   -0.634424   -0.418795     0.26244   -0.472417     0.46193   -0.901583
point 4 96 316.699 189.104  0.403992  -0.43356  0.312895 -0.648931 -0.824585  0.545838  0.730446 -0.313355 -0.206965  0.773791
point 5 133  244.09 183.274 -0.446344 -0.711735 -0.808053  0.422195 -0.868779 -0.766974 -0.584047 -0.456271 -0.112221  0.348663
point 6 222 352.183 229.266  -0.689539    0.97117  -0.961891  -0.458595   0.478364  -0.720057 -0.0510189   0.565871   0.437197  -0.506598
point 7 232 265.783 234.868 -0.0938199  -0.306346   0.380539   -0.32284  -0.862235 -0.0315713   0.847437   0.730133  -0.941278 -0.0422217
point 8 241 221.003 185.694  0.245647  0.167718  0.658205 0.0170271  0.652338 -0.791409  0.161501  0.887163  0.340091 -0.231254
point 9 243 201.453 172.569   0.927575   0.581565    0.80807   0.772529   0.858956    0.10377 -0.0166497   0.474774  -0.834474  -0.364502
point 10 248 133.113 161.736 0.0316163   0.75289  0.563792  0.228985  0.087572  0.158389 -0.997049 -0.964262  -0.85344  0.361062
point 11 270 514.088 217.756  -0.460436   0.419609  0.0641284  -0.677192 -0.0271862   0.204498   0.483256  -0.189927  -0.902477  -0.787565
point 12 297 301.601 166.705   0.505237 -0.0669194   0.825086   -0.29882   0.182652   0.516897    0.79719   0.828006  -0.109832  -0.130637
point 13 300 378.049 166.785 -0.184223 -0.684285 -0.654084 -0.211013  -0.18986  0.767515    1.0294 -0.577412 -0.841453 0.0636388
point 14 349 146.186 142.451  0.684708 -0.268355  0.619636 -0.906598 -0.819115 0.0436583  0.465909 -0.459083 -0.309803 -0.584324
point 15 357 270.822 219.821   0.409243  -0.276474   0.500223   0.428764   0.539023 -0.0935887   0.286049   0.704075   0.412997  -0.198905
point 16 361 102.424 170.637   0.846326   0.692674  -0.373937  -0.518732   0.739672   0.619694   0.259362   0.392862  -0.917545 -0.0853121
point 17 366 195.513 154.666  0.453723   0.79714  0.209525 -0.710597 0.0301291 -0.659816 -0.999589 -0.279419  -0.28865  0.908505
point 18 379 95.7948 38.1115  0.224955 -0.529647 0.0865515 0.0956277  0.563907 -0.307159 0.0629685 -0.254292  0.188593  0.293788
point 19 383 330.505 168.886 -0.716663 -0.344729  -1.02429 -0.708729 -0.731133 -0.161759  0.553871  0.485303   0.41386 -0.166697
point 20 391 258.216 228.165 -0.882457 0.0814921  0.192802 -0.072647 -0.291103 -0.392529 -0.281382  0.351788 0.0649047 -0.973718
point 21 395 367.792 232.303  -0.666223   0.125306  -0.976219    1.00172   0.908557   0.598177  0.0370512  -0.407567 -0.0807172 -0.0388785
point 22 426 288.867 167.552  0.906982  0.154157  0.861798  0.295191  0.876515 -0.287256  0.485111  0.390555  -0.90734 0.0780146
point 23 436 293.832 232.125  0.356534  0.853284  0.212074  0.644026 -0.888564   0.37911 -0.439598 -0.429139  0.869989 -0.348998
point 24 445 272.657 85.8902 -0.938745 -0.321914 -0.671393 -0.855586 -0.279232  0.773953 -0.308144  0.111156 -0.468624  0.533222
point 25 447 350.003 86.1107  -0.370206  0.0635709  -0.912536  -0.745922   0.205776  -0.833847 -0.0191218   0.557273  -0.686426   0.567962
point 26 515 195.626 189.202 -0.0642306  -0.593038  -0.150044  -0.390991    0.58146   0.466158 -0.0466597   0.190405   -0.64409   0.380463
point 27 526 373.532 144.443 -0.241236  0.964767 -0.313628 -0.830569  -0.19554  0.424702  0.956518 -0.927369 -0.512997  0.868423
point 28 549 122.001 225.924     0.765629     -0.42841     0.850596     0.902207     -0.17545     0.254973 -0.000601662     0.439921     0.421086     0.765785
point 29 556 544.066 191.458  0.950936   0.95602 -0.266631  0.544988  0.894937 -0.246658  0.421552  -0.66489  0.920088  0.225335
point 30 579 178.647 123.215  -0.796466  -0.142274  -0.764642 0.00954404     1.0034    0.55683  0.0906186   0.516539   0.202975   0.304299
point 31 586 173.602 109.991   0.046809  -0.915987   0.707888   0.260931  -0.333033   -0.14186  -0.757172  0.0728941 -0.0769604    0.77868
point 32 590 378.349 162.299  -0.542706  -0.929199   0.725084   0.507051 -0.0725257  -0.618484  -0.493138   0.521081  -0.197702  -0.865905
point 33 592 10.2997 121.955  0.835494  0.956195  0.685743  0.304064 -0.813585 -0.854533  0.350347  0.860911  0.653217 -0.651198
point 34 712 168.695 235.536 -0.0353581  -0.719062   0.499899   0.802717  -0.614718  -0.512935  -0.760722  -0.202032   0.771426  -0.145093
point 35 714 52.3937  92.039  0.695348  0.402147  0.746539  0.470195 -0.579705 -0.290741  0.764369  0.916946 -0.502491 -0.791255
point 36 718 18.5105 132.846  -0.413308 0.00236772   0.844092   0.505974   0.840312   0.866662  -0.484849  -0.626154   0.684317    0.45742
point 37 730 357.324 181.154  0.780189  0.374508  0.866118  0.797255  0.494574 -0.265922 -0.383481 -0.516117 -0.119112  0.965376
point 38 739  593.01 209.091    1.03613    0.19484  -0.430937 -0.0343683   0.726338   0.222651  -0.879678  -0.207778  -0.184567  -0.606049
point 39 759 186.958  139.97 0.0552075  0.579946 -0.926481 -0.860957 0.0901922  0.472894  0.871199  0.304821  0.445605 -0.291443
point 40 765 476.263  139.53 -0.930494  -0.20398  0.533674 -0.535246 -0.405521 -0.318953  0.581377 -0.195063  0.438246  0.928356
point 41 785 157.178 148.311 -0.0512821  -0.110298  -0.543931   0.522089  -0.861616  -0.548664  -0.833871   0.615285  -0.623963   0.988334
point 42 792 256.869 194.001 -0.0622673  0.0788665   0.430514   0.452082  -0.972033   0.776583   0.662845 0.00044096  -0.499214  0.0659278
point 43 803  427.27 21.6445 -0.732705  0.996749  0.753386 -0.512817 -0.587348  0.262583 0.0702774  0.754454 -0.283585  0.709034
point 44 813 306.047  231.74  0.635698  0.895692 -0.351334 -0.805296  0.259594 -0.731606  0.853791 -0.752791 0.0214019  0.176458
point 45 831 37.8575 228.495 -0.0547197   0.489227   0.751538  0.0669374   0.308218  -0.874683 -0.0964206   0.606625  -0.720065  -0.065383
point 46 865 295.073 181.651   0.834617  -0.388898  -0.960015  -0.297234  -0.343813  -0.174349  -0.986023   0.581592  -0.739303 -0.0886211
point 47 874 453.543 204.774 -0.913211  0.224472 -0.727027  0.850565  0.293328  0.748329  0.678866 -0.641887  0.183886  -0.76716
point 48 914 89.0225 231.554   0.263775 0.00999847 0.00890571   0.390217   0.286339   0.395072  -0.692286   -0.12437   0.232716   0.814362
point 49 932 159.107 169.564   -0.07471   0.075667   0.788626 -0.0744856  -0.142607   0.712572 -0.0193293  -0.973663  -0.208838   0.530298
point 50 948 296.862 193.167 -0.934306  0.129127  -0.89575  0.367426 -0.160105  0.294401  0.232246  0.439288  0.478183 -0.236028
point 51 964 62.4396 146.111  0.945997 -0.258907  0.175185 -0.223658 -0.870027  -1.01911   0.51169 -0.984348 -0.781469  0.681733
point 52 975 238.922  214.84  -0.769954   0.437251   0.707776 -0.0475142   0.696422 -0.0926746   -0.81242   0.247745  0.0300344  -0.282286
point 53 982 192.793 214.734   0.53552 -0.442919   1.00963 -0.142008  0.291165  0.456437  0.700545 -0.143564  0.995032  0.143346
point 54 992 215.522 169.534   0.42287 -0.706402 -0.176904  0.387026  0.986724 -0.616344 0.0921109  0.805086 -0.849474  0.904173
point 55 995 197.749 198.136 -0.905501  0.784732  0.562585  0.726414  0.994861 -0.603611  0.664392 -0.508237 -0.858884 -0.429354

