seq: 174
gt_pose:  -2.85942   3.52219 -0.244644
odom_pose:  -2.81337   2.48888 -0.179876
point 0 5 505.628 200.997 0.0364049  0.335671 0.0292717 -0.908732 -0.135067  0.893572  0.858301   0.42662 -0.439283  0.502465
point 1 7 288.926 181.122  -0.116743   0.838182  -0.167126   0.593198   0.399803   0.826426 -0.0641702  -0.586064   0.861545   0.886525
point 2 21 281.038 205.671  0.514096 -0.435896 -0.376349 -0.603777  0.994079  -1.00764  0.649155 -0.370277 -0.620974 -0.155836
point 3 24 600.582 187.253    0.34134   0.419059   -0.70049    0.19526  0.0115087   0.637318   0.417447  -0.670238  -0.560303 0.00812457
point 4 31 357.327 211.977  -0.342686    0.82735 -0.0955146  -0.625616   0.183026  0.0841758   0.227077   0.176809   -0.56772   0.659883
point 5 37 254.342 229.753  -1.01706  -1.01105 -0.351911 -0.481807  0.354987  0.728074 -0.607418 -0.328668   0.36441  0.740903
point 6 39 199.133 142.389   -0.52397   0.805864  0.0997282   0.848026 -0.0194324  0.0786445   0.870495   0.609989   0.625132   0.226998
point 7 63 326.861 150.026  0.172755 -0.744451 -0.799563 -0.270919 -0.745747   0.27123 -0.815313  0.780933   0.15079 -0.607537
point 8 68 333.063 239.449  0.127458  0.360258 -0.942782  0.469335  0.161041 -0.729482 -0.691709 -0.566317  0.585959  0.688699
point 9 78  500.92 212.271 -0.924296 -0.820429  0.621558  0.779639  0.995405 0.0871242 -0.386319 -0.675373 -0.276207 -0.130044
point 10 92 579.129 185.937   0.125431   0.778935  0.0672703   0.983901   0.257677   0.256938     1.0117   0.553338  -0.183187 0.00869359
point 11 103 124.282 214.756   0.409061  0.0520328   0.525107 -0.0813197  -0.285294  0.0722294   0.649053  -0.829911   0.454863   -0.51006
point 12 109 451.931 228.081   -0.490932    0.858656   -0.837293   -0.377435    0.542567  -0.0902426    0.753926     0.64851 -0.00727442    0.258545
point 13 111 471.292  223.23   0.0456403      0.9654    -0.91655   -0.971094   -0.166488   -0.392626    0.932983 -0.00155664    0.197715    0.418923
point 14 123 477.327  163.01  0.146965 -0.819502 -0.254993  0.338887  0.825527  0.685203  0.232446 -0.235736  0.349069 -0.621405
point 15 132 338.97 210.42   0.220696  -0.913267  -0.915903 -0.0475298  -0.730029   0.863647  -0.775049   0.267834   0.846979   0.648039
point 16 156 348.794 198.997  0.301127  0.574102 -0.700476  0.410381 -0.793317  0.973543  0.101591 -0.750674 -0.912372 -0.123004
point 17 159 369.494   213.9   0.21718  -1.02652 -0.874992 -0.119355 0.0370909  0.157718  0.958246 -0.285315 -0.416436  -0.75002
point 18 165 398.551 202.286   0.442403  -0.752626   0.406703   0.624769  -0.717285   0.666428  -0.648346   0.815843   0.349719 0.00795511
point 19 166 629.446 142.911 -0.609918  0.387566 -0.603255 -0.525726 -0.639866  0.251108 -0.701344  0.158175    0.1724 -0.661787
point 20 175 420.195  140.86 -0.409552  0.525098  0.276805 -0.542755  0.767548  0.764677  0.961126  0.922418  0.603323  0.111009
point 21 176 372.424 211.679  -0.696167   0.880472  -0.175017 -0.0701674   0.397249   -0.43321  -0.959245   0.304585   0.664206  0.0884383
point 22 180 106.817 177.436 -0.131755 -0.506547 -0.725023 -0.741987  0.144956  -1.04382  -0.13141 -0.157665 -0.113033 -0.286934
point 23 186 406.467 11.8568  -0.32746 -0.435686  0.287641  0.417717  0.851327 -0.959432 -0.089982 -0.544947  0.101275  0.289569
point 24 190  95.902 231.345  0.370145  0.676374 -0.120084  0.790878  0.492208  0.546278 0.0229572 -0.864915  0.396118 -0.519816
point 25 200 477.151 182.046  -0.424506  -0.737702   0.700439   0.383404   0.236965   0.578512  -0.130305   0.940682   0.954571 -0.0461825
point 26 214 64.2358 190.613   -0.76252  -0.583494  -0.723133  -0.174471   0.179803 -0.0934433   0.754522  -0.758433  -0.063946   -0.41169
point 27 216 540.417 180.628  -0.630793  -0.897253   0.824831  -0.753323   -0.57784  -0.836924  -0.308126  -0.256183 -0.0288842   0.859038
point 28 226 157.538 97.7962 -0.0112709   0.429413   0.497568   0.626985   0.878195    0.48766  -0.963624  -0.873706 -0.0732697   0.427527
point 29 229 41.5174 164.587  0.920241 0.0811992  0.264497 -0.748076   1.00376  0.188084  0.478617 -0.402594  0.165709  0.114331
point 30 233 411.739 211.853 -0.201778 -0.481879   0.17908  0.262978  0.323726 -0.233073 -0.977215  0.153523 -0.893482  0.352397
point 31 234 618.851 167.443  0.131763 -0.209367  0.659178 -0.289213  0.824564 -0.453213  0.315172  0.256701  0.234194  0.468778
point 32 239 71.3527  196.09 -0.444637  -0.90209 -0.801155  0.211361  0.620293  0.133305  0.237029  0.232371  0.175854 -0.600368
point 33 240 326.482 186.374 -0.568678  -0.61554  0.630546  0.847516   0.82135  0.686225  -0.48029 -0.696616  -1.00169  0.639454
point 34 242 581.254 165.355  -0.838912 -0.0194275   0.164332   0.434279   -0.42853   0.603834   0.863196  -0.780782   0.412131   0.605512
point 35 245 511.011 179.464 -0.639655 -0.388763  0.463972 -0.671469  -0.50625  0.389073  0.926486 -0.703787  0.210419  0.770643
point 36 251 454.201 223.842 -0.0106685  -0.522708   0.208003  -0.785614  -0.409048 -0.0993269  -0.527987   0.236609  -0.125385   0.345786
point 37 262 529.164 165.183  0.101882  0.331844 -0.298279 -0.568573  0.986216  0.990312  -0.92487 -0.330217  0.362483 -0.355069
point 38 264 14.5975 178.801   0.915841  -0.159411   -0.36814 -0.0777703   0.177314   0.730956  -0.793626   0.858484  -0.828091  -0.783041
point 39 277 553.537 177.673  -0.52573 -0.802027   0.30276 -0.837809 -0.927781  0.165251  0.167392  0.544194  0.434732 -0.914918
point 40 301 433.953 219.656  0.105668 -0.483379 -0.978353  0.385915 -0.995663 -0.667576 -0.580191  0.514515 -0.754834 0.0958424
point 41 303 390.101 207.394   0.148006  -0.824028  -0.617774  -0.896797   -0.12057   0.509496  -0.425855 -0.0843577 -0.0535384  -0.407673
point 42 304 266.653 174.241  0.503628   -0.5459 -0.433231 -0.422927   1.03767 -0.250953  0.685927  0.571448  -0.49073 -0.459444
point 43 320  200.32 232.569  -0.158759     0.6421    1.01953 0.00302086   0.572941   0.203287 -0.0379788 -0.0419644   0.202189   0.300395
point 44 324 92.5165 193.067     0.12158    0.320987   -0.668327   -0.478483    0.661008 -0.00964704    0.394161   0.0988118    0.301048    0.360343
point 45 346 240.766 50.0327  -0.503549    0.89911 -0.0644054  -0.820024  -0.199432   0.464915 -0.0591502   0.945531     0.8658  -0.198385
point 46 352 535.914 197.858   0.577885   0.316335   0.410302  -0.731543   0.606879   0.712938  -0.637989   0.515509 -0.0895097   0.789554
point 47 359 547.838 162.604  -0.0635273    -0.21657    0.627188   -0.533512     0.72735 -0.00814405    0.248149    0.133577   -0.522589   -0.233755
point 48 364 495.306 215.754  0.105298  0.791283  0.665009 -0.604931   0.93193 -0.488472 -0.541896 -0.848829 0.0737145 0.0130235
point 49 387 416.162 177.695  0.650317 -0.665032   0.57975  0.958496 -0.757804 -0.168172 0.0349885  -0.90801  0.656645  0.665622
point 50 393 92.6094 215.478    0.51349  0.0829117   -0.31452    0.26972   0.906405 -0.0869473  -0.673709   0.165326   0.715192 -0.0158673
point 51 405 244.018  37.055 -0.166432 -0.952022  0.886112  0.699484 -0.197747 0.0441523  0.335781  0.271173  0.477911  0.761331
point 52 425 468.115 239.961 -0.413503 -0.390707  0.381462 -0.465412 -0.529478  -0.69473 -0.148254 -0.965303  0.846767  0.806448
point 53 439 44.0095 200.937  0.217194 -0.482209 -0.773569  0.271462  0.352797  0.702561 -0.334682  0.284486 0.0781297 -0.146836
point 54 450 122.575 165.046    0.48288   0.220594   0.644292  -0.550693   0.928932   0.517335 -0.0441722  -0.844079   0.865422   0.684835
point 55 454 295.988 179.067 -0.936517  0.946287  0.672026 -0.428111  0.661739  0.741538   0.81423 -0.626187  0.461251  0.384414
point 56 458 153.829 201.183 -0.818851  0.185265 -0.743997  0.368503  0.511996  0.389498    0.7334  0.123692  0.963504 -0.589547
point 57 464 68.2824 232.462 -0.0209846  -0.894707  0.0642242   0.130847  -0.467204  0.0994976   0.404401   0.478939  -0.623051   0.241861
point 58 470 548.558 238.448  0.397194 -0.056256 -0.635461  0.923407 -0.334891  0.847739 -0.407195  0.146803  0.390557  0.734221
point 59 472 588.279 193.322  -0.856816 -0.0675332   0.652827  -0.209446   0.881168  0.0944316   0.744856  -0.707399 -0.0379054  -0.568371
point 60 475 535.088 228.836  -0.952326  0.0490775  0.0741768   0.601965  -0.271814  -0.361742 -0.0703341 -0.0411031  -0.746393  -0.302316
point 61 491 398.275 195.913 -0.843781  0.810008 -0.279567  0.565861 -0.509593 -0.182095  0.555836 -0.284789  -0.29672  0.760981
point 62 492 553.177 179.874  0.525412     0.559  -0.73628 -0.422384 -0.475741  0.711926 -0.558724  0.807215 -0.775962 -0.571822
point 63 495 328.884 149.039    0.21228   0.702586 -0.0989488   0.409265  -0.469585  -0.650501   0.990275  -0.613397 -0.0395265   0.131452
point 64 499 280.159 145.938   0.886589  -0.462805   0.321753  -0.620916   0.165781   -0.12456 -0.0680957  -0.240242   0.722373   0.329306
point 65 505 79.5171 182.566  -0.686372  -0.222045   0.250641   0.246565   -0.84622  -0.487845  -0.888137   0.872327  -0.438234 -0.0586566
point 66 506 326.838  203.52  0.0781419   0.270143 0.00331448  -0.602339  -0.969209  -0.641973  -0.655271   -0.56151   0.768935   0.548986
point 67 514 596.214 136.335  0.419965 -0.798901 -0.835918 -0.450099 -0.882315  -0.50994  0.629409  0.831393  0.162744  0.189295
point 68 520 52.3686 123.059 -0.293915 -0.840801  0.327889  0.350561  0.842167  0.380524  0.434849   0.12138  0.254632 -0.179372
point 69 529 548.858 197.426  0.444624 -0.431168  0.103277 -0.337542  0.646194  -0.15937 -0.839456  0.771311 -0.221261 -0.378814
point 70 541 540.977 228.251  0.316519 -0.805524    0.8915 -0.256242  -0.68354  0.734673  0.767009 -0.562414 -0.966696  0.219371
point 71 544 76.1821 93.4313 -0.133006 -0.340699  0.729244  -0.13934 -0.743909  0.957609 -0.919587  0.292395 -0.428028 0.0170196
point 72 568 520.651 214.805 -0.951157 -0.590786   1.02545 -0.649654  0.365523  0.521588 -0.952962  -0.77987 -0.729794  0.155228
point 73 569 78.1532 201.546 0.00683793  -0.698417   0.313409   0.219883  -0.208765   0.406845   0.408693  -0.502364   0.907255  -0.353565
point 74 578 301.464 199.877 -0.0521771  -0.233441  -0.244172    0.18159  -0.701625   0.477782  0.0523515  -0.938259  -0.110492   0.191782
point 75 591 320.706 204.429  0.993154 -0.599981  0.645819 0.0985355 -0.448403 -0.222994  0.978924  0.174732 0.0525589 -0.543848
point 76 596  334.42 176.692 0.0750956 -0.508595  0.406536   0.17349 -0.026259 -0.417444  0.644586  0.126637  0.587178  0.882913
point 77 597 579.556 179.868  -0.679152   0.718696   0.877932 -0.0698318  -0.305279   0.570591   0.802938   0.953033   0.422152  -0.334248
point 78 599 271.726  193.62 -0.398797  0.284177  0.671596  0.140874 0.0317229   0.99825 -0.157719  -0.12838 -0.093219  0.509818
point 79 607 629.501 235.545  0.863118  0.359588  -0.30867  0.119355  -0.39739 -0.417719 -0.444134  0.231178  0.918306  0.787271
point 80 610  573.62 83.5025 -0.165013 -0.254888  0.717269  0.675358  0.478762  0.493306  0.626511 -0.574267  0.199936 -0.451278
point 81 617 435.013 157.154 0.0143869 -0.816588  0.229278  0.145864 -0.493411 -0.941673 -0.233421  0.293057 -0.803777 -0.577267
point 82 622  276.61 114.876 -0.427911  -1.00677   0.43364 -0.118321 -0.954077 0.0346101  0.641824  0.943766 -0.250599 -0.649316
point 83 640  54.272 219.578 0.0308182  0.700611   0.93279  0.461349  0.165834 -0.345161  0.587559 -0.233157 -0.154099 -0.194755
point 84 644 427.099 144.309   -0.54619 -0.0744718  -0.574062 -0.0213198  -0.180217   -0.79565   0.861517  -0.901328   0.890638   0.407885
point 85 661  448.36 182.908  0.293395 -0.556699  0.415668  0.440856 0.0973897  0.103717 -0.905284 -0.712604  0.185304  0.444557
point 86 669 153.399 233.542  0.487318  0.674928 -0.684187 -0.481074  0.195816 -0.670329 -0.107639  0.949988 -0.279767 -0.291935
point 87 678 126.518 165.028 -0.811932 -0.939007 -0.353279 -0.384942 0.0216854 -0.998173 -0.962167 -0.163179  0.288538 -0.317041
point 88 691 555.341 177.286   0.582824   0.958316   0.263685  -0.289402  -0.950908  0.0731902   0.269446  -0.388511  -0.966325 0.00573308
point 89 695 498.626 219.783    0.72908  -0.200743   0.405994  -0.452489   0.412316 -0.0208499   0.938068 0.00658738   0.491354   0.837185
point 90 725 393.236 10.5885 -0.721517 -0.759881 -0.690641 -0.905376  0.246462  0.386141 -0.821923 -0.776831 -0.448388 -0.224385
point 91 726 514.526 108.576   1.00306  0.479468  0.562463 -0.661714  0.236541  0.657343 -0.818016 -0.899724 -0.883611 -0.879364
point 92 752 434.876 175.506  0.834997   0.75824 -0.476407 -0.173219 -0.174139  0.136132  0.314846 -0.592695  -0.69426 -0.464903
point 93 776 501.385 159.544   0.93137 -0.151094 -0.207744 -0.518012  0.704107 -0.876226  0.345008  -0.41932  0.806008 -0.753645
point 94 794 466.665 215.379  -0.455889   0.432505   -0.28298  -0.610552 0.00881615   0.620021    0.48783  -0.507894   0.153952   0.463914
point 95 805 390.719 121.938  0.370423  0.754191  0.505618 -0.183085 -0.896802  0.778431 -0.196079  0.888901 -0.782851  0.251006
point 96 806 293.714 238.099   0.881773 -0.0354923   -0.50804   0.134844  -0.641682  -0.325071   0.342621  -0.419201  0.0565568 -0.0666405
point 97 819 545.221 210.215  -0.509812   0.399788  -0.772142   0.777655    0.90148 -0.0218142   0.315259   0.788626  -0.393111  -0.100439
point 98 841 476.095  182.13  0.203572  0.904351  -0.88712  0.889663 -0.328561   0.11938 -0.276158 -0.201051  0.195197  0.464549
point 99 843 403.633 176.959  -0.447954  -0.223269 -0.0993575   0.419685  0.0845158   -0.95074   0.393739   0.201101   0.971627     1.0361
point 100 847 69.5886 169.925 0.0742067  0.455985  0.340713   0.93171 -0.716659 -0.748186 -0.322416 -0.831158 -0.854427  0.198326
point 101 853 41.9681 171.001 -0.448092  0.826523 -0.569456  0.053878  0.104124  -0.66282 -0.317763 -0.448861 -0.785725 -0.698948
point 102 854 249.341 198.581    0.61391    0.17144   0.434912  -0.730742 -0.0698357    1.03374 -0.0601102   -0.10531   0.216778   0.976132
point 103 862  555.98 198.761  -0.80263 -0.357584 -0.767925 -0.177253  0.622055  -0.55205 -0.123401  0.343175 -0.928979 0.0432214
point 104 876  476.89 128.706  0.466353 -0.613003  0.900062 -0.183979 0.0760415 -0.943773 -0.930184  0.342629    0.9271  0.285735
point 105 877 101.214 154.816 -0.717458  0.850883  0.712882 -0.985496 -0.171365  -1.02987  0.821837 -0.623343  0.435265  0.421792
point 106 878 307.348 234.759    -0.9926 0.00980403  -0.947584  0.0238921 -0.0409992   0.440161   0.364957  -0.117086   -0.74745  -0.615926
point 107 880 452.931 181.926 -0.561494 -0.534759 -0.313525  0.651985  0.520117 -0.192188 -0.347856  0.642007  0.803507  0.618566
point 108 881 355.163 191.835  0.302908   0.64242  0.413077  0.611478  0.426739 -0.794701   0.21456 -0.824725  -0.37269 -0.580227
point 109 883 435.943 212.933  -0.237597  -0.280808  -0.691135   0.916414   0.266883   0.562274   0.550404  -0.287587   0.233585 -0.0205718
point 110 897  81.938 178.562   0.279594   0.878999   0.931233   0.527134   0.109791  -0.861394 -0.0737955    -0.2063  -0.916801   0.252362
point 111 907 48.1284 220.557  -0.71395 -0.930364 -0.927759  0.535509 -0.756979 -0.898745 -0.283033  0.678241 -0.273168 -0.609172
point 112 908 527.363 126.131 -0.938507 -0.911383  0.907022 -0.673968 -0.686443   1.00068  0.630935 -0.764481 -0.576317  0.265626
point 113 927 382.608 204.267 -0.0271331   0.854432   0.558987   0.391798  -0.900913   0.378045  0.0123683  -0.398115   0.696384   0.970107
point 114 929 368.008 187.873 -0.833278 -0.253645 -0.260699  0.252454  0.193831  0.704997 0.0367098 -0.147458  0.045128  0.172205
point 115 936 551.044 152.567 0.0776422 -0.458907 -0.382458 -0.298012 -0.438015  0.923813 0.0840754 -0.702293 0.0899561  0.160062
point 116 937 309.235 229.516  -0.50841 -0.570597 -0.550925 0.0777377   0.52153 -0.234838  0.115956 -0.252411 -0.241056  0.491278
point 117 942 456.153 225.222 -0.786279 -0.304207  0.594368 -0.456637  0.229345 -0.231406 -0.716567 -0.950351   0.95534  0.418237
point 118 944 530.104 150.582   0.569854  -0.538434  -0.289143  -0.539459   0.736959 -0.0820715   0.100205   0.311206   0.497099  -0.629101
point 119 947 98.1174 170.079 -0.353068 -0.972928  0.831072 -0.565356  -0.49834  0.872784  0.588984 -0.793188 -0.858353  0.774066
point 120 958 637.344  83.541 -0.474352 -0.850456 -0.794766  -0.21184 0.0763739 -0.384494 -0.159579 -0.188588  0.456727 -0.954031
point 121 965 572.801 162.702   0.889132   0.592273   0.501627 -0.0405434  -0.032481  -0.526251    0.16548   0.601353   0.931463   0.259591
point 122 967 358.085 165.345   0.244266 -0.0381848   0.458373   0.943337   0.105079   0.344688   0.561641  -0.350834  -0.714845  -0.473646
point 123 968 260.017 166.702  0.0774302  -0.418967   0.132303  -0.104344   0.952793  -0.194244  -0.751135 -0.0403054   -0.63318  -0.936067
point 124 972 157.134 165.182  -0.69054 -0.577875  0.938371 0.0215388 -0.964548 -0.578146  -0.70219   -0.2859 -0.695852  0.712245
point 125 977  633.22 184.997  -0.501202 -0.0221839   0.638804  -0.750191  -0.709199   0.888768    0.68843   0.975682  -0.176519   0.477495
point 126 978 595.224 194.023  0.842772  0.630627   0.22405   0.92737 -0.843229  0.406646 0.0781733  0.423695 -0.610852  0.395688
point 127 979 334.995 175.629 0.0241509  0.512159  -0.12822  0.465211  0.230369  0.355153 -0.515632 -0.133041   0.58866 -0.301165
point 128 984 17.4105 135.072 -0.448685  -0.79464  -0.91748 -0.510932  0.533792  0.585881 0.0829137  0.524372 -0.498238 -0.666507
point 129 997 277.128 234.839   0.991385  -0.959637 -0.0489941   0.871884  -0.407464  0.0274639   0.652718  -0.835957  -0.270779   0.671558

