seq: 160
gt_pose:  -5.65142   3.51276 0.0628489
odom_pose: -5.52304   2.3326  0.13538
point 0 24 616.244 192.826    0.340473     0.47244   -0.687766    0.172731  -0.0312987    0.648462    0.472315   -0.688988   -0.555993 -0.00600739
point 1 30 378.627 87.6036 -0.775754  -0.92152 -0.911501 -0.108498  0.541407  0.417048 -0.143641 -0.796434  0.194515  0.188384
point 2 58 347.373 229.656    0.65672  -0.531502  -0.485708  -0.817198 -0.0148017   0.803478   0.173319   0.107696   0.632149   0.871323
point 3 63 350.874 209.122  0.238235 -0.728445 -0.816721 -0.222637 -0.697971  0.274362 -0.727519  0.763295  0.124103 -0.584634
point 4 72 604.409  212.98 -0.749758 -0.378532  0.757983  0.195725 -0.795536  0.660351  0.462857 -0.185095 -0.302292 -0.182862
point 5 76 220.369 182.948   0.42228 -0.214629 -0.566277  0.626276 -0.729412  0.300468  -0.32814 -0.343943   0.11383 -0.121876
point 6 88 412.152 235.384 -0.277328 0.0397238   0.41343 -0.928182  0.307553  0.242305  0.427813 0.0412215  0.746001 -0.467538
point 7 92  521.37 205.652     0.217697     0.706028 -0.000624261     0.957363     0.292207     0.304818     0.982459     0.595519    -0.237518    0.0576795
point 8 93 408.669 146.406  0.705157   0.09904  0.120028 -0.827235  0.933692 -0.389871  0.129636 -0.907163  0.548677 0.0109244
point 9 101 253.029  145.91   0.655217  -0.222787   0.346508  -0.714283  -0.265072   0.896881  -0.271022 -0.0191577  -0.949886   0.804267
point 10 111  424.46 232.009 0.0296774  0.951619  -0.92388 -0.954951 -0.106806 -0.365425  0.897006 0.0288866  0.267097  0.428614
point 11 145 104.279 237.891  0.533468  0.431634  -0.95197  0.565807  0.334897  0.824998  0.496619 -0.213381  0.663698  0.527818
point 12 160 30.6746 137.542  0.0415759   0.321459   0.190588  -0.711772   0.584999  -0.395934   0.789365 -0.0947334   0.297531   -0.30614
point 13 166 485.272 197.379 -0.601059   0.34235 -0.637335 -0.453378 -0.640948   0.30377 -0.749427   0.15174  0.137616 -0.692541
point 14 175 410.403 185.777 -0.409398  0.555314   0.25217 -0.602265  0.732734  0.737482  0.901075  0.988954  0.562229  0.166254
point 15 181 258.766 193.802   0.79568  0.540973 -0.231535 -0.164965 -0.148288  0.842934 0.0161428  0.909714  0.611233  -0.34438
point 16 186     377 162.775 -0.412706 -0.439744  0.321287  0.387488  0.929574 -0.937894 -0.030325 -0.539852 0.0812894  0.298463
point 17 189 206.504 224.762   0.918748 -0.0477314  -0.938251  -0.849633 -0.0577456    0.83505    0.67435  -0.465116  -0.413481   0.177749
point 18 192 112.621 175.312   0.442633   0.102407   0.524814   0.236929  -0.843135  -0.160715 0.00594396   0.143949  -0.360759  -0.560768
point 19 208 153.104 175.261 -0.891596 -0.306202 -0.891317 -0.120098 -0.279143  0.809179  0.965573 -0.639977  0.743872 -0.869018
point 20 209 259.504 230.806 -0.225506  0.201121  -0.32928  0.335357  -0.88782 -0.302279  0.627879 -0.866575 -0.320025 -0.624485
point 21 216 501.922 201.213  -0.705048  -0.922012    0.86192  -0.847935  -0.538003  -0.831917  -0.359209  -0.237488 0.00889111   0.861127
point 22 233 370.332 232.291 -0.108332 -0.472114  0.194012  0.286387  0.277455 -0.206689 -0.884695  0.211048 -0.872908  0.372428
point 23 245  477.02 202.083 -0.576867 -0.418097  0.420261 -0.699768 -0.489453  0.414589  0.911184  -0.69237  0.174533  0.765904
point 24 251 420.732 231.902 0.0626079   -0.5549  0.212453 -0.822541 -0.423721 -0.098519  -0.50021  0.257801 -0.138134  0.301149
point 25 262 497.014 190.426 0.0424419  0.310092 -0.306071 -0.588832  0.967796  0.981125 -0.934809 -0.342305  0.397589 -0.415201
point 26 281 15.6006 158.258 -0.891084  0.332258 -0.209831 0.0497926  0.591882  0.278773  0.662617 -0.187532 -0.492753 -0.434604
point 27 285 220.125 135.502 -0.486594  -0.20996 -0.485523   1.03044  0.963334  0.779452  0.295653  0.646438  -0.42977  0.432447
point 28 307 335.189  211.99  0.176338  0.911051 -0.199351  0.620698  0.717539  0.878495 -0.124498 -0.543792 -0.891741  0.489702
point 29 321 267.956 174.024 0.0992278 -0.713725 0.0271942 -0.924972  0.991531 0.0395869  0.318258  0.509711  0.762206  0.614645
point 30 322 241.549 140.209 -0.264432 -0.182716  0.521719 -0.754479  0.990342 -0.637921  0.937766  0.920273  0.332533  0.531063
point 31 332 67.3165 170.869 -0.343617 -0.173707 -0.129137  0.374041  0.764834   0.88512  0.744234 -0.085587 -0.750032 -0.515564
point 32 334 597.847 211.791 -0.336261 -0.407887  0.896331  -0.70009  0.277877 -0.321646  0.104224 -0.841474     1.012 -0.148022
point 33 337 116.415 216.981 -0.159325 -0.252357   0.30568 -0.448012 -0.386852   0.53994  -0.21023  0.375454  0.811198   0.37371
point 34 344 72.3123 226.251  -0.497136  -0.197837   0.122285   -0.70032   0.906374   0.788373  -0.393225  -0.376487   0.682774 -0.0431486
point 35 346 322.602 177.976 -0.580057  0.904582 0.0165217 -0.820413 -0.156866  0.530474 0.0167683   0.96323  0.801029 -0.132239
point 36 352 487.004 214.486   0.51508  0.383464  0.380026 -0.727956  0.532535  0.719981 -0.678235  0.597386 -0.146875  0.878001
point 37 399 51.7744 197.487    0.87759   0.142081   0.449515 -0.0686014   -0.18543   0.169098   0.525381  -0.602444  -0.670521   0.148508
point 38 404 206.378 176.734 -0.00411549   -0.936474    0.148753   -0.381224   -0.160309   -0.489786    0.329169    0.824254    -0.53527   -0.168476
point 39 405 323.974 175.743 -0.154864 -0.956312  0.880077  0.680596 -0.210991 0.0785297  0.340634  0.285883  0.518107  0.778114
point 40 406 263.833 197.758 -0.217876  0.940754 -0.712282 -0.567478 -0.838983  0.239349 -0.504814  0.287654  0.825212  0.366345
point 41 428 482.772 78.9076 -0.432467 0.0366247  0.617848 -0.897442 -0.232999  0.516764  0.306707 -0.404414 -0.125591 0.0873574
point 42 453 158.838 234.348  -0.389802     0.2929 -0.0543793    0.03866   0.321909   -0.53941  -0.819393  -0.199412   0.601199   0.291293
point 43 472 549.748 206.846  -0.866841  -0.108681   0.648699  -0.268755   0.881119  0.0514625   0.694812  -0.726081 -0.0550831  -0.587823
point 44 477 174.473 168.455  0.910312 -0.688139  0.107157 -0.417311  0.175741  0.119182  0.703478 -0.800518 -0.345266 -0.637819
point 45 478  243.38 210.247  0.154821 -0.671206  0.482972   0.76446 -0.448577  -0.37275  0.274601   0.10265 -0.384066  0.878446
point 46 494 498.259 122.002  0.425733 -0.116059 -0.260619   -1.0081 0.0702076 -0.848968  0.529563  0.380162  -0.24302 -0.926251
point 47 499 335.214 207.058   0.868037  -0.383839    0.34319  -0.645519   0.125883 -0.0821942  -0.126515  -0.184588   0.721129    0.29485
point 48 514 496.641 185.936  0.369768  -0.82676 -0.882352 -0.471489 -0.950442 -0.501547  0.568012  0.789652  0.163852  0.217947
point 49 524 218.899 183.259  -0.295272   0.747822   0.279997 -0.0107166   0.984685  -0.506358  -0.237537   0.160818    0.24373  -0.758901
point 50 527 565.738 223.373   0.78886  0.494196 -0.854247  0.959042 -0.551813 -0.444852 -0.168425  0.700753  0.630568  0.720452
point 51 534 64.5874 175.852   0.309377   0.398203  -0.295797  -0.993225 -0.0862795  -0.116736   0.439618  -0.371973  -0.251211   0.129626
point 52 539 340.107  144.23  0.881978 0.0984346  -1.00128 -0.710373  0.519616 -0.299869  0.971854 -0.720309   0.20826  0.186773
point 53 541 480.334  233.33  0.400679  -0.79736  0.800591 -0.301579 -0.673794  0.664931  0.752278 -0.608721 -0.973691    0.2909
point 54 544 288.762 205.996  -0.136609  -0.319402   0.681599  -0.145415  -0.731355   0.975086  -0.902835   0.312401  -0.441185 -0.0338408
point 55 561 190.151 222.817 -0.877247 -0.342701  0.732534 -0.114675 -0.950326 -0.777054 -0.131896 -0.983198 -0.410016   0.72716
point 56 596 357.951 213.009  0.0215001  -0.527036   0.454262    0.10531 -0.0355709   -0.40466   0.670698   0.114976   0.539082   0.948124
point 57 607 526.232 237.513  0.880527  0.351481 -0.346916  0.077932 -0.352977 -0.379581 -0.404863  0.240247  0.980939  0.815479
point 58 610 488.821 156.374 -0.238832 -0.204627  0.710442   0.64963   0.42596   0.45451  0.643771 -0.569519  0.175872 -0.431193
point 59 614 169.675 160.624  0.490751  0.663745 -0.619385 -0.734981  0.908656 -0.347073  0.726942  0.139383  0.968305   0.12262
point 60 616 163.035 221.434     0.814867     0.588285      0.52045     0.401377     -1.02314   -0.0467862 -0.000587176    -0.609793     0.291351   -0.0547001
point 61 631   449.4 226.628  -0.791086  0.0759828  -0.639116 0.00584952   0.329851  -0.128288   -0.25757  0.0162191 -0.0397531  -0.335737
point 62 644 416.819 185.868  -0.540701 -0.0680745  -0.511552  0.0398486  -0.185813  -0.726996    0.80995  -0.916535    0.87172   0.419012
point 63 662 323.945 148.407  0.349015 -0.254198 -0.364144 -0.861109 -0.265678  0.844498  0.524857   1.01363 -0.759112  0.702223
point 64 674 158.658 233.361  0.882096 -0.741447  0.394642  0.734566 -0.391765 -0.488368 -0.695458  0.132505 -0.171197  0.275739
point 65 689 471.755 93.6261   0.864952  -0.491197  -0.468217 -0.0298706   0.686737   0.103372  -0.769711  -0.298268   0.909206   0.940229
point 66 691 503.471  200.88  0.604092  0.950988  0.246973 -0.276904  -0.93692 0.0585176  0.311853 -0.394585 -0.899464 0.0559992
point 67 705 125.807 237.693 -0.0109674  -0.713677  -0.128795   0.507412   -1.00208  -0.318897   0.896643   -0.58047  -0.379939  -0.405221
point 68 725 353.361 201.761 -0.759341 -0.797999 -0.702345 -0.936834  0.281214  0.436145 -0.852609 -0.800556 -0.488243 -0.269507
point 69 726 422.559 189.933   1.00193  0.460882  0.510012 -0.679546  0.230453  0.618881 -0.750521 -0.863405 -0.928147 -0.845008
point 70 750 606.798 234.325 -0.382377 -0.425229  0.483646  0.227287  0.165364  0.528875 -0.639192  0.775284  0.638397 -0.211135
point 71 798  337.63 104.484 -0.472007 -0.841632  0.958488  0.514368   0.43744  0.539018  0.613091  0.909249 -0.952168 -0.562054
point 72 800 344.144 107.273    0.571682   -0.926293    -0.56456  -0.0614683    0.837083 -0.00556374   0.0252488    0.777887   -0.478239   -0.481534
point 73 805 391.701 178.593  0.406257  0.811412  0.515757 -0.222372 -0.888713  0.768651 -0.203916  0.925494 -0.819843  0.236824
point 74 816 84.7596 71.3588  0.565463 -0.252229 -0.871509  0.433136  0.289932 -0.388165 -0.443382   1.01027  0.449455 -0.232192
point 75 832 273.154 180.256  0.626208  0.952452 -0.345126  0.655342  0.688718 -0.538767 -0.650934  0.792328 -0.791708 -0.902718
point 76 854 324.232 224.873    0.65445   0.144958    0.35079  -0.810741 -0.0920044   0.957732 -0.0423478  -0.155034   0.288053   0.960151
point 77 856 318.483 188.793 0.0449404  0.600401  0.374379 -0.658261 -0.536067 0.0711014  0.511195  0.820805  0.278999 -0.622114
point 78 858 346.448 137.351    0.53844    0.24024  -0.159025  -0.122889   0.678841   0.873579  -0.454782   0.176666   -0.79845 -0.0410781
point 79 862 536.609 209.296 -0.862651  -0.30654 -0.699666 -0.258042  0.650952 -0.507295 -0.123245   0.34812 -0.942754 0.0226834
point 80 869 130.893 234.308  0.476274  0.755921 -0.796436 -0.584974 0.0134354 -0.740874  0.601354 -0.867115   0.87092 -0.893134
point 81 876 457.053 169.755   0.47541 -0.633133  0.860177  -0.22328 0.0106743  -1.01489  -1.00192  0.376003  0.838733  0.266499
point 82 883 423.01 224.46  -0.273938  -0.295561  -0.676902   0.993018   0.231774   0.628269   0.555001  -0.328159   0.175626 0.00159161
point 83 899 192.067   119.4 -0.456242 -0.548391  0.560211 -0.698644  -0.89482 -0.155651 -0.863003 -0.921594 -0.598808  0.271335
point 84 908  497.83 163.623 -0.959703 -0.916229  0.930888 -0.664554 -0.750206  0.994005  0.638972 -0.839983 -0.581116   0.20304
point 85 909 57.5082 166.684 -0.330908 -0.700927 -0.263655 -0.453598 0.0426241 0.0111069 -0.404389  0.173008 -0.387682 -0.195917
point 86 916 602.653 164.993  -0.365323   0.213794    0.22338   -0.36569  -0.730591  -0.490369   0.674313   0.289705   0.921129 -0.0359315
point 87 934 5.77492 8.39997  0.311149 -0.565554  0.773679  0.180203 -0.968566  -0.33499 -0.832542  0.819772  0.637891 0.0574486
point 88 937 346.719 235.786 -0.494199 -0.648665 -0.492652 0.0660427  0.506013 -0.290953  0.174731 -0.244612 -0.281026  0.508946
point 89 944  479.88 187.204   0.554625  -0.460596  -0.251102  -0.509377    0.70046 -0.0129144   0.139233   0.284878   0.465222  -0.644046
point 90 958 540.352 148.261 -0.471977 -0.863955 -0.847556 -0.247912  0.031565 -0.340129 -0.144866 -0.260865  0.493312 -0.874091
point 91 962 626.028 190.634  -0.187894     -0.272   0.841139  -0.782346  -0.760432 -0.0547443  -0.491305    -0.4726  -0.022185 -0.0923254
point 92 965 562.327 178.829  0.881198  0.612458  0.565282 -0.110436 0.0177858 -0.499094  0.164745  0.590648  0.932292   0.22698
point 93 966 136.166 215.533    0.71301   0.394665 -0.0108506      0.576   0.720777 -0.0520268  -0.761268 -0.0666044   0.743103  -0.617481
point 94 978 508.932 214.121  0.801701  0.653557  0.277717  0.900051 -0.788622   0.38954  0.137455  0.402974 -0.600991  0.386715
point 95 980 329.117 193.338  0.481306 -0.188625  0.533706 -0.561467  0.540265  0.436078 -0.848542  -0.20086  0.385544 -0.707082

