seq: 51
gt_pose:  1.25764  6.04745 -3.00439
odom_pose:  1.81541   5.9429 -3.04804
point 0 58 247.184 236.099  0.681579 -0.515925 -0.507268 -0.874729 0.0408787  0.751743  0.243783 0.0429969  0.646512  0.897478
point 1 63  150.72 193.952  0.228697 -0.761482 -0.879039  -0.27892 -0.727127  0.278473 -0.780071  0.807965  0.163772 -0.586039
point 2 76 405.471 68.9725   0.413929  -0.192672   -0.61653   0.658879  -0.708403    0.35139  -0.383693  -0.353373  0.0557846 -0.0397402
point 3 88  183.94 237.012 -0.252919 0.0300058  0.367617 -0.944246  0.255266  0.280489   0.42926 0.0663329  0.763188 -0.521444
point 4 101 284.324 184.152  0.591155 -0.261951  0.409268 -0.745162 -0.274973   0.85118 -0.346549 0.0215239 -0.949975   0.87232
point 5 111 45.3815 228.195     0.112961     0.997024    -0.913197    -0.944861    -0.092221    -0.357254     0.995396 -0.000424835     0.229395     0.434612
point 6 160 473.251  152.46 -0.0441847   0.390627   0.111664  -0.679631   0.578956  -0.394902   0.744101  -0.107237   0.359051  -0.348863
point 7 166 71.6255 199.471 -0.571466   0.29429 -0.594429 -0.457286 -0.709835  0.283664 -0.672563   0.10495  0.133009 -0.686416
point 8 181 285.064 173.781  0.756752    0.5322 -0.164632 -0.180535 -0.116605  0.834539 0.0309288  0.966991   0.64781 -0.312612
point 9 186 139.833 143.822  -0.409018  -0.366045   0.294278   0.399358   0.862036  -0.888839 -0.0834284  -0.499559  0.0975721   0.315691
point 10 189 364.343 216.566  0.898763 -0.052356 -0.962438 -0.847059 -0.124463  0.864682  0.673898 -0.468072   -0.4387   0.16302
point 11 193 390.705 207.515   0.972172  -0.811601    1.00558   0.764768   0.492462  -0.914658   0.983751   0.586183   0.894166 -0.0554864
point 12 208 342.487 201.554  -0.924757  -0.337056  -0.895354 -0.0802688  -0.298126   0.837604   0.954458  -0.612064    0.71259  -0.863851
point 13 209  280.64 234.359 -0.280365  0.149853 -0.328738  0.356313 -0.836514 -0.268453  0.578465 -0.915721 -0.289155 -0.699116
point 14 233   166.2 231.744  -0.15455 -0.515599  0.124384  0.253539  0.298706 -0.175589 -0.931095  0.227879 -0.855891   0.36424
point 15 251  20.794 226.459  0.0264773  -0.555597   0.166697  -0.869836  -0.446013 -0.0916431  -0.454976   0.279273  -0.127851   0.304836
point 16 267 482.501 172.147   -0.21556  -0.945142    0.58611  0.0522614 -0.0781343  -0.146502   0.851968    1.03738  -0.490626  -0.833302
point 17 285 318.415 141.411 -0.578632 -0.133754 -0.541765  0.967607   1.00336  0.798924  0.334369  0.600824 -0.384126  0.434122
point 18 307 245.673 227.031  0.173038  0.884106 -0.276221  0.602998   0.67599  0.856013 -0.134845 -0.457824 -0.883279   0.46913
point 19 321 273.276 163.272  0.171605 -0.713491 0.0110089 -0.962498   1.00401  0.031129  0.303027  0.535846  0.788064  0.618048
point 20 322 292.605 173.407 -0.266941 -0.148897  0.501328  -0.71323  0.961329 -0.618292  0.898488  0.929976  0.306549  0.537428
point 21 331 112.997 223.113   -0.40321  -0.274951  -0.231925   0.120889 -0.0901491   0.877744   0.866133  -0.558521   0.725832   0.897479
point 22 332 363.252  209.42 -0.271161 -0.206101 -0.121838  0.332845  0.715398  0.831274  0.704539 0.0105784 -0.783126 -0.524836
point 23 337 624.646 184.747 -0.112463 -0.195532  0.262811 -0.421541 -0.388777  0.568059 -0.264129   0.33425   0.74902  0.393827
point 24 344 422.261 229.434  -0.431975  -0.248637   0.113118  -0.655738   0.890082   0.832223  -0.310772  -0.380752   0.669294 -0.0368573
point 25 346   178.9 133.378  -0.563835   0.913199  0.0190292  -0.783468  -0.142336   0.491673 -0.0130881   0.975214   0.805687  -0.202761
point 26 402 375.957 183.294   0.292376  -0.290538 -0.0539244   0.981001   0.505377  0.0761893  -0.124619   0.424336    1.02018  -0.321399
point 27 404 385.823 118.738 -0.0280661  -0.911909   0.145428  -0.446306  -0.165825  -0.477922   0.284099   0.813571   -0.55904  -0.203571
point 28 405  181.73 135.134 -0.154446 -0.962645  0.894085  0.659353 -0.128136 0.0607979  0.364628  0.327202  0.493489  0.702827
point 29 406 277.971 189.154 -0.162086  0.939999 -0.719096 -0.503076 -0.872495  0.225835 -0.453576  0.344691  0.828206  0.365073
point 30 430 456.569 190.328 -0.0489863   0.568497  -0.737424  -0.826483   0.205529  -0.273524   0.225599  -0.186924 -0.0935601   0.963054
point 31 453 368.173 235.048 -0.356005  0.300411 -0.055804 0.0864646  0.308178  -0.55798  -0.88932  -0.28915  0.523949  0.296748
point 32 461 536.583 214.786   -0.45083  -0.557543    1.00417 -0.0440288   0.130604 -0.0237705   0.433247   0.832099   0.863018  -0.582068
point 33 477 544.307 22.2597   0.90322 -0.639776  0.103841 -0.401111  0.140917  0.129827  0.737453 -0.806664  -0.36573 -0.596751
point 34 478 315.954 183.509  0.153582 -0.757873  0.531551  0.761796  -0.38744 -0.437902  0.253368 0.0938608 -0.438956  0.879963
point 35 499 157.428 183.266  0.898428 -0.456642   0.40088 -0.637788  0.158636 -0.101568 -0.103879 -0.256925  0.698579   0.33654
point 36 503  74.414 207.159  0.335959 -0.141582  0.730135 -0.983152 -0.170925  0.196336 -0.268678   0.63268   1.01251 -0.921267
point 37 514 23.8124 179.776  0.371095 -0.819827  -0.84162 -0.421583 -0.946173 -0.499677  0.652767  0.772688  0.156933  0.147811
point 38 534 387.913 203.907   0.330053   0.378376  -0.278001  -0.936515  -0.103868 -0.0745879   0.379315  -0.369597  -0.228007    0.15344
point 39 539 214.761 158.969  0.894985 0.0951854 -0.926495 -0.645842  0.468988 -0.363129  0.947318 -0.644852  0.237448  0.203619
point 40 544 241.017 188.617  -0.0965044   -0.282215    0.691447   -0.132695   -0.731264     1.02457   -0.970037    0.330234   -0.391159 0.000699279
point 41 557 441.774  226.84    0.758592     0.24012    0.479308   -0.281821   -0.692157   -0.158986    -0.95009    0.637236    -0.22134 -0.00376521
point 42 561 367.405 218.719 -0.892678 -0.369641  0.734762  -0.15532 -0.912736 -0.725455 -0.135801 -0.970144  -0.38296  0.652443
point 43 596 91.6238 185.499  0.0514004  -0.516269   0.479719  0.0853604 -0.0172986  -0.452096   0.715874   0.120411   0.598163   0.936973
point 44 599 15.7628 153.122  -0.392383   0.224811   0.718379   0.192859 0.00325977   0.969544  -0.106241 -0.0763606  -0.142941   0.575885
point 45 607 5.09611 237.361  0.823146  0.398088  -0.27225 0.0983572  -0.41443 -0.379582  -0.36313  0.252302   0.97251  0.767211
point 46 610 12.1435 139.187  -0.15805 -0.240404  0.757208  0.686848  0.416949   0.44611  0.695935 -0.649311  0.158233 -0.439923
point 47 614 330.112 195.212  0.404463  0.602417 -0.623075 -0.700429  0.919207 -0.310812  0.730405 0.0951284  0.981156  0.144435
point 48 616 367.294 223.219   0.869505   0.543756   0.488872    0.43068  -0.947241 -0.0398175  0.0287149  -0.592165   0.210374 -0.0338266
point 49 631 184.289 233.107  -0.821725  0.0757892  -0.654019 -0.0780245   0.366876 -0.0522028  -0.249844  0.0054087 -0.0434598   -0.34565
point 50 663 415.588 225.509    0.9889 -0.578338  0.881587 -0.108323 -0.208558  0.186346  0.330422 -0.778258  -0.40851 -0.528614
point 51 669 134.995  216.94   0.461499   0.640516  -0.746845  -0.471268   0.155278  -0.699872 -0.0360759   0.968701  -0.195822  -0.278839
point 52 674 576.165 220.784   0.811269  -0.797211   0.458698   0.748836  -0.431403  -0.487287  -0.705103   0.200594 -0.0809262   0.262387
point 53 689 183.095 171.793   0.823127  -0.420468  -0.471562 -0.0429368   0.734235   0.144583  -0.743468   -0.23774   0.898438   0.861529
point 54 705 333.335 239.057 -0.0379771  -0.697594  -0.148456   0.576242  -0.992242  -0.292447   0.926282  -0.654702  -0.408663  -0.386688
point 55 720 27.5655   184.6  0.403251 -0.576624  0.403459  0.380602 -0.809263 -0.996128 -0.625598 -0.867771  0.512086 -0.799773
point 56 725 199.903 205.963 -0.780604 -0.767253 -0.769406 -0.961442  0.298894  0.416582 -0.836006 -0.756632 -0.447278 -0.263673
point 57 726 106.494 184.808  0.967158  0.488257  0.574914 -0.643329  0.225589  0.581108 -0.764314  -0.84326 -0.923369  -0.90051
point 58 750 109.985 237.163 -0.362348 -0.513649  0.515608  0.291437    0.2478   0.56257 -0.670558  0.729659  0.664181 -0.169931
point 59 798 245.255 178.546 -0.455422 -0.837111  0.930439  0.563891  0.517352  0.628649  0.643052  0.905764 -0.918613 -0.591128
point 60 800 242.386 179.855   0.574031  -0.927515   -0.56626 -0.0942171   0.872078 -0.0121271   0.054727   0.799089  -0.464657  -0.447277
point 61 816  345.06 175.623  0.620001 -0.279982 -0.820052  0.392211  0.234373  -0.34517 -0.423889  0.978918  0.467431 -0.282313
point 62 832 263.083 142.943  0.635817  0.964378 -0.318202  0.650427   0.68811 -0.487643 -0.709873  0.805098 -0.830522 -0.850022
point 63 847 283.777 134.485   0.12391  0.507566  0.378703  0.991648   -0.7885 -0.727655  -0.36653  -0.83169 -0.853489   0.21377
point 64 854 157.668 209.281   0.625872   0.168368   0.439363  -0.793483 -0.0709341   0.944066 0.00318268  -0.102608   0.240781    0.98833
point 65 856 220.385 184.931 0.0545054  0.660728  0.401791 -0.587037  -0.49619 0.0472694  0.523991  0.829863  0.233884 -0.571232
point 66 858 198.606 139.354   0.550234   0.244767  -0.167708  -0.109581   0.731311   0.872583  -0.504966   0.170517  -0.762281 -0.0335521
point 67 869  563.45 227.523  0.430403  0.799555 -0.810929 -0.553027 -0.024024 -0.720121  0.555559 -0.942674  0.846412  -0.84802
point 68 894 31.9721 209.302   -0.198778   -0.559864 0.000301831    0.726302   -0.648199   -0.688538    0.888512   -0.318134   -0.949744   -0.922338
point 69 899 306.254 191.659 -0.473809 -0.488479  0.597861 -0.695115 -0.892231 -0.211586 -0.872539 -0.900816 -0.652121  0.309046
point 70 909 384.316  201.47 -0.285277 -0.677586 -0.194434 -0.397223 0.0325463 0.0738646 -0.330048  0.185982  -0.36173 -0.166556
point 71 916 121.757 204.697  -0.349288     0.2776    0.19526   -0.42792   -0.70735  -0.515058   0.683366    0.25151   0.850912 -0.0101616
point 72 937 116.873 231.649 -0.504611 -0.608796 -0.551444 0.0197981  0.507866 -0.238515  0.130064 -0.196627 -0.230321  0.507231
point 73 953 428.152 3.99287  0.0702244   0.577114   0.728278  -0.594767  -0.121471 -0.0894219  -0.443044   0.734309  -0.643119   0.770576
point 74 966 610.146 175.014   0.729176   0.331219 0.00915668   0.591189   0.752001 -0.0242547  -0.760759 -0.0670069   0.772633  -0.598074
point 75 974 76.2036 234.794 -0.470919  0.736003  -0.73213 -0.875449  0.485946 -0.492165 -0.450916  0.486908  0.490022  -0.44259
point 76 980 244.954 215.866  0.480849 -0.241399  0.517922 -0.533491  0.544675  0.415313 -0.842147 -0.236131  0.378608 -0.680254

