seq: 162
gt_pose:  -5.25155     3.538 0.0628489
odom_pose: -5.13726  2.38467 0.147701
point 0 30 400.811 29.9704  -0.754431  -0.918812  -0.874156 -0.0398366   0.544847   0.422738  -0.127641  -0.726539   0.184177   0.155673
point 1 58 354.86 226.83  0.665837 -0.497822 -0.510929 -0.822434 0.0133082  0.821899  0.254709  0.109205  0.638911  0.966607
point 2 63 354.218 205.781  0.195277 -0.697397 -0.789425 -0.243348 -0.771974  0.335476 -0.798207  0.790548  0.126235 -0.626641
point 3 72 636.696 209.913 -0.786116 -0.355077  0.718683  0.196712 -0.803419  0.624492  0.469534 -0.176978 -0.268254 -0.186523
point 4 76 211.598 177.923   0.397687  -0.171475  -0.636258   0.676462  -0.691495   0.358597  -0.359532  -0.324636  0.0734684 -0.0465067
point 5 88 428.129 234.584  -0.262737 -0.0435961   0.419847  -0.986295   0.303522   0.274718   0.430815  0.0665024   0.805667  -0.562404
point 6 92 542.963  201.97   0.200972   0.729336  0.0279636   0.901339   0.316504   0.325523   0.990576   0.626492  -0.208697 -0.0001672
point 7 93 433.235 120.485   0.732469   0.103268   0.205335  -0.769904   0.888105  -0.366647   0.145097  -0.884143   0.591209 -0.0139776
point 8 101 240.294 128.009   0.653607  -0.165664   0.338287  -0.709476  -0.266061   0.884629  -0.333803 -0.0171451  -0.936858   0.801153
point 9 111 435.585 231.158 0.0368233  0.947922 -0.903685 -0.919217 -0.166528 -0.320934  0.953444 0.0772804  0.242561  0.413873
point 10 145 85.3169 237.706  0.524015  0.434409 -0.962484  0.641662  0.295004  0.768898  0.495698 -0.237814  0.630618  0.569429
point 11 166 507.141  191.74 -0.627512  0.379714 -0.551495 -0.484313 -0.688725  0.235509 -0.766142  0.138807  0.146185 -0.666878
point 12 175 418.518 180.911 -0.355678  0.568863  0.271342 -0.636034  0.698076   0.73436  0.956879   0.97997  0.580751  0.134633
point 13 181 251.854 188.584   0.750054   0.574429  -0.166224  -0.200744  -0.124673   0.841042 0.00136598   0.990377    0.58594  -0.274664
point 14 186 383.677 153.734  -0.328119  -0.391489   0.328367   0.457915   0.846894   -0.87859 -0.0281591  -0.539248   0.127659   0.309197
point 15 189 193.903  223.07   0.945016 -0.0476407  -0.913968  -0.804192 -0.0914239   0.824675   0.716669   -0.44299  -0.432841   0.138591
point 16 192 92.7209 169.103   0.533138  0.0374219   0.519112   0.292745  -0.843898  -0.142802 -0.0401316   0.128408  -0.362183  -0.532136
point 17 208 120.793 162.725  -0.93742  -0.32304  -0.91443 -0.158843 -0.225553  0.803386  0.886132 -0.584221  0.738683 -0.802089
point 18 209 248.29  229.1 -0.259016    0.1222 -0.362261  0.326131   -0.9213 -0.268938  0.608277 -0.857736 -0.364558 -0.663446
point 19 216 519.776 197.406 -0.635367  -0.97604  0.857974 -0.783957 -0.536215 -0.836627 -0.377318 -0.281775 -0.011359  0.841593
point 20 233 376.729 231.312 -0.123987 -0.438189  0.157641  0.247618  0.372636  -0.18947 -0.929257  0.226787 -0.899934  0.322677
point 21 242 624.469 167.216 -0.773124 0.0263797  0.119607  0.482093 -0.346113  0.590496  0.839739  -0.79677  0.467178  0.646382
point 22 245 492.014 198.462 -0.601105 -0.387113   0.46113 -0.723496 -0.517143  0.391904  0.926255 -0.668558  0.212007  0.775784
point 23 251 430.899 231.085 0.0417697 -0.550739  0.157792 -0.848899 -0.412856 -0.127121 -0.458942  0.191311 -0.130011  0.314952
point 24 262 513.836 185.716 0.0206541  0.293006 -0.283305 -0.594526  0.995192  0.987702 -0.964162 -0.344699  0.443886 -0.339313
point 25 277 580.944 183.186 -0.534681 -0.841465  0.289852 -0.857841 -0.936418  0.218016  0.134423  0.526353  0.370926 -0.918667
point 26 285  206.02 120.739 -0.563312 -0.127803 -0.507216  0.999061  0.919132  0.768625  0.335672  0.643504 -0.407088  0.380588
point 27 303  403.49 219.779    0.103541   -0.822067   -0.614997   -0.894738  -0.0898591    0.501838   -0.430238  -0.0615332 -0.00390404   -0.396444
point 28 307 338.663 205.596  0.151784  0.882231  -0.18825  0.589791  0.677821  0.895353 -0.135874 -0.478599 -0.866875  0.450753
point 29 321 261.474 165.801    0.165357   -0.688585  -0.0560794   -0.939128    0.918685 -0.00582577    0.326646    0.601336    0.747975    0.540661
point 30 322 227.804 122.718 -0.304709  -0.18485  0.480035 -0.765895  0.891715  -0.68569  0.905928  0.931254  0.367044  0.466936
point 31 332 4.80913 153.766  -0.256224   -0.16375  -0.122085   0.372535   0.743884   0.852454   0.759585 -0.0179131  -0.817505  -0.575347
point 32 334 629.519 208.576 -0.307536 -0.409231  0.961688 -0.654639  0.262377 -0.329135  0.104262 -0.848586  0.996132 -0.162214
point 33 337 96.6854  214.75 -0.140421 -0.208498  0.289353 -0.470793 -0.454409  0.524987 -0.280779   0.37606  0.807226  0.437672
point 34 344 31.4513 223.982  -0.460657  -0.214416  0.0962039  -0.656789   0.888288   0.741342   -0.38236  -0.379221   0.703417 -0.0997572
point 35 346 322.872  171.61  -0.542575    0.95395 -0.0414304  -0.817574  -0.162047   0.457023  0.0121178   0.958087   0.820465  -0.152754
point 36 352 504.074 211.879  0.595745  0.321804  0.403371 -0.763618  0.548094   0.67577 -0.628849  0.542396 -0.090481  0.823415
point 37 359 577.713 168.897   -0.10213  -0.247714   0.632303  -0.527201   0.673659 -0.0243936   0.246324    0.17562  -0.554139  -0.224594
point 38 387 421.224 200.484  0.725335 -0.673511  0.509875  0.921118 -0.707614 -0.163842 0.0152401 -0.914397  0.618839  0.704005
point 39 402 227.762 222.276   0.301087  -0.289462  0.0254107    1.02581   0.468384 0.00764725  -0.107527    0.41282   0.986235  -0.339982
point 40 404 194.817 170.295 -0.0435139  -0.903741   0.228706  -0.389928  -0.171741  -0.542472   0.344718   0.790361  -0.514233  -0.245289
point 41 405 324.394 169.007   -0.12198  -0.965024   0.815579   0.707937  -0.161686 0.00549309    0.34562   0.348405   0.542393   0.785114
point 42 406 256.951 192.579 -0.180889  0.897614 -0.735735 -0.542544  -0.87007  0.272204 -0.461586  0.364207  0.863059  0.423116
point 43 428 536.828 25.4201 -0.511396 0.0350731  0.607352 -0.896418 -0.243254  0.494835  0.255045  -0.39912 -0.181413  0.156733
point 44 453 134.745 233.503   -0.36132   0.369962 -0.0937152   0.102644   0.326312  -0.529441  -0.828445  -0.290023    0.57369   0.306527
point 45 472 573.257 203.454  -0.850453 -0.0992026   0.620794  -0.175818   0.915531  0.0924697   0.720603  -0.648441 -0.0375225  -0.624185
point 46 477 161.519 162.085  0.944723 -0.649507  0.069244 -0.393397  0.215397 0.0710135  0.705463 -0.812524 -0.288141 -0.591655
point 47 478 235.642 207.241   0.21219 -0.685599  0.506197  0.782493 -0.398986 -0.445122  0.202604  0.143188 -0.447049   0.87894
point 48 494 544.823 91.1846   0.381505 -0.0626537  -0.350648  -0.980229   0.116549  -0.804585   0.498437   0.352295  -0.220998  -0.939817
point 49 499 336.772 203.692   0.903808  -0.427406   0.368256  -0.647661    0.10623  -0.117473 -0.0768257  -0.202256   0.673844   0.301665
point 50 514 517.918 179.425  0.398264 -0.816675  -0.88993 -0.419768 -0.922324 -0.559534  0.647362  0.845772  0.146403  0.234314
point 51 524 169.417 155.479 -0.238658  0.786146  0.349769 0.0558689  0.950875 -0.490244 -0.226568  0.195882  0.231977 -0.825909
point 52 529 566.208   202.9  0.460576 -0.418013  0.070239 -0.360973  0.650394 -0.124447 -0.881615  0.844253 -0.213357 -0.370725
point 53 534 12.3213 162.723  0.287757  0.378804 -0.221711 -0.922423 -0.153957 -0.114532  0.452432 -0.360302 -0.292887  0.124992
point 54 539 343.065 130.165  0.810016  0.113372 -0.967592 -0.712563   0.50114  -0.29999  0.985778 -0.727817  0.243203  0.188944
point 55 541 497.486 232.616  0.326163  -0.84092   0.82678  -0.28667  -0.67079  0.712995  0.736959 -0.594431 -0.954061  0.227685
point 56 544 285.348 202.275  -0.158317  -0.321393   0.698985 -0.0930377  -0.762545    1.02479  -0.948254   0.294027  -0.479805 -0.0209366
point 57 561 174.168 220.702 -0.900256 -0.353283  0.760376 -0.103995 -0.963099 -0.767689 -0.121337 -0.982047 -0.408158  0.672662
point 58 568 530.768 219.255 -0.996166 -0.646442  0.981514 -0.646895  0.346137  0.563851 -0.995252 -0.856813 -0.762977  0.181199
point 59 596 361.576 210.433  0.0409999  -0.505878   0.417118   0.182498 -0.0672499  -0.445978   0.713233  0.0922428   0.568074   0.945685
point 60 597 625.703  180.78  -0.742266   0.741225   0.814336 -0.0759507  -0.299337   0.535281   0.889472   0.906776   0.432675  -0.348889
point 61 607  551.57 237.207  0.883712  0.368914 -0.309207 0.0896169 -0.426735 -0.385317 -0.456141  0.205519  0.965977  0.746405
point 62 610 508.347 146.704 -0.228256 -0.257337  0.746793  0.654041  0.397153  0.485744  0.669246 -0.571748  0.169698 -0.396702
point 63 614 139.537 144.707  0.490739  0.664078 -0.611596 -0.677659  0.959218 -0.327935  0.743583  0.134886   1.04113  0.166935
point 64 616 140.016 218.711   0.833759   0.564295   0.482198   0.357977  -0.935442 -0.0587972  0.0502772  -0.673376   0.244612  -0.018797
point 65 631 475.929 223.887  -0.823743    0.03982  -0.655922 0.00954315   0.398099 -0.0739022  -0.222642 0.00994257  0.0124039  -0.306983
point 66 644 425.375 181.086  -0.512487   -0.11593  -0.582465 -0.0241491  -0.176346  -0.747347    0.86509  -0.890428   0.846872   0.446976
point 67 662 325.509 112.392  0.319437 -0.260154  -0.36017 -0.828939 -0.215034  0.836166  0.545016   1.01514 -0.731027  0.675642
point 68 674 144.031 232.759  0.819508 -0.746019  0.431898  0.755171 -0.392643 -0.482863 -0.720467  0.166555 -0.171969  0.202887
point 69 689 505.465 61.1189   0.827755  -0.463755  -0.488924 -0.0379802   0.750181  0.0921313  -0.798172  -0.279684   0.924073   0.886921
point 70 691 522.531 196.816  0.550641  0.936277  0.187709 -0.226381 -0.919462 0.0498977  0.254045 -0.356968 -0.906575 0.0262761
point 71 705 74.8397 237.087 -0.0999311  -0.683376   -0.16309   0.555705  -0.951176   -0.35407   0.850441  -0.654574  -0.381063  -0.452195
point 72 725   358.1 196.334 -0.806297  -0.73632 -0.721877 -0.904496  0.234783  0.380058 -0.831512 -0.775447 -0.425746 -0.233544
point 73 726 435.218 183.755  0.973736  0.469928  0.531265 -0.667009  0.290022  0.657592 -0.746604 -0.861644 -0.851819 -0.848202
point 74 776  511.29 175.208   0.890437 -0.0774698  -0.166155  -0.523384    0.67324  -0.894831      0.402   -0.41557   0.767454  -0.793455
point 75 798 341.732 73.0092 -0.429525 -0.884678  0.921613  0.537317  0.526731  0.555713  0.679953  0.919637 -0.910363 -0.532695
point 76 800 349.757 76.4599    0.518034    -1.01269   -0.526155  -0.0938637    0.863226 -0.00758865   0.0315648    0.807947   -0.478503    -0.49889
point 77 805  398.08 173.133  0.333123  0.783186  0.485766   -0.1684 -0.879196  0.774318 -0.171933  0.937581 -0.824721  0.272717
point 78 816 18.7736 24.0476  0.578995 -0.214626 -0.878663  0.409794  0.250485 -0.406029  -0.45003  0.937682  0.441979 -0.297035
point 79 830 99.0247 185.196   0.861375    -0.3287   -0.96146   0.694641   0.792498   0.219651  -0.861806   0.988526  -0.896524 -0.0709482
point 80 832 268.167 173.891  0.688621   1.00205 -0.337704  0.686653  0.730545 -0.467663 -0.718274   0.78928 -0.769362 -0.887088
point 81 854 324.643 223.418   0.612102  0.0919979   0.365387  -0.765864  -0.129722   0.986202 -0.0300562  -0.087536   0.241681   0.929639
point 82 856 318.292 182.223 0.0548556  0.608794   0.37005 -0.564847 -0.548027 0.0226176  0.569962  0.830121  0.309258 -0.581482
point 83 858 350.003 123.572  0.490689  0.232912 -0.168798 -0.163219  0.702823  0.905633 -0.424007  0.133309 -0.769443 0.0120435
point 84 862 556.605 206.462 -0.790378 -0.319882 -0.699505 -0.171172  0.582487 -0.544851 -0.107906  0.391947 -0.912813 0.0916502
point 85 869 112.113 233.742  0.389589  0.795778 -0.719076 -0.575988 0.0467064 -0.775474  0.561856 -0.875078  0.845636 -0.902373
point 86 876 469.216 163.523     0.40808   -0.706168     0.94361   -0.200383 -0.00269032    -1.00747   -0.946972    0.293414    0.902792    0.350456
point 87 880 451.111 200.762  -0.58401 -0.523977 -0.255771  0.653176  0.543184 -0.204141 -0.322007  0.624345  0.819121  0.649241
point 88 883 432.148 223.082  -0.210693   -0.22892  -0.733692   0.979052   0.312839   0.567057   0.537688  -0.317079   0.252388 -0.0120665
point 89 899 158.251 87.5147  -0.42307 -0.544721  0.607403 -0.690898 -0.838409 -0.148255 -0.912426 -0.895416 -0.570303   0.29378
point 90 908 514.515 156.458 -0.983833 -0.906466  0.919909 -0.734445  -0.73423   1.00166  0.638604 -0.774534 -0.577371  0.261315
point 91 909 0.881108  150.866 -0.326061 -0.733936 -0.238739 -0.405541 0.0956487 0.0170877 -0.317544   0.20872 -0.370622  -0.13231
point 92 936 568.563 163.649 0.0567373 -0.382202 -0.469871 -0.343104  -0.44892  0.956446 0.0708885  -0.69477 0.0858482   0.09807
point 93 937 349.299  235.38 -0.489023 -0.581646 -0.479459 0.0820007  0.466366 -0.280541  0.124671 -0.288774 -0.240259  0.531408
point 94 944 496.308  181.78   0.551927  -0.526396  -0.248612  -0.511317   0.731028 -0.0455307   0.106329   0.348021   0.447767  -0.679133
point 95 953 215.491 172.854  0.0490238   0.601396   0.805556  -0.593755  -0.132631 -0.0559557  -0.444158   0.779721  -0.693519    0.81262
point 96 958 567.247 137.065  -0.41174 -0.854475 -0.781302 -0.172764 0.0610677 -0.318031 -0.238832 -0.203683  0.470886 -0.871721
point 97 965 584.544 173.221    0.908068    0.588504    0.495975  -0.0810764 -0.00810836   -0.537833    0.161488     0.63185    0.956696    0.206267
point 98 966 118.977 213.245    0.719126    0.343029 -0.00887451    0.564388    0.714832  -0.0352713   -0.770273   -0.021317    0.705312   -0.593153
point 99 967 379.626 198.019  0.205319 -0.102229  0.388441  0.918916 0.0792732  0.345008  0.596583 -0.384107 -0.735557 -0.415705
point 100 978 530.968 211.103  0.813846  0.635018  0.221671  0.915749 -0.820139  0.363486  0.105945  0.409917 -0.552405  0.344081
point 101 980 331.027   183.6   0.51386  -0.20369  0.579637 -0.494098   0.47349  0.437541 -0.867908 -0.249424  0.333191 -0.658092

