seq: 192
gt_pose: 0.621967  3.27499 0.289141
odom_pose: 0.714739  2.44747 0.250974
point 0 0 617.611 191.354   0.627946   0.847436  -0.599374  -0.363192   0.552372  -0.433475  0.0855413 0.00219578   0.237521  -0.285624
point 1 3 518.472 186.394 -0.204401  0.763156 -0.384536 -0.332994  0.612495  0.835841 -0.832884  0.850907 0.0916463 -0.778508
point 2 15 246.354 177.773   0.74244  0.618737  0.934843  0.473906   0.76094   1.01215  0.324491 0.0222856  -0.71061  0.625813
point 3 21 373.708 88.9734   0.537387  -0.380721  -0.300785  -0.579122   0.927609  -0.986999   0.657134  -0.350558  -0.620352 -0.0948745
point 4 36 439.843  230.16 -0.177291 -0.227304  0.399963  0.623919  0.316102 -0.684973 -0.966301 -0.834796  0.382972 -0.667198
point 5 37 298.769 211.155 -0.960286  -1.03116 -0.425291 -0.513422  0.304445  0.683549 -0.679283 -0.282851  0.380888  0.727867
point 6 40 73.0253 163.628   -0.400688    0.730678    0.140682    0.315702    0.492083    0.522094    0.585824   -0.448644    0.216493 -0.00962247
point 7 42 624.134 132.394   0.038017  -0.795678  0.0272568  0.0408455  -0.853849   0.586817  -0.251261   0.242378 -0.0495586  -0.671085
point 8 44 544.464 108.916  -0.585789   0.294146   0.895401   0.464744 -0.0271982  -0.130791   0.708478   0.860816   0.874347   0.801685
point 9 49  395.49 169.015  -0.713987  -0.437468   0.799981  -0.280235   0.765776   0.454283 -0.0394284  -0.441109   0.928076  -0.788653
point 10 53 323.904  190.58  0.790853  0.286138 -0.321314 -0.889861  0.496264  0.601534  0.415343  0.356127  0.820313 -0.360007
point 11 61 286.486 165.826   0.14046  0.509498  0.485227  0.826755 -0.831751  0.570155  0.916566 -0.764293 -0.449845 -0.571138
point 12 77 287.302 226.928 0.0685384 -0.962611 -0.485657 -0.644908  0.350152 -0.117918 -0.546441  0.328545 -0.604885 -0.335717
point 13 89 299.446 231.186   0.61553 -0.627716 -0.341297 -0.347179  0.254586 -0.614784 -0.483282 -0.904159 -0.760278 -0.173072
point 14 106 263.197 234.449 -0.198565  0.975695 0.0446808  -0.16301  0.463897  0.163147  -0.17972 -0.969664  0.484247 -0.155723
point 15 113  566.32 152.933 -0.0268238  -0.544464   0.617267  -0.862341   0.569811  -0.304885  -0.931398   0.618977  -0.272383 -0.0596902
point 16 115  487.88 157.457 -0.722624 -0.756471  0.501182  0.542547 -0.019502 -0.599124  0.946671 -0.452083 -0.494006  0.485523
point 17 120 429.053 177.747   -1.0161  0.195257  0.668497 -0.557788  0.674324   0.53623 -0.622497  0.279559 -0.895221  0.290766
point 18 130 235.792 180.816   0.786433   0.224189 -0.0336992   0.974605   0.539673   -0.24334   0.937382  -0.944328  -0.501829  -0.492256
point 19 134 329.907 168.034 -0.324923   0.11447   0.42557  0.849753  0.704365 -0.353409  0.947448  0.750716  0.539533  -0.76308
point 20 140  352.87 188.878 -0.518513 -0.140507  0.663503  0.097308  0.821494 -0.732904  0.382521 -0.615571 -0.385845  0.853759
point 21 157 241.094  237.33 0.0307285  0.154963  0.619371  0.507611 -0.785568 -0.989657  0.269853  0.584392 -0.734609  0.539264
point 22 158 371.832 106.233  0.454538  0.465852  0.322387 -0.312827 -0.137268 -0.441006  -0.72927  0.140125  0.960221 -0.563096
point 23 161 286.359 172.377    0.50003   0.943974 -0.0553739  -0.405758  -0.444294  -0.790559  -0.418085  -0.289058   0.098445   0.648195
point 24 170 370.455 236.904   0.15736 -0.329945  0.229932 0.0913815  0.775664 -0.191913 -0.893391  0.693746  0.469501  0.731486
point 25 180 141.405 157.487 -0.103891 -0.479173 -0.692381  -0.70576  0.126062 -0.970144 -0.117227 -0.153512 -0.132224 -0.291401
point 26 185 522.353 172.715 0.0722927 -0.557373 -0.517434  0.327192 -0.261585   0.88729 -0.609935  0.850067  -0.24123 -0.098055
point 27 190 129.074   228.7   0.415597   0.642818 -0.0658441   0.777788   0.447359   0.469213   0.100079  -0.881784   0.327649   -0.47028
point 28 191 172.469 218.113  -0.930973  -0.896572  -0.867171   0.749859 -0.0204288   -0.96539  -0.315371 -0.0184432  -0.768808   0.573617
point 29 214 120.314 182.953  -0.757184  -0.566348   -0.65034  -0.129049   0.202963 -0.0804977   0.747014  -0.771601 -0.0504128  -0.439902
point 30 239 100.904 183.677 -0.424489  -0.90803 -0.786644  0.152661  0.630237  0.178188  0.198489  0.279736  0.140213  -0.58804
point 31 264 81.9571 173.937  0.945638 -0.181728 -0.366155 -0.156136  0.238457  0.745889 -0.788532  0.858183 -0.805494 -0.863892
point 32 276 420.647 239.682    0.500021   -0.729615   0.0539399   -0.118036    0.276325 -0.00584899    0.297353   -0.681413   -0.444347    0.696285
point 33 304 332.337 45.8013  0.522139 -0.599921 -0.408563  -0.41049  0.976218 -0.234355   0.74049  0.545186 -0.497832   -0.3765
point 34 310  224.68 167.794   0.63266  0.157178 -0.691424 -0.833884  0.639263 -0.184452 -0.886918 -0.322301  0.828807 -0.655092
point 35 315 397.564 201.748 -0.811658  -0.41043 -0.976095 0.0683529 -0.406081  0.212339 -0.607713  0.805621 -0.677428  0.916601
point 36 320 187.986 223.142 -0.0953658   0.665081    1.00714 -0.0492971   0.615062   0.117519 -0.0181073  0.0190025   0.206176   0.282517
point 37 324 120.776 177.838    0.10111   0.368954  -0.694156  -0.402706    0.65494 -0.0217933   0.427328   0.053642   0.307679   0.350599
point 38 325 450.054 207.405 -0.230918 -0.289123 -0.633554  0.111272  0.225015 -0.346777 -0.280596 -0.459742  -0.62567  -1.00543
point 39 343 335.748 225.637 -0.0453441  -0.925059  -0.329965   -0.79138  -0.255412 -0.0738005   0.233312  -0.900852   0.556896  -0.415507
point 40 353 521.876 159.773  -0.496626  -0.193746   0.945397  -0.291608  -0.284074   0.288727 -0.0500014  -0.578401  -0.447375   0.102788
point 41 396  417.61 154.649  0.262862 -0.731859  0.895974  0.665242 -0.352272 -0.332381 -0.788577 -0.430488  0.331181  0.632692
point 42 439 98.7874 195.298  0.212792 -0.446365 -0.778696  0.234306  0.357593  0.700147  -0.30921  0.247145 0.0522005 -0.194552
point 43 440 154.562 155.821 -0.918255 -0.890522 0.0720413  0.905426 -0.543226  0.468896  0.735809 -0.231742  0.378978 -0.515327
point 44 442 609.859 234.906 -0.196904  0.651949 -0.704846 -0.394191  0.620747  -0.58862 -0.274682 -0.332684 -0.645301  0.100762
point 45 449 251.644 164.635 -0.0522575  -0.421682   0.820077  -0.507796 -0.0737594  -0.505487   0.582665 -0.0206038  -0.348161  -0.264913
point 46 456 448.567 192.016  0.221401  -0.59432  0.583849 -0.457017  -0.32045  0.638814 -0.490629  -0.71239 -0.794627 -0.939635
point 47 458 111.238 161.369 -0.815957  0.151568 -0.808054  0.362444  0.539668  0.390303  0.809838 0.0669923   0.93477 -0.581005
point 48 487 230.351 182.116  -0.849799    1.02034  -0.700142  -0.881703 0.00550312   0.600781  -0.320628  -0.921969    0.34494  -0.243535
point 49 517 206.459 186.582  -0.412488 -0.0589563  -0.828969  -0.531405   0.334099   0.105457 -0.0469802  -0.807188   0.706655  -0.495493
point 50 533 603.209 160.523  -0.686881  -0.160482   0.578406  -0.241189  -0.730682  -0.717877   0.642156  -0.262577   0.714811 -0.0108657
point 51 569 126.296 193.647 -0.0353303  -0.738686   0.339065   0.249666  -0.259319   0.453218   0.461387  -0.522917   0.900756  -0.397285
point 52 581 365.981 239.473  -0.65165  -0.50745 -0.268994  0.946177 -0.951198 -0.176157 -0.134131  -0.79393  0.863863 -0.172184
point 53 588 611.118 228.289 -0.247541  0.114648 -0.459649 -0.587841  0.581608  0.608739 -0.577336  0.317876 -0.126951  0.101676
point 54 603   320.4 152.668  0.966484  0.637831   0.71654  0.284929 -0.792555  0.408178  -0.87675  0.793296 -0.575344   0.65752
point 55 627 252.253 137.062  0.110254  0.873614 -0.599476  -0.52229 -0.804672  0.325269 -0.794466 0.0760091  0.298546  0.572109
point 56 628 212.706 212.274 -0.730114 -0.190175    0.2058 -0.411357 -0.165236  0.872786  0.612525 -0.403059  0.444589  0.838982
point 57 640 107.315 216.317 0.0406714  0.721539  0.904574  0.392363  0.200469 -0.398777  0.577394 -0.275092 -0.152298 -0.258243
point 58 646 608.172 219.565 -0.312779  0.642656  0.767492  0.783386  0.351843 -0.699199 -0.298377  0.864388  0.293474  0.489735
point 59 655 563.959 188.818 -0.159083  0.717283  0.463891 -0.556322  -0.54627 -0.453995 -0.968753 -0.694951 -0.821043  0.831402
point 60 658 546.474 184.383   0.421666  0.0766145 -0.0812615  -0.309032   0.209016   0.994186   0.643712   0.621053  -0.763851   0.530203
point 61 678 86.6839 103.293  -0.770974   -0.90404  -0.418692  -0.447264  -0.020817  -0.977637  -0.882755 -0.0942726   0.249021   -0.33679
point 62 704 214.791 195.199 -0.394757  0.108911  0.350751 -0.132796 -0.534648  0.778109  0.546854 -0.929883 -0.510712  0.643776
point 63 717 309.652  181.23   0.92527  0.649241 -0.882858 -0.243542 -0.310751 -0.700726 -0.683048  0.747374 -0.418991  0.705753
point 64 768 591.113 197.092 0.0312266  -0.13931  0.213587  0.347512 -0.675506  0.264082 -0.204228  0.459708  0.727577  0.693603
point 65 804 423.794  202.95 -0.819917 -0.686126 -0.714411 -0.581174  0.566137  0.701993 -0.116566  0.434855 -0.606959  0.174343
point 66 806 543.179 212.867   0.834135 -0.0483289  -0.562508  0.0594132  -0.657787  -0.361113   0.392946   -0.32913   0.135197 -0.0559059
point 67 837 495.546 123.559 -0.0568271  -0.264376  -0.481192  -0.352175  -0.804387   0.201406  -0.410526   -0.33409  -0.826599   -0.46064
point 68 846 388.792 231.902   0.491804   0.323129     0.3785   -0.91337  -0.948637 -0.0981793  -0.704775  -0.250842   -0.39735   0.233971
point 69 853 92.9303 160.089 -0.407756  0.883437 -0.593991 0.0534142  0.162061   -0.7093 -0.366762 -0.389924  -0.79438 -0.764503
point 70 866 379.905 186.119 -0.533295 -0.120095  0.747187 -0.627812  0.685753 -0.226752 -0.186183  0.411289 -0.433143  0.930241
point 71 868 230.674 201.011   0.627097  -0.397694  -0.869665 -0.0295219  -0.666586  -0.381435   0.871062   -0.84966 -0.0205769   0.557433
point 72 878 494.823 216.675 -0.965808 0.0642915   -0.9714 0.0179727 0.0122824  0.450662  0.408934 -0.173501  -0.70111 -0.606863
point 73 886 460.004 159.663  -0.39514 -0.843672 -0.464818 0.0513305  0.365474  0.963674  0.867403  0.906553 -0.677405  -0.81874
point 74 892 550.872 149.097   0.315387  -0.934143  -0.756189   0.758092  -0.720894   0.684558   -0.66527   0.204686   0.838739 -0.0799836
point 75 897 63.8384 146.087  0.249397  0.894523  0.931573  0.527121  0.099445 -0.790979 -0.139445 -0.175159 -0.842232  0.235709
point 76 898 481.502 233.599  0.767745  -0.65155   0.28979 0.0442967 0.0770438 -0.297966  0.567701 -0.502265 -0.125346  0.481869
point 77 905 398.805 108.244 -0.974612  0.165834  0.520601 -0.379999  0.712114  0.273571 -0.883419  0.655413 0.0536184   0.14252
point 78 907 104.332 217.803 -0.733716 -0.980892 -0.921415  0.570593 -0.855413 -0.878503 -0.316135  0.651266 -0.275837 -0.649715
point 79 910 424.374 153.959  -0.925404   0.606801   0.459292 -0.0312142   0.673451   0.431709  0.0979517   0.609363    0.80153   0.337066
point 80 911 362.398 198.777 -0.982375 -0.414064 -0.812542  0.706746 -0.902164 -0.132628 -0.941617 -0.124091  0.494452 0.0677717
point 81 920 392.446 208.913 -0.941044  0.661817  -0.36702  -0.36268 -0.399529 -0.200809  0.840715 -0.868144   1.00783 -0.500217
point 82 926 402.134  228.03   -0.729933   -0.827928     0.87223   -0.906237 -0.00695354   -0.499755   -0.411916   -0.756345   0.0588261    0.527057
point 83 928 533.839 177.132  -0.16314  0.847004 -0.838925  -0.88591 -0.265659 -0.616672  -0.67359 -0.368544 -0.423284  0.284169
point 84 939  488.64 201.144 -0.409477 -0.695184  0.555952  0.929454  0.188025 -0.958295 -0.762156  0.635723  0.130228  0.809718
point 85 947 61.0258 122.726 -0.292263 -0.975119  0.863445 -0.614001 -0.542708  0.889854  0.676761   -0.7253 -0.854306   0.73428
point 86 972 54.0405 51.5528  -0.666605  -0.575651   0.984484 -0.0377894  -0.974142  -0.582743  -0.768095   -0.31945  -0.683009   0.670151
point 87 989 596.938 234.252 -0.678814  0.286795  0.439598 -0.549582 -0.101831 -0.567625 -0.191799  0.504682  0.530152 -0.495461
point 88 997 341.445  204.54    0.92741  -0.955838 -0.0245299   0.792945    -0.4397 -0.0350765   0.630881  -0.875651  -0.209451   0.677614

