seq: 28
gt_pose: 3.71244 2.78234 1.72987
odom_pose: 4.04448 2.53529 1.58356
point 0 15 416.531 150.888   0.731672   0.635906    0.95986   0.533526   0.800235   0.974655   0.363121 -0.0206756  -0.702707   0.675473
point 1 22 573.325 197.253  0.373997 -0.770259  0.383078 -0.264348  0.592165  0.842543  0.795823  0.767972 -0.584721  0.575706
point 2 37 154.297 199.956  -1.02671  -1.01548 -0.414547 -0.437439  0.328924  0.682519 -0.684667 -0.316564  0.306546  0.772069
point 3 39 123.405 99.0928   -0.49944   0.860146   0.140767   0.852154 -0.0082877  0.0865206   0.921037   0.581551   0.644469    0.15113
point 4 53 273.327  124.41  0.826395  0.335461 -0.317445 -0.890449  0.493428  0.599868  0.413081  0.337146  0.795719 -0.400283
point 5 61 464.692 86.0749  0.168921  0.481312  0.484398  0.881815 -0.809383  0.540417   0.84695 -0.796221 -0.434348 -0.545413
point 6 71 578.653  74.107  0.145684  0.235346  0.560467  0.501615 -0.395926 -0.860655  0.744152 -0.626282 -0.623929 -0.330103
point 7 76 161.112 173.343  0.464222 -0.173659 -0.570652  0.665971 -0.715558  0.299684 -0.319089 -0.264931 0.0407192 -0.114968
point 8 77 241.526 220.618 0.0467932 -0.950927 -0.433691 -0.605281  0.410798 -0.135057  -0.50069  0.334311 -0.534123 -0.308903
point 9 83 530.269 178.085  0.595934  0.979226 0.0602284 -0.953525 -0.578317 -0.397495  0.227896 -0.496907  0.503757  -0.88605
point 10 89 327.805 223.006  0.556109 -0.649877 -0.342881 -0.359959  0.312622 -0.604209 -0.538548 -0.930832 -0.701311 -0.164585
point 11 103  213.69 216.774   0.472968   0.131696   0.468376 -0.0867384  -0.251617  0.0779276   0.727866  -0.890052   0.446811  -0.534818
point 12 106 360.878 231.752 -0.191895   1.02272 0.0827671 -0.111482  0.466332  0.170979 -0.194936  -1.01806  0.538654   -0.0649
point 13 130 406.491 161.852   0.830037   0.231265 0.00655099   0.995463   0.489527  -0.310733   0.947104  -0.893195  -0.424499  -0.575365
point 14 133 621.899 173.212  -0.514615  -0.672763  -0.778201   0.379477  -0.894176    -0.7685  -0.549483  -0.452459 -0.0489025   0.361724
point 15 135 460.624 200.416 0.464236 0.439065 0.461196 0.349869  0.27123 0.960445 0.599718 0.388678 0.339172 0.687965
point 16 136 464.155 177.562 -0.441147  0.124501  0.708594 -0.976837  0.404293 -0.669516  0.154018  -0.23007 -0.747447 -0.154491
point 17 157 386.778 236.457 -0.0216331    0.17485    0.67285    0.44664  -0.741796  -0.970403   0.254253    0.57066  -0.676439   0.468765
point 18 161 446.251 103.197   0.472529   0.909793 -0.0078047   -0.46561  -0.430102  -0.799416   -0.42325  -0.274095  0.0791859   0.654171
point 19 180  330.64 178.417  -0.176878   -0.57371  -0.732314  -0.661874   0.140127  -0.958548 -0.0751833  -0.134821  -0.208129  -0.216008
point 20 181 22.0275 178.019  0.807144  0.533134 -0.172181 -0.165345 -0.149644  0.781989 0.0370864    0.9869  0.597571 -0.263115
point 21 189 114.546  225.16   0.897511 -0.0936837  -0.997616  -0.847628  -0.121094   0.831675   0.752351  -0.413143  -0.436204    0.19605
point 22 190 326.722 232.002   0.380872   0.665727 -0.0483833   0.803785   0.453221   0.518985  0.0624015  -0.905582   0.338248  -0.486305
point 23 208 40.5545 200.298 -0.890889 -0.256477 -0.865184 -0.102907 -0.293387  0.775349  0.961056 -0.662873  0.781716 -0.868228
point 24 226 77.4565 111.107  0.0209112   0.521067    0.50613   0.574009   0.929525   0.460894  -0.958695  -0.822857 -0.0297815   0.421066
point 25 229 196.946 194.967  0.949086 0.0723964   0.28251 -0.756766  0.934183  0.180766  0.489153 -0.359893  0.196592  0.103456
point 26 241  580.46 186.041  0.224797  0.199856  0.623618  0.111197  0.647269 -0.782714   0.12386  0.828059  0.311976 -0.275854
point 27 275 221.076 168.995   0.876891  -0.101808   0.416597  -0.798087 -0.0592564    0.13863  -0.290186    0.41428  -0.613753  -0.133269
point 28 285 32.1311   142.3 -0.504563 -0.177937 -0.566495  0.981656  0.953519  0.761408  0.261208  0.566331 -0.359529  0.465245
point 29 310   388.1 153.065  0.634395  0.222899 -0.623543 -0.805354  0.692408 -0.245645 -0.854828 -0.298304  0.780658 -0.613158
point 30 320 241.958 226.785 -0.0726545   0.667435   0.994944  0.0242851   0.629725   0.177156 -0.0157583 0.00558037   0.145649    0.30148
point 31 324 321.508 197.671 0.0492693  0.389917 -0.665557 -0.457849  0.579706 0.0201027  0.409515 0.0690741  0.291236  0.327862
point 32 332 60.6598 209.732  -0.328708  -0.158966  -0.135073   0.281355   0.685646   0.910502   0.713855 -0.0271905  -0.738851  -0.530579
point 33 343 497.491 184.532 -0.0516871  -0.920515  -0.402194  -0.809917  -0.177285  -0.131367   0.274412  -0.920376   0.585907  -0.434933
point 34 366 549.979 170.466  0.468303  0.791064  0.182415 -0.704962  0.105561 -0.698613 -0.977101 -0.292228 -0.295094  0.993511
point 35 379 503.222 152.108  0.239753 -0.504205  0.116519 0.0527568  0.642603 -0.303693 0.0524939 -0.269039  0.129192  0.251488
point 36 393 242.191 220.221   0.573052  0.0681733  -0.297276   0.318868    0.90908  -0.169073  -0.638638   0.137198   0.761671 0.00636957
point 37 402 155.285 218.504   0.347258  -0.275686 -0.0464341   0.959073   0.446733 0.00840177 -0.0777892   0.466364   0.983517  -0.333403
point 38 404 137.624 176.092 -0.0456917  -0.886453   0.178119   -0.37956  -0.163604  -0.527731   0.303013   0.780069  -0.533754  -0.216763
point 39 411 402.657 229.385   0.461336   0.887445   0.885725    1.00018   0.439104  -0.535992   0.905458  -0.284527  -0.849868 -0.0444965
point 40 449 401.898 130.462 -0.0576981  -0.407877   0.856993  -0.542376 -0.0676497  -0.580164   0.509816 -0.0379547  -0.305634  -0.195432
point 41 450  223.74 170.669    0.45922   0.196121   0.675342  -0.611046   0.921825   0.474522 -0.0143844  -0.853861   0.824131   0.731174
point 42 453 92.6901 236.074  -0.359536   0.350556 -0.0310646  0.0746463   0.311325  -0.539635  -0.880435  -0.254962   0.550423   0.289547
point 43 458 257.544 193.536  -0.75787  0.197674 -0.739123  0.369822  0.568184  0.413809  0.799828  0.134848   0.93671 -0.576343
point 44 464 239.224 234.612 -0.0149429  -0.945161  0.0529554  0.0679387  -0.478012   0.181122    0.39868    0.49792  -0.651208    0.19485
point 45 478 87.7976 201.968  0.196249 -0.759939  0.458529  0.829203 -0.401324 -0.407777  0.239119  0.188861 -0.374643  0.792187
point 46 480 53.6975 222.725  0.240788  -0.93288 -0.879435 -0.202966  0.398098  0.252093  0.126718 -0.112355 0.0467016  0.685217
point 47 487 404.973   166.2 -0.804649   1.01452  -0.75263 -0.908105 0.0727102  0.652954 -0.353666 -0.919862  0.346118 -0.186265
point 48 505 248.769 196.133  -0.618382  -0.242718   0.236791   0.279843  -0.831676  -0.501209  -0.869939    0.93565  -0.500126 -0.0587491
point 49 515 546.583 196.196 -0.0152078   -0.51871  -0.123505  -0.453092   0.590955    0.50755 -0.0278413   0.201009  -0.666717   0.390485
point 50 516 413.203 213.497   0.130292  -0.550607  -0.810935  -0.843995  -0.154477   0.602024  -0.570272 0.00944279  -0.821254  -0.538358
point 51 517 387.976 181.798  -0.396404 -0.0503486   -0.87303  -0.542305   0.327248  0.0995132 -0.0738805  -0.785597   0.739301  -0.451464
point 52 520 167.161 170.467 -0.289706 -0.844363  0.375103  0.339055   0.82308  0.370838  0.376609  0.146821  0.277991 -0.215336
point 53 521 522.172 140.371 -0.846867 -0.309348  0.592364  0.177672  -0.27891 0.0215467 -0.349528 -0.716103 -0.837816 -0.676915
point 54 549 523.627 233.915  0.770999 -0.372056  0.931869   0.92797 -0.194386  0.254336 0.0739483  0.472468  0.408989  0.780353
point 55 561 106.992 225.253 -0.939544 -0.352372  0.767754 -0.116186  -0.94779 -0.720175 -0.110748 -0.937131 -0.410296  0.673249
point 56 579 553.463 175.404 -0.812904 -0.106937 -0.855752  0.050704  0.956437  0.479969 0.0376398  0.579627  0.182091  0.306322
point 57 581 522.886 235.953 -0.679095 -0.467611 -0.268237  0.968254 -0.970498 -0.104211 -0.119515 -0.797698  0.851522 -0.154235
point 58 586 554.256 174.563 -0.0298327  -0.973739   0.741916   0.225869  -0.356179 -0.0914971  -0.746291   0.121308 -0.0874956   0.736649
point 59 603 332.211 24.9569  0.965286  0.550875    0.7577  0.244454 -0.760138  0.353667 -0.883381  0.787979 -0.607411  0.657889
point 60 614 15.0634 189.211  0.435273  0.638403 -0.674458 -0.765878  0.910091 -0.324553   0.80265  0.163241   1.02434  0.111649
point 61 616 93.0827 226.793  0.778273  0.573011  0.504189  0.397372 -0.998919 -0.037264 0.0182757 -0.619494  0.225217 0.0116161
point 62 627 313.575 108.589    0.02336   0.902702  -0.588047  -0.588135  -0.776328   0.377653  -0.861381 -0.0135712   0.268811   0.575893
point 63 628 371.898 209.502 -0.690009 -0.139813  0.180357 -0.355173   -0.1872  0.891593  0.572867  -0.38594  0.478045  0.879758
point 64 669  128.87 233.745   0.488676   0.644149  -0.689398  -0.428774   0.225603  -0.694102 -0.0910282   0.928586  -0.217381  -0.318949
point 65 678 270.221 163.896 -0.835477 -0.883196 -0.328448 -0.454523 0.0499179 -0.945981 -0.875632 -0.104547  0.284187 -0.364463
point 66 704 382.326  189.39 -0.343975 0.0888115  0.412016 -0.176922 -0.479852  0.826224  0.520759 -0.991461 -0.552465  0.670272
point 67 705 3.07022 238.851 -0.00132286   -0.716286   -0.103693    0.570343   -0.968439    -0.27736    0.926154   -0.585852   -0.433691   -0.408375
point 68 712 530.691 237.045 -0.0724781  -0.733042   0.476806   0.743589  -0.619639  -0.587486  -0.692444  -0.229575   0.840741  -0.156289
point 69 717 473.285 84.5315  0.957908   0.68602 -0.891129 -0.293014 -0.378458 -0.705283 -0.635096  0.720283 -0.381761   0.67403
point 70 759 542.541  163.66  0.121346  0.583843 -0.910849 -0.815713 0.0256932  0.476607  0.909008   0.25747    0.4282 -0.304227
point 71 780 216.976 239.472 -0.962056 -0.200142 -0.361123  0.095002   1.00509  0.535828  0.466054 -0.800739  0.279934  0.922963
point 72 785 517.012 179.009  -0.101634 -0.0679861  -0.470621   0.588306  -0.918482  -0.562591  -0.879375   0.673019   -0.64521    1.01938
point 73 816 24.3033 166.368  0.585476 -0.241597 -0.854264  0.427506  0.269068 -0.347476 -0.486867  0.946977  0.454604 -0.241034
point 74 831 472.871 235.433 -0.0619498   0.456304   0.677815   0.158253   0.373322  -0.916829 -0.0694828   0.617281  -0.673036 -0.0495529
point 75 832 3.39969 146.658  0.619594   0.92251 -0.335701  0.705866  0.674523 -0.487254 -0.729235  0.796577  -0.81341 -0.844382
point 76 847 129.099 197.956    0.1057  0.494368  0.350276   0.98565 -0.797735 -0.704455 -0.344314 -0.878883 -0.777881  0.180074
point 77 868 380.271 191.932    0.701384   -0.353292    -0.81685  -0.0595161    -0.62499   -0.384647    0.845257   -0.924093 -0.00513114    0.588152
point 78 872 455.439 150.641  0.476947  0.853319 0.0260147  0.518791 -0.437135  0.739702 -0.495177 -0.281022 -0.848034 -0.903514
point 79 877 191.439 173.611 -0.719102  0.917247  0.736779  -0.94093 -0.108915 -0.985716  0.853178 -0.641077  0.440504  0.421649
point 80 897 288.605 189.725  0.247296  0.878879  0.943448  0.583775   0.16981 -0.785417 -0.145355 -0.161291 -0.924894  0.290651
point 81 932 518.338 192.688  -0.0624185 -0.00596932    0.774672  -0.0840465   -0.118372    0.736739  -0.0817307   -0.967586   -0.262747    0.546704
point 82 934 24.1892 162.639  0.384549  -0.56019    0.7504  0.162762 -0.985141  -0.38796 -0.748118  0.847514  0.597081  0.089535
point 83 947 277.324  178.93 -0.378881  -0.97728  0.815692 -0.598068 -0.512044  0.880119  0.594733 -0.704941 -0.889462  0.701743
point 84 953 174.174  164.16 0.0597421  0.524927  0.752723 -0.648353  -0.14768 -0.097732 -0.403894   0.74347 -0.692916  0.752929
point 85 964 472.194 197.327  0.885931 -0.314146  0.256946 -0.225507 -0.844446  -1.01775  0.536067  -0.97543 -0.724221  0.677742
point 86 972 223.288  152.81    -0.735598    -0.577733     0.962841 -7.54476e-05      -1.0176    -0.588785    -0.717299    -0.312459    -0.736946     0.658129
point 87 975 611.332 213.718  -0.779857   0.498664   0.701107 -0.0710346   0.751802  -0.128937  -0.879502    0.31746  0.0181622  -0.308365
point 88 982 543.578 218.602  0.482718 -0.367317   1.00518 -0.169792  0.288623  0.470997   0.64697 -0.164845  0.999057  0.160836
point 89 984 259.738 177.134 -0.416434 -0.753296 -0.974821  -0.58101  0.503152  0.571986 0.0341097  0.469235 -0.508795 -0.657732
point 90 992 574.064 175.293   0.41194 -0.694625 -0.232699  0.389112  0.941698 -0.612573  0.020949   0.81513 -0.901017  0.979328
point 91 993 221.348 174.575   -0.2431  0.913956  -0.45065  0.765004 -0.129324  0.341206 -0.309805  0.129484  0.381457 -0.260462
point 92 995 549.464 203.728 -0.949096  0.771525  0.604671  0.771646  0.966765 -0.642317  0.667432 -0.490131 -0.870301 -0.341051

