seq: 273
gt_pose:  7.17531  -1.5672 -1.61899
odom_pose:  5.70996 -3.05043 -1.90071
point 0 26 584.393 163.747 -0.902034 -0.745896  0.323125 -0.272967 -0.451497 -0.344465  -0.77782 -0.177924  0.843459   0.18726
point 1 35 450.189 205.667  0.130989  0.801341  0.357413  0.630345  0.374064 -0.372815  0.253127 -0.959574 0.0664828  0.638029
point 2 45 510.945 223.953  -0.534325 -0.0592047   0.922006  -0.075539   0.795689   0.904675  -0.585758 -0.0412293   0.518315   0.539758
point 3 46 256.065 177.924   0.919606  -0.375565  -0.199971  0.0928756   0.119476   0.261569  -0.603874 -0.0436156  -0.245134     0.3463
point 4 47 258.293  220.63  0.701449 -0.769432 -0.302188 -0.595972  0.264827  0.164451  0.312414  0.175817 -0.924795  0.131613
point 5 48 601.446 145.415  -0.328972  -0.946966   0.892947   0.158564   0.518382   0.797009   0.842377  -0.680149 -0.0887288 -0.0408593
point 6 54 471.968 146.203 -0.591288  0.140126 -0.898678 -0.821236 -0.706239  -0.55668 -0.684568  0.221519  -0.87841  0.806854
point 7 56 432.031 195.896   0.298992   0.102418  -0.977939   0.895558  -0.322819  -0.578025 0.00684671  -0.206633  -0.341981   0.328881
point 8 59 609.417 171.404  -0.960904  -0.975246   -1.03589  0.0213365  -0.431491   0.397495   0.659736  0.0233894 -0.0603662  -0.858733
point 9 69 406.311 214.286  -0.331751   -0.80357   0.769522  -0.808821 -0.0293128  -0.437492  -0.608817  -0.420303   0.330435   0.941222
point 10 81 629.464 199.473   0.538753   0.242553  -0.829437 -0.0562906  -0.202551   -0.12475   0.184932   0.662147   0.123427  -0.620575
point 11 91 325.771 223.133   0.489089 -0.0482611  -0.813024 -0.0590008   0.877353   0.796177   0.325283  -0.502849  -0.577222  -0.444213
point 12 99 297.117 30.8684 -0.507986 -0.624539  -0.70946 -0.756034  0.192275 -0.882895  -0.82126 -0.751407  0.488561  0.957817
point 13 118 469.026 193.528   0.850628   0.864058   0.677495  -0.448964 -0.0699849    0.50061   -0.85608  -0.657703  -0.906068   0.676683
point 14 138 631.397 229.408  -0.380789    -0.7674  -0.394559  -0.638781  -0.469296   0.132685     0.5921  -0.782944    0.15224 -0.0900157
point 15 152 416.266  148.65 0.0228252  0.506829 -0.597565 -0.637437  0.966435  -0.52634  -0.10311  0.627845  0.801474  0.287974
point 16 174 522.825 93.4385   0.71345  0.150289  0.909035  0.154793  0.033963 -0.445507 0.0986068 -0.576931 -0.528934 -0.981816
point 17 188  268.84 169.335 -0.370535  0.294291 -0.397675  0.869902   0.48546  0.308877 -0.505275 -0.200248 -0.297303 -0.674756
point 18 194 341.083 115.685   0.848744  -0.831304  -0.177466   0.831041  -0.653108  -0.703331  -0.145339   0.779875   0.618491 0.00103717
point 19 196 324.266 167.252  0.549854  0.459738 -0.895767 -0.923232  0.471939  0.936867 -0.784183 -0.732316  0.766765 -0.433014
point 20 207 299.272 233.444 -0.946288 -0.721708  0.961005  0.986061 -0.293165 -0.775078 -0.269465  0.516167 -0.560524 -0.724993
point 21 212 147.478 199.213 -0.360832 -0.132423 0.0359729  -1.01991 -0.257905  0.707098  0.632751   0.35075 -0.978527   0.88945
point 22 215 113.372 86.8025  0.994908 -0.518234   0.87763 0.0299826 -0.442597  0.377808  0.868494  -0.17362 -0.611006 -0.226515
point 23 221 228.341  239.76 -0.555708 -0.258121  0.150485  0.656945  0.740069 -0.645886 -0.289248 -0.505671  -0.68922   0.81726
point 24 224 366.271 131.094    0.95682  -0.548861  -0.723738   0.422704   0.396975  -0.383089   0.394343    0.51202   0.107947 -0.0831296
point 25 237 311.847 153.481 -0.0001817  -0.918298   0.684656  -0.991702   0.177352   0.912672  -0.927293    0.22482   0.334752    0.16846
point 26 252 374.894 185.938  -0.427894 -0.0585768    0.65664  -0.136667   0.933188   0.874359  -0.135347  -0.227494  -0.957952  0.0200879
point 27 261 391.928 201.548   0.88908  0.468714   1.00546  -0.31296 -0.225455  0.168363 -0.663812  0.921704  -0.35842 -0.054944
point 28 305 192.236 153.621   0.115289    0.27601  -0.208295  -0.751808  -0.412603   0.963431  -0.562511 -0.0219578  -0.974589   0.387316
point 29 329 165.464 136.519  0.146232 -0.319283  0.573591  0.823327 -0.960766 -0.851478  0.886296 -0.292108 -0.984989  0.213829
point 30 347 307.191 192.671  0.364957  0.415179 -0.698411  0.613451 -0.132232 -0.758998 -0.966467   0.84959  0.542709  0.403569
point 31 354 231.657 234.884  0.296194 -0.189382  0.916306 -0.670128  0.436292  0.439251  0.665479 -0.121777  0.741455  0.210402
point 32 368 209.626 239.982  0.533815 0.0854923 -0.147968  0.350316  0.155084 -0.735999   0.12219 -0.583121 -0.471288 -0.813118
point 33 372 44.3373 84.3422  -0.204467   0.891104 -0.0480033  -0.577949   0.945574    0.61538  -0.622115  -0.983611  -0.439142   0.203763
point 34 373 410.171 234.645  -0.466733   0.821354 -0.0431691  -0.378976   0.405406   0.545033 -0.0322812   0.763195  -0.353621  -0.830571
point 35 374 427.302 202.674  0.547119 -0.356017  0.295888 -0.633249  0.465428 -0.890579 -0.712365 -0.616187 -0.447908  -0.81441
point 36 394 310.917 173.331 -0.175438 -0.451891   1.03108 -0.264283  0.364753   0.90791  0.618684 -0.954116  0.240891  0.653324
point 37 417 191.895  137.21 -0.849734  0.517318  0.135566 -0.480922  0.216143  0.498147 -0.749562  0.412855 -0.744044  0.289958
point 38 421 238.265 185.664 -0.819332 -0.839116 -0.185193 -0.786653  0.812432 -0.590889  0.314259  0.232917 -0.321024 -0.222064
point 39 442 351.697 190.497 -0.218107  0.581574 -0.721751 -0.412391  0.535881  -0.59646 -0.317642 -0.327553 -0.697912  0.125556
point 40 444 419.213 178.835    0.541567   -0.968822    0.452666   -0.684487 -0.00736876   -0.723144    0.942843     0.27583   -0.118076    0.521068
point 41 446 453.534 148.286    0.47933  -0.717119   0.589757   0.916577  -0.958764   0.162543    1.02174   0.479508   0.512164 -0.0113231
point 42 451  231.32 140.611   0.538325  0.0693244   0.454498  0.0796956   0.161771  -0.541859   0.721144 -0.0751295 -0.0967049  -0.343577
point 43 452 451.932 179.033  -0.918845   0.228231  -0.219407   0.731003   0.562904  -0.748144 -0.0868874   0.250168  -0.307945 -0.0800693
point 44 468 454.561 169.163  0.443686 -0.243877 -0.480287  0.530189  0.155434  0.500126 -0.324848 -0.291988 -0.868797 -0.354795
point 45 482 386.693 214.267  0.527293  0.436283  0.279537  0.166966 -0.321128 -0.523632  0.205154 -0.274378  0.282825 -0.341663
point 46 484 519.271 189.371  0.853298  0.631564   1.04066 -0.807802 -0.597157   0.49409  0.670729  0.592896 -0.356248  -0.70189
point 47 509  415.19 188.107  0.270408 -0.943741 -0.304119  0.719537  0.827956  0.798688 -0.462856 -0.316564 -0.334533  0.909873
point 48 518 354.385 75.9394  -0.91016  -1.00461  0.237053   0.88186   0.38638 -0.609185 -0.757404  0.608919 -0.415325  0.157539
point 49 531 249.838 197.185 -0.369536 -0.106062 -0.483441  0.369939  0.410169   0.96613 -0.969016 -0.538908 -0.412298  0.704749
point 50 537 220.849 174.935   -0.39955   0.606739  -0.138847  -0.389277   0.236243   0.185181 0.00120209  -0.528823  -0.576009   0.268978
point 51 560 589.879 197.737  0.978797  0.425081  0.550212  0.823826  0.314048  0.464306   -0.6935 0.0973669 -0.472723  0.335468
point 52 565 549.944 238.688  -0.88904   0.92722  0.472133  0.286871 -0.519075 -0.565499   0.82797  0.781158 0.0160469  0.578667
point 53 571 484.441 52.9418  0.838146  0.815356  0.266274  0.656251  0.303712 -0.703669  0.896354 -0.349853  0.567786 -0.302007
point 54 620 436.253 166.521   0.528353  -0.266515   0.868808   0.763579  -0.334377  -0.408492  -0.816696   0.353859 -0.0206063   0.500657
point 55 637 257.655 151.881 -0.00756961   -0.622991   -0.633026    0.420838    0.362585    0.173267   -0.249603   -0.602963     0.65909    0.886236
point 56 638 536.888 207.227  -0.306032  -0.831475    0.56963  -0.813366   0.240602   0.313412 -0.0627537  -0.356582   0.497375   0.879017
point 57 651 601.536 151.727  0.833877  0.617017 -0.569763  0.245972 -0.553038 -0.948186  -0.87287   0.39485 -0.222076 -0.413131
point 58 665 490.206 214.178  0.504623 -0.959555  0.983579  0.303879 -0.106922    0.8877  0.752949 -0.187509 -0.211439 -0.481718
point 59 698 97.6081 149.966   0.309323  -0.449542    0.42432   0.411629   0.516715   0.504501  -0.881772  -0.367313 -0.0801659  -0.975617
point 60 703 186.437 116.477  0.826016 -0.705129 -0.656334  0.914372 -0.304173   0.86676  -1.03193 0.0251725  0.777709 0.0543944
point 61 722 565.371 160.327  0.534762 -0.622514 -0.225005 -0.739727 -0.818293 -0.928143 -0.292248  0.581524  0.472538 -0.119143
point 62 731 454.997 224.547 -0.272927  0.404014  0.355692  -0.86005 -0.661873  0.954576  0.758164  0.833632  0.555027 -0.825975
point 63 742 280.16  184.8 -0.428905 -0.280735  0.633699  0.543297 -0.890611  0.097791  0.302057 -0.850896 -0.369208 -0.846068
point 64 743 409.608 219.742   0.111443  -0.526359   0.852231   0.321499   0.676799  -0.310127  -0.409715 -0.0415486  -0.253504  -0.419501
point 65 745 467.031 190.683   1.01775 -0.469615  0.115148 -0.666455  0.300872 -0.700881 -0.270797  0.127842   0.57527 -0.532759
point 66 753 44.3335 39.3859  0.614488  0.542453  0.219672  -0.97053 -0.721218  0.927282 0.0931777 -0.182851  0.716327   0.52381
point 67 763 504.784 174.143   0.133703  0.0965382  -0.819234  -0.243567  -0.633468   0.885174 -0.0895022   0.479274   0.359144  0.0815887
point 68 764  319.42 199.151 -0.923983 -0.460414  0.269563 -0.741075  0.910835 -0.506849   0.13766  -1.00349 -0.643249 -0.523717
point 69 789 84.7902  41.556  -0.717644  0.0237738   0.657013 -0.0163452   0.165554  -0.601004  -0.736657 0.00272952  0.0351503   0.371087
point 70 790 217.204  229.35  -0.748824  -0.874193 -0.0889583  -0.216411   0.397702    0.30782   0.222779  -0.160042  -0.899522  -0.708476
point 71 791 408.373 190.077  0.663557 -0.622463 -0.822793 -0.563702   1.01028 -0.485853  0.394975  0.548092   0.52611 -0.397049
point 72 811 292.43 196.75   0.609996    0.65016 0.00658252  -0.215309   0.319106   0.741608  -0.165681   0.410675  -0.523744   0.279356
point 73 839 103.591  53.788 0.0111683  -0.26882 -0.818841 -0.838253 -0.188915 0.0871951 -0.130155  0.231517  0.731373  0.136248
point 74 855 467.963 180.579 0.0737021  0.953069 0.0788534 -0.126176  -0.87563  0.648714 -0.228276 -0.472747 -0.329251  0.862714
point 75 860 340.873 232.259  -0.769645  -0.923149   0.780288   0.512298   -0.80044   0.217967  -0.215423 -0.0120727  -0.818028  -0.533335
point 76 903 568.042 176.781   0.829004   0.552468   0.944618    0.77142 -0.0308131  -0.671706   0.264617   0.061216  -0.858001  0.0021771
point 77 904 327.354 186.894 -0.473728 -0.155749   -0.4962   0.55456   0.37709  0.106096  0.836852 -0.883251 -0.102637 -0.815524
point 78 918 570.123 224.715 -0.861127  0.185413  0.586351  0.134065 -0.326431 -0.770945 -0.615529  0.874803 -0.116476 -0.309778
point 79 925 583.833 177.974  0.808807    0.6241 -0.471844 -0.608961 -0.101638 -0.277838  0.406341 -0.385557  0.443117 -0.235201
point 80 931 562.798 175.143  0.719324  0.782977  0.376563 -0.126799   0.39666  0.498476  0.529691 -0.925195 -0.273119 -0.232452
point 81 935 430.898 223.042  -0.689757  -0.921218   0.274181   0.948788  -0.631022   0.523281   0.345641   0.849338  -0.805413 -0.0119444
point 82 961 536.755 159.053 -0.309274 -0.460299  0.983332  0.557452  0.538993  0.639411 0.0572164 -0.119876 -0.747451 -0.189214
point 83 969  122.98 239.693   0.654634  0.0160395   0.996047 -0.0886896   0.519792   0.200352    0.83688 -0.0585275    0.18312  -0.132731
point 84 977 605.736 179.799  -0.44362 0.0142515  0.654179  -0.70639 -0.779092  0.810108  0.718221   1.03743 -0.139263  0.431927

