seq: 239
gt_pose:  3.78002  4.12579 -1.18583
odom_pose:  4.13496  3.36576 -1.34482
point 0 3 311.443  188.15 -0.243617  0.826604 -0.402965 -0.295838  0.647267  0.860925 -0.908786  0.900225 0.0376611 -0.800597
point 1 5 516.323 201.108 -0.0057397    0.38175   0.070199  -0.953655 -0.0824417   0.834217   0.890186   0.443489  -0.457677   0.440794
point 2 14 512.547 203.351 -0.778177 0.0975661  0.550548 -0.348991  0.983659  0.157764  0.706338  0.528625  0.279115 -0.895995
point 3 17 444.398 131.981 -0.403555  0.119434  0.465245 -0.756673 -0.080568  0.193605  0.878274 -0.119996 -0.367201  0.720677
point 4 42 383.552 169.109 -0.0144418  -0.795418 0.00122975  0.0331442   -0.90593   0.642596   -0.19769    0.25095  -0.130278  -0.755307
point 5 44 531.395 103.103  -0.571061   0.298506   0.889705     0.4512 -0.0438573  -0.130995   0.730318   0.936873   0.872709   0.798612
point 6 49 177.193 58.3402  -0.674616  -0.452974   0.742069  -0.276525   0.826877   0.499401 0.00155607  -0.486374   0.925575  -0.795307
point 7 50 141.108 180.995  0.892038 -0.594113 -0.446105   -0.6511 -0.593845  0.288649  -0.66906 -0.763468  -0.58286  0.887788
point 8 57 435.507 201.737  0.396296 -0.332817 -0.588994  0.501019 -0.457054  0.329545 -0.943161  0.696113  0.748768  0.250897
point 9 64 425.283 193.953   0.842752   0.545068  -0.795208  -0.939502 -0.0200515  -0.162766  -0.538775  -0.144679  -0.723391  -0.363118
point 10 72 633.922  213.62 -0.838566 -0.299332  0.747022  0.214591 -0.777838  0.569921  0.485227 -0.160173  -0.27487 -0.213698
point 11 75 133.206 162.106 -0.662959 -0.879081  0.968656  0.568289 -0.810009  0.748476 -0.554917   1.02694 0.0540427  0.360332
point 12 78 581.432 209.364  -0.861149  -0.823239   0.601882   0.806563   0.995377  0.0257709  -0.394269  -0.629544  -0.298236 -0.0785623
point 13 87 232.389  233.14  0.694224  0.812357  -0.18396  0.950937 -0.609005 -0.618098 -0.458606 -0.301159  0.833581  0.244355
point 14 110 570.088 128.583  0.878925  0.984004 -0.638868 -0.294388 0.0784994 -0.727389 -0.572249  0.568882  0.696182  0.259412
point 15 113   613.4 151.906 -0.0708143  -0.606503   0.559199  -0.900134   0.484478  -0.304275  -0.879829   0.689976  -0.283961 -0.0816551
point 16 115 314.286  143.73 -0.673803 -0.726544   0.45358  0.525721 -0.035649 -0.582776   0.91515 -0.450833 -0.445835  0.489299
point 17 120 270.628  126.72  -1.01785  0.158962  0.710551 -0.567664  0.605014  0.553124 -0.651872   0.30831 -0.896612  0.347693
point 18 123 563.297 147.753  0.168242 -0.799412 -0.190397  0.387399  0.812126  0.644164  0.268656 -0.191893  0.319157 -0.629201
point 19 162 226.865 189.629  -0.552382   0.309928 -0.0117218  -0.753507   0.137695  -0.940164   0.638766  -0.777869  -0.636428   0.178121
point 20 165 634.356 162.582    0.425636   -0.765681    0.387209    0.622533   -0.679968    0.616505   -0.576978    0.826019    0.338121 -0.00255118
point 21 169 516.476 165.294  -0.589544   0.492897   0.702331  -0.271199 -0.0876073    0.47495   0.332014   0.442366  -0.725619  -0.533259
point 22 170 154.391 226.617  0.131603 -0.384785   0.21472   0.14806  0.792152 -0.237535 -0.873846  0.729932  0.409011   0.66827
point 23 179 448.673 202.351 -0.0408418  -0.867426    0.10243   0.763396   0.748512   0.377508  -0.343931  -0.753832  -0.245381   0.791698
point 24 184 496.139  217.45  -0.24237  0.502975 -0.417604 0.0620549 -0.554144 -0.261256 0.0636962 -0.385459 -0.359732  0.337577
point 25 200 585.846 168.542  -0.421135  -0.736931   0.655817   0.303551   0.191576   0.513238  -0.106839   0.900725   0.987498 -0.0999537
point 26 202 428.745 146.088   -0.5394 -0.194416  0.265273  0.321835  0.145999  0.808884  0.649712 -0.251784  0.141299 -0.201865
point 27 244 50.0867 133.012 0.0532802 -0.936324  0.527344  0.656362 -0.819857  0.725603 -0.362756  0.259882  0.200042  0.251357
point 28 255 155.814 213.508  -0.98246 -0.788828 -0.897915 -0.880517 0.0221173  0.844776  0.224073 -0.351793 -0.128001  0.369992
point 29 270  72.126 220.551  -0.485222   0.420158   0.112783  -0.733989 0.00252699   0.170252   0.505644  -0.212989  -0.906203  -0.842725
point 30 276 214.257 239.403   0.531859  -0.716104  0.0777983   -0.11342   0.304317 -0.0567631   0.314059  -0.632309  -0.453837   0.752665
point 31 280 413.169 230.459  -0.290308    0.17906   0.544025 -0.0929997  -0.296115  -0.397925   0.870999   0.855839  -0.104332   0.788654
point 32 290 365.619 194.917 -0.715626  0.781128 -0.735871 -0.445446 -0.696856  0.501228 -0.896963 -0.815753  0.609921  -1.01642
point 33 296 459.118 165.072 0.0029036   -0.6049 -0.391051  0.265956 -0.200288  0.575903 -0.662499  0.933571 0.0602077 -0.299855
point 34 301 529.036 210.815   0.15056 -0.474189 -0.959126  0.403765 -0.931307 -0.661481 -0.601675   0.51675 -0.756894  0.110476
point 35 313   426.1 147.118  0.0991731   0.315673   0.202803  0.0716919   0.450074   0.667038  -0.422017  -0.576909 -0.0996901   0.389052
point 36 315 488.179 108.944 -0.808964 -0.311909 -0.932945  0.065198 -0.404745  0.126994 -0.580198  0.805163 -0.752329  0.865323
point 37 319 420.958 182.248 -0.952636  0.192977  0.632569 -0.239444 -0.744652  0.166446  0.652053 -0.302529 -0.999311  0.347051
point 38 325 326.133 188.678 -0.189666 -0.281364 -0.605241  0.130146  0.238371 -0.296811 -0.228074 -0.496586 -0.560754  -1.00806
point 39 340 195.522 114.649  0.439715 -0.379007  -0.71511 -0.127848  0.814533 -0.152923 -0.709627 -0.404034  0.580146 -0.368582
point 40 341 168.388 213.681 -0.770559  0.125778  0.304431 -0.303075   0.23841 -0.365069 -0.824758  -0.71483  0.808728 0.0159609
point 41 353 386.653 157.732 -0.547588 -0.287013  0.951459 -0.343961 -0.293406  0.282138 -0.108803 -0.558367 -0.433266  0.145798
point 42 364  556.01 213.424   0.126886   0.738097   0.650676  -0.575601   0.891885  -0.556203  -0.591657  -0.879499   0.146119 -0.0386849
point 43 367 561.387 69.0012  -0.732423  -0.849421   0.928332  -0.438795  -0.445275   0.723069  -0.369731 -0.0679236  -0.511696  -0.778376
point 44 390 45.1327 221.317   0.371318 0.00160282   0.267097  -0.578595    0.32733   0.839862   0.295397   0.153566  -0.552483   0.470224
point 45 396 281.079  60.705  0.217081 -0.733667  0.902444  0.718245 -0.400291 -0.362785 -0.779791 -0.382064  0.389587  0.629254
point 46 398 453.727 227.809 -0.782007  0.916187 -0.653176  0.448518 -0.992805  0.577985  0.700627  0.883748   0.31722 -0.700551
point 47 401 142.438  201.03 -0.038618  0.561187  0.330278 -0.465135  -0.62493   0.18078  0.696564   0.82454 -0.876458  -0.55466
point 48 407 168.016 219.794   -0.71796   0.909145  -0.934892   0.646546   -0.78811 -0.0219361    0.71152  -0.967868  -0.364764  -0.479863
point 49 418 236.365 230.081  -0.893531 -0.0168866    0.26711  -0.658725    0.87557   0.763981   0.993691  -0.712208  -0.679207   0.607567
point 50 425 549.448 239.952 -0.429459 -0.412267  0.333096 -0.465956 -0.532061 -0.690061 -0.174033 -0.907613    0.9054  0.889049
point 51 448 422.706  213.57  0.858774 -0.483863 -0.766779 -0.617227 -0.312992  0.721828 -0.393884 -0.669783  0.658904 -0.438312
point 52 456 241.903 170.199  0.178833 -0.581459  0.544096 -0.507434 -0.313111  0.676856 -0.491078 -0.689465 -0.771603 -0.868587
point 53 469 447.643 174.841 -0.141963 -0.844863  0.901953  0.916639 -0.176991 -0.427896 -0.823314  0.730592  0.213508 -0.863023
point 54 512 230.651 152.926 -0.595879 0.0387656  0.782805 -0.316211  0.543303 -0.937602 -0.268325   0.22933 0.0149374 -0.484216
point 55 519 496.03 136.27  0.412069    0.4373    0.5814  0.137668  0.752927 -0.823802 -0.920498  0.924796 -0.368299  0.513961
point 56 529 552.918 202.169  0.492585 -0.415208 0.0551974 -0.268718   0.63875 -0.139759 -0.826036   0.79686 -0.185094 -0.375775
point 57 556 92.9067 202.839   0.97395  0.971501 -0.267712   0.51609  0.896278 -0.172103  0.461478 -0.659717  0.930352  0.247558
point 58 564 190.095 196.505  -0.625054  -0.156192   0.202602  -0.494038 -0.0965561   0.453335  -0.436016  -0.919031  -0.724707    1.02439
point 59 568 579.371 214.345 -0.933978 -0.605832  0.940904 -0.680554  0.419301  0.529601 -0.964251 -0.812673 -0.696231  0.180106
point 60 573 451.971 165.917  0.857036 -0.263007  0.216561 -0.414437 -0.281189 0.0239349  -0.63247 -0.945949  -0.29547  0.612646
point 61 581  312.64 236.848 -0.675828 -0.520316 -0.247838  0.984998 -0.962794  -0.11085 -0.118249 -0.794093  0.890595 -0.126297
point 62 588 345.401 232.224 -0.277745 0.0709797 -0.419994 -0.633716  0.580488  0.574294  -0.54771  0.273308  -0.14756  0.133622
point 63 605 144.007 203.916   0.971303   0.518482  -0.345606   0.300349   0.211402  -0.400942  -0.088687 -0.0883499   0.862372   0.166993
point 64 632 258.153 237.943   -0.11172   0.245147  -0.330431  -0.750001  -0.552592   0.675164   0.304416  0.0692181  -0.641661 -0.0808627
point 65 646 335.232 226.427 -0.299605  0.592703  0.827762  0.760344  0.368493 -0.721733 -0.339115  0.783678  0.288902  0.465095
point 66 655 597.699 188.337 -0.0768302   0.705185   0.417448  -0.568115  -0.553235  -0.406954  -0.984429  -0.727497   -0.83646   0.851005
point 67 661 577.372 159.618  0.250596 -0.486601  0.420984  0.381294 0.0736817  0.094556 -0.870313 -0.786672  0.212902  0.447465
point 68 667 501.949 168.258 -0.929305 -0.627389 -0.194901 -0.577516  0.749656 -0.742665 -0.543034  0.770313  0.561397  0.420467
point 69 668 117.888 83.3389 -0.598812  0.804174 -0.805457 -0.451187 -0.528632 -0.124276  0.131826 -0.505183 -0.920192 -0.507574
point 70 681 363.357 211.983 -0.324022  0.540192  0.220857  0.447696 -0.763413  0.124254 -0.786367  0.415033 -0.165051 -0.905084
point 71 695 521.871 219.093    0.701422   -0.196725    0.330241   -0.468429    0.432482 -0.00733161    0.923931   0.0188703    0.546247    0.772278
point 72 739 132.925 220.392    1.03961   0.199778  -0.431011 -0.0306762   0.727866   0.234464  -0.911633  -0.218914  -0.243607  -0.679589
point 73 749 160.236 204.432 -0.651844  0.201042  0.644146 -0.735717  0.557645 0.0484542  0.699147  0.123999 -0.294844 -0.193947
point 74 752  611.08 138.091  0.794241   0.80353 -0.569617 -0.189728 -0.144789 0.0630897  0.311856 -0.677483 -0.655019    -0.513
point 75 771 352.741 227.646  0.186802 -0.415729  0.826094   0.98517 -0.620455  0.826976  0.671445 -0.205035 -0.421668 -0.622184
point 76 776 587.722 150.599   0.867526 -0.0791352   -0.13343  -0.532637   0.625848  -0.856182   0.376887  -0.459012   0.833952  -0.759694
point 77 777 483.306  198.05  -0.621806   0.611315  -0.331084  -0.466403   0.618711  -0.234702  -0.280176   0.514414 0.00857392  0.0642624
point 78 778 236.822 221.592 -0.173352 -0.676205 -0.762575  0.679177 -0.495317 -0.888015 -0.422586   0.29072 -0.439838 -0.694363
point 79 794 559.568 209.114 -0.463356  0.428063 -0.326263 -0.613242 0.0764816   0.65571   0.44822 -0.510287  0.164137   0.45184
point 80 797 510.352 198.337  -0.770795  -0.705865    0.69252  0.0289778    -0.1977  -0.514422 -0.0260413   0.524572 -0.0571354  -0.279435
point 81 804 327.923 163.963  -0.780968  -0.765752  -0.643972  -0.582223   0.493458   0.735832 -0.0725141    0.43302  -0.598503   0.105114
point 82 809 212.479 154.257 -0.217608 -0.939459 -0.949282  -0.29373 -0.588895 -0.193656  0.866845  0.766343  -0.20841 -0.217955
point 83 815 429.037 169.352 0.0873676 -0.186186  0.983651 -0.298636  0.758642  0.584778 -0.378817 -0.575342  0.802063  0.880318
point 84 817 128.212 148.169  -0.254318    0.49622   0.822548   0.605666   0.643254 -0.0705549  -0.633052    0.60333   0.640725  -0.904537
point 85 823 13.4937 75.3153   0.07451 -0.739892   0.10103  0.714895  0.610576 -0.500992 0.0760314  0.954886 -0.506465 -0.014807
point 86 837 338.755 107.388 -0.122622 -0.231281 -0.509325 -0.305789 -0.834714  0.174808 -0.496646   -0.3676 -0.842305 -0.435714
point 87 841 573.381 169.383    0.1114  0.870488 -0.867983  0.928327 -0.355574 0.0998067 -0.333054 -0.238945  0.190667  0.531397
point 88 843 572.902 124.026   -0.39377   -0.14633 -0.0990514   0.474074  0.0961156  -0.951935   0.369895   0.269572   0.941686    1.00438
point 89 846 229.402 215.103  0.475861  0.285138    0.3645  -0.90208 -0.944733 -0.083698 -0.692218 -0.282315 -0.344674  0.175043
point 90 861 612.683 191.326  0.0540409   0.691138   0.777229 -0.0820861   -0.50753   0.301449  0.0622946   0.196793 -0.0971545  -0.448164
point 91 862 608.253 201.729   -0.81446  -0.302816  -0.726057  -0.260877   0.615842  -0.488904 -0.0976826   0.315195  -0.946035  0.0743997
point 92 866  122.48 65.2687  -0.521034  -0.128756   0.730383  -0.580791   0.649849  -0.251203 -0.0959551   0.341813  -0.410239   0.942551
point 93 867 444.113 210.755    0.950665    0.143806   0.0956444    0.558438   -0.414569  -0.0872419   -0.707153    -0.40021    0.662092 -0.00747882
point 94 886 351.595 120.602 -0.410606 -0.876567 -0.436217 0.0544847  0.306863  0.968298  0.868431   0.89104 -0.740838 -0.813707
point 95 892 312.489 165.283   0.306871  -0.944113  -0.763094   0.718582  -0.691402   0.677006  -0.631869   0.188122   0.843096 -0.0051456
point 96 898 296.854  232.35    0.816394   -0.617061    0.284753 -0.00134855   0.0784058   -0.298415    0.496512   -0.517035  -0.0762919    0.475197
point 97 910 564.987 21.1161  -0.926897   0.675536   0.498399 -0.0233675   0.634334   0.436195  0.0850539   0.599363   0.808595   0.317187
point 98 911 21.5246 45.9155  -0.998467  -0.406501  -0.824617   0.699644  -0.890677 -0.0535656   -0.95125  -0.114834   0.497759  0.0621581
point 99 920 209.974 152.698 -0.889739  0.659912   -0.3291 -0.367771 -0.450554 -0.206612  0.854201   -0.8561   1.02605 -0.515242
point 100 926 191.651 211.977 -0.784978 -0.811201   0.92594 -0.922174   0.01762 -0.585163 -0.423367 -0.744669 0.0634188   0.52267
point 101 927 593.155 160.954 -0.0451925   0.919212   0.562915    0.37443  -0.900352   0.347104 -0.0417769  -0.415249   0.695608   0.958341
point 102 928 387.787 179.374 -0.177342  0.908018 -0.775793 -0.852616 -0.317115 -0.602028 -0.723294 -0.323325  -0.44326  0.353621
point 103 936 552.784 162.905 0.0574666 -0.379886 -0.446974 -0.358676 -0.426317  0.960344 0.0731039 -0.758404 0.0749517  0.072891
point 104 939  329.38 194.187  -0.45455  -0.72676  0.617108  0.897841  0.162416 -0.937851 -0.696312  0.664813   0.13638  0.825519
point 105 942 558.324 220.493 -0.802622 -0.282083   0.64094 -0.522483  0.257815 -0.194749 -0.706328 -0.908618  0.981708  0.386209
point 106 951 2.74418 157.246   0.209309   -0.87162 -0.0861926   0.347414   0.212881  0.0280128   -1.04733   0.507648  -0.135286  -0.688896
point 107 963 418.352 193.922 0.00442771  -0.851354  -0.344362   0.442745  -0.871258    0.31353   0.902573  -0.912817  -0.207382   0.498947
point 108 965 571.941 175.059   0.89843  0.601848  0.527833 -0.105828  0.027968 -0.519389  0.150695  0.583247  0.888931  0.213896
point 109 971 420.677 205.579   0.644581 -0.0507171   0.270206  -0.646375   0.958554 -0.0462388   0.369992   0.936936   0.801041   -0.15577
point 110 989 510.921 235.291 -0.691438  0.299241  0.493561 -0.609572 -0.102272 -0.577379 -0.168465  0.500073  0.570468 -0.484171

