seq: 17
gt_pose:  3.20373 0.715889  0.85214
odom_pose:  3.29679 0.570721 0.710564
point 0 3 606.165 67.6703 -0.181558  0.806199 -0.475907 -0.338637  0.586983  0.845142 -0.814462  0.879204 0.0889445  -0.80468
point 1 37 30.6483  211.83 -0.956752 -0.950593  -0.35404 -0.477307  0.266276  0.733131 -0.680664 -0.313513  0.287302  0.748673
point 2 49 358.728 132.954    -0.66677   -0.371287    0.722668   -0.259292    0.756958    0.473419 -0.00848283   -0.423479    0.846602   -0.759445
point 3 50   411.5 198.805  0.867664 -0.610561 -0.466389 -0.639621 -0.566293  0.242828 -0.664385 -0.722882 -0.523769  0.863941
point 4 53 152.157 185.801  0.775675  0.305548 -0.358955 -0.917195  0.495079   0.57028  0.347916  0.332534  0.825772 -0.421009
point 5 61 254.327 164.754   0.16657  0.462878    0.5335  0.862749 -0.758585  0.529426  0.938619 -0.758527 -0.415519 -0.472289
point 6 75 357.446 201.216 -0.664757 -0.907268  0.939809  0.553575  -0.79475  0.720659 -0.541449   1.00085 0.0441375  0.350982
point 7 77 106.885 227.325   0.11483 -0.969418 -0.485342 -0.576109  0.338106 -0.122839  -0.57303  0.258029 -0.554033 -0.279705
point 8 79 358.421 194.882 -0.272435 -0.752322 -0.185289 -0.842206  0.235418  0.895597 -0.826379  0.768535  -0.63263  0.645049
point 9 82 336.952 157.531   0.954527 -0.0665348  -0.237867  -0.283728   0.898306   0.856139  -0.745583   0.832428   0.736105  -0.646618
point 10 87 520.589 229.236  0.709452  0.786471 -0.187927  0.935311 -0.693651 -0.584514 -0.543609 -0.317344  0.876745  0.275472
point 11 89 176.995 230.948  0.610437 -0.599764 -0.312931 -0.286392  0.323749 -0.614673  -0.55716 -0.997759 -0.722096 -0.210168
point 12 106 194.639 234.813 -0.166436  0.960067 0.0541481 -0.135538   0.46646  0.133771 -0.224681 -0.942867   0.45276  -0.11615
point 13 115 456.581 35.7945  -0.664881  -0.760156   0.463116   0.530675 -0.0848863  -0.557887   0.953689  -0.485074  -0.437131   0.471003
point 14 120 363.041 131.299  -1.02098  0.175303  0.704171 -0.504129   0.64137  0.591502 -0.651134  0.298943 -0.888894  0.277443
point 15 134 251.007 156.977 -0.299464  0.112948  0.428841  0.813962  0.739614 -0.358386   0.90823  0.723962  0.544577  -0.82178
point 16 140 293.851 175.508 -0.485867 -0.147206  0.670318 0.0600714  0.863611 -0.796059   0.40514 -0.588155 -0.360361  0.896525
point 17 157 213.157 237.628 -0.000963952      0.13499     0.614003     0.441112    -0.743794    -0.926815     0.272031     0.566315    -0.720889     0.487915
point 18 158  114.18 69.5657   0.46299  0.405031  0.369515 -0.301104  -0.13388 -0.358628 -0.722523  0.204295   1.01584 -0.651305
point 19 161 245.066 171.624     0.4055   0.932243 -0.0502815  -0.393472  -0.393261   -0.84335  -0.468955  -0.315407  0.0730693   0.622808
point 20 162 582.611 147.782  -0.551027   0.228759 -0.0190984  -0.779017  0.0795841  -0.974667    0.55445  -0.705117  -0.631547   0.173053
point 21 170 295.199 235.841  0.103027 -0.312217  0.257377  0.104837  0.792425 -0.237005 -0.908327  0.741144  0.461405  0.677344
point 22 205 2.05988 195.433 -0.815171 -0.210595 -0.178348 -0.751478  0.514624  0.119556  0.209181 -0.651192  0.382366  0.105163
point 23 213 546.367 163.536   0.474188  -0.203456  -0.749454 -0.0678438 -0.0660307  -0.887147   -0.39076   0.761617   0.399513    0.13035
point 24 244  364.97 196.239 0.0127677  -0.87157  0.485632  0.671273  -0.81452  0.745636 -0.409912  0.263607  0.137839  0.283373
point 25 255 501.694 211.823    -1.00175   -0.772658     -0.9356   -0.888022 -0.00921545    0.864793    0.228913   -0.338038  -0.0958405    0.378371
point 26 276 405.755 239.458   0.549062  -0.718905   0.117323  -0.109874   0.245331 -0.0440078   0.325367  -0.668041  -0.480636    0.72071
point 27 304 22.3071 30.4949  0.514864 -0.575476 -0.450544 -0.355711  0.975971 -0.258185  0.704284  0.527239 -0.579296 -0.387584
point 28 315 185.322 184.905  -0.87091 -0.379994 -0.917098  0.136694 -0.403391  0.157814 -0.608127  0.751196 -0.709026  0.954594
point 29 320 61.1568 227.411  -0.110946   0.638617   0.945981 -0.0221369   0.583841   0.161421 -0.0621632 -0.0202317   0.207849   0.266332
point 30 324 143.926 198.422 0.0979261  0.332255 -0.700403 -0.408417  0.664174 0.0717171  0.444588 0.0987669  0.272688  0.395333
point 31 325 337.06 177.41 -0.213451 -0.283365 -0.658383  0.087735  0.199114 -0.368916 -0.258657 -0.486057 -0.602234  -1.01509
point 32 340 412.632 131.656   0.413717  -0.347095  -0.690652  -0.105383    0.78907 -0.0916279  -0.641197  -0.455702   0.508088  -0.351261
point 33 341 454.602 215.391  -0.705928   0.155698   0.344928  -0.361708   0.293389  -0.345327  -0.844635  -0.692528   0.811838 0.00441264
point 34 343  247.96 223.132 -0.0563907    -0.9245  -0.391779  -0.861247  -0.258986 -0.0752636   0.280601  -0.898103   0.526824  -0.401624
point 35 390 365.662 232.423   0.344025 0.00192012   0.278061  -0.593747   0.367365   0.826331   0.261557   0.187961  -0.571472   0.417601
point 36 393  7.8716 214.275  0.551529 0.0638056 -0.304881  0.274645  0.954936 -0.101435  -0.69873  0.162858  0.727005 0.0291194
point 37 396 326.177 100.099  0.231369 -0.755549  0.852799  0.717823 -0.392607 -0.338258 -0.822176 -0.453595   0.31429  0.589725
point 38 401 400.287 214.183 0.0378251  0.568956  0.283797 -0.477727 -0.532313  0.174335   0.67044  0.783318 -0.948508 -0.599773
point 39 407 469.506 219.987  -0.711806   0.959449  -0.906026   0.683243  -0.763278 -0.0879704   0.709874  -0.982442  -0.331298  -0.444251
point 40 418 539.786  223.14 -0.902729  -0.04759  0.249868 -0.678338  0.919405  0.768484  0.980791 -0.720291 -0.622604   0.62973
point 41 427 574.965 141.459  0.678101  0.894908  0.247791 -0.397355 -0.145384  0.803096  0.265404 -0.698268 -0.664034  0.614941
point 42 435 31.2067 223.617  -0.817907   0.354028 -0.0333987  -0.346694     0.5493   0.995276  0.0623165  -0.896546    0.19833  -0.982004
point 43 438 41.9911 185.062 -0.639649  0.786848 -0.630586   1.01848 -0.290798   0.68706  0.840168  0.967495  0.350549   1.04294
point 44 449 223.492 171.017  0.0020795  -0.397653   0.811127  -0.556896 -0.0268473  -0.551466   0.519762  0.0227975  -0.359837  -0.186104
point 45 456 466.582 144.929  0.244035 -0.608902  0.558995 -0.496212 -0.310499  0.623498 -0.578457 -0.689784 -0.805451 -0.899003
point 46 458 60.1719 189.759 -0.827749  0.182792 -0.737369  0.380593  0.524704  0.400727  0.736513  0.106878  0.895657 -0.583144
point 47 505  18.905 183.386  -0.632345  -0.190126   0.259335    0.20332  -0.753663  -0.446242  -0.845511   0.891915  -0.456008 0.00688529
point 48 512  481.21 121.699  -0.67231 0.0780418  0.793027  -0.31669  0.556001 -0.874255 -0.294829  0.192929 0.0443705 -0.441421
point 49 542 36.5298 199.023  -0.748488   0.210868    0.10582  -0.377216  -0.104204 -0.0150946  -0.883715  -0.374855   0.542564  -0.173449
point 50 550 569.557 204.451  0.216279 -0.106901 -0.685861  0.484289 -0.370325 -0.520504 -0.826911  0.237506 0.0143216 -0.760507
point 51 564 463.555 194.048  -0.616679  -0.108115   0.221044   -0.45703 -0.0991138   0.503229  -0.467761  -0.925581  -0.730741    1.02358
point 52 581 234.955 239.317  -0.693959  -0.452615  -0.290966   0.948719     -0.926 -0.0883721  -0.144475  -0.811716   0.886841  -0.168864
point 53 603 184.277 144.271   1.00955  0.609762  0.719593   0.23366 -0.784439  0.353518  -0.85623  0.806399 -0.510619  0.653049
point 54 605 403.928 215.506   0.893465   0.493366  -0.409039   0.335303   0.153475  -0.442455  -0.121925 -0.0868855   0.908176   0.156964
point 55 627 155.928  147.66 0.0873815  0.880025  -0.60001 -0.567134  -0.79572  0.349932 -0.851525 0.0746165  0.305423  0.638029
point 56 630 349.574 220.251 -0.0805861 -0.0344386  -0.357128  -0.324797   0.652344 -0.0708834   0.527479  -0.218582   0.620486  -0.679214
point 57 668 363.907 162.577 -0.570133  0.858268 -0.795743 -0.403009 -0.503946 -0.163226   0.18679 -0.500357 -0.894577 -0.536976
point 58 678 72.9707 156.144    -0.811852    -0.954887    -0.341747    -0.442861 -0.000771095    -0.978672     -0.89169    -0.145379     0.239685     -0.34391
point 59 717 250.749 176.318  0.932342  0.639406 -0.889237 -0.260103 -0.307741 -0.737957 -0.638534  0.746297 -0.408913  0.643744
point 60 737 616.434 181.363 -0.364251  0.139439 0.0105701  0.604939 -0.780564  0.139198 -0.872851 0.0656643  0.482874 -0.140689
point 61 739 480.409 222.148   1.03193   0.16884 -0.409552 0.0193178  0.781287  0.260632 -0.828863 -0.216465 -0.219646 -0.682499
point 62 749 459.426  207.11 -0.600709  0.233174  0.656447 -0.698578  0.584374 0.0155515  0.751334   0.14703 -0.294611 -0.129766
point 63 778 486.752 213.669 -0.0907835  -0.622187  -0.779006   0.698637  -0.541944  -0.924914  -0.338845   0.331183   -0.43615  -0.740381
point 64 804 293.008 178.199 -0.797451 -0.751405 -0.659231 -0.604208  0.574421  0.702864 -0.141425   0.50114 -0.525475  0.145458
point 65 809 433.834 151.809 -0.291665 -0.884459  -1.00029 -0.261595 -0.560409 -0.241229  0.804868  0.836795 -0.233732 -0.220748
point 66 817 367.663 191.929  -0.233342   0.522163   0.783717   0.596127   0.646348 -0.0723986  -0.615867   0.613681   0.598762   -0.87375
point 67 822  77.755 225.704   0.77465 -0.191769  0.834771 -0.300364  0.237537  -0.88249  0.676894  -0.02463  -0.26573  0.163082
point 68 823 369.315 176.829  0.0837294  -0.703472  0.0954897   0.773102   0.579131  -0.578047  0.0866652   0.961464  -0.513068 -0.0294956
point 69 846 303.911 228.307   0.440371   0.339018   0.450739  -0.873566  -0.923859 -0.0350743  -0.656961  -0.308972  -0.388793   0.204876
point 70 866 343.556 163.901 -0.579491 -0.136361  0.731199  -0.63791  0.691807 -0.275989 -0.171933  0.432938 -0.450108  0.875803
point 71 868 208.304 206.288   0.710035  -0.410694  -0.909117 0.00605438  -0.691342  -0.385592   0.909646  -0.931901 -0.0142801   0.577181
point 72 886 316.658 78.3986 -0.355269  -0.81837 -0.433021 0.0601795  0.300245  0.971511  0.877288   0.83094 -0.727178 -0.834072
point 73 889 544.698 228.686  -0.820395   0.226256   0.852369  -0.282004  -0.947496   0.429246 -0.0187292  -0.694252   0.738338  0.0897243
point 74 897 94.9066 184.258   0.194811   0.850234   0.970088   0.539024   0.106735   -0.82513 -0.0910507  -0.159976  -0.872415   0.235807
point 75 898 477.403 224.692  0.852065 -0.641861   0.31519 0.0604132  0.095581 -0.337795  0.491655 -0.473843 -0.140789   0.45605
point 76 905 172.533 50.0525 -0.961522  0.143263  0.440016 -0.401784  0.652236  0.320562 -0.798768  0.606353  0.106153   0.13664
point 77 910  125.91 103.583  -0.959695   0.681979   0.480211 0.00336232   0.603655   0.513522  0.0352758   0.632171   0.813209   0.395334
point 78 911 323.705 185.735   -1.01841  -0.356159  -0.827854   0.675209  -0.922287 -0.0612573   -1.00339  -0.135203   0.511167   0.094354
point 79 920 325.259 194.161 -0.932329  0.675856 -0.370695 -0.365012 -0.416604 -0.177593  0.794807 -0.851369   1.00386 -0.574953
point 80 924 8.13544 221.943  -0.426477  -0.489828   0.231853  -0.407486 -0.0519877  -0.134649   -0.98892 -0.0344697   0.768859  -0.214421
point 81 926 368.015 221.401  -0.762604  -0.813722   0.872339  -0.891712 -0.0090046  -0.526908  -0.431657  -0.714482  0.0283675   0.601471
point 82 928 361.899 25.5719 -0.192807  0.887421 -0.857264 -0.909676 -0.234953 -0.549549 -0.651335 -0.400556 -0.486049  0.303387
point 83 939 421.064 144.417 -0.451673 -0.693716  0.535459  0.875023  0.203555 -0.916658  -0.71897  0.722437  0.101686  0.808766
point 84 947 78.6991   171.1 -0.362063 -0.936332  0.776699 -0.583692 -0.489396  0.901057  0.579918 -0.791729 -0.901241  0.706978
point 85 951   351.2 212.558   0.216913  -0.859815 -0.0886143   0.349004   0.235915  0.0211354  -0.959219   0.483564  -0.144694  -0.705355
point 86 984 30.8294 157.041 -0.381569 -0.847894 -0.985959 -0.576156  0.485586  0.586425 0.0775901  0.430443 -0.543955 -0.611852
point 87 990 8.84341 190.197  0.653705  0.703492  0.847496  0.759129 -0.170778  0.235313  0.527649 -0.788313  0.730218 -0.764671

