seq: 83
gt_pose: 0.291406   0.3579 -1.43003
odom_pose:  1.12191 0.294066 -1.35438
point 0 5 313.429 170.516 -0.0156277   0.343707  0.0859095    -0.9035  -0.112281   0.827152   0.875898   0.393311  -0.474477   0.477722
point 1 6 212.757 200.183  -0.672549 -0.0752164   0.750297   0.639065  -0.295464  -0.511222   0.757432  -0.335521   0.365439   0.914949
point 2 10 512.219 227.428   -0.5234 -0.662694  0.434453 -0.742661  0.564838 -0.640395  0.484046 -0.865761   0.86351 -0.868028
point 3 14 164.616 134.241 -0.819244 0.0342189  0.499761 -0.437237     1.025  0.201559  0.722882  0.500439  0.306843 -0.954568
point 4 23 318.152 171.612    0.77476   0.742483 -0.0345474    0.14802  -0.649299  -0.489151   0.705621  0.0306725 -0.0958903   0.716446
point 5 24 362.655 185.739   0.366245    0.46966  -0.720795   0.224261 -0.0442079   0.705253   0.447948  -0.628733  -0.591904 0.00979633
point 6 38   227.8 174.665 -0.635705  -0.69008 0.0422704  0.684853  0.351122   0.83423 -0.593221 -0.193489  0.392844  0.761427
point 7 43 422.189 226.243  -0.923028   0.421379   0.115547   0.587117    0.19717 -0.0632228  -0.071027   0.948599  -0.843386  -0.850444
point 8 45 126.009 233.639  -0.534897 -0.0578428   0.865236  -0.089743   0.723734   0.921098  -0.675564 -0.0793802   0.511844   0.503966
point 9 54 167.223 193.827 -0.654586  0.175383 -0.876409 -0.844456 -0.715349 -0.545177 -0.699133  0.222893 -0.849901  0.738343
point 10 57 59.6358 138.784  0.424607 -0.308163  -0.57553  0.554756   -0.4465  0.344376 -0.938014  0.651772  0.690319  0.220323
point 11 59 137.966 213.932  -0.899607  -0.989946     -1.034 0.00266594  -0.423981   0.377475   0.604994  0.0119721 -0.0495659  -0.877386
point 12 72 458.084 194.914 -0.780405 -0.315798  0.748139  0.200137 -0.756236  0.640938    0.5009 -0.188508 -0.242391 -0.226066
point 13 78 349.167 170.076   -0.87589   -0.81911   0.580219   0.726625   0.951876  0.0913075  -0.435613  -0.681507  -0.321194 -0.0906953
point 14 84 143.017 167.545  -0.402684    0.12835   0.394162   0.948289   0.249151   0.259512 -0.0904325  -0.967129    1.02314  -0.263232
point 15 99  66.743 163.129 -0.475217 -0.610829 -0.752422 -0.806661  0.204208 -0.901574 -0.864395 -0.729748  0.579598   1.02355
point 16 109 402.781 11.5531  -0.455103    0.90079   -0.84009  -0.382945   0.531686 -0.0365682   0.752599   0.588335  0.0402655    0.31223
point 17 116 278.627 231.557     0.854  0.588051  0.395616 -0.493732  0.569404 -0.141066 -0.356462  0.547929  0.384636  0.781995
point 18 119 208.485 207.742 -0.359001 -0.420513  0.837313  -0.38551  0.738937  0.460273  0.919372 -0.516382 -0.743185  0.393081
point 19 123 304.765 13.6488  0.128208   -0.8081  -0.27425  0.362641   0.84464  0.734416  0.215673 -0.252642  0.342171 -0.562373
point 20 129 567.872 144.058  -0.566043   0.778119   0.946077  -0.662467   0.180837  -0.639506   0.998928 -0.0622778   -1.01622 -0.0790439
point 21 138  257.16 233.979 -0.344324  -0.68132 -0.439349 -0.586049 -0.518688  0.147329  0.512573 -0.771272  0.177327 -0.124698
point 22 146 416.728 154.864  0.971192 -0.484057 -0.669414  0.119052 -0.666369 -0.192346  0.924681  -0.48925 0.0655316 -0.728108
point 23 155 507.539 230.237  -0.59145  0.760874  0.388513 -0.805175 -0.777564   0.67417 0.0919815 -0.312809  -0.85413 -0.862772
point 24 174 98.6159  189.94  0.732466 0.0813727  0.912264  0.138024 0.0445991 -0.524234  0.120863 -0.539653 -0.464746 -0.936864
point 25 184  263.69 195.659 -0.206404  0.451942 -0.402516  0.035202 -0.605114 -0.251087  0.106538 -0.346113 -0.407465  0.389364
point 26 195 503.059 163.209   0.328434 -0.0252894  -0.243853  0.0390661   0.562932  -0.228066   0.296499   0.637727  -0.401446  -0.195312
point 27 197 571.067 179.613 -0.772502  0.659399  0.106125 -0.224727  0.746129 -0.580693  0.796835 -0.399713  0.467688  0.378462
point 28 198 142.504 235.265  0.888399  0.538533 -0.328996 -0.544788  0.995949 -0.842359  0.901807 -0.970074 -0.675673  0.273284
point 29 200  319.39 45.1373  -0.494392  -0.770343   0.616663   0.327431   0.219553   0.530904 -0.0355487   0.935743   0.958832 -0.0746127
point 30 216  599.141 0.167469   -0.66428  -0.973162   0.845163  -0.828658  -0.533019  -0.863054  -0.328142  -0.250895 -0.0224866   0.880296
point 31 217  10.032 143.822 -0.427615  0.330991 -0.946881  0.232479  0.208626  -0.99745  0.679387 0.0512222 0.0668004  -0.75815
point 32 224 94.1736 196.824  0.890431 -0.539055 -0.743688  0.405375  0.336998  -0.37001  0.375845  0.419008  0.164553 -0.115485
point 33 237 93.7427 203.374 -0.0184404   -0.96117   0.668852    -1.0084   0.223084   0.847055  -0.932404   0.157871   0.374233    0.10723
point 34 242 350.226  159.24 -0.842439 0.0440172  0.191118  0.475886 -0.383026  0.607842   0.80807 -0.804686  0.421493  0.670023
point 35 259 42.6513  186.97  0.203435  0.648641  0.110227  0.444175  -0.42687 0.0701271 -0.761122  0.467369 -0.849964 -0.634265
point 36 277 349.889 156.103 -0.532252 -0.837819  0.285782 -0.771295 -0.935783  0.156171  0.108282   0.49755  0.400483 -0.926614
point 37 286 111.545 154.488 -0.763529 -0.488459 -0.390434 -0.250284 0.0363796  0.339974  0.880061 -0.869214 -0.946291  0.746185
point 38 296 75.4959 30.1414 0.0085811 -0.616271  -0.40606  0.286488 -0.206251  0.607553 -0.705724  0.971068 0.0207521  -0.30609
point 39 301 165.805 148.329  0.126092 -0.478761 -0.993121  0.388124 -0.935656 -0.694374 -0.629483  0.543352 -0.714515 0.0836394
point 40 306  592.64 169.671  0.461634  0.148024  0.485297 -0.172529  0.277619 0.0309983  0.307435  0.917978   0.61689  0.255759
point 41 309 495.109 196.217 -0.551256   1.01197  -0.99052  0.804532 -0.223394  0.179329  0.682588  0.551605 -0.250938  0.429235
point 42 327 188.099 213.855 -0.367846 -0.953864 -0.267469  0.884697  0.342306  0.497079 -0.382817  0.644383 -0.384539  0.796351
point 43 334 468.692 189.544 -0.327578 -0.401719  0.974116 -0.664635  0.217458  -0.38869  0.125268 -0.825064  0.929062 -0.131208
point 44 350 564.677 132.059 -0.702658 -0.880784  0.965586  0.147357  0.453901   0.83876 -0.702926  0.727727 0.0950345  0.657384
point 45 359 342.442 135.658 -0.103873 -0.204166  0.668041 -0.531209  0.706916 0.0137081  0.240172   0.18551 -0.554882 -0.204708
point 46 364 325.262 183.238 0.0736922  0.740999  0.698407 -0.572513  0.953651  -0.55309 -0.603539 -0.913258  0.125718 -0.041462
point 47 369 504.609 232.241  0.404226 -0.453912 -0.826702   -0.5467 -0.374867 -0.573219 -0.394824 -0.506431 0.0516563  0.101476
point 48 373 126.645 237.625  -0.457857   0.798651 -0.0349759  -0.299032   0.461102   0.583992 -0.0689949   0.724587  -0.321132  -0.821108
point 49 382 306.615 206.024 -0.743223  0.877171  0.986631 -0.885455  0.145679  0.569215  0.503571 -0.184205  0.286636 -0.135906
point 50 398 98.7375 208.239 -0.875031  0.896725 -0.668284  0.463061 -0.955184  0.544392  0.657879   0.86097  0.294918 -0.745289
point 51 409  465.45 202.909 -0.41402 0.912428 0.285606 0.780085 0.113549 0.558813 0.724981 0.231245 0.267629 0.873015
point 52 417 45.6859 202.092 -0.789078  0.593448 0.0425303 -0.463952  0.282071  0.547515 -0.818556   0.41717 -0.695882  0.293539
point 53 425 280.297 239.882 -0.420065 -0.361047  0.382789 -0.515568  -0.55647 -0.673106 -0.158249 -0.906172  0.900757  0.865122
point 54 463 155.663  113.73  0.506848  -0.09315 -0.336554  0.536206 -0.842354   0.22197  0.960572 -0.762927 -0.712798 0.0459081
point 55 469 29.401 48.348   -0.11292  -0.828144   0.903707   0.938957 -0.0793206     -0.425  -0.842385   0.734817   0.222996  -0.888919
point 56 470 340.422 237.952   0.384959 -0.0666907  -0.638109   0.898439  -0.302462   0.912553  -0.359369   0.221731   0.421011   0.759718
point 57 472 465.855  155.18   -0.896832  -0.0568603    0.662105   -0.198886    0.862696     0.10724    0.735332   -0.686021 -0.00861463   -0.582972
point 58 475  335.56 223.723  -0.951719  0.0529419  0.0228856   0.620607  -0.321753  -0.378243  -0.062024 -0.0272714   -0.73181  -0.264495
point 59 492 334.838 166.896  0.447215   0.49645 -0.760456 -0.439397 -0.442039  0.728324 -0.566572  0.845599 -0.821284 -0.568802
point 60 497  448.23 207.857   0.519076  -0.421213   0.606335  -0.262382  -0.602444  -0.162956  -0.511043   0.261529  -0.654565 -0.0104835
point 61 508  311.53 176.794  0.593296  0.620983 -0.185042 -0.132938 -0.750619  0.814243 -0.809535  0.202808 -0.726545 -0.730298
point 62 518  78.068 179.832 -0.985448 -0.946081  0.252639  0.841931  0.432277 -0.588843 -0.772248  0.637611 -0.429019  0.130385
point 63 529 363.668 174.745   0.45408  -0.38689 0.0686456  -0.29212  0.657501 -0.159609 -0.815498  0.775008 -0.163289 -0.352633
point 64 532 169.702 182.159 -0.810119  0.396273  0.798037  0.851945  0.681194  0.705413  0.231822 -0.449343    0.9433 -0.485694
point 65 568 365.258 187.151 -0.941303 -0.613723   1.01773 -0.691991  0.347178  0.564554 -0.984684 -0.862994 -0.724394  0.134954
point 66 571 134.256 160.849  0.817241  0.750694  0.330006  0.601906  0.314346 -0.709055  0.907737 -0.347036  0.551732 -0.246195
point 67 597 346.547 175.743  -0.71025  0.710415   0.86596  -0.14688 -0.356811  0.578556  0.809588   0.94909   0.45015 -0.298934
point 68 629 107.472 158.906 -0.465558   0.75211   0.64149 -0.958209  0.940316 -0.286495   1.02652 -0.654731  0.183351 -0.805317
point 69 635 569.532 239.174 -0.299491  0.317501 0.0749853 -0.385192 0.0743454 -0.284436 -0.323187  0.547037   0.54875  0.680459
point 70 639 243.781 224.295 -0.779469  0.835137 -0.352003 -0.398558  0.806951  0.667008 0.0129418 -0.788874 0.0879307 -0.685977
point 71 642 478.284 165.544  0.780859 -0.147257   0.27202  0.690484  0.604768 -0.674696  0.381723  0.481508  0.707269 -0.405006
point 72 664 205.081 210.833 -0.425519 -0.882224  0.251788  0.886528 -0.245548 -0.375088  -0.36422  0.436731  -0.13271  0.394077
point 73 695 309.675 200.909   0.778827  -0.223823   0.371708  -0.429267   0.462939 -0.0444494   0.894434  0.0295204    0.49446   0.839585
point 74 697 69.9143 186.487  0.195485 -0.750285 -0.497164  0.930866  0.504375 -0.799369 -0.295415  -0.10875 -0.188164 -0.781661
point 75 709 84.3906 201.823  0.955802 -0.890136 -0.980947 -0.960209   0.52207  0.775538  0.725349  0.506357  0.138704 -0.439287
point 76 720 605.709 110.744  0.354122 -0.613948  0.437133  0.309077 -0.760378 -0.942152 -0.606224 -0.852859  0.508761 -0.753655
point 77 755 481.626 236.999   0.129538   0.131121 -0.0763816   0.758489   0.452939  -0.436223   0.261087  -0.302131  -0.397743   0.574872
point 78 760 531.048 179.446  0.822571  0.187866 -0.443554 -0.770796 -0.567751  0.430422 -0.746185 -0.731958  0.870027 -0.326438
point 79 767 573.973 237.569 -0.0839499   0.101351  -0.146003  -0.697304   0.316443  -0.161149   0.125418 -0.0698466   0.366987   0.765407
point 80 774 477.345 221.598   0.281335 -0.0728104  -0.146394   0.669489  -0.150548  -0.348525   0.152084   0.215253   0.138417  -0.312387
point 81 776 354.634  31.362   0.905926 -0.0747055  -0.123903   -0.52851   0.724767  -0.896683   0.379257  -0.453576   0.781125  -0.742561
point 82 783 520.863 215.462  0.986838 -0.422098  0.550836  0.824522  0.801493 -0.574021 -0.984644 -0.427962  0.218308 0.0560428
point 83 794  282.18 159.119   -0.410785    0.438083   -0.318063   -0.633784 -0.00435959    0.625838    0.432801   -0.475333    0.194805    0.484019
point 84 797 250.961 148.202 -0.764774 -0.673266  0.699316  0.109366 -0.255253 -0.579589 -0.113579  0.536698 -0.102734 -0.328453
point 85 810 570.673 218.823   0.953383  -0.684489   0.546663  -0.778536  -0.910083    1.02117   0.819257 -0.0125538   0.761081  -0.710695
point 86 815 81.8009 65.8095 0.0729405 -0.179553  0.974771 -0.277761  0.709333   0.62666 -0.331594 -0.602893  0.777811  0.928562
point 87 819 339.008 199.819  -0.583299    0.41189  -0.750762   0.740579   0.926679 -0.0219257   0.292484     0.7495  -0.382403  -0.128981
point 88 821 223.858 208.605  0.417805  0.284704 -0.667262 -0.937862  0.903409 -0.192439  0.461838 -0.861514 -0.414019  0.440251
point 89 841 308.878 56.9987  0.115747  0.934208 -0.905198  0.933863 -0.375712 0.0470796   -0.3204  -0.20533  0.245501  0.501582
point 90 852 577.768 162.558  -0.408178  -0.256508   0.943133   0.293816 -0.0618693  -0.596195  0.0920925   0.878505   0.783674   0.567653
point 91 861 448.382   167.9   0.120207   0.656615   0.817396 -0.0854149  -0.455851   0.297033  0.0347491   0.155102 -0.0128034  -0.435003
point 92 862 410.116 164.008  -0.787769  -0.289689  -0.724334   -0.23405   0.626697  -0.551057  -0.112454   0.404097  -0.954902 0.00628447
point 93 882 83.8299 175.033 -0.456348  0.911835 -0.588674  0.591549  0.512938 -0.196902 -0.886047 -0.822967 -0.582789  0.646831
point 94 885  139.14 144.611    0.865187   -0.704372   -0.137737   -0.080718    0.601414    0.628125    0.745524    0.804615     0.60974 -0.00360836
point 95 887 380.388 225.157  0.548686 -0.783908 -0.750834 -0.680219 -0.829732 -0.929541 -0.338266 0.0911311  0.024032 -0.832912
point 96 888 634.312 70.4856  -0.63154  0.762629  0.425483  0.537708  0.375694 -0.945285  0.667728  0.906037  0.136103 0.0364464
point 97 894 601.477 170.472 -0.287444 -0.534433 0.0177968  0.723276 -0.591535 -0.668441  0.850901 -0.321482 -0.930856 -0.829263
point 98 903 222.052 205.729    0.800264    0.499322    0.948695     0.75123 -0.00759581   -0.687069    0.211645   0.0255876   -0.886143   0.0208667
point 99 915 590.732 214.737  0.168699  0.636189  0.143342 -0.113755 -0.772993  0.348731  0.959095 -0.525145 -0.184712 -0.378814
point 100 918 246.487  231.08  -0.86408   0.13101  0.568918  0.223099 -0.360735 -0.795643 -0.566702  0.839036 -0.210035 -0.256802
point 101 919 631.543 153.768  -0.77941  0.497436 -0.267067 -0.521043   0.41435 -0.394525 -0.483349  0.820376  0.128689  0.398381
point 102 936 364.659 107.865 0.0701246  -0.41051 -0.449233 -0.374215  -0.43902  0.909097  0.120069 -0.766004  0.140702  0.157078
point 103 942 255.069 184.086 -0.759979 -0.351339  0.674061 -0.439566  0.188176   -0.2154 -0.719038 -0.925079   0.98258   0.41343
point 104 962 620.821 134.877  -0.206974  -0.253302   0.914302  -0.811015  -0.768237 -0.0575936  -0.496672  -0.458618 -0.0597264  -0.112692
point 105 965 387.336 129.175   0.912843   0.586173   0.508267 -0.0340648 0.00780935  -0.540035  0.0947768   0.605236   0.878264   0.195992
point 106 994 50.4351 164.945  -0.382337 -0.0445676  -0.995662  -0.580092  -0.291508   0.430144  -0.226535   0.528727  -0.220181  -0.329965
point 107 998 556.772 173.299   -0.44073  0.0921994  -0.972653   0.360185  -0.126179   0.266643 -0.0764417  -0.722606    0.20464  -0.458125

