seq: 29
gt_pose: 3.68078 2.97985 1.72987
odom_pose: 4.03968 2.74182  1.6062
point 0 15 422.496 145.381    0.76358   0.636422    0.94075   0.508541   0.770688   0.965154   0.312095 -0.0116945  -0.695996   0.666185
point 1 22 585.217 195.246  0.402989 -0.720263  0.374959 -0.200559  0.504582  0.908229  0.794452  0.694982 -0.592254  0.578039
point 2 37 121.777 192.099 -0.965375  -1.03813 -0.429819 -0.474081  0.296009  0.708619 -0.684854 -0.343643  0.355874  0.788204
point 3 39 103.833 85.0662  -0.575871   0.841382   0.057418   0.856613 -0.0520373  0.0736242   0.915994   0.586775   0.640553   0.152799
point 4 53 262.634  97.941  0.822332  0.260537 -0.365781 -0.902632  0.582293   0.56395  0.366585   0.32464  0.786812 -0.354312
point 5 61 478.435 71.4529  0.158747  0.433736  0.507719  0.856369 -0.793601  0.530823  0.847603 -0.780625 -0.471021 -0.495433
point 6 71 606.675 56.1328  0.177414  0.222242  0.491684  0.549997 -0.404571 -0.873188  0.779637 -0.639969 -0.631238 -0.298533
point 7 76 153.238  170.04  0.452202 -0.185032 -0.614006  0.705617 -0.739113  0.345196 -0.315362 -0.334983 0.0737241 -0.120148
point 8 77 229.289 217.596   0.122712    -1.0281  -0.486447  -0.606042   0.408183 -0.0720298  -0.511045   0.332349    -0.5555  -0.255931
point 9 83 539.469 175.375    0.643952     0.88958 9.65044e-05    -0.97429   -0.619581   -0.466272    0.294598   -0.502686    0.521293   -0.926657
point 10 89 328.995 220.408    0.5819 -0.644361 -0.394861 -0.377522  0.257784 -0.679743 -0.510599 -0.981943 -0.746897 -0.203632
point 11 103 207.005 215.313   0.416677  0.0620287    0.45216 -0.0957849  -0.222044   0.159096   0.681847  -0.870833   0.426018  -0.602214
point 12 106 364.694 230.982  -0.219705   0.949943  0.0257242 -0.0994234   0.472792   0.172672  -0.151654  -0.944902   0.534568  -0.104083
point 13 130 411.423 157.395   0.762592    0.25297 -0.0271162   0.976039   0.493669  -0.299239   0.952144  -0.861105  -0.464116  -0.515911
point 14 133 637.145 169.839 -0.521572 -0.668671 -0.788413  0.356304 -0.899131 -0.749139 -0.591487 -0.503433 -0.110324  0.398926
point 15 135 467.519 198.475 0.445865 0.449834 0.425622 0.274455 0.194058 0.931331 0.625996 0.454787 0.383219 0.710157
point 16 136 470.994 174.599 -0.414221  0.101103  0.652491 -0.983579  0.361469 -0.621478 0.0587706 -0.167852 -0.767319 -0.189356
point 17 157 391.24 236.22 3.91424e-05    0.148021    0.642077      0.4581   -0.691798    -1.00613    0.285074    0.578654   -0.763141    0.538164
point 18 161  458.81 89.5857   0.417724   0.904721 -0.0276355  -0.455988  -0.410588  -0.796419  -0.442743  -0.328302  0.0482919   0.578726
point 19 180 331.107 175.706 -0.108892 -0.477678 -0.731158 -0.749992  0.129418  -1.00022 -0.115263 -0.140778 -0.187579  -0.27596
point 20 181 0.294799  173.498   0.766323   0.575356  -0.158962  -0.136938 -0.0959617   0.845206  0.0297668   0.971404   0.568782  -0.257136
point 21 189  104.05 224.402  0.951414 -0.077277 -0.996709 -0.813555 -0.095065  0.852096   0.68942 -0.406607  -0.36999  0.202226
point 22 190 327.008 231.661   0.411963   0.699926 -0.0461755   0.836031   0.499302   0.510484  0.0529808  -0.899582    0.32379  -0.475176
point 23 191 365.025 219.658  -0.899863  -0.874576  -0.905978   0.712867 -0.0705323  -0.974926   -0.25077  0.0536502  -0.757743   0.561247
point 24 208 25.9481 198.223  -0.912285  -0.293841  -0.923707 -0.0851064   -0.28729   0.829187   0.909044   -0.60672   0.725208  -0.782562
point 25 226 56.1071 99.7625 -0.0229363   0.443265   0.550481   0.605077   0.890919   0.446821  -0.911313  -0.818512 -0.0917125   0.470943
point 26 229 190.252 192.518  0.943359  0.096126  0.233721 -0.711938    1.0154  0.117326  0.499742 -0.331183  0.198654 0.0817161
point 27 239 318.375 202.952 -0.391106 -0.888007 -0.841208  0.142185  0.592283  0.147801  0.250349  0.277097  0.141873 -0.605956
point 28 241 592.617 183.522  0.264944  0.182358  0.595573 0.0270706  0.705944 -0.822782  0.143368  0.888988  0.315823 -0.217454
point 29 275 216.455 165.679   0.914031 -0.0702956   0.447168  -0.758913  0.0231845   0.105811  -0.268135   0.438226  -0.610099  -0.116698
point 30 285  14.476 136.308 -0.554489  -0.21259  -0.53719  0.977105   0.91924  0.819474  0.320348  0.644991  -0.39971  0.443921
point 31 293 15.0463 173.378   -1.0082  0.747014 -0.578274 -0.812536 -0.827593  0.681003   1.02791  -0.45508  0.710918  0.468484
point 32 310 391.896 148.218  0.629103  0.205624 -0.664055 -0.844259  0.653708 -0.235407 -0.864151 -0.357845  0.838022  -0.61686
point 33 320 234.994 225.607  -0.157693   0.624389   0.991952 -0.0250748   0.582467   0.181347   -0.04529 -0.0358835   0.200878   0.301291
point 34 324 321.572  195.86  0.125594  0.376615 -0.709695 -0.449163  0.574307 0.0316515  0.439531 0.0482094  0.320469  0.395435
point 35 332 48.9054  208.36  -0.344802  -0.135025 -0.0847744   0.324749   0.770682   0.822101   0.767486 -0.0514787  -0.786793  -0.519583
point 36 343 544.119 169.958 0.0203233 -0.953496 -0.334244 -0.840899 -0.259626 -0.110676  0.247621 -0.932248  0.565135 -0.406494
point 37 366 560.927 167.156  0.456242  0.746616  0.197551 -0.761161 0.0697987 -0.688875 -0.921751 -0.297974 -0.306221  0.978094
point 38 379 513.878 146.996  0.201581 -0.531426  0.125043 0.0648829  0.558776 -0.310134 0.0762185 -0.199234  0.198463   0.22727
point 39 393 238.017 219.161  0.553853  0.109455 -0.254474  0.267619   0.91938 -0.108612 -0.669196  0.120707   0.81026 0.0550386
point 40 402 146.403 217.345  0.259206 -0.239158 -0.042213  0.986157  0.427062 0.0768609 -0.140967  0.502042   0.94623 -0.307708
point 41 404 128.711 172.969  -0.02543 -0.961912  0.176593 -0.450775 -0.126937 -0.513083  0.325357  0.840461 -0.549302 -0.225148
point 42 411 406.441 228.899    0.49751   0.952698   0.818621   0.979154   0.453107  -0.592795   0.844895  -0.301082  -0.823163 -0.0564712
point 43 440 350.313  169.07 -0.892885 -0.918891 0.0595322  0.919911 -0.574886  0.389933  0.709382 -0.213851   0.36449 -0.564031
point 44 449 407.676 122.732  0.0388266  -0.353253   0.822911  -0.523221 -0.0277645  -0.557098   0.566039 -0.0152959  -0.378844  -0.253284
point 45 450 217.847 166.426   0.474619   0.260438   0.700834  -0.526373   0.960623   0.551096 -0.0393073  -0.813063   0.846788   0.715898
point 46 453 81.9506 235.889   -0.42901   0.361406 -0.0915987  0.0437947    0.29516  -0.565757  -0.870238  -0.236369   0.589924   0.286266
point 47 458 253.497 190.526 -0.748366    0.2337  -0.78778  0.345244  0.523366  0.405037  0.798317  0.046253  0.950597 -0.551064
point 48 464  235.11 234.337 -0.0613904  -0.915875  0.0425512  0.0469834  -0.464052   0.109515   0.454299   0.486957  -0.582017   0.173126
point 49 478 73.3517 199.603   0.17001 -0.760222  0.547655   0.84243 -0.432459 -0.434816  0.226224  0.167923 -0.383089  0.818794
point 50 480 42.5329     222   0.216569  -0.931822  -0.916803  -0.175841   0.374577   0.269907  0.0450713 -0.0373869  0.0759203   0.617457
point 51 487 409.552 162.221 -0.804402  0.997293 -0.691104 -0.918262 0.0345262  0.628441  -0.33543 -0.902427  0.310642 -0.198838
point 52 505 245.141 193.899   -0.622671   -0.204434    0.223934    0.264679   -0.780165     -0.4452   -0.812142    0.874266   -0.465055 -0.00939877
point 53 515 556.091 194.358 -0.0499855  -0.607859  -0.173097  -0.425238   0.628931   0.434438  0.0178271   0.157337  -0.664861   0.365372
point 54 516 417.249 212.346  0.118861 -0.548503 -0.753277   -0.7939 -0.162531  0.621498  -0.64469 0.0196253 -0.884345 -0.548252
point 55 517  391.12 179.105  -0.398795  -0.017729   -0.84464  -0.457551   0.344704   0.179414 -0.0331181  -0.810345   0.657818   -0.47563
point 56 520 158.033 166.314 -0.265104 -0.860624  0.361787  0.414065  0.834673  0.395499  0.378507  0.104083  0.258981 -0.211582
point 57 521 543.085 130.063 -0.814718  -0.33979  0.598222  0.167479 -0.259256 0.0193507 -0.440247 -0.670867  -0.82983 -0.730725
point 58 534 89.4807  209.06   0.330873   0.431771  -0.233331  -0.985149 -0.0883731  -0.142668   0.388706  -0.303269  -0.275923   0.121652
point 59 549 537.546 233.499  0.727174 -0.445319  0.838064  0.930442 -0.187985  0.258399 0.0892487  0.452052  0.382918  0.734534
point 60 561 96.4917 224.526 -0.900754 -0.275405  0.786456 -0.119377 -0.939668 -0.687982  -0.16592 -0.941648 -0.391476  0.714762
point 61 579  570.33 170.737  -0.841706  -0.113425  -0.791246 -0.0174782    1.01944   0.532753  0.0258232    0.57933   0.206113   0.290123
point 62 586 572.324 169.515 0.00875291  -0.951305   0.776803   0.210343  -0.340116 -0.0854791  -0.704334  0.0556617  -0.108448    0.69335
point 63 616 82.2818 226.164   0.829398   0.560683   0.569877   0.371206  -0.998241 -0.0316784  0.0012746  -0.614687   0.289903 0.00233478
point 64 627 312.943 95.7008 0.0569974  0.892551 -0.665503 -0.580761 -0.792676  0.372744 -0.796614 0.0698689  0.318689   0.57311
point 65 628 374.726 207.839 -0.679538  -0.18098  0.175934 -0.376066 -0.193865  0.904158  0.590121 -0.412727  0.540569  0.835421
point 66 669 113.481 233.241   0.462886   0.657798  -0.746063  -0.488876   0.213086  -0.650089 -0.0455447   0.899069  -0.268563  -0.308779
point 67 678 267.435 159.639 -0.774276  -0.90074  -0.32843 -0.370778 0.0397485 -0.962311 -0.896796 -0.149949  0.251298 -0.335749
point 68 704 385.577 186.749  -0.39216  0.166392  0.399563  -0.12953 -0.523164  0.807106  0.580715 -0.917519 -0.498371  0.692753
point 69 712 541.566 236.892 -0.0687697  -0.675111    0.46748   0.772035  -0.633539  -0.593444  -0.771993  -0.158295   0.758129  -0.184516
point 70 717 495.431 62.0669  0.972442  0.688888 -0.877055 -0.263101 -0.340741 -0.705802 -0.605471   0.70934 -0.348182  0.637487
point 71 723 440.633 237.344   0.160263  -0.955501 -0.0541309   0.142303  -0.403515   -0.40841  -0.340966   0.764645    0.11345  -0.674011
point 72 756 51.5346 196.118 -0.684605  0.240261 -0.842199   0.16237 -0.199632  0.211387 -0.387027  0.499127  0.217741   0.73318
point 73 759 553.339 159.955 0.0683384  0.602843 -0.841176 -0.875035 0.0130626  0.467424  0.917317  0.248887  0.479303 -0.326551
point 74 780 212.161 239.447  -1.00199 -0.193125 -0.286545  0.141462  0.940207  0.503596  0.460014  -0.87268  0.328345  0.958867
point 75 785 525.852 176.272 -0.0932618 -0.0839966  -0.551518   0.546427  -0.853975  -0.560978  -0.838023   0.673863  -0.670676   0.929981
point 76 816 9.47213 162.675  0.630323  -0.22007 -0.824663  0.442024  0.231273 -0.330506 -0.481531   1.01749   0.46299 -0.284595
point 77 831 480.058 235.218   -0.11376    0.42476   0.741271  0.0810211   0.388237  -0.918255 -0.0789469   0.626158  -0.746404  -0.110606
point 78 847 116.323 195.143  0.112434  0.472194  0.409549  0.958111 -0.717255 -0.725207 -0.320716 -0.830128 -0.844613  0.157174
point 79 868 383.998 188.959   0.697727  -0.337864  -0.818111 -0.0124221  -0.643963  -0.447904   0.870142  -0.854988  0.0240411   0.525412
point 80 872 462.567 145.938  0.474489  0.822004  0.084886  0.531722 -0.437382  0.781656 -0.445765  -0.26678 -0.852602 -0.881505
point 81 877 183.481 169.502  -0.65513  0.919413  0.736614 -0.917685 -0.134288   -1.0054  0.855671 -0.642852  0.369574   0.45741
point 82 897 287.169 187.427  0.222621  0.904292  0.994637   0.55784  0.142316 -0.853202 -0.134548 -0.163899 -0.923574  0.230631
point 83 909 83.4651 205.839 -0.325325 -0.734488 -0.228873 -0.377721  0.111586 0.0750186 -0.359202  0.205703 -0.395868 -0.118232
point 84 932  527.25 190.561 -0.0834115  0.0382882   0.828052 -0.0719469  -0.156461   0.691065 -0.0434128  -0.900579  -0.241979   0.545718
point 85 934 10.0834  158.95  0.344939  -0.53295  0.755189  0.149668 -0.989873 -0.402718 -0.787044  0.834573  0.554424  0.077764
point 86 947 275.204 175.898 -0.305753 -0.947801  0.840503 -0.596406 -0.541938  0.914394  0.590165 -0.710801 -0.874267  0.746715
point 87 953 167.008 160.434  0.0701982   0.519128   0.741953  -0.584517  -0.141379 -0.0465916  -0.485732   0.788089  -0.674769   0.791859
point 88 964 478.555 195.544  0.929565 -0.335609  0.223116 -0.277084 -0.879003 -0.956312  0.469731 -0.948914 -0.775722  0.668751
point 89 972 216.518 146.709 -0.720853 -0.556107  0.983328 -0.060519 -0.994307 -0.598191 -0.743468 -0.293738 -0.652212  0.747155
point 90 975 627.927 212.221  -0.816165   0.493853   0.684335 -0.0181127   0.710828  -0.139409  -0.875439   0.294648 -0.0476907  -0.286156
point 91 982 552.939 217.706   0.498836  -0.389537    1.00593 -0.0875027   0.314826   0.537187   0.690698  -0.104978   0.991763   0.153062
point 92 984 257.133 174.418 -0.465559 -0.845844 -0.960969 -0.509647   0.45016  0.609127 0.0960664  0.490074 -0.552934 -0.611042
point 93 992 586.797  172.05  0.421805 -0.675071  -0.19082  0.382204  0.914173 -0.611668   0.10357  0.791667 -0.822924  0.896095
point 94 993 216.741 171.521  -0.244352   0.908168  -0.456102   0.764498 -0.0528233   0.361957  -0.244122   0.149713   0.362075  -0.302072
point 95 995 559.321  202.17 -0.936641  0.803018  0.570512  0.797953  0.969622 -0.629469   0.73088 -0.525318 -0.936613 -0.421742

