seq: 298
gt_pose:  4.22968 -5.20047  -3.0041
odom_pose:  2.07295 -5.90041  3.08687
point 0 5 520.236 173.858 0.0177828  0.287399  0.110943 -0.940626 -0.136164  0.833236  0.853589  0.422898 -0.480211  0.526045
point 1 11 284.231 189.951  0.604781  0.442758  0.358855  0.901209  0.238218  0.479585 -0.800184 -0.737608  0.052148 -0.864568
point 2 23  418.93 138.856     0.7735   0.712316  0.0233924   0.176068  -0.658828  -0.423655   0.698752 -0.0168533 -0.0436695   0.718224
point 3 24 393.411 181.476    0.351194    0.426819   -0.699592    0.186786  -0.0126253     0.63712    0.448638   -0.599084   -0.564223 -0.00161289
point 4 26 386.331 99.0688 -0.811433 -0.833272    0.3232 -0.233599 -0.456031 -0.299142 -0.768383  -0.11506  0.849663  0.178188
point 5 48 350.271 112.827  -0.353065  -0.996965    0.87279   0.239211   0.499929   0.765459   0.881425  -0.675719  -0.064623 -0.0306721
point 6 66 283.286  155.08 -0.732459 -0.251756  0.207987  0.297602  0.403499 0.0469628 -0.155134  0.597805  0.117993  0.816584
point 7 72 452.372 217.594 -0.794339 -0.392464  0.713392  0.198275 -0.746334   0.60352  0.470599 -0.157811  -0.29418 -0.209687
point 8 78 558.565  204.75 -0.893382  -0.82988  0.655433  0.739116  0.941124 0.0878028 -0.409284  -0.60701 -0.308074 -0.110449
point 9 92 525.793  207.81   0.149677   0.723788  0.0635187   0.985845   0.350227   0.275665   0.930304   0.621754  -0.231073 0.00404501
point 10 102 202.683 134.978  -0.277875  -0.731706  -0.372713  -0.815119  -0.509695   0.751109   0.828372   0.334569 -0.0556722  -0.252756
point 11 111  629.09 232.122  0.114392   1.01179 -0.913687 -0.903191 -0.179271 -0.372083  0.978253 0.0660775  0.195049  0.400146
point 12 116 481.634 222.802  0.883174  0.582652   0.35832 -0.474388  0.573343 -0.136687 -0.334377  0.568391  0.397624  0.862622
point 13 123 599.376 120.095  0.179667  -0.77518 -0.192985  0.406477  0.817257  0.659413  0.218615 -0.197171  0.386234 -0.613907
point 14 138 492.836 219.208  -0.374829  -0.705313  -0.461298  -0.566823  -0.484645   0.126905   0.515156  -0.811418   0.110132 -0.0917155
point 15 143 145.895 162.327  0.687602  0.909525  0.457855  0.902494 -0.978379 -0.901152 0.0307126 -0.357493  0.116385  0.860974
point 16 146  411.15 178.865  0.970609 -0.533711 -0.656914 0.0997332 -0.672187 -0.107229  0.930359 -0.492125   0.10612 -0.778367
point 17 182 18.0533 209.454 -0.936964 -0.949425 -0.748229  0.851957  -0.77797 0.0576944 -0.651494 -0.452095  0.393254  0.468956
point 18 184 606.125 192.149  -0.22005  0.456161 -0.349213 0.0404121 -0.568157 -0.277213  0.126047 -0.351845 -0.374253  0.347534
point 19 187 123.345 87.2491  0.814251  0.509136   0.69369 -0.262605  0.438827 -0.287216  0.144729  0.950154 -0.893068  0.948085
point 20 200 602.913  157.59 -0.434041 -0.691587  0.634084  0.330998  0.197179  0.554276 -0.057526  0.905152   1.02308 -0.104268
point 21 216 546.806 197.189   -0.70903  -0.920532   0.854378  -0.849779   -0.59188  -0.881023  -0.328546  -0.204923 -0.0578944   0.841169
point 22 220 173.374 172.392  -0.807265  -0.543544  -0.977852  0.0780011   0.566318  -0.121035  -0.228415    0.49794  -0.397538 -0.0554997
point 23 234 346.773 155.218  0.151132 -0.129538  0.643885 -0.343764  0.789058 -0.455932  0.350465  0.167136  0.191138  0.433551
point 24 236 198.643 192.016  0.177797  0.511583  0.465615  0.710322  0.455987 -0.417228 -0.529847  0.183504  0.256561 -0.724017
point 25 242 396.562 144.935 -0.835456 0.0210928  0.202326    0.4405 -0.344398  0.658167  0.792095 -0.785349  0.477288   0.61484
point 26 245 579.178 195.422  -0.60062 -0.362573  0.419305 -0.653821 -0.534318  0.413262  0.859025 -0.623138  0.224095  0.761829
point 27 262 553.587 181.746  0.046489  0.314914 -0.322215 -0.562587  0.922968  0.979604 -0.911859 -0.349993  0.386475 -0.338474
point 28 277 452.286  160.57 -0.480238 -0.854302  0.293885  -0.79022 -0.917432  0.181691  0.130249  0.465653  0.432847 -0.903516
point 29 299 125.035 94.8814  -0.674749 -0.0422187   0.416916   0.972788   -0.34781 -0.0310674  -0.155425  -0.499967   0.670002   0.954239
point 30 323  261.25 186.385 -0.679343   0.61049  0.317185  0.743485  0.319664 -0.536588 -0.895799 -0.717003 -0.529437  -1.00705
point 31 326 343.591 181.979  0.452487 -0.535648  0.600475  0.189745  -0.98514 -0.321232 -0.408066 -0.644169  0.260057 -0.817183
point 32 334 458.626 216.704 -0.307994 -0.391269  0.973973 -0.741958   0.20644 -0.394617  0.124647 -0.833225  0.998244 -0.142783
point 33 352 563.066 213.659  0.601153   0.37585  0.442269 -0.737493  0.527748  0.697493  -0.65774  0.603254 -0.150245  0.841668
point 34 359 451.266  134.18 -0.106251 -0.206157  0.690545  -0.50134  0.652324 0.0585944  0.227266  0.195364 -0.558413 -0.248563
point 35 364 560.388 204.732  0.0557898   0.757052   0.665001  -0.590559   0.892381  -0.497513  -0.527511  -0.875149  0.0731327 0.00374799
point 36 382 431.675 185.005 -0.659951  0.826445  0.943466 -0.903793  0.144046  0.539955  0.551103 -0.175746  0.233493 -0.131817
point 37 425 620.355 239.932 -0.435699 -0.362414  0.402445 -0.487172 -0.562643 -0.615259 -0.152051 -0.984631  0.897124  0.862258
point 38 470 445.524 237.831   0.411765 -0.0602811  -0.574464   0.916434  -0.325554   0.847186   -0.40962   0.174154   0.433173   0.777035
point 39 472 493.868 206.732  -0.840211  -0.046326   0.677467  -0.244518   0.915149  0.0760115   0.727175  -0.740407 -0.0442561  -0.649049
point 40 475 469.597 223.835    -0.9458   0.140754  0.0594058   0.596208  -0.328559  -0.388579 -0.0915822 -0.0145366  -0.743886  -0.320097
point 41 484  321.37 91.3549  0.815852  0.670188   1.00913 -0.807364 -0.663625  0.453248  0.603973  0.626159 -0.337684 -0.685967
point 42 492 419.888 149.467  0.475906  0.490485 -0.718568  -0.44725 -0.479327  0.663619 -0.502009  0.785948 -0.857277 -0.621458
point 43 493 224.447 226.344   0.436535  -0.503477   0.833447  -0.377149   0.152125  -0.950045  -0.633698   0.791485   0.676905 -0.0923472
point 44 508 436.855 145.898  0.624631  0.570562 -0.177862 -0.162714 -0.793647  0.807426 -0.861902  0.187164 -0.710889 -0.781992
point 45 514 549.061 197.588  0.385344 -0.837272 -0.852803 -0.427933 -0.956294 -0.528818  0.643315  0.856254  0.150053   0.13965
point 46 525 175.606 237.305   -0.56331 -0.0506273   0.203448  0.0526169   -0.15742  -0.227425  -0.386364  -0.678407   0.745157  -0.457255
point 47 529  479.24 191.214   0.423333  -0.366274  0.0813378  -0.268686   0.687496 -0.0940502  -0.810278   0.836232   -0.20731  -0.357041
point 48 541 568.234 233.621  0.349318 -0.826194  0.874902 -0.340329 -0.682044  0.644095  0.764045 -0.547011 -0.932413  0.303715
point 49 560 343.143 180.237   1.01049  0.508437  0.596053  0.750138  0.329801  0.451374 -0.685816 0.0363984 -0.454317  0.338897
point 50 565 312.252 237.732 -0.891296   0.95027  0.459978  0.251323 -0.512588 -0.584033  0.784392  0.832218 0.0240083  0.525646
point 51 566 172.782 233.489  0.553002  0.718554 -0.197537  -0.30553  0.153591  0.181161  0.547402 -0.662713  0.709745 -0.582427
point 52 568 528.708 210.669 -0.983238   -0.6105  0.929806 -0.679601  0.429436  0.581344 -0.931779 -0.789433  -0.76078  0.132988
point 53 584 82.0293 173.188 0.0813698 0.0182316 -0.635717 -0.909519  0.451133   0.40835 -0.754826  0.945397  0.352728  0.462926
point 54 597 389.539 160.023  -0.668198   0.655937    0.89189 -0.0819131  -0.348747   0.588054   0.845109   0.909859   0.417273  -0.344793
point 55 602 122.133 125.758  -0.90146  0.726452 -0.229287 -0.166432  0.193381 -0.329866 -0.755812 -0.150337 -0.772941 -0.743531
point 56 607 524.386 238.125  0.904517  0.380959  -0.28086 0.0749404 -0.380193 -0.415603  -0.45764  0.277533   0.98389  0.778078
point 57 610 556.882 169.908 -0.147814  -0.17835  0.745317  0.706515  0.443219  0.477886   0.67513 -0.567639  0.141343 -0.407538
point 58 615 131.564 158.256 -0.228943  0.690426 -0.166011 -0.907602  0.579741 -0.467057 -0.941852  0.517929 -0.130992 -0.741204
point 59 638 289.217 183.475  -0.238768  -0.867147   0.564649  -0.787024   0.250696   0.386119 -0.0496258  -0.362016   0.492627   0.902485
point 60 639 565.786 174.629  -0.795362   0.840453  -0.331698  -0.312809   0.794849   0.628725 0.00995639  -0.844329   0.065335  -0.710953
point 61 651 367.415 110.164  0.832482  0.572321 -0.485373  0.242397 -0.531161  -0.94961 -0.884278  0.386112 -0.245816 -0.473462
point 62 659 142.937 200.371  0.698803 -0.341395  0.162067 -0.893388  0.367849 -0.670645  -0.87163   0.25847 -0.296378   0.32945
point 63 665 228.772 171.702  0.528297 -0.921425   0.92955  0.281724 -0.106369   0.93186  0.776399 -0.220521 -0.166655 -0.531673
point 64 691 544.369 201.019     0.55874    0.936118    0.234731   -0.263235   -0.915234   0.0728556    0.320505   -0.360523   -0.881688 -0.00737362
point 65 695 538.594 205.563   0.686458  -0.236396   0.349303  -0.411806   0.503822 -0.0493969   0.878338   0.033069   0.492036   0.779188
point 66 702 243.343 212.973 -0.534475 -0.229959  0.578571 -0.307223 -0.901444 -0.471319 0.0640462  0.280736 -0.711642 -0.315297
point 67 722 305.115 129.838  0.474437 -0.578998 -0.269743 -0.697031 -0.815145 -0.866823 -0.339881   0.60324  0.475739  -0.11388
point 68 724 280.508 167.022  -0.892462   0.941968  -0.163752  -0.543076   0.924074  -0.663642 -0.0931859   -0.31897  -0.349722  0.0766402
point 69 726 611.315 201.258   0.98601  0.514871  0.543164 -0.707671  0.243669   0.66186 -0.792651 -0.876023 -0.935153 -0.845224
point 70 741 139.262 208.664 -0.0955121   0.226259   0.185794   -1.00038   -1.02439   0.264754   0.136726  -0.444825  -0.778209 -0.0302288
point 71 745 165.798 40.1043   0.94961 -0.480257  0.119536 -0.655692  0.262787 -0.777119 -0.282069  0.184119  0.568244  -0.50164
point 72 751  341.28 222.158  -0.322671  0.0522936  -0.412615   0.813152  -0.557866 -0.0176782  0.0377905  -0.970212   0.247346  -0.421896
point 73 763 275.189 52.4786   0.157646    0.10452  -0.818666  -0.235614  -0.581981   0.859968 -0.0943917   0.535586    0.36053  0.0855727
point 74 776 559.616 140.329   0.910681 -0.0837956  -0.155434  -0.577278   0.678982  -0.805353    0.34924  -0.408002   0.843163  -0.751002
point 75 794 624.808 198.395 -0.395496   0.43676 -0.363178  -0.66979 0.0451289  0.689849  0.426682 -0.480685  0.188688  0.499334
point 76 802 240.433 219.257  0.407775 -0.526297  0.878652 -0.227949 -0.759889  0.516242 -0.267558 -0.328377 -0.597512 -0.388999
point 77 818 148.561 154.469 0.0063538  -0.93022 0.0933233 -0.434122 -0.778709 -0.346676  0.312814 -0.612845 -0.850298  -0.32339
point 78 819  450.73 197.864  -0.584693   0.417286  -0.747236   0.722576    0.95974 -0.0605951   0.330007   0.785738  -0.404683 -0.0509554
point 79 833 275.949 168.629 0.0498366  0.265966  0.787388 -0.150681 -0.683615  -0.27408 -0.730067 -0.952132  0.756614   0.67452
point 80 841  603.57 153.026  0.138122   0.92566 -0.896705  0.957993 -0.353856  0.117053 -0.252568 -0.174012  0.278442  0.513209
point 81 855 169.579 15.8017 0.0736144  0.891636 0.0822956 -0.104669 -0.900338  0.735491 -0.233628  -0.52052 -0.274257  0.857791
point 82 862 501.634 202.605 -0.865865 -0.289209  -0.73415 -0.215887  0.595444 -0.482216 -0.106453  0.350313 -0.980061 0.0586222
point 83 870 157.219 214.287  -0.242632  0.0265683  -0.884425  -0.625971   0.556699   0.854184 -0.0378019   0.690507  -0.182319   0.305578
point 84 876 615.95 143.31  0.404442 -0.654396  0.877558 -0.223205 0.0721552 -0.984409 -0.976942  0.307528  0.892109  0.251448
point 85 887 363.918 224.418  0.566052 -0.746552  -0.72146 -0.672669 -0.874213  -0.93142 -0.361874 0.0526516 0.0683701 -0.781679
point 86 908 552.872 148.077  -1.02829 -0.914934  0.921636 -0.725498 -0.736822   1.01396  0.558329 -0.806785 -0.597654   0.29555
point 87 918 500.075 190.947 -0.811815   0.16203   0.57986  0.129618 -0.322737 -0.791537 -0.591035  0.852306 -0.165376 -0.324545
point 88 925 313.591 163.395   0.771149   0.618778  -0.483265  -0.665512 -0.0824174  -0.210763   0.387842  -0.332185   0.417164  -0.281006
point 89 931 332.19 129.55  0.687161  0.746971  0.417794 -0.144801  0.352002   0.57807  0.536872 -0.888847   -0.2643 -0.212317
point 90 936 476.631 140.654 0.0575167 -0.456698 -0.395817  -0.37503  -0.50983   0.93177 0.0811025 -0.719028  0.132472  0.164538
point 91 944  570.87 185.833   0.545063  -0.541643  -0.267043  -0.592518   0.665016 -0.0100221   0.162044   0.339229   0.459724  -0.688476
point 92 958 512.657 170.451 -0.427385 -0.871315 -0.827811 -0.211783 0.0130911 -0.317154 -0.203816   -0.2705  0.438874 -0.894922
point 93 961 310.128 75.7513  -0.349789  -0.520816   0.996917   0.520425   0.513642   0.650453  0.0803243 -0.0666649  -0.790347  -0.128329
point 94 965 467.528 165.483  0.905282  0.636976  0.556716 -0.102294 0.0591637 -0.443104 0.0757791  0.654836  0.942632  0.232515
point 95 977 318.425 175.366   -0.463857 -0.00493908    0.601948   -0.778603   -0.780601    0.811494    0.760409    0.985974   -0.193585    0.412021
point 96 978 538.546 218.744  0.812981  0.706289  0.246416  0.974648 -0.859155     0.375  0.139302  0.469564 -0.635621  0.422643
point 97 985 214.426 224.121 -0.0468494   0.333613   0.510589  0.0487456   0.327626   0.120227   0.501094   0.479129   0.177841   0.681158

