seq: 209
gt_pose:  3.88555  4.24599 0.289141
odom_pose: 4.10917 3.31693 0.17435
point 0 15 80.9379   37.99   0.769403   0.684108    1.00742   0.497815   0.822792   0.933044   0.362411 0.00409963  -0.652022   0.635685
point 1 20 402.174 212.357 -0.443712 0.0974753 -0.819057 -0.524924  0.776288  0.406413 -0.794838 -0.779527 -0.253032  0.109424
point 2 50 507.536 178.935  0.818228 -0.631436 -0.402661 -0.712431 -0.560435  0.212854 -0.686118 -0.717833 -0.508942  0.893231
point 3 71 283.434 99.9525  0.198187  0.243979  0.498942  0.564786 -0.462414  -0.80902  0.791791 -0.606898 -0.644971 -0.278612
point 4 75  521.68 157.661 -0.675855 -0.921728  0.903842   0.57909 -0.781176   0.67846 -0.572349  0.948969 0.0760807  0.322721
point 5 79 418.278 163.452 -0.260783 -0.696324 -0.109554 -0.743828   0.22705  0.956336 -0.821537  0.775823 -0.681575  0.651157
point 6 82 469.797 54.3284   0.912127 -0.0825232  -0.226217  -0.275091   0.894779   0.857474  -0.797601   0.816637   0.772638  -0.573488
point 7 96 317.922 207.698  0.420353 -0.343276   0.27307 -0.690647 -0.796017  0.593655  0.725883 -0.367748 -0.201541  0.695495
point 8 112 590.957 235.335  0.0267262  -0.829952  -0.718209  -0.896166    -0.4809  -0.889382  -0.976221 -0.0798283  -0.221688   0.148875
point 9 130 43.3774 45.5664  0.742654  0.295608 0.0640864   1.00608  0.490299 -0.256937  0.949708 -0.870908 -0.475875 -0.573793
point 10 135 166.509 185.585 0.517883 0.469105 0.413782 0.269036 0.192237  1.00598 0.632113 0.428455 0.317933 0.714844
point 11 136 170.205 157.012 -0.385149  0.182434  0.716931 -0.978428   0.37197  -0.60234  0.084268 -0.163485 -0.735832 -0.174775
point 12 140 467.273 10.9944  -0.472862 -0.0565559   0.640723   0.111225   0.828832  -0.806222   0.369436  -0.564691  -0.317237   0.926481
point 13 213 531.368 170.456   0.453183   -0.17409  -0.746721 -0.0917766 -0.0406314  -0.885371  -0.389773   0.772518   0.387504   0.183674
point 14 222 337.385 234.209  -0.664066   0.920245  -0.886497  -0.483247    0.52812  -0.736361 -0.0555659    0.48464   0.346516  -0.437526
point 15 232 293.826  237.52 -0.0763221  -0.336066   0.440549  -0.318036  -0.924502 -0.0593373    0.82749   0.748587  -0.967173 -0.0507797
point 16 244 450.681 163.728 0.0496152 -0.908715  0.477579   0.58319 -0.869665  0.668832 -0.339867  0.272136  0.182532  0.218649
point 17 255 506.701 211.663   -1.01589   -0.83705  -0.954968  -0.885646 -0.0161534   0.866249   0.138991  -0.311875  -0.150273   0.341407
point 18 270 443.168 225.886 -0.500272  0.424311  0.099095 -0.730366 0.0240797  0.120092   0.49038 -0.232529 -0.895325  -0.87781
point 19 279 617.738  169.88  -0.45101 -0.381853  0.234352    0.2454 -0.139658  0.754263    0.4005 -0.876329  0.853669   0.41567
point 20 340 599.718 51.8002   0.403789  -0.430578   -0.65506 -0.0882112    0.83957  -0.151901  -0.649981   -0.40103   0.571253  -0.389532
point 21 341 532.974 208.762   -0.762255   0.0988125     0.31072   -0.302545    0.294736   -0.404948   -0.780517   -0.691149     0.82159 -0.00124884
point 22 343 510.268 66.5399 -0.0281234  -0.991411  -0.333006  -0.800059   -0.16591  -0.121436   0.301679  -0.879538   0.550407  -0.413449
point 23 357 302.268 232.712   0.348545  -0.232973   0.512396   0.394013   0.514573 -0.0891695   0.321252   0.680048   0.457504  -0.254288
point 24 376 94.6724 165.191  -0.711708  -0.830359   0.648176   -0.30233   0.655719   0.189058   0.265994 -0.0684505     0.5734  -0.252674
point 25 379 215.183 145.594   0.19794 -0.498622   0.15566 0.0825002  0.633621  -0.28027   0.09874  -0.22585  0.165535  0.230117
point 26 383 326.374 196.975 -0.706836 -0.300505   -0.9743 -0.723053  -0.69881 -0.096573  0.532684  0.512823   0.48472 -0.201403
point 27 390 447.757  226.94   0.343233 -0.0203012   0.224911  -0.576457   0.380158   0.896684    0.30999   0.113387  -0.594213   0.399905
point 28 392 137.355 231.256   0.954888 -0.0759013  -0.427955   0.266411   -1.00103   0.879107  -0.745045   0.253398  -0.628086    0.63777
point 29 401 512.793 198.933 0.0036354  0.580799  0.272313 -0.511434 -0.535035   0.17199  0.609471  0.841259 -0.891295 -0.531729
point 30 407 529.186 216.282   -0.74916   0.945413  -0.948412   0.640899  -0.771676 -0.0869376   0.667689  -0.947967  -0.400694  -0.466583
point 31 411 28.4403 214.684   0.475279   0.954844   0.902432    1.00029   0.374048  -0.597025   0.893758   -0.31286  -0.831848 -0.0456406
point 32 427 610.853 145.463  0.771872  0.949628  0.241838 -0.415068 -0.124372  0.794421  0.245346 -0.738224 -0.614767  0.652095
point 33 445 296.065 162.012 -0.925821 -0.324156 -0.667106 -0.838796 -0.345123  0.799646 -0.308688  0.119936  -0.52366  0.591561
point 34 447 334.168 167.458 -0.321827 0.0600088 -0.947243 -0.750154  0.248807 -0.837941 -0.107005  0.530091 -0.739382  0.613639
point 35 487 37.2153 57.4007 -0.802831  0.943746 -0.721439 -0.952672  0.018563  0.654936 -0.356276 -0.934824  0.289855 -0.218382
point 36 502 75.856 206.14   0.308743   0.263015 -0.0402823   0.445114   0.875036 -0.0432361  -0.460133  -0.992199   0.168023  0.0554157
point 37 516 66.4256 185.426    0.12792  -0.541111  -0.759353  -0.814628  -0.117315   0.604352   -0.64145 0.00902877  -0.817595  -0.567833
point 38 521 258.326 127.872 -0.837984 -0.334753  0.611891  0.197314 -0.224956 0.0394127 -0.392929 -0.624352 -0.787965 -0.679098
point 39 549 235.226 233.971   0.731872  -0.407878   0.928671   0.917878  -0.096138   0.316749 0.00534663   0.441496   0.368624   0.721086
point 40 550 548.412 208.861  0.231884 -0.106014 -0.717803  0.497528 -0.413477 -0.566686 -0.862949  0.172632  0.019665 -0.801392
point 41 556 455.732 210.599  0.999868  0.962634 -0.284526  0.588627  0.984503 -0.244648  0.486874 -0.660793   0.88093  0.248074
point 42 564 570.187 179.951  -0.587547  -0.159465   0.208731  -0.432416 -0.0768696   0.464711  -0.448988  -0.998265  -0.792334    1.02192
point 43 579 252.668  184.35  -0.857495 -0.0998415   -0.82734  0.0110929    1.02235   0.507809  0.0401712   0.506686   0.238181   0.250582
point 44 586 255.902 183.054  0.0135364  -0.976636   0.738543   0.178373  -0.337843  -0.136479   -0.73686   0.128959 -0.0394067   0.736148
point 45 592 153.813 176.648   0.83567   1.00307  0.699063  0.322568 -0.826523 -0.802217  0.397606  0.816529  0.679043 -0.710054
point 46 605 513.449 201.762   0.896892    0.44687  -0.373405   0.345391   0.192959  -0.404619 -0.0281308  -0.147633   0.889964   0.130487
point 47 621 632.355 164.463  0.819823 -0.131052 -0.906551 -0.187252  0.203219 0.0403967  -0.31662 -0.398036 0.0779118 -0.277267
point 48 630 425.502 203.594   0.0072372 -0.00406566   -0.395577   -0.309078    0.638465  -0.0175075    0.519092   -0.209042    0.644499   -0.698227
point 49 668 501.271 89.0698 -0.590415  0.785708 -0.761253 -0.387656 -0.466418 -0.189252  0.139979 -0.469035  -0.88135 -0.501999
point 50 712 229.348 237.325 -0.0572772   -0.66658   0.448097   0.753727   -0.56073  -0.573063  -0.733887  -0.222547   0.824662  -0.159297
point 51 714 166.505  155.12  0.706606  0.450398  0.734239    0.4827  -0.53305 -0.281595  0.738692  0.921925 -0.492544 -0.860611
point 52 718 139.626 175.886 -0.416401 0.0831797  0.866097   0.49897  0.861251  0.793058 -0.484741 -0.711041  0.712215  0.442702
point 53 723 122.172 235.867  0.0849363  -0.945443 -0.0619252   0.104984  -0.359846    -0.3666  -0.382967   0.676876   0.103084  -0.695907
point 54 730 342.432 204.663  0.776095  0.413871  0.874981  0.847681  0.498268 -0.234415 -0.374016 -0.519701 -0.113178   1.01331
point 55 739 484.009 221.434  0.976237  0.136903 -0.420449 0.0132694  0.774346  0.202987 -0.852226 -0.223434 -0.207397 -0.636021
point 56 749 519.898  200.08 -0.627005  0.242254  0.604069 -0.682325  0.557365 0.0279913  0.750993 0.0964818 -0.244133 -0.130457
point 57 765 410.785 181.642  -1.01079 -0.188991  0.571907 -0.606684 -0.440106 -0.277027  0.541445 -0.220183  0.476587  0.994358
point 58 785 217.108  182.05 -0.0284699   -0.13185  -0.535865   0.555389  -0.835531   -0.49259  -0.920234   0.668822  -0.683546   0.979141
point 59 803 359.011 160.651 -0.779515   1.01951  0.710752 -0.577382 -0.567785  0.246527 0.0449465   0.76257 -0.242442   0.70676
point 60 809 638.327 93.2496  -0.28781 -0.958368 -0.993641  -0.25413 -0.586304 -0.222747  0.827465  0.782075 -0.248117 -0.232388
point 61 813 311.237 234.802   0.632194   0.919238  -0.317618  -0.800734    0.21644  -0.771805   0.814427  -0.782308 -0.0652592   0.177511
point 62 817  510.18 147.078  -0.26422  0.503663  0.834091  0.613186  0.639955 -0.112721 -0.628526  0.611477  0.601453 -0.935261
point 63 823 431.634 137.543  0.0414123  -0.749366  0.0513974   0.737438   0.540702  -0.548034  0.0694842   0.945632  -0.437775 -0.0610618
point 64 831 180.353 234.304    -0.05345    0.419103    0.717098      0.1164    0.393471   -0.860059 -0.00595762    0.573653   -0.681977  -0.0366882
point 65 865 304.978 204.793   0.851593  -0.367131  -0.960941  -0.269141  -0.348872  -0.144851   -1.03714   0.600137    -0.7595 -0.0460222
point 66 866 518.776 61.2275  -0.501061 -0.0604096    0.81159  -0.638271   0.659485  -0.277034  -0.134895   0.364227  -0.409976   0.907392
point 67 872 161.317 109.846  0.419928  0.879397 0.0827111  0.452988  -0.44461  0.784715 -0.466303 -0.301019 -0.802048 -0.937617
point 68 874 404.081 217.826 -0.893349   0.23143 -0.674025  0.874836  0.229753  0.756857  0.712659  -0.69336  0.208614 -0.767145
point 69 889 557.258  229.16  -0.795668   0.185719   0.875466  -0.276885  -0.988395   0.420021 -0.0146549  -0.698112   0.760403   0.133931
point 70 911 458.379 105.475  -0.996501  -0.425367  -0.784985   0.762063  -0.962009 -0.0546975  -0.977089  -0.115292   0.454932  0.0930871
point 71 914 172.553 234.608   0.231777  0.0576336 -0.0122948   0.436044   0.287369   0.486765   -0.62089  -0.079224   0.170544   0.780508
point 72 926 616.719 196.761  -0.735292  -0.754882   0.879271  -0.866854 0.00074361   -0.53727  -0.436176  -0.750552  0.0502362   0.592005
point 73 932 218.018 195.346 -0.0692553  0.0730844   0.828857 -0.0541907  -0.109387   0.658971 -0.0779045  -0.946989  -0.212891   0.515636
point 74 951 434.036 189.058   0.210831  -0.875148 -0.0870115   0.401611     0.1804  0.0491122  -0.990073    0.51476  -0.164279  -0.639663
point 75 964 176.612 187.723  0.974809 -0.315469   0.22725 -0.272316 -0.815362  -1.02747  0.517727 -0.923811 -0.777075  0.659599

