seq: 327
gt_pose: 0.852863 -1.01788  1.95864
odom_pose: -0.851433  -1.09349   1.87412
point 0 7 452.072 161.958 -0.0801244   0.798218   -0.16928   0.602846    0.38827   0.788447 -0.0662209  -0.593985   0.880543   0.838917
point 1 21  454.91 195.866  0.577511 -0.431235 -0.327246 -0.581215  0.931794   -1.0088  0.629768 -0.351261 -0.586449 -0.139127
point 2 31  380.12 201.765  -0.388454   0.736115 -0.0389792  -0.709229   0.267844  0.0785498   0.236531   0.170966  -0.518694   0.613461
point 3 36 503.636 235.261  -0.20626 -0.270942  0.391857  0.579963  0.383686 -0.670293 -0.941543  -0.82602  0.419764 -0.602057
point 4 37 473.944   227.4  -1.00223 -0.964285 -0.424805  -0.51787  0.324316  0.692896 -0.644641 -0.278726  0.348247  0.738205
point 5 44 613.531 129.194  -0.58398  0.227027   0.83588  0.510173 -0.106624 -0.135636  0.712524  0.921676  0.913635  0.773517
point 6 53 528.571 204.963  0.798883   0.25156 -0.286941 -0.875346  0.517708  0.614816    0.3957  0.390821  0.813389 -0.377527
point 7 61 593.073 156.664  0.156914  0.423458  0.458344   0.85955 -0.847668  0.609755  0.935062 -0.794478 -0.427172 -0.515601
point 8 63 301.477   211.3  0.233731 -0.690569 -0.815172 -0.272405 -0.692313  0.359725  -0.76224  0.756493   0.17122 -0.603618
point 9 68 366.351 239.469  0.178096  0.320198 -0.958256  0.512456  0.150248 -0.704901 -0.753396 -0.609096  0.548896  0.702298
point 10 70 19.6216 179.217    0.9184 -0.671999 -0.396528 0.0886069   0.29721  0.770621 -0.583242  0.348353  0.235073  0.689206
point 11 73 169.693 172.944   0.759216    -0.1765    0.78604   0.378116 -0.0979942  -0.049371   -0.39675  -0.511625  -0.555379   0.128149
point 12 77 491.665 232.857 0.0464786 -0.965364 -0.461408 -0.619748  0.360255 -0.109747 -0.563192  0.288409 -0.610524 -0.293188
point 13 88 234.829 237.027  -0.196431  0.0505393    0.39011  -0.953765   0.263592   0.199037   0.371418 0.00475927   0.801166  -0.506782
point 14 89 530.103 233.406  0.615082  -0.63011 -0.330156 -0.319773  0.270806 -0.685802 -0.543397 -0.987469 -0.684036 -0.192648
point 15 93 223.106 205.004  0.716475 0.0213589  0.213551 -0.761431  0.902697 -0.384001  0.144327 -0.898227  0.575119 0.0279792
point 16 106 523.023 235.796  -0.236189   0.975661  0.0559086 -0.0964789   0.392492   0.162395  -0.147962  -0.980731   0.515271  -0.113867
point 17 109 284.814 192.604  -0.524877   0.892169  -0.864567  -0.394739   0.466662 -0.0446401   0.742212   0.597031  0.0373537   0.281266
point 18 110 587.828 38.7638  0.862362  0.907699 -0.594214 -0.315199  0.123331 -0.745871 -0.550516  0.574512  0.754169  0.200056
point 19 111 258.686 227.996 0.0963516  0.940886 -0.861014 -0.968552  -0.10616 -0.330312  0.970475 0.0522367  0.195071  0.436322
point 20 113 554.951 187.578 -0.0692756  -0.597167   0.635332  -0.919527   0.566123  -0.382029  -0.875237   0.655488  -0.284149 -0.0397186
point 21 132 521.443  163.31   0.204448   -0.96667   -0.91554 -0.0385824  -0.716833   0.867915  -0.862098   0.271516     0.9014   0.715655
point 22 134   620.6 154.595 -0.305281  0.130508  0.469899  0.841161  0.742445 -0.319293  0.888784  0.792491  0.568978 -0.827538
point 23 148 529.029 91.3488   -0.14487  -0.272802  -0.197712   0.503742 -0.0609108  -0.210663   -1.00273      0.235   0.883059   -0.60971
point 24 156 414.058 172.994  0.316973   0.52847 -0.649625  0.369701 -0.870438  0.973837  0.102238  -0.76156 -0.981134 -0.147575
point 25 158 536.173 147.281  0.439225  0.451936  0.352536 -0.283811 -0.159776 -0.372777 -0.766138  0.158954  0.970224 -0.570518
point 26 159 485.433 161.722  0.216025 -0.969553 -0.924688      -0.2 0.0744202  0.147557   0.97412 -0.357678 -0.425227 -0.760988
point 27 161 581.154 168.589   0.49408  0.906035 0.0182967 -0.398245 -0.378448 -0.752503 -0.422795  -0.27187  0.011604  0.625372
point 28 165 462.535 88.7059  0.505638 -0.819226  0.402009  0.610375 -0.673893  0.612547 -0.635253  0.823938  0.377408 0.0327095
point 29 166 174.081 176.806 -0.632624  0.390846 -0.583069 -0.467291 -0.724126  0.260497 -0.718042  0.113852  0.162629 -0.622354
point 30 175 299.468 135.392 -0.330583  0.553851  0.225899 -0.561224  0.698497  0.741351  0.936848  0.972532  0.576271   0.15803
point 31 176 398.432 187.124  -0.753796   0.816655 -0.0945948 -0.0324903   0.419039  -0.409395  -0.875449   0.239467   0.696115  0.0999236
point 32 186  280.53 166.644  -0.386838  -0.374851   0.301216   0.467621   0.880554  -0.941143 -0.0934648  -0.457488   0.140152   0.360336
point 33 233   275.5 233.648 -0.129408 -0.445718  0.132031  0.315783  0.338301 -0.180817 -0.926768  0.159345 -0.905501  0.323243
point 34 235 26.8968  228.15 -0.837001 -0.955965  0.960881  0.527814  0.075931 -0.203199   1.03579 -0.784691  -0.88333  0.304046
point 35 240 428.451 160.194 -0.539217 -0.576038  0.569367  0.835307  0.824096  0.722166 -0.561099 -0.763046 -0.994869  0.696244
point 36 245 152.805 84.7038 -0.573892 -0.421094  0.465174 -0.723467 -0.540233  0.385885  0.907274 -0.648405  0.219557  0.744021
point 37 251 269.098  226.78 0.0267242 -0.516084  0.201632  -0.78305 -0.390423 -0.155894 -0.514818  0.250673 -0.148832  0.377802
point 38 302 106.219 190.194 -0.757742 0.0846616   0.55962   0.62235 -0.146995 -0.611345 -0.973199  0.197645  0.174841  -0.23945
point 39 303 334.587 200.456   0.131065  -0.817826  -0.606479  -0.970112 -0.0794763   0.516895  -0.431476 -0.0954776 0.00540979  -0.414968
point 40 304 483.907 149.778  0.513264 -0.571714 -0.453687 -0.399313  0.974904 -0.175823  0.685877  0.538477 -0.539105 -0.426932
point 41 315 602.603 202.489 -0.861666 -0.367168 -0.894545  0.154454 -0.370327  0.148979  -0.57276  0.839838 -0.707945  0.945996
point 42 331 13.9501 197.539 -0.324246 -0.186236 -0.296525  0.116297 -0.125473  0.960277  0.857532 -0.544522  0.754303  0.845788
point 43 343  620.94 223.094  0.013859 -0.922056 -0.335203  -0.79894 -0.241798 -0.123034  0.302586 -0.898672  0.591669 -0.463454
point 44 346 317.855 186.168   -0.58627   0.986032 -0.0149873  -0.827658  -0.125714    0.46192 -0.0485659    0.92022   0.774622  -0.121788
point 45 352 126.279 148.999  0.524395  0.314071   0.44954  -0.73937  0.553412  0.723521 -0.646123  0.586237 -0.127351  0.851525
point 46 387 314.021 154.143   0.664186   -0.72068    0.55291    1.00008  -0.779707  -0.158455 0.00240823  -0.905104   0.611357   0.703853
point 47 397 5.35218  157.48   0.69567 -0.375179  0.594896  0.251963  0.553216  0.887814 -0.622496  0.646367  0.877087   -0.7149
point 48 405 314.686  185.25 -0.124358 -0.998359  0.816566  0.680616 -0.164451  0.035896  0.344194  0.364535  0.464324  0.701198
point 49 428 197.624 182.483 -0.467336 0.0517142  0.584333 -0.883403 -0.306244  0.559492  0.326822 -0.431238 -0.129885 0.0955385
point 50 454 461.487 151.411 -0.941665   1.00476  0.664648 -0.422107  0.643389  0.686633  0.774997 -0.579195  0.448838  0.334354
point 51 460 102.852  198.52    0.82272  -0.558618  -0.346043   0.432075  0.0650997 -0.0806354  -0.435288   0.230218   -0.73735  -0.867608
point 52 467 19.5661 216.676  -0.440592  -0.751426 -0.0949713  -0.326898   0.920731   0.287768   0.450293   -0.10208  -0.651904   -0.77683
point 53 488 26.5439 156.676  0.888366  0.529991 -0.467474  0.190775 -0.684907 -0.395596 -0.273116 -0.764371  0.128964 -0.311286
point 54 491 345.861 168.986 -0.820207  0.865787  -0.30873  0.603858 -0.472468  -0.16427  0.573656 -0.288376 -0.261431  0.735225
point 55 494  188.23 182.329   0.420394 -0.0815602  -0.346303   -1.01921  0.0614505   -0.78146   0.568342   0.368007  -0.224854   -1.01151
point 56 495 378.467 144.783  0.249138  0.677252 -0.144608  0.456213 -0.506269 -0.702593  0.955607 -0.562469  -0.10267  0.104325
point 57 499 314.615 209.494   0.842145  -0.402375   0.350405  -0.594522   0.164208 -0.0587834  -0.123877  -0.223995   0.684562   0.308813
point 58 506 395.442  196.69   0.106847   0.263608 -0.0461126  -0.623154  -0.963623  -0.613391   -0.64553  -0.610628   0.729749     0.5276
point 59 514 137.893 123.801  0.407271 -0.833302   -0.9132 -0.445544 -0.911245 -0.526063  0.618819   0.85294  0.113588  0.223885
point 60 521 635.324 186.429  -0.842774  -0.339379   0.638654   0.175542  -0.262489 -0.0180949  -0.399686  -0.687555   -0.82544  -0.649235
point 61 527 185.907 236.835  0.849218  0.458198 -0.817078  0.934423 -0.501812 -0.489712 -0.181013  0.741441   0.64594  0.671146
point 62 541 162.752 222.345  0.337199 -0.847045   0.85188 -0.312845 -0.620506  0.666122  0.794284  -0.60997   -1.0137   0.29749
point 63 549  638.98 235.933  0.729477 -0.423592  0.868512  0.944511 -0.102049  0.287511 0.0892311  0.464011  0.424707    0.7546
point 64 552 56.4845 154.026  0.822295 -0.174176  0.786456 -0.154401  0.381285  0.105728  0.784536  0.699322 -0.396678 -0.609489
point 65 563 138.741 206.133 -0.0131204  -0.430511   0.329844  -0.418719   0.680067   0.400501   0.283696   0.512325  -0.704453   0.359037
point 66 578  392.41 201.059 0.00284213  -0.215462  -0.252172   0.276098  -0.750947   0.529681  0.0775195  -0.953996  -0.129013    0.14299
point 67 581 628.568  239.39 -0.635607 -0.514481 -0.337621   0.92484 -0.968024 -0.166423 -0.104681 -0.729638  0.859202 -0.161945
point 68 587 138.146 188.972   0.76163 -0.377106 -0.255009  0.687751  0.264884 -0.198041  0.322589 -0.918611 -0.453434 -0.367462
point 69 591 455.838 180.703    1.02108  -0.660376   0.627138    0.11245  -0.460488  -0.220255   0.936385   0.246666 0.00567996   -0.53432
point 70 596 316.867 209.006  0.0125234   -0.50188   0.481485  0.0983891 -0.0529661  -0.456048   0.655899  0.0506591   0.541792   0.910939
point 71 599 359.058 212.249  -0.416737   0.226775   0.686909   0.140768  0.0686785   0.969493   -0.15838  -0.123269 -0.0925656   0.489979
point 72 603 546.635 169.268  0.956745  0.596958  0.701446  0.286265  -0.83616  0.420174 -0.850935  0.808264 -0.561287  0.621164
point 73 607 32.5366 232.684   0.82352  0.371427 -0.320221  0.154706 -0.360652 -0.355976 -0.447386  0.279229   0.90407  0.738633
point 74 610 151.268 52.2051 -0.188935 -0.206787  0.724867  0.719875  0.390304  0.400867  0.645258 -0.628077  0.137236 -0.480955
point 75 622 361.979 160.671  -0.441734  -0.984352   0.464506 -0.0494154    -1.0234  0.0533022   0.654305   0.924321  -0.220173   -0.71506
point 76 627 497.238 176.477 0.0961101  0.927353 -0.616482  -0.56592 -0.782775  0.322109 -0.854492 0.0592984   0.26987  0.592896
point 77 631 211.703 232.196  -0.759274   0.067415  -0.629371 -0.0479147   0.391528 -0.0541999  -0.264977 -0.0206158 -0.0242233  -0.281781
point 78 644 297.422 123.786  -0.527298 -0.0934608  -0.601778  0.0473934  -0.163498  -0.815638   0.873464  -0.946422   0.906992    0.41394
point 79 650  57.396 222.708  0.744069  0.245276  0.596779 -0.515841   1.00537 -0.222443  0.840266 -0.720026 -0.188023 -0.882068
point 80 654 87.0684 238.878 0.0478383  0.686949  0.164098 0.0363167 -0.300881  0.371669  0.823816 -0.949425 -0.328682  0.630263
point 81 655 563.559 207.429 -0.0620156    0.70885   0.497404  -0.639552  -0.566496  -0.452406  -0.987881  -0.689362  -0.840205   0.891081
point 82 658 515.694 214.135   0.408886   0.106696 -0.0863966  -0.269298   0.193897   0.981573   0.633136   0.633962  -0.812698   0.496469
point 83 687 89.4394 224.347   -0.399925    0.259618 -0.00353591    -0.24396    0.666009     0.40339    0.581597   -0.463353    0.214557   -0.468226
point 84 689  199.73 157.815   0.878507   -0.44541  -0.488716 -0.0232675    0.74992   0.108072  -0.713487  -0.239796   0.917348   0.914622
point 85 691 31.8687 58.5568    0.61732   0.987633   0.219152  -0.244667  -0.914679  0.0497251   0.333037   -0.44546  -0.901313 -0.0078974
point 86 717 604.736 172.888  0.945186  0.701111  -0.89337 -0.231636 -0.368878 -0.736439 -0.685436  0.772683 -0.372333   0.68844
point 87 725  272.92 214.304 -0.727396 -0.792981 -0.740105 -0.925387  0.292835  0.361568 -0.836462  -0.73271 -0.504348 -0.245219
point 88 726 246.741 183.943  0.944173  0.558005  0.570946 -0.665129  0.259813  0.602055 -0.744897  -0.91286 -0.895848 -0.841233
point 89 727 28.0569 220.405  0.0649385  -0.906691   0.607216  -0.655557  -0.272905   0.878887  -0.400004 0.00566658   0.954512   0.933057
point 90 736  147.97 184.697 -0.0704256  -0.942657  -0.260292   0.136425  -0.334625  -0.193345   0.494663   0.692988  -0.962291   0.946941
point 91 750 52.5392  233.55 -0.418443  -0.44234  0.563476  0.210017  0.212231  0.541097 -0.666295  0.747012   0.70155 -0.165672
point 92 805 314.386 138.659  0.315913  0.743895  0.524388 -0.173657 -0.867109  0.804486 -0.189492  0.914751 -0.803211  0.235204
point 93 806 415.088 237.924   0.846765 0.00194169  -0.552108   0.105879  -0.695918  -0.317417   0.366072  -0.389679   0.101394 -0.0466535
point 94 854 326.451 225.715   0.614567   0.180102   0.425739  -0.783583 -0.0664051   0.978773  -0.015583  -0.140685    0.27582   0.944903
point 95 858 280.232 168.206  0.467226  0.266693 -0.138761 -0.114587  0.730957  0.812763 -0.486369  0.103224 -0.733699 0.0023956
point 96 873 130.333 172.846  0.338891 -0.562765 -0.967835  0.948349  0.944063  0.352592 -0.773495 -0.800685 -0.488402  0.328993
point 97 878  495.33 230.377       -0.974 -0.000885706    -0.970472    0.0145441  -0.00854507     0.457922     0.391541    -0.133583    -0.725768    -0.588069
point 98 880 274.538 119.816 -0.567297  -0.48659 -0.295074    0.6652  0.536812 -0.206612 -0.314059  0.608934  0.854089  0.632016
point 99 881 384.445 173.217  0.298817  0.634524   0.43013  0.618698  0.413034 -0.791862  0.178904 -0.765992 -0.467703 -0.595314
point 100 883 290.236 204.505 -0.263002 -0.257221 -0.716912  0.968121  0.281122  0.568952  0.619871 -0.346764  0.223766 -0.029422
point 101 905 592.775 117.153 -0.955234   0.12857  0.469036 -0.343878  0.641802  0.305662 -0.815796  0.687265  0.056916  0.169162
point 102 910  581.02 167.347 -0.958417  0.653409  0.439428 0.0283282  0.618309  0.437847 0.0654183  0.591315  0.803995  0.368088
point 103 916 77.2046 166.504  -0.333366   0.283455   0.190421  -0.414017  -0.686995  -0.486766   0.664087   0.265753   0.923828 -0.0465365
point 104 927 542.444  81.157 -0.0797934   0.871479   0.589773   0.378456  -0.896735   0.406422  -0.044959   -0.42123    0.75615   0.935721
point 105 929 411.141 138.545 -0.833105 -0.249041 -0.276234  0.168019  0.260328  0.715533 0.0539606  -0.21623 0.0460782  0.149876
point 106 937   319.3 235.532  -0.45803  -0.59045 -0.572539 0.0934125   0.46759 -0.239113  0.142648 -0.238991 -0.232588  0.498805
point 107 944 157.344 77.5334    0.55243  -0.546574  -0.238091   -0.57904   0.686901 -0.0694678  0.0905334   0.336406   0.448857  -0.611116
point 108 967 334.575 178.675  0.192188 -0.122276  0.436003  0.966271 0.0721568  0.317969  0.527924 -0.374167 -0.718684 -0.452413
point 109 968 428.253 167.747   0.0578051   -0.376441   0.0447528  -0.0822405    0.924736   -0.247367   -0.684197 -0.00270572   -0.635538   -0.933856
point 110 978 84.0929 166.458  0.826077  0.642793  0.306271  0.904067 -0.820156   0.36583  0.118412  0.433011 -0.635583  0.407332
point 111 979 491.233 97.7016 0.0270407   0.45636 -0.109599  0.413599  0.157338  0.311441 -0.547497 -0.180785  0.612946 -0.309107
point 112 986 47.3072 230.854  -0.300113  -0.267855  -0.954303  -0.542622  -0.173766  -0.441078  -0.330669  -0.127091 0.00827611   -0.87237
point 113 997 425.186 234.536   0.997885  -0.944729 -0.0308593   0.860605   -0.41586 -0.0313288   0.600624  -0.904114  -0.220255   0.594733

