seq: 56
gt_pose: 0.426121   5.5397 -2.18108
odom_pose:  1.01186  5.43578 -2.14127
point 0 14 131.093 209.691  -0.85032 0.0926954  0.524354 -0.396089  0.946743  0.147206  0.719148  0.529891  0.233555 -0.974507
point 1 27 429.377  199.65 -0.0162033  -0.661031   0.791274   0.281593  0.0849325  -0.603302    0.11304  -0.123212   0.708016  -0.199651
point 2 30 413.526 188.022 -0.754508 -0.932924 -0.920157 -0.060938  0.533194  0.382759 -0.078348 -0.806907  0.167745  0.125231
point 3 31  170.67 202.956   -0.40586   0.766318 0.00220997  -0.615024    0.25365  0.0128211    0.22645   0.240505  -0.487088   0.673951
point 4 41 624.518 166.138  0.698806  0.333371 -0.186276  0.251926  0.178603  0.279465 0.0360878 -0.670592  0.120694 -0.976961
point 5 57 46.2521   196.8  0.400669 -0.339477  -0.59978  0.535712 -0.515407  0.359777  -1.00174  0.645147  0.702321  0.205897
point 6 58  414.03 235.019  0.668862 -0.466511   -0.4443 -0.881626 0.0571684  0.807061  0.206051  0.029069   0.66821  0.896743
point 7 63 320.965 194.928  0.232322 -0.711737 -0.804099 -0.273909 -0.719812  0.287931 -0.762723  0.776617  0.115799 -0.557264
point 8 67 619.745  210.14 -0.213862 -0.809823  0.581667  -0.18182  0.457045   0.85248  0.684707  0.641314  0.417882   0.30407
point 9 68 193.069 239.266  0.190388  0.355562 -0.924317  0.537898  0.233196 -0.726864 -0.708674 -0.641192  0.566959  0.667554
point 10 88 348.876 237.029    -0.24656 -0.00285343    0.345485   -0.984792    0.313704    0.252518    0.384772   0.0121678    0.769536   -0.518882
point 11 93  387.85 200.518   0.77133 0.0186147   0.21206 -0.842052  0.946497 -0.396517  0.145766 -0.932352  0.558758 0.0672699
point 12 95 588.905 160.971 0.0783674  -0.45001  -0.51037 -0.581589 -0.893653 -0.798198  0.430969  0.228366 -0.581927  0.394877
point 13 100 578.085 153.655  0.154071  0.641892 -0.194866  0.231452 -0.133801  0.826445  -0.37857 -0.912018 -0.717355  0.519739
point 14 101 482.659 146.688  0.600725 -0.251667  0.411444  -0.75054 -0.271085  0.899122 -0.354671  0.027207 -0.967742  0.849689
point 15 109 196.707 230.166  -0.482435   0.852799  -0.810628  -0.378081   0.546379 -0.0425615   0.686166   0.583618 -0.0273712   0.279986
point 16 110 63.5069 154.473  0.815479  0.980455 -0.609088 -0.325026 0.0896478 -0.692117 -0.583229  0.545909  0.709851  0.234153
point 17 111 271.864 231.909  0.100491   0.98862 -0.863135 -0.927346 -0.124818 -0.320203  0.930011 0.0630621  0.226185  0.430556
point 18 132 1.71583  165.35  0.205889 -0.886497 -0.921697 -0.035672 -0.703906  0.861664  -0.81551  0.326196  0.880105  0.687481
point 19 156 129.065 173.216   0.28093  0.588916 -0.707921  0.324898 -0.852356  0.911818  0.170217 -0.705876 -0.973668 -0.139251
point 20 159 100.564 196.986   0.19587 -0.939737 -0.887544 -0.103609 0.0542112 0.0826464   1.01546 -0.272495 -0.356783 -0.774536
point 21 165 140.069 192.017   0.455286   -0.80778   0.408957   0.631858  -0.760581   0.594804  -0.643239   0.832086   0.336458 -0.0538126
point 22 172 527.839 169.037   -0.390693    0.951521    0.444345    0.986003 -0.00849766   -0.492768   -0.359894   -0.804088    0.614872   -0.561411
point 23 175 238.907 168.629 -0.376115  0.542592  0.288805  -0.62187  0.700789  0.693797   0.90694   0.91287  0.545263  0.116476
point 24 176 155.309 202.481   -0.730232    0.835295   -0.124703 -0.00197809    0.359161   -0.426192   -0.862679    0.271603    0.687467    0.071743
point 25 181 514.465 100.509  0.817856  0.560838 -0.173654 -0.142768 -0.179153  0.800848 0.0456899  0.960351  0.645535 -0.250056
point 26 186 315.678 152.725 -0.388541 -0.421657  0.296244  0.468636  0.886241 -0.917588 -0.109943 -0.464219  0.133571  0.311549
point 27 198 46.4225 237.156  0.877994  0.564873 -0.303891 -0.533448  0.955753 -0.828082  0.902808 -0.971203 -0.671953  0.360131
point 28 209 475.073 230.765 -0.261973   0.17485 -0.344839  0.399763 -0.898897 -0.297027  0.598001 -0.904034 -0.372466 -0.700584
point 29 228 589.822 164.844   0.419523  -0.893905  -0.023249 -0.0631005   -1.01797    1.00011  -0.631483   0.545023   0.608106   -0.62738
point 30 233 333.984 231.891 -0.137946 -0.525386  0.119738  0.290805  0.366751 -0.202017 -0.906825  0.174904  -0.88717  0.375613
point 31 240 85.4081 126.751 -0.545323 -0.586048  0.572873  0.834936  0.815836  0.705668  -0.55515 -0.676305 -0.987608  0.618107
point 32 251 262.477 231.165 -0.0296927  -0.526442   0.164748   -0.83384  -0.455653 -0.0992855  -0.502609   0.202089 -0.0676999   0.308915
point 33 281 539.284 218.605 -0.808041  0.360446 -0.242112 0.0137957  0.529694  0.282215  0.692799 -0.159031 -0.454539 -0.477237
point 34 283 567.559 228.016   0.310833   0.340057   0.679315  -0.179049  -0.875715   0.790378  -0.794015 -0.0654939  -0.164573   0.725725
point 35 296 75.0561 163.688 0.0360736 -0.590033 -0.400461  0.289594 -0.157434  0.580813 -0.620325  0.935956  0.028975 -0.310907
point 36 301 139.416 217.069 0.0965758 -0.508413 -0.995454  0.423525 -0.947208  -0.65786 -0.607979  0.451451 -0.734099  0.110807
point 37 303 214.076 209.633   0.108967  -0.769103  -0.552075  -0.891873 -0.0982502   0.527263  -0.446496   -0.10329 -0.0641171  -0.358662
point 38 307 412.723  223.31  0.158354   0.88033 -0.260402  0.656777  0.702059  0.834239 -0.120748 -0.515245 -0.882369  0.496067
point 39 321 473.151 103.551  0.0962929  -0.693461 -0.0552562  -0.926105    1.00223   0.037922   0.279449   0.545211   0.809517   0.613369
point 40 322 505.078 119.725 -0.280469 -0.117883  0.505706 -0.778734  0.961547  -0.66841  0.918514  0.884829  0.342568  0.519309
point 41 338 528.636 224.342 -0.411125  0.392274 -0.226556 -0.368868 -0.710361  0.199009  0.620838 -0.901786 -0.506428  0.934618
point 42 346 341.276 117.791  -0.491977   0.964947 -0.0750886  -0.827679  -0.170505   0.551676 -0.0122148   0.973455   0.805167  -0.179126
point 43 367 25.6538 101.193   -0.66753  -0.878492   0.862016  -0.445684  -0.447512   0.722914  -0.324702 -0.0619117  -0.513625  -0.819789
point 44 387 219.815 188.931  0.746191 -0.680183  0.541308  0.976183 -0.715379 -0.171133 0.0802705 -0.990033  0.678377   0.66748
point 45 398 75.1948 227.376  -0.81766  0.930321 -0.697399  0.434381 -0.926946   0.59727  0.698708   0.89623  0.292522 -0.760483
point 46 399 549.459  225.47  0.957803 0.0955011  0.425936 -0.135866 -0.223229  0.134653  0.490784   -0.6832 -0.613376  0.150677
point 47 405 344.107 119.916 -0.147464 -0.918841   0.88738  0.713886 -0.160439 0.0695293  0.344278  0.314682  0.530794   0.74331
point 48 406 485.771 145.327 -0.151137  0.897965 -0.709369 -0.486806 -0.896893  0.247377  -0.45533  0.359662   0.79699  0.426236
point 49 428 374.486  187.73 -0.449859 0.0204554  0.547388 -0.849306 -0.316558  0.550072  0.240985 -0.446535  -0.11909     0.068
point 50 463 51.3254 161.599  0.518076 -0.098485 -0.281903  0.584649 -0.758777  0.272137  0.956992  -0.81869 -0.712456 0.0571566
point 51 469 53.7325 169.784 -0.0582012  -0.811983   0.977045   0.930716  -0.113456  -0.421945  -0.783421   0.743056   0.216996  -0.883653
point 52 473 594.978 193.788      0.55845     0.331235    -0.694794      0.60306     0.779598     0.196368    -0.627937     0.555804 -9.08554e-05    -0.206537
point 53 491 197.273  196.48 -0.842529  0.788764 -0.300774  0.535803 -0.429399 -0.134042   0.56388  -0.29158 -0.308845  0.733875
point 54 495 172.513  103.72   0.27118   0.71078  -0.12683    0.4719 -0.512323 -0.606622   1.00602 -0.571544 -0.113629  0.104203
point 55 496 446.522 234.186  -0.920878  -0.768838   0.626985   0.217027   0.877912 -0.0650867  -0.807393  -0.459635 -0.0331378   0.265794
point 56 499 324.168 180.948   0.880115   -0.41616   0.415998  -0.648597   0.182367 -0.0501209  -0.047724  -0.215612    0.69002   0.337552
point 57 506 142.309 177.261    0.0138802      0.28606 -0.000319082    -0.594482    -0.990658    -0.588345    -0.703535    -0.567215     0.764417      0.52662
point 58 519 72.9772 144.944  0.355719  0.408296  0.589416  0.124761  0.683201 -0.869422 -0.907428  0.845149 -0.368294  0.479915
point 59 524 480.188 220.372 -0.212697  0.770425  0.280088 0.0670307  0.997845  -0.47429 -0.185345  0.202687  0.240003 -0.798092
point 60 532 59.5953 203.467 -0.821786  0.372143  0.820352  0.853678  0.758738  0.775991  0.220045  -0.49605  0.943897 -0.478929
point 61 539 377.189 144.638  0.882884  0.102367 -0.949673 -0.652956  0.529832 -0.308726  0.974506 -0.713342  0.266671   0.26022
point 62 544  416.01 160.411 -0.0818115  -0.262906   0.697616   -0.18268   -0.70501   0.995561  -0.984078   0.343031  -0.440133 -0.0366932
point 63 573 21.0275 158.804  0.928644 -0.268632  0.292177 -0.456786  -0.24825 0.0832698 -0.690182 -0.999508 -0.347705  0.648019
point 64 578 136.744 159.052  0.0132851  -0.179648  -0.266953   0.206749  -0.733571   0.519352  0.0331638  -0.963929 -0.0482759   0.203589
point 65 591 23.6946 147.152   0.95906 -0.617734  0.644147  0.128026 -0.409472 -0.274262  0.934116  0.251101 -0.035797 -0.502992
point 66 596 284.285 194.202  0.0292788  -0.455107   0.408114  0.0986258 -0.0587437  -0.387361   0.721601  0.0947725   0.561383   0.861347
point 67 599  233.07 169.143  -0.408428   0.210206   0.650697   0.125193  0.0335422   0.995543  -0.103594  -0.107368 -0.0695305   0.566672
point 68 613 425.542 164.069  0.703637  0.851028  0.994826 -0.671397 -0.715755  0.173156  -0.22273 -0.417621 0.0486908  0.891586
point 69 614 630.892 131.679  0.425594  0.631107 -0.665415 -0.746286  0.969334 -0.316276  0.732935  0.150965  0.978899  0.150914
point 70 617 187.947 164.657 0.0537632 -0.781973  0.257542  0.164341 -0.574477 -0.911589 -0.217652  0.266116 -0.852681 -0.637809
point 71 622 222.492 43.0823  -0.397998  -0.986706   0.446286 -0.0863438  -0.995854  0.0116761   0.687728   0.927759  -0.187474  -0.706852
point 72 631 349.463 233.263  -0.841438 -0.0132702  -0.654321 -0.0447028   0.340743  -0.119005  -0.304932 0.00693651  0.0289646  -0.314788
point 73 644 232.675 170.015  -0.467834  -0.122043  -0.582025 -0.0146991  -0.209312  -0.784679   0.798221  -0.914653   0.874668   0.395685
point 74 653  561.74 218.257  0.118936  0.628539  0.895588  0.573889  0.834692  0.799108  0.191728 -0.708544 0.0195271  0.626784
point 75 661 167.746 185.385  0.330446 -0.506023  0.434495  0.402094 0.0736322   0.18304 -0.891343 -0.773642  0.222839  0.416733
point 76 662 435.178 207.154   0.35164 -0.302424 -0.305758 -0.781747 -0.236751  0.804056   0.51717   1.03074 -0.720549  0.752999
point 77 667 34.2718 172.889  -0.98713 -0.617921 -0.272585 -0.572637  0.757184 -0.778312 -0.502388  0.706327  0.582757  0.359592
point 78 683  456.19 170.689   0.337641   0.136703   0.591019  -0.790623   0.711779  -0.667158   0.781401 -0.0302198   0.700273    -1.0305
point 79 689 348.654 174.115   0.85798 -0.432573 -0.506087 -0.037909  0.743641  0.100779 -0.768057 -0.234231   0.94489  0.851891
point 80 705 631.823 237.769 -0.0260739  -0.675894  -0.159533   0.584837  -0.959322  -0.266187   0.930577  -0.560583  -0.423728  -0.395747
point 81 725  362.27 202.381 -0.814971 -0.796402 -0.745952 -0.891789  0.296342  0.398296 -0.826337 -0.772349 -0.471512 -0.183417
point 82 726 299.062  196.21  0.944341  0.540237  0.558545 -0.671166  0.230818  0.609217 -0.747241 -0.882472 -0.903694 -0.829713
point 83 729 513.842 238.652 -0.388415  0.564618  0.460352  0.665399 -0.525751  -0.51711  0.737907 -0.933156 -0.137372 -0.599582
point 84 752 168.096 175.678  0.825277  0.784928  -0.54426 -0.243822  -0.19802  0.135831  0.336497 -0.609102 -0.682026 -0.419175
point 85 761 634.573 205.742  0.697583 -0.844525  0.141866  0.477267 -0.789811 -0.767263 0.0979542 -0.689419  -0.65759 -0.919566
point 86 777 82.0301 200.506  -0.577847   0.611739  -0.323116  -0.451279   0.555838  -0.289231  -0.264722    0.60507 -0.0676737  0.0498565
point 87 798 412.073 161.225 -0.501566 -0.832249  0.955504  0.528897  0.515035  0.586047  0.635275  0.895724 -0.923905 -0.535185
point 88 800 408.239 164.061     0.550275     -1.01358    -0.577194    -0.126769     0.831291 -0.000826041   0.00693587      0.77446    -0.438244    -0.454756
point 89 805   243.8 148.386  0.356931  0.780961  0.558471 -0.168739 -0.881271  0.807639 -0.160726  0.858538 -0.758318  0.182827
point 90 806  58.873 234.769   0.814695  0.0200262  -0.511005    0.10669  -0.722792  -0.326066   0.338156  -0.379282   0.135726 -0.0899082
point 91 815 44.3111 158.337 0.0537727 -0.235859   0.98332 -0.334073  0.707075  0.576575 -0.354668 -0.610781  0.793216  0.875266
point 92 832 461.565 59.6277  0.634391   1.01299 -0.405173  0.705128  0.741149 -0.537208 -0.666478  0.811091 -0.817949 -0.868889
point 93 843 125.673 156.826 -0.412428 -0.175171 -0.120867  0.452246  0.104459  -0.95336  0.325306  0.216579   1.00893  0.946839
point 94 854  322.33 206.443   0.679629    0.17913   0.388622  -0.755127  -0.151867      1.031 -0.0154816 -0.0872606   0.239439   0.920689
point 95 856 384.133 170.601 -0.00233865     0.65796    0.382762   -0.630851   -0.544257   0.0812805    0.530611    0.825192    0.273888   -0.552039
point 96 858 360.986 127.818   0.526697   0.191673  -0.169965  -0.164718   0.735472   0.871789  -0.472716   0.152437  -0.795739 -0.0295396
point 97 876 223.271 166.222  0.453373 -0.703084  0.869318 -0.253847  0.058302  -0.99571  -1.00827  0.336738  0.855606  0.298798
point 98 880 218.056 197.389 -0.588599 -0.518097 -0.314226  0.696409  0.584731 -0.230345 -0.296826  0.577727   0.83579  0.628468
point 99 881   165.4 174.205  0.287182  0.614409  0.411966  0.619046  0.381473 -0.847486  0.176379 -0.736287 -0.401791 -0.588545
point 100 882 11.2473 202.513 -0.482704  0.953332 -0.623478  0.581677  0.477986 -0.264012 -0.904076 -0.790152 -0.566064  0.568761
point 101 883 231.768 220.668  -0.271061  -0.282318  -0.721952   0.928247   0.229747   0.579278   0.600217  -0.271203    0.22574 -0.0411316
point 102 899 531.868 149.738 -0.483597 -0.480796  0.622751 -0.699066 -0.885078 -0.189992 -0.835587 -0.886522 -0.617835  0.274754
point 103 927 102.478 184.528 0.00408869   0.892982   0.623584   0.356344   -0.91482   0.378812 -0.0377031  -0.426775   0.703347   0.952403
point 104 929  143.51 166.192 -0.902848  -0.31691 -0.308335  0.215041   0.21922  0.672141  0.116821 -0.235305 0.0530097  0.196133
point 105 937 296.936 232.345 -0.482041 -0.621026 -0.541305 0.0672581  0.491684 -0.221223 0.0991176 -0.275857 -0.298735  0.510571
point 106 942 166.665 226.135 -0.750417 -0.345517  0.599843 -0.469562  0.222725 -0.217461  -0.72168 -0.931147  0.974015  0.422493
point 107 960 494.859 201.598 0.0639563 -0.712058 -0.678834  0.990124 -0.698603 -0.201299  -0.88178 -0.418343  0.592992  0.189514
point 108 967 234.413 169.665   0.192995 -0.0600579   0.395692   0.966089  0.0856291   0.326087   0.540018  -0.376371  -0.725484  -0.417304
point 109 979 18.2016 81.3549 0.0720107   0.46072 -0.116545  0.412046  0.166426  0.333867   -0.5536 -0.169693  0.673316 -0.246256
point 110 980 412.209 208.747  0.532726 -0.204605  0.554036 -0.528382   0.47196  0.401428 -0.856329 -0.191484  0.321284 -0.664085

