seq: 50
gt_pose: 1.45724 6.06048 3.13974
odom_pose: 2.03714  5.9507 3.11054
point 0 58 218.832 235.995  0.735761  -0.46789 -0.460147 -0.817682  0.064949  0.731992   0.20548  0.110225  0.636387  0.913417
point 1 63 110.426 190.582  0.156624 -0.705611  -0.86999 -0.278748 -0.714762  0.367425 -0.791101  0.713886  0.157319 -0.586422
point 2 76 366.956  94.549  0.458921 -0.222717  -0.59723   0.71826 -0.644364  0.352467 -0.326103 -0.278343  0.101665 -0.106172
point 3 80 25.0981 233.593 0.0620587  0.516414  0.901123  0.892279 -0.810699  -0.91176 -0.916715  0.840669  0.844425 -0.899702
point 4 88 146.894 236.797  -0.251996 -0.0453063   0.393483  -0.956119   0.266412   0.205567    0.39294  0.0364983   0.759855  -0.469195
point 5 93 194.931 203.999  0.766502 0.0216793    0.1333 -0.796843  0.948315 -0.391552  0.112028 -0.890504  0.612597 0.0811506
point 6 101  258.56 184.687  0.587581 -0.226566  0.407079 -0.746128 -0.229901  0.862275  -0.35901  0.052723 -0.940574  0.806369
point 7 145 631.268 235.116  0.574414  0.483934 -0.960693  0.560602  0.321577  0.750634  0.495422 -0.197823  0.679518  0.521485
point 8 160 427.011 164.872 0.0296296  0.355669  0.149154 -0.620528  0.528137 -0.366003  0.722593 -0.140863  0.284592 -0.304648
point 9 166 0.313272  192.536 -0.655113  0.316257 -0.614829 -0.443121 -0.688834  0.308336 -0.747303  0.113491   0.18888 -0.651755
point 10 181 259.881 176.032  0.799341  0.547899 -0.220283 -0.149667 -0.132262  0.813557 0.0341801  0.982512  0.598446  -0.29295
point 11 186 95.3406 135.001  -0.383927  -0.441594   0.278982   0.461939    0.84559  -0.954954 -0.0919487  -0.537514  0.0978308   0.332712
point 12 189 334.654 218.702   0.905024 -0.0357437   -0.92345  -0.861199 -0.0936856    0.82467    0.68443  -0.412034  -0.370171   0.129423
point 13 192 538.389 120.641   0.460511   0.049379   0.483414   0.266058  -0.780864 -0.0860886 0.00569603   0.124257  -0.313334  -0.573803
point 14 208 315.773 203.564 -0.959858 -0.329999 -0.906202 -0.130665 -0.228489   0.81031  0.937946 -0.650947  0.747341 -0.780104
point 15 209 254.779   234.4 -0.202227  0.190866 -0.328378  0.373438 -0.909641 -0.337317  0.655579 -0.878316 -0.301981 -0.653473
point 16 229 392.623 24.1514  0.974106  0.117285   0.29929 -0.765203   0.95989  0.166723  0.426164  -0.39502  0.136292 0.0989347
point 17 233 127.295 231.136 -0.156564 -0.479814  0.190801  0.323269  0.359188 -0.159246 -0.946682  0.165154 -0.936435  0.413911
point 18 267 434.877 181.853  -0.189837  -0.894872    0.61542  0.0783433  -0.110739 -0.0903197   0.909186   0.981888  -0.497038   -0.78891
point 19 285 292.603 145.812 -0.488481 -0.136358   -0.5195   1.01452  0.986661   0.83411  0.280027  0.636484 -0.421953  0.423765
point 20 307 217.342 226.706  0.143019  0.937967 -0.277695  0.614356  0.710691  0.913027 -0.112471 -0.469577 -0.884289  0.463636
point 21 321 247.694 164.624    0.14815  -0.688778 -0.0442151  -0.956644   0.954802  0.0432998   0.265063   0.543859   0.744743   0.573672
point 22 322 267.053 174.606 -0.214535 -0.102067  0.454348 -0.738559  0.955071 -0.681966  0.908345  0.969376  0.378535  0.509458
point 23 331 54.2613 220.611 -0.374168 -0.232984 -0.306034  0.148458 -0.036824  0.938335  0.850716 -0.582822  0.774671  0.881052
point 24 332 335.243 211.338 -0.300956 -0.180718 -0.113553  0.347826  0.746635  0.890354  0.731691 0.0038516 -0.816034 -0.541005
point 25 337 525.204 198.442 -0.163565 -0.276034  0.293473 -0.419623 -0.394609  0.492462 -0.225886  0.338276  0.812823  0.404056
point 26 344 386.186  230.59 -0.455919 -0.255791 0.0653141 -0.653792  0.910498  0.737744 -0.348234 -0.375753  0.650514 -0.125481
point 27 346 145.486 129.007  -0.575263   0.964624 -0.0442119  -0.786611   -0.17593   0.459668 -0.0571509   0.968772   0.866956  -0.179732
point 28 402 341.832   191.4   0.269766  -0.280371 -0.0113966   0.989052   0.517461  0.0128857 -0.0921652   0.474664   0.960904  -0.325141
point 29 404  352.76 132.533 -0.0675094  -0.895131   0.234531  -0.433553  -0.147101  -0.468403   0.302373   0.794833  -0.544523  -0.204077
point 30 405 148.436 130.793 -0.161808 -0.959555  0.845003   0.68875 -0.128189 0.0781225  0.362021  0.283085  0.504372  0.761488
point 31 406 252.538 190.289 -0.183173  0.928271 -0.650269 -0.481635 -0.876172  0.306746 -0.495439  0.373467  0.859444  0.363933
point 32 430 415.087 196.495 -0.0239528   0.560292  -0.821787  -0.812346   0.210078  -0.239163   0.249254  -0.164103 -0.0779369    1.00123
point 33 453 339.058  235.43  -0.43369  0.308672 -0.114542  0.059698  0.345836 -0.616771 -0.898762   -0.2541   0.52104  0.298189
point 34 461 474.892 219.174  -0.357119  -0.581538    0.99388    0.01851    0.12805 -0.0377349   0.476697   0.887683    0.87783  -0.607379
point 35 477 469.782 70.6593  0.857662 -0.699931 0.0703261 -0.431031  0.194899   0.10086  0.741895 -0.729027 -0.371875 -0.576686
point 36 478 290.018 187.361  0.169392 -0.741703  0.459877  0.818868 -0.398036 -0.371918  0.251648  0.173822 -0.437922  0.875334
point 37 494 152.189 190.906  0.403801 -0.141228 -0.309187  -1.03561  0.035738 -0.857149  0.559269  0.303789 -0.201438 -0.953509
point 38 499 119.877 179.896   0.883994  -0.394907   0.404141  -0.666393   0.201095  -0.102085 -0.0657106  -0.170959   0.672729   0.329046
point 39 520  311.01 18.6096 -0.263575 -0.837276  0.320999  0.406484  0.863237  0.435798  0.427789  0.105874  0.281091 -0.160869
point 40 534 357.201 206.881  0.240014  0.352109 -0.214475 -0.955177  -0.15902 -0.153776  0.429475 -0.367599  -0.30646  0.128006
point 41 539 183.752 155.834  0.868947 0.0921559 -0.973081 -0.660073  0.507867 -0.360786  0.998878 -0.693031  0.193161  0.198608
point 42 544 214.398 188.772  -0.137887  -0.253066   0.645674  -0.151111  -0.700353    0.99511  -0.976084   0.328891  -0.406033 -0.0130173
point 43 555 48.0668 232.691   0.256293   0.384537   0.341219   -1.00632 -0.0461712  -0.532396 -0.0292924  -0.215515   0.714432  -0.379195
point 44 561 337.817 220.544 -0.891528 -0.288817  0.805055 -0.100756 -0.946142 -0.716283 -0.178894  -0.95199 -0.421967  0.665064
point 45 577 29.0747 231.949  0.342804 -0.977891   0.50083  0.718697 -0.743991 -0.405245   0.75638  0.742875 -0.469595  0.527007
point 46 596 37.7632 179.528 0.0592422  -0.48322  0.493221  0.118635  -0.02588 -0.441203  0.662203  0.113081  0.578564   0.90019
point 47 614 304.036 197.125  0.414403  0.588507 -0.664636 -0.769787   1.00062 -0.314702  0.790525   0.10031   1.04656  0.194229
point 48 616 338.224 224.517   0.809042   0.553799   0.498808   0.395136   -1.00629 -0.0673776  0.0237583  -0.621587   0.298561  0.0167214
point 49 631 146.746  232.58  -0.796369   0.031819  -0.674537 -0.0362001   0.394016  -0.132048  -0.226646 -0.0184543  0.0447844  -0.323019
point 50 663 381.449 226.918     0.9589  -0.580154   0.890308 -0.0798839  -0.279732   0.176484   0.354971  -0.789313  -0.413191  -0.538663
point 51 669 124.938 219.398  0.500238  0.675372 -0.746851 -0.422593  0.154589 -0.658926 -0.114961  0.963055 -0.284298 -0.369537
point 52 674 491.699  225.29  0.856171  -0.76033  0.424029  0.773221 -0.452698 -0.494815 -0.760564  0.202496 -0.112318  0.295171
point 53 689 145.081 166.396    0.847661   -0.481859   -0.540595 -0.00968071    0.701283    0.104377   -0.720074   -0.246143    0.947177    0.880242
point 54 705 307.229 239.096 -0.0564282  -0.710115 -0.0948866   0.557785  -0.956088  -0.339567   0.848772  -0.597434  -0.361429  -0.452674
point 55 725 166.782 204.263 -0.753878 -0.773819  -0.70577 -0.955402  0.253617   0.43776 -0.844792 -0.769527 -0.419993 -0.257558
point 56 726 50.5637 177.682  0.942438  0.481436  0.535119 -0.707577  0.300246  0.643433 -0.780055 -0.865061  -0.88139 -0.860239
point 57 750 50.6118 236.741  -0.43655 -0.423932  0.471975  0.207022  0.217033  0.563198 -0.680126  0.779082  0.655756  -0.23356
point 58 780 525.265 237.116  -0.94641 -0.174995 -0.319957  0.155106  0.925569  0.579504  0.509131 -0.809961  0.239735  0.967157
point 59 798 216.865 176.966 -0.425351 -0.868464  0.988302  0.525553  0.510811  0.595805  0.703352  0.883829 -0.918771 -0.540592
point 60 800 213.706 178.166   0.585441  -0.976273  -0.543938 -0.0619836   0.828287 -0.0364771  0.0439376   0.813147  -0.413189  -0.443822
point 61 820 51.8079 199.993 -0.671207 0.0612766  0.729659 -0.488657  0.496078 -0.259389 -0.393723 -0.453338  0.310076 -0.123448
point 62 826 601.905 99.1039   0.541345  -0.247133   0.233946   0.536832   0.932793  -0.449345 -0.0541815  -0.751561   0.783136    0.62154
point 63 832 237.741 145.187  0.712497  0.949374  -0.31333  0.662253  0.685125 -0.515768 -0.674936  0.807423 -0.833448  -0.86167
point 64 847 260.386  145.62 0.0940466  0.527995  0.355903  0.992479 -0.783041 -0.691496 -0.338192 -0.871109  -0.86063    0.2331
point 65 854 121.729 207.776   0.639047   0.168465   0.349826  -0.796553  -0.138319   0.984653 -0.0342987  -0.141107   0.277544   0.916035
point 66 856 190.773 183.459 0.0479034  0.674171  0.414491 -0.588767  -0.57092  0.056985  0.494136   0.89007  0.245924 -0.604014
point 67 858 165.599 134.512   0.498793   0.226945  -0.180061 -0.0838219    0.71432   0.865689  -0.443048   0.181864  -0.708594  0.0212245
point 68 869 486.592 230.218   0.46108  0.766419 -0.756055 -0.511887 0.0397698 -0.732632  0.537286 -0.916362  0.795402 -0.929529
point 69 899 280.717 192.657 -0.464372 -0.463484  0.613879  -0.77249 -0.850731 -0.227166 -0.848006 -0.856321 -0.564681  0.313418
point 70 909 354.095 204.517 -0.337237 -0.701041 -0.228837 -0.425947 0.0455825 0.0663453 -0.399483  0.224922 -0.379721 -0.210549
point 71 916 66.4643  199.83   -0.322683    0.245858    0.247768   -0.397707   -0.691974   -0.521437     0.64517    0.300682    0.897269 -0.00958428
point 72 937 70.6993 230.921 -0.448855 -0.653001 -0.525871 0.0915719  0.486286 -0.271443  0.186257 -0.193675 -0.318753  0.550864
point 73 953 383.045 46.1724  0.0775482   0.536722   0.748456  -0.621846  -0.090587 -0.0562079  -0.477642   0.795758  -0.670966   0.817987
point 74 966 514.744 190.984   0.746632   0.329977  0.0248254   0.561153   0.780972 0.00679006  -0.697175 -0.0762323    0.75285  -0.588132
point 75 974 2.94801 233.841 -0.479567  0.771977 -0.766393 -0.858524  0.493693 -0.448008 -0.466918  0.450848  0.537131 -0.447025
point 76 980 216.662 215.288  0.488422 -0.186966  0.573095  -0.50574  0.472029   0.40137 -0.881182 -0.243375  0.326114 -0.647136

