seq: 229
gt_pose:  4.65735   4.4735 0.289141
odom_pose:  5.11011  3.50977 0.185258
point 0 20 422.834 205.369  -0.43569 0.0551592 -0.871333 -0.494073  0.763137  0.388935 -0.822819 -0.824771 -0.306689   0.17491
point 1 50  592.44 151.222  0.802423 -0.642756 -0.483805 -0.622721 -0.643026  0.291219 -0.682414 -0.782568 -0.564349  0.875618
point 2 71 265.039 30.3547   0.22604  0.188619  0.529075  0.513453 -0.473078 -0.803523  0.728297 -0.668905 -0.626713 -0.246787
point 3 79 460.002 130.805 -0.179362 -0.704231 -0.172972 -0.841799  0.150837  0.967676 -0.763428  0.727906 -0.646386  0.643422
point 4 83 207.887 175.553    0.603107    0.975099 -0.00507584    -1.02766   -0.592246   -0.447274    0.206889   -0.429862    0.489797   -0.944608
point 5 96  317.43 201.409  0.431827 -0.400359  0.277143 -0.662035 -0.817487  0.563176  0.741535 -0.334077 -0.206946   0.72261
point 6 135 112.845 166.615  0.48998 0.483442 0.414915 0.333269 0.256924 0.933415 0.603957 0.404248 0.348233 0.686399
point 7 136 122.186 130.488 -0.431994  0.150224  0.674921 -0.981798   0.39154 -0.664358  0.149153 -0.174113 -0.812745 -0.215184
point 8 213 577.898 155.114   0.454084  -0.207973   -0.72804 -0.0569474  -0.108692  -0.929059  -0.386396   0.788573   0.442726   0.154387
point 9 222 341.764 232.712  -0.683834   0.947166  -0.924174   -0.47562   0.466807  -0.742111 -0.0217837   0.557289   0.408747  -0.449123
point 10 232  285.85 236.777    -0.13248   -0.399465    0.387618   -0.299452   -0.885182 -0.00269551    0.858878    0.736925   -0.934853 0.000667934
point 11 244 516.654 125.091 0.0825205 -0.875494  0.495144  0.634776 -0.901615  0.718336 -0.331969  0.343563  0.148092   0.28177
point 12 255 549.475 205.155  -0.973748  -0.791258  -0.964926  -0.881182 -0.0627345   0.894979   0.137705  -0.324674  -0.148894   0.402353
point 13 270 467.076 223.136  -0.524668   0.469532  0.0966417  -0.707694 -0.0121145   0.156958   0.469694  -0.237335  -0.870121  -0.866176
point 14 297 305.664 183.136   0.503908 -0.0634515   0.858623  -0.287031   0.127361   0.549843   0.803173   0.797259  -0.102844  -0.134138
point 15 300 366.163 181.707  -0.190401  -0.663346  -0.708205  -0.238722  -0.241636   0.753093    1.01937  -0.554417  -0.849633 0.00930704
point 16 341 614.059 196.844  -0.771658   0.140098   0.356809  -0.314401   0.258694  -0.395054  -0.855507  -0.647877   0.826678 -0.0510341
point 17 349 184.974 164.254  0.681758 -0.244527  0.703559 -0.860582 -0.835267 0.0478693  0.523297 -0.547424 -0.344114 -0.603253
point 18 357 295.023 229.807   0.35746 -0.216641  0.435869   0.42799  0.601663 -0.134759   0.33371  0.766627  0.441565 -0.276148
point 19 361 152.915 186.754   0.797315   0.709087  -0.291949  -0.529443   0.668917   0.552128   0.260203   0.336979  -0.914576 -0.0882255
point 20 366 222.575 173.258  0.421544  0.797159  0.230439 -0.758852 0.0761646 -0.655054 -0.943633 -0.275995 -0.272229   0.93015
point 21 376 32.3357 144.536 -0.720879 -0.875585  0.673573 -0.363645  0.671502    0.2541  0.300031 -0.080392  0.592706  -0.21872
point 22 379 182.396 116.189  0.242914 -0.506313  0.125669 0.0318982   0.55368 -0.278442 0.0429552 -0.223671  0.131726   0.23477
point 23 383 327.642 187.772 -0.665673 -0.320707  -1.03883   -0.6819 -0.699589 -0.106902  0.493745  0.529469  0.423989 -0.215106
point 24 390 510.153  220.54   0.349845 0.00979762   0.265982  -0.544448   0.348942   0.853538   0.307042   0.116208  -0.549301   0.416263
point 25 392 85.6234 228.786   0.891664 -0.0860152   -0.41929   0.273196  -0.961748   0.907832  -0.736433   0.236897  -0.597183   0.612573
point 26 395 357.028 234.027  -0.710535   0.126374  -0.889922   0.958034   0.856454   0.658841   0.023743  -0.388512 -0.0930564 0.00376315
point 27 401 613.924 177.341 0.0215046  0.512754  0.327143 -0.506127 -0.539216  0.199258  0.669247  0.821898 -0.895338 -0.578794
point 28 407 599.203 208.326  -0.674563   0.971248  -0.878024   0.622922  -0.832927 -0.0442816   0.698831  -0.946664  -0.350716  -0.479169
point 29 426 296.179 184.718  0.978081 0.0858075  0.914555  0.338403  0.838061 -0.287628  0.493164   0.38235 -0.877205 0.0107439
point 30 445 289.174  139.97  -0.93211 -0.313215 -0.729891 -0.862426 -0.332532  0.745952 -0.280874 0.0910318 -0.471212   0.57364
point 31 447 338.402 145.073 -0.347314 0.0349568 -0.974123 -0.782338   0.25492 -0.866994 -0.106602  0.596094 -0.661998  0.630128
point 32 502  1.6212 195.863      0.2835    0.283928 -0.00423789    0.429525    0.823943  -0.0864931   -0.439575     -1.0373    0.257484    0.111904
point 33 521  212.51 45.1771   -0.865676   -0.356956    0.666667    0.147225   -0.233591 -0.00571526   -0.400321   -0.685243   -0.834343   -0.632024
point 34 526 361.196 166.351 -0.215438  0.921192 -0.327442 -0.867204 -0.219475  0.468497  0.917605 -0.906342 -0.505779  0.847806
point 35 549 206.049 231.907    0.74048  -0.430757   0.919374   0.962531  -0.134605   0.256359 0.00674219   0.523586   0.363132   0.711943
point 36 550  600.22 201.784   0.270462   -0.12184  -0.701724   0.537007  -0.362582  -0.484049  -0.827365   0.235473 -0.0484295  -0.787247
point 37 556 484.609 204.323   1.03115  0.946891 -0.302567  0.528975   0.89478 -0.254827   0.44729 -0.656075  0.944049  0.210853
point 38 579 232.017 167.395 -0.817985 -0.144919 -0.806413 0.0149376  0.958773  0.487017 0.0639959  0.507825  0.180383  0.310921
point 39 586 234.306 164.001 0.00668838  -0.926745   0.707703   0.241334  -0.325488  -0.108586  -0.712726  0.0586499 -0.0601748   0.760564
point 40 590 366.093 178.543  -0.488659  -0.932195    0.69784   0.425162 0.00846524  -0.545886  -0.483197    0.52781  -0.216289  -0.832003
point 41 592 110.398 160.142   0.82774   1.01609     0.617  0.254539 -0.848297   -0.8679  0.331009  0.799576  0.631135 -0.693127
point 42 605 611.712 182.293   0.879268   0.507595  -0.434377   0.311271   0.178396   -0.40401 -0.0278516  -0.154846   0.887738   0.128006
point 43 630 480.348 184.588 -0.0124176 -0.0469999  -0.379261  -0.343022   0.627971 -0.0751545    0.48215  -0.189664   0.576702  -0.700303
point 44 712 209.517 236.742 -0.0691078    -0.6818   0.483438   0.755361  -0.567215  -0.513142  -0.731592  -0.147595   0.749772  -0.122675
point 45 714 130.349 135.186   0.68719  0.386196  0.787678  0.467926 -0.555205 -0.309206  0.798077   0.93292 -0.530288 -0.836817
point 46 718 100.153  161.89  -0.396665 -0.0032927   0.885022   0.466454   0.831946   0.850652  -0.543477  -0.645949   0.627226   0.466595
point 47 723 52.7102  234.42   0.102882  -0.942263 -0.0532523    0.15827  -0.355032  -0.464412  -0.369759   0.683985  0.0802233   -0.65759
point 48 730 347.2   197  0.719826  0.371595  0.849096  0.844851  0.541217 -0.182456 -0.304457 -0.517367 -0.150225  0.945124
point 49 739 519.462 217.409    1.00237   0.119593  -0.475106 -0.0416784   0.724519   0.219025   -0.84958  -0.231997  -0.226268  -0.618364
point 50 749 586.897  186.67 -0.611674  0.241329  0.624906 -0.658322  0.509726 0.0536422  0.777184   0.16205 -0.311373 -0.127127
point 51 759 217.822 163.224 0.0463287  0.546599 -0.911561 -0.821464 0.0805719   0.48451  0.913852  0.308196  0.486311 -0.293448
point 52 765 431.562  168.22 -0.954003 -0.170754  0.513289  -0.52617 -0.386499 -0.332464  0.539569 -0.202943  0.427605  0.967037
point 53 785 196.814 170.669 -0.0999564  -0.138897  -0.533762   0.545394  -0.910817  -0.533892  -0.877821   0.612536   -0.69056   0.980121
point 54 803 374.307 129.179 -0.709868  0.977045  0.767385 -0.590692 -0.600489  0.215659  0.138331  0.831342 -0.312409  0.721767
point 55 813 309.412 233.772   0.671502   0.964716  -0.327688  -0.785823   0.282296  -0.804357   0.855115  -0.780037 -0.0176471   0.135414
point 56 823 477.001 95.7375   0.0806951   -0.724016   0.0707827    0.690267    0.545144   -0.522963   0.0493831    0.952126   -0.452342 -0.00620527
point 57 831 139.618 232.648  -0.127428   0.462018   0.669042   0.152669   0.389143  -0.893163 -0.0618692     0.6073  -0.731876 -0.0786362
point 58 865 301.652 197.224   0.895748  -0.396045  -0.944582  -0.342421  -0.266681  -0.221153   -1.01851   0.629491  -0.790152 -0.0162789
point 59 872 95.3823 55.9172  0.399507  0.800173 0.0688863  0.525497 -0.473765  0.808077 -0.496659 -0.272437 -0.852601 -0.973667
point 60 874 420.642 213.435  -0.88855  0.279534  -0.67661  0.865769  0.279395  0.736687  0.746159 -0.709892   0.21531 -0.764493
point 61 889 621.552 226.217  -0.800916   0.177826   0.787719  -0.332627  -0.999372   0.469375 -0.0731997  -0.742181   0.768503   0.116326
point 62 914  144.11 233.571   0.232508   0.105186 -0.0417734   0.412265   0.350205   0.449452  -0.645249  -0.128299   0.172872   0.874873
point 63 932 198.027 186.632  -0.141962  0.0434716   0.812294 0.00120607  -0.186576   0.695207 -0.0476931   -0.89186  -0.251866   0.564145
point 64 951 496.012 161.264   0.122439  -0.875315 -0.0819236   0.347498   0.188945 -0.0317024    -1.0421   0.469099   -0.15575  -0.632572
point 65 964 141.165 174.839  0.968577 -0.247621  0.245911 -0.251758 -0.836691 -0.984519   0.53797  -1.00398 -0.750806  0.648169
point 66 975 255.479 219.996   -0.82907   0.500662   0.742016  0.0170373   0.735524  -0.102402  -0.865234   0.258484 0.00210958  -0.278127
point 67 992 236.999 184.057  0.373567 -0.673482 -0.169809  0.416843  0.972003 -0.624286  0.016176  0.836505 -0.855265  0.956976

