seq: 117
gt_pose: -4.83864   -2.157  3.08776
odom_pose: -3.60651 -3.10225 -2.99198
point 0 12 108.307 231.724  0.599802   0.17949    0.4847  -0.91532 -0.728458  0.955288 -0.547069  0.746174 -0.743791   1.03631
point 1 19 328.751 206.094  0.340914  0.269437  -0.26431 -0.665561  0.198639  0.303102  0.447987 -0.356947  0.458841 -0.550408
point 2 33 190.919 190.944  0.286219  0.677162 -0.422215 -0.599592 -0.648594  0.186267 -0.738934  0.306108  0.526643  0.436437
point 3 34 342.141 102.103 -0.131727 -0.565443 -0.248138 0.0894861 -0.687184 0.0970883 -0.941746 -0.241928  -0.23311 -0.404817
point 4 51 121.523 178.218  -0.0879451    0.342687    0.858965   -0.818468    0.189244   -0.899934   -0.233904 -0.00981977   -0.131575   -0.407078
point 5 104 27.7721 203.074  -0.91449  0.917966 -0.445734  -0.65769 -0.938429  0.233931 -0.421896 -0.298635  0.453373  0.103568
point 6 108 326.926 230.036  0.924466  0.770234 -0.540164   0.39244 -0.202318  0.303837  0.407699  0.843282 -0.870106 -0.104189
point 7 114 197.888  63.181   0.523583  -0.907236    1.02656  -0.550211   0.176616 -0.0596869  -0.323085   0.453159  0.0803618   0.290005
point 8 144 473.157  159.99  -0.46046 -0.147369 -0.870551 -0.749553 -0.680884  0.554006 0.0699842  0.321327 -0.648374 -0.826207
point 9 147 27.6023 186.745 -0.612349 -0.641166  -0.43268 -0.635624  0.395299 -0.918784  0.782044  0.421559  0.705095  0.127113
point 10 171 554.499 185.145    -0.12041    0.677518 -0.00224873    -1.00047    0.130384    0.386426    0.476723   -0.195285   -0.874029   -0.559969
point 11 178 599.612 209.114   0.743366  -0.468603   0.731302   -0.18955   0.902965    1.04171  -0.292604  -0.248015 -0.0847764  -0.924757
point 12 199 217.148 195.362  0.755544  0.173589  -0.83312 -0.670425  0.564954 -0.666926  0.996021 -0.403296  0.108071  0.740198
point 13 211  596.37 164.683   0.872024    0.63011  -0.184517   0.309599  -0.427965   0.636898  -0.569296   0.248463 -0.0992526  -0.392036
point 14 219 530.796 237.012   0.150091 0.00640141  -0.281738   0.957703   0.098256    0.30855   0.264105   0.101352  -0.418818  -0.514043
point 15 231  155.62 222.571  0.692691 -0.217231  0.894427  0.275101  0.337971  0.851972 -0.630777 -0.420658 -0.934258 -0.617321
point 16 235 454.255 223.643 -0.764673 -0.934696   0.96604  0.451835    0.0998 -0.229179  0.969268 -0.735172 -0.871299  0.298837
point 17 249 461.444 168.933  0.687639 -0.705591 -0.370828   1.03242  -0.13081 -0.662681  0.500703 -0.718374 0.0110182 -0.493564
point 18 250 73.6217 239.835 -0.793354 -0.959768 -0.143998  -0.80186 -0.809897  0.891199  0.960087  0.702619  0.066909 0.0458994
point 19 258 2.50869 233.131 -0.0972677   0.561737  -0.678493   0.225255  -0.764819  -0.331106    0.51153   0.267682   -0.66159 0.00632647
point 20 266 335.576 167.236   0.815618  -0.367783   -0.21037   0.767278  -0.682354  -0.266254  -0.427218 -0.0172118   0.688487   0.851536
point 21 274 553.656 235.031  0.897185 -0.646841 0.0851778  0.574865 -0.518274 -0.293247 -0.847118 -0.531007  0.422922  0.494947
point 22 284 126.786 171.944   -0.195208   0.0758322   0.0692277   -0.341112    0.852435    0.503958   -0.930531    0.881246 -0.00966752   -0.748068
point 23 295 486.128 171.079  0.657434 0.0300967 -0.268333  0.350227 0.0848505 -0.288919 0.0572005  0.541057 -0.131293  0.247146
point 24 312 335.704 195.415 -0.218856 -0.708176 0.0327848 -0.498752 -0.767102 -0.390359  0.677072 -0.447381 -0.182118  0.346312
point 25 330 167.326 218.608 -0.0496932  -0.601788    0.26461  -0.692691  -0.286007   -1.00625   0.789215   0.972229   0.240868   0.486045
point 26 363  376.64 206.805  -0.39008  0.171574  0.281258 -0.435695 -0.251403 0.0286656 -0.789421  0.467269  0.572914  0.905211
point 27 371 29.1885 191.003 -0.418235 -0.690369 -0.668935  0.114016  0.172529  0.711385  0.689857  0.348323 -0.822853 -0.740409
point 28 375 354.463 180.028 -0.412718 -0.818655  0.814242  0.284378  0.151304 -0.679557 0.0551495 -0.897526 0.0173317 -0.465571
point 29 384 187.533 221.344  0.553976 0.0692511 -0.638336 -0.847241 -0.463732  -0.33457 -0.977825 -0.496576  -0.31166  0.199209
point 30 385 96.9027 162.933  0.313802 0.0444868  0.799851 -0.157757 -0.383517 -0.868945  0.496219 -0.317569 -0.589663  0.709087
point 31 388 481.465 169.561 -0.422542 -0.154781  0.783964 -0.414187 -0.890384 -0.266407  0.342679  0.447303 -0.770827  0.267483
point 32 389 276.201 105.722    0.391659    0.846916    -0.39358   -0.533868    0.287313   -0.620277   -0.174001   -0.139097   -0.680809 -0.00251714
point 33 400 240.197 204.364  -0.980094 -0.0566665   0.947931 -0.0506969    0.77754  -0.852913  -0.204808   -0.92076   0.558573  -0.161352
point 34 410 394.699 145.599  -0.24336  0.493288 0.0850092  -0.24743  0.326439  0.724735 -0.504417  -1.02651  0.789798  0.632258
point 35 420 101.686 180.686 -0.596192   0.59542 -0.881747  0.499398  -0.28197 -0.796116 -0.517285 -0.906249 -0.403354 -0.639344
point 36 432  70.721 206.635  -0.194107   0.636177   0.916109  -0.420432   0.183722 -0.0489586  -0.858227   0.416883    0.16394    0.41795
point 37 433 96.0215 150.276  0.0632476  -0.553582  -0.418954   0.190227 -0.0441861   0.839038  -0.539584 -0.0808017   0.406747  -0.834991
point 38 467 469.724 204.786  -0.370674  -0.704715  -0.127928  -0.293962   0.890764   0.244261   0.425118 -0.0874559  -0.636594    -0.7246
point 39 474 395.015 214.265   -0.162878    0.695605   -0.940762    0.666882   -0.696681   -0.811802   -0.347353    0.992281 -0.00217925   -0.467655
point 40 476 232.517 167.069 0.0931839  0.410432 -0.471302   1.02875 -0.366916  0.438356  0.719332  -0.32477  0.122096 -0.978239
point 41 483 127.364 192.179  0.099662  -1.01588 0.0605619  0.432452 -0.216451  0.219353  0.619002 -0.834467  0.641889  -0.65854
point 42 488 530.158 77.7784  0.967936  0.570033 -0.542261  0.216223 -0.709012 -0.417323 -0.323348  -0.76096  0.112665 -0.268668
point 43 489 562.084 214.417   -0.82485   0.983573  -0.860381   0.913744   -0.83737  -0.615531   0.862459  -0.509792  -0.610667 -0.0786929
point 44 490 443.173 239.988  0.379732  0.872404  0.341601 -0.559891  0.954956  0.199491 -0.934122 -0.579525 -0.597357 -0.711632
point 45 501 241.207 86.1879  0.445093 -0.306343 -0.165918 -0.197868  0.288214 -0.331971  0.415119 -0.324963 0.0694034 -0.421507
point 46 507 137.853  178.06  0.111385  -0.16801 -0.142212 -0.201483   0.40904  0.248925  0.647844 -0.433675 -0.521426  0.850576
point 47 523 261.172 122.068  0.540129  0.538472  0.442024 0.0811429  0.964333  0.688735   0.66521  0.567718   -0.2037 -0.525386
point 48 538 216.725 231.187  -0.715054  -0.106604   0.237749   -0.89343   0.928663  0.0251084 -0.0371427   0.771503  -0.570727   0.163881
point 49 545 202.448 80.0402   0.911761    0.48619   -0.84246  -0.246799  -0.786804  -0.197963 -0.0206409   0.815414  -0.506348  -0.635811
point 50 553 283.315 159.524   0.162688 -0.0138451    0.86852   0.216368    0.64798   0.112612   0.443065   0.991805  -0.906138  -0.238872
point 51 554 610.502 166.576 -0.956236  0.949015 -0.637551  0.161816  0.742254 -0.774075  0.941716  0.548405  0.100402  0.372364
point 52 570 54.8027 212.035  0.188029  0.340912 -0.744126 -0.945191  -1.00223 -0.691674 -0.645991  -1.00354 -0.427807  0.811647
point 53 572 381.611 226.744  -1.01575  0.539287  0.354231 -0.569378 -0.215316 -0.387754  0.671541 0.0302705 -0.400643  0.693717
point 54 574 136.462 80.3161  0.806524  0.354695 -0.755912 -0.223995 -0.498534 -0.732549 -0.637469  0.824547 -0.341007  0.158318
point 55 576 44.0769 192.745 -0.181083  0.867707  0.768054  0.415435 -0.918999  0.643636 -0.253701 -0.616856 -0.496104  0.255372
point 56 580  401.32 237.696  -0.382137  -0.451194  -0.922989   0.958458   0.155826 0.00933577  -0.271881   0.901665  -0.699455 -0.0562384
point 57 589 486.885 152.977  0.138178 -0.111629 -0.377405 -0.679965 -0.528473 -0.526113 -0.160783  0.198544 -0.822231 -0.911946
point 58 595 239.697  237.81   0.706583 -0.0455241   0.203135   0.920174  -0.201772  -0.677109  -0.815683   0.901555  -0.403094    0.93225
point 59 609 277.035 211.059  0.711005 -0.379139  0.448066 -0.353597  0.580988  0.322224 -0.965811 -0.752066 -0.619777 -0.363011
point 60 611 211.785 185.369  0.229799 -0.462801  -0.68228  0.939026  0.134418 -0.951126 -0.497899  -0.39067  -0.23888 -0.948265
point 61 625 634.163 164.937 -0.0446933   0.768007  -0.128754   0.952813   0.456889  -0.659916  -0.620547  0.0979222  -0.078667   0.149701
point 62 643 516.221 212.422  -0.0941435    -1.02223     0.37844   -0.318594    0.378034 -0.00227669   -0.760376   -0.920455    0.105707    -0.34683
point 63 647 435.551 195.821  0.935832 -0.508853   1.00001  0.222324  0.499477 -0.958002 0.0741346 -0.510044  0.346507 -0.838905
point 64 654 628.722 237.207  0.123686  0.734292  0.159786   0.11913 -0.337537  0.455031  0.825372 -0.912014 -0.270603  0.680223
point 65 656 523.166 168.314 0.0513675 -0.116477 -0.544921 -0.801935  0.918668  0.555002  0.869252  0.110223 -0.408083  -0.44629
point 66 660 330.235 168.692  0.217752  0.326492  0.238739 -0.554586 -0.762835 -0.392294  0.485434  0.135527  0.351126  -0.27891
point 67 666 53.4354 215.368 -0.421394 -0.382417 -0.971801   0.29207  0.307751 -0.486212  0.391989 -0.398805 -0.522145 -0.874702
point 68 670 591.843 170.179   0.742317  -0.374207  -0.967494   0.121027  -0.124232  -0.482642 -0.0717615   0.109163  0.0464058   0.377164
point 69 680 447.065 217.914 0.0257862 -0.036023  -0.96423 -0.387608 -0.171399 -0.762047 -0.266644  0.386513 -0.176048  0.743414
point 70 690 623.326 189.786   0.287102   0.990246   0.128386   0.464587 -0.0932183  -0.707004  -0.862964  -0.311498   0.503414   -0.44254
point 71 693 332.743 211.474  0.566806  0.359927  0.626147 -0.448814  0.897036    0.1428 -0.474067  0.115776  0.953736 -0.337209
point 72 694 560.13 214.12  -0.679133  -0.740026 -0.0917275  -0.410149    1.02036  -0.371639  -0.239842   0.845764   0.654973   0.468445
point 73 699 182.384 232.998  -0.97749  -1.02245 -0.620494 -0.180438   0.48589   0.57449 0.0264017  0.996986  0.489003 -0.443313
point 74 706 197.679 152.617   1.01068  0.652506 0.0728318  0.722137 -0.870463  0.746805 -0.222105  0.445145 -0.479392  0.352112
point 75 715 277.018 234.139 -0.836642  0.595108   0.08723 -0.718556  0.350644  0.973194  0.417595 -0.897886 -0.126519  0.106525
point 76 716 379.506 221.664  0.978934 -0.037722 -0.547655  0.825115  -0.06768 -0.750121  0.226545 -0.247802  0.724458  0.730276
point 77 757 419.568 204.809  0.321527  0.747011 -0.709556  0.993142 -0.255512  0.398802  0.153445   0.68025  0.126987 -0.348862
point 78 758  75.529 200.743 -0.244289  -1.01509  0.818418  -0.50113 -0.608401 -0.893926   0.66558 -0.423129  0.234678 -0.426986
point 79 772 93.8138 149.232   0.729019   0.460761   -0.69885  -0.504077   0.561622  -0.938357 -0.0305585   0.266248  -0.255275   -1.04239
point 80 773 73.7622 178.419  -0.884196   0.958241   0.717038  0.0425246  0.0839041 -0.0477419    0.61763  -0.177231  -0.164854   -1.00392
point 81 786 141.245 199.853  0.256716  0.462553 0.0595396  0.562259  0.764156  0.788959 -0.511234  0.605759 -0.570561  -0.74077
point 82 787 257.189  171.39 -0.229212  0.270457  0.888385 -0.389234 0.0939077 -0.131457  0.511015   0.60834 -0.622311  0.596221
point 83 788 197.296 215.955 -0.580557 -0.504387  0.399863 -0.227719 0.0466792 -0.348037 -0.748075 -0.883127 -0.768215   -1.0068
point 84 795 310.483 166.059 -0.230514  0.870215  -0.26175 -0.556687  0.795952 0.0927861 -0.586616   0.11303  0.916766 -0.236807
point 85 796 424.277  204.17   0.629218  -0.904122  -0.576477  -0.459381   -0.16115 -0.0244298   0.963212   0.466389    0.32399 -0.0536646
point 86 812 5.68938 229.013 -0.0569158  0.0400499   0.590909   0.417557  -0.645823   0.539537   0.814838   0.902977   0.785962   0.890189
point 87 834 286.071 213.161 -0.581945  0.639631 -0.863341  0.944809  0.369808  0.794764  0.924819   1.02799  0.413779  0.639332
point 88 838 141.155 175.301 -0.586156 0.0740755 -0.144208  0.127184  0.704885  0.114299  0.473306 -0.515558 -0.932797 0.0556033
point 89 844 193.283 195.326    0.53779  -0.819375  -0.318417   0.652893  -0.111716  -0.765505 -0.0406583  -0.808643  -0.908207   0.884043
point 90 850 218.195 132.239  -0.60556  0.817996 -0.124153  0.389265 -0.504109   0.39948 -0.862806 -0.421314  0.239556   1.02485
point 91 851  88.905 207.912  0.934634  0.611567  0.486747  0.941233   0.61633 -0.709275  0.159158 -0.479331 -0.279278   0.79092
point 92 871 204.236 160.201  0.242067 -0.748936 -0.701541  0.166294  0.102923  0.735599  -0.14171  0.414046 -0.821723  0.882051
point 93 891 55.4596 209.428  0.329344  0.448033  0.125117 -0.563245 -0.666966   0.27316  0.675262 -0.873742 -0.992547  0.704818
point 94 902 432.437 188.858 -0.472464 -0.764131 -0.165521  0.859397 -0.636447  0.186023 -0.687212  0.914168 -0.277382  0.825617
point 95 923 130.798 184.637  -0.688946  0.0672263   0.716066  -0.334378   0.397917 -0.0521597   0.854639  -0.964041  -0.339106  -0.068198
point 96 950 390.384 207.792  -0.81888 -0.280062 -0.357732  0.886481 -0.750816 -0.293535 0.0670257 -0.593331 -0.882857  0.846351
point 97 952 163.969 35.0756  0.767425 0.0197562 -0.482621 -0.267176  0.702301 -0.202619  0.486292 -0.701852 -0.410304   0.74995
point 98 956 16.4493 233.941  -0.550987   -1.01412   0.716302  -0.176549   0.280691   0.285297    0.44808 -0.0698224   0.586546  -0.442986
point 99 957 516.435 77.2127 -0.465234   1.01759 -0.208052 -0.866638  0.288217  0.896034  0.423619  0.522889 -0.364624 -0.157973
point 100 959  354.82 238.147  0.620641  0.477935   0.35695 -0.406544  0.831716  0.846184 -0.420392 -0.403072   1.03759  0.892222
point 101 970 248.071 167.332 -0.536442  0.246513 -0.307018  0.904839  0.425781  0.715947 -0.538218 -0.439813 -0.310771 -0.562353
point 102 981 124.489 151.995  -0.395922    0.81917 -0.0546032   0.765074   0.647491    1.02704   0.218588  -0.465163   0.402023   -0.50597
point 103 986 482.282 225.834  -0.285291  -0.307507   -1.02214  -0.604901  -0.114985  -0.377421  -0.391331 -0.0331509  0.0454315  -0.897214
point 104 991 466.262 230.914  -0.161605  0.0392284  -0.765212  -0.942691    1.01338  -0.428786   0.268758   0.430339 -0.0536602  -0.757429

