seq: 42
gt_pose:  2.8713  5.3996 2.33862
odom_pose: 3.44753   5.208 2.29919
point 0 1 348.032  169.18  0.241494  0.434579 -0.689295  0.182067  -1.00664  -0.53532 -0.760733  0.576653 -0.706011  -0.19581
point 1 4 3.29669 178.041 -0.279383 -0.844214 -0.924265 -0.101367 -0.836926 -0.548289  0.950058  0.756054  0.751201 -0.495792
point 2 40 529.882 130.013   -0.3941  0.706316   0.17889  0.251958  0.541475  0.590478   0.58732 -0.468368  0.185801 -0.035195
point 3 76 219.131 149.237   0.406767  -0.192351  -0.639353   0.636427  -0.675335   0.331718  -0.362935  -0.275559  0.0677497 -0.0655289
point 4 101 60.9387 168.935  0.617843 -0.236591   0.38241 -0.741216 -0.231469  0.862244 -0.326169 -0.017194  -0.93387  0.843188
point 5 103 217.735 184.432   0.420847  0.0874922   0.481149 -0.0672234  -0.230862  0.0894708   0.710268  -0.898387    0.43628  -0.602939
point 6 125 6.92799 218.327  -0.104231   0.930497  -0.636989   0.689862   0.876689   0.487243   0.906913  -0.320426 -0.0760055   0.712363
point 7 150 21.9013 198.671  -0.919151  -0.531401   0.674547   0.343137  -0.610828  -0.376514  -0.985635   0.232657  -0.917748 -0.0229231
point 8 173 306.408 154.878 -0.571311  0.497466 -0.732875  0.891693   0.19225  0.150419  0.525607 -0.864389  0.209296 -0.271373
point 9 180  590.18 2.29909  -0.184366  -0.508624  -0.644455  -0.683871   0.151322   -1.02784 -0.0888721  -0.171346  -0.128364  -0.208162
point 10 181 92.2785 172.371    0.777353    0.526347   -0.227362   -0.151687  -0.0881307    0.827432 -0.00537168    0.910018    0.620911   -0.298723
point 11 189 188.603 222.843    0.952148 -0.00548357   -0.916355   -0.852209  -0.0671268    0.824137    0.664123    -0.40045   -0.410023     0.20902
point 12 190 556.641 212.189   0.397677   0.684421 -0.0703275    0.80845   0.449917   0.508236  0.0977698  -0.822576   0.390975  -0.471172
point 13 205 357.245  194.36 -0.792537 -0.282062 -0.152418 -0.723603  0.511292  0.183791  0.198637 -0.713158  0.420572 0.0782247
point 14 208 158.576 203.465 -0.925546 -0.291668 -0.941154 -0.118013 -0.223771  0.839677  0.948179 -0.668498  0.741855 -0.783459
point 15 209 53.4322 232.707 -0.186754  0.142287 -0.346495  0.365508 -0.833034 -0.290651  0.668722 -0.846048 -0.327276 -0.636685
point 16 214 580.412 115.718  -0.717146  -0.557023  -0.666041  -0.162419   0.162309 -0.0874281   0.729572  -0.753445 -0.0580753  -0.493792
point 17 226 15.8545 17.2662  0.0178111   0.424787   0.547331   0.664849   0.923313   0.479425  -0.919984   -0.86457 -0.0710427   0.413001
point 18 229 233.395 160.414  0.923668 0.0787296  0.272811 -0.725658  0.935777  0.146043  0.516833 -0.412425  0.125044 0.0573797
point 19 239 505.587 135.872 -0.404031 -0.882166 -0.782795  0.185206  0.554923  0.195736  0.267595  0.229518   0.20075 -0.581053
point 20 264 524.675 137.683   0.927417  -0.132415  -0.360981 -0.0939392   0.227456   0.748201  -0.806668   0.882881  -0.899043  -0.802939
point 21 275 281.268 116.801   0.906815 -0.0972263   0.441945   -0.82704 -0.0174661    0.12096  -0.307546   0.414666  -0.576192  -0.129718
point 22 281 103.388  225.67 -0.829883  0.324129  -0.22727 0.0403689  0.593854  0.307627  0.670215 -0.173614 -0.459865 -0.385844
point 23 285 131.896  143.45 -0.566942 -0.151957 -0.517181   1.00214  0.938035  0.759088  0.297137  0.604348 -0.394896  0.414172
point 24 311 422.255 160.481  -0.491496   0.516691 -0.0705318   0.215422   -0.21666   0.314577   0.229953  -0.138877   0.138391   -1.01448
point 25 321 61.4078 151.198    0.081792   -0.726781 -0.00758772   -0.959847    0.969052  0.00677727    0.312237     0.59483    0.743315    0.541511
point 26 322 81.4135 160.767 -0.230552 -0.181956  0.506589 -0.752256  0.962799 -0.678351  0.919625  0.894215  0.350013  0.547796
point 27 324 530.461 99.9992 0.0981578  0.391511 -0.670616 -0.461065  0.594401 0.0679225  0.394589 0.0583005  0.274173  0.380091
point 28 377 314.533 225.365  0.561909 -0.997861  0.207644 -0.482633 -0.754241  0.790984 -0.415837 -0.979969 0.0201407  0.691827
point 29 393 293.996 194.083   0.577526  0.0594519   -0.28188   0.289243   0.962526     -0.166  -0.661897  0.0996854   0.747751 -0.0161548
point 30 399 109.805 230.813   0.863212  0.0844616   0.450836 -0.0562628  -0.259555   0.107092   0.576395   -0.66101  -0.660471  0.0823035
point 31 402 202.363 209.446  0.257203 -0.231129  0.016373   1.02632  0.501006 0.0632562 -0.107234  0.417899  0.961091 -0.295928
point 32 404 206.474 161.762 -0.0494394  -0.887786   0.142125   -0.37376  -0.175576  -0.499449   0.278944   0.870398   -0.50725  -0.215611
point 33 406 72.2507 183.172 -0.222104  0.929235 -0.702348 -0.570385 -0.838163  0.275158 -0.469727  0.339488  0.802456  0.411482
point 34 408 398.706 167.059 -0.352712  0.700102 -0.316228 -0.886598  0.125845   0.48532  -1.01896  0.470998  0.967888 -0.857182
point 35 435 372.811 221.108  -0.789673   0.363046 -0.0587922  -0.372842   0.577018    1.01841  0.0893787  -0.814694   0.206832  -0.964904
point 36 438 363.349 159.002 -0.682915   0.83544 -0.653834   1.02174 -0.248534  0.662248  0.854841  0.885184  0.395269   1.00709
point 37 439 536.855 160.369  0.255933  -0.42997 -0.743472  0.259135  0.340276  0.739438 -0.399237  0.254111 0.0920328 -0.158774
point 38 450  238.34 68.6299   0.483484   0.252753   0.675076  -0.586495   0.930847   0.514663 -0.0481098  -0.881374   0.860985   0.718362
point 39 453 188.992 235.986   -0.36303   0.385049 -0.0793769  0.0426242   0.357135  -0.591845  -0.875189  -0.249005   0.550992   0.241988
point 40 458 287.262 59.6065 -0.835328  0.191017 -0.752146  0.382125  0.505421  0.468829  0.783898 0.0525615  0.912459 -0.625146
point 41 464 296.163 228.554 -0.00405371   -0.945148   0.0607836   0.0785621   -0.453448   0.0979718    0.449444    0.488759   -0.661872    0.182468
point 42 477 276.276 153.955  0.915255 -0.628464 0.0521706 -0.439668  0.152799 0.0492558  0.683707 -0.759547 -0.333577 -0.583772
point 43 478 143.759 193.917  0.191358 -0.707901  0.478224  0.805735 -0.424106 -0.423989  0.233791 0.0991922 -0.416322  0.788791
point 44 505 312.284 140.376  -0.675232   -0.27391   0.214222   0.205658  -0.804699  -0.509041  -0.886979   0.889446  -0.522364 -0.0432624
point 45 520 189.918 124.265 -0.278652 -0.856248  0.324333  0.412171  0.884315  0.389665  0.365539  0.091928  0.309062 -0.185961
point 46 524 51.3027 222.552  -0.219778   0.757177   0.271949 -0.0102364   0.913284  -0.519716  -0.228297   0.183331   0.259204  -0.750898
point 47 542 380.266 194.231  -0.683091   0.232904   0.102184  -0.460259 -0.0551804 0.00410013  -0.877246  -0.339864   0.527594    -0.1923
point 48 544 5.09227 175.367  -0.150608  -0.319945   0.638456  -0.160499  -0.761545    1.00897  -0.931605   0.305449  -0.406119 -0.0405671
point 49 561 189.966 223.782   -0.8797 -0.305084  0.810563 -0.106229 -0.905157 -0.773259 -0.157683 -0.967472 -0.358235  0.732933
point 50 569 581.443  131.44 0.0594906 -0.715124  0.369248  0.264114 -0.207333  0.442045  0.392596 -0.511794  0.957335  -0.36417
point 51 585 346.372  207.43 -0.971627  0.654967 -0.169384  0.747566  0.222689  0.363349 -0.511799 -0.675649  0.243791 -0.860526
point 52 614 141.683 194.712  0.500067  0.589429 -0.649739 -0.678615  0.996072  -0.35882  0.724721   0.11697  0.986959  0.192157
point 53 616 188.288 226.424    0.79357   0.529686   0.497935   0.436001   -1.01681 0.00733558  0.0325589  -0.644753   0.271614 -0.0505305
point 54 640 549.155 194.454 -0.0204362   0.793465   0.942686    0.37756   0.132958  -0.322397   0.521334    -0.2846    -0.1671  -0.214156
point 55 669 62.5514 227.371   0.529677   0.656604  -0.698935   -0.47935   0.178275  -0.650028 -0.0587733   0.945364   -0.20733  -0.370586
point 56 674 286.451 232.729   0.838441  -0.726055   0.406531   0.743212  -0.376511  -0.481071  -0.717489   0.150318 -0.0884046   0.212146
point 57 683 10.2591 161.846   0.309306   0.164056   0.523438  -0.791623   0.700233   -0.73006   0.778194 -0.0866796   0.734355   -1.02586
point 58 705 143.643 239.027 -0.0091876  -0.724748   -0.13482   0.552942  -0.927478  -0.355815   0.852827  -0.612636  -0.395368  -0.371651
point 59 711 405.335  206.82   0.10838  0.258423 -0.911772    0.9485  0.942194   1.01613 -0.977139   1.00589   -1.0162  0.503021
point 60 729 83.6434  238.95   -0.4404   0.65161  0.403826  0.590435 -0.573535  -0.52477  0.702511  -1.02146 -0.113503 -0.607972
point 61 780 276.355 239.104  -1.02538  -0.22435 -0.318348   0.15509  0.918984  0.537462  0.518116 -0.856674  0.312379   0.93664
point 62 816 159.224 176.645  0.569125 -0.271341 -0.886225  0.384427  0.236862  -0.35703 -0.411674  0.984853  0.423192 -0.274434
point 63 822 403.294 217.314   0.760644  -0.211473   0.838843  -0.276415   0.315248  -0.813917   0.671167 -0.0166164  -0.279388   0.214619
point 64 826 310.956  190.47   0.504762  -0.175586   0.269458     0.5738   0.946059  -0.389536 -0.0418829  -0.765035   0.733724   0.578273
point 65 832 59.3631 134.699  0.669828  0.941889  -0.37165  0.677513  0.706293 -0.510876 -0.716666  0.776616 -0.752331 -0.842193
point 66 847 139.829 174.514  0.115351  0.497204  0.354807  0.969841 -0.758369 -0.763681 -0.360938 -0.850234 -0.816223  0.151185
point 67 853 523.692 104.085   -0.45162   0.900128  -0.575508 -0.0236077   0.141271  -0.714485  -0.373324  -0.365172  -0.767043  -0.756241
point 68 869 287.245 234.856  0.470997  0.734794 -0.767642 -0.570286 0.0502681 -0.736353  0.582936 -0.941188  0.782876 -0.870071
point 69 877 199.572 107.076 -0.665893  0.881317  0.736803  -0.98319 -0.160653 -0.946327  0.851691  -0.60944  0.408543   0.48182
point 70 897 411.046 105.283  0.250045  0.874406   1.00777  0.582043  0.167453 -0.831667 -0.167074 -0.173007 -0.894814  0.285503
point 71 899  98.904 182.637 -0.507013 -0.529061  0.621468 -0.720621 -0.860803 -0.157561 -0.880459 -0.905995  -0.57479  0.265837
point 72 907 547.887 198.544 -0.779021 -0.910657  -0.94338   0.56186 -0.764749 -0.889789 -0.321869  0.653549 -0.216327 -0.595907
point 73 924 354.253 219.866  -0.475942   -0.52329   0.282846  -0.451587 0.00727834   -0.11698  -0.974906 -0.0920567   0.783911  -0.151731
point 74 947 378.152 72.2559 -0.310817 -0.950989  0.803461 -0.548479 -0.484526  0.951049  0.629783 -0.760364  -0.87722  0.714802
point 75 953 229.721 131.298   0.072647   0.551748   0.727747  -0.568153 -0.0729984  -0.108597  -0.481817   0.751305  -0.688553   0.816736
point 76 960 64.1214 205.926 0.0542192 -0.697084 -0.711434  0.943863 -0.629444 -0.174241  -0.90125 -0.477048  0.610678  0.184749
point 77 966 296.925 216.321   0.675316   0.298853 -0.0109041   0.562424   0.778752 -0.0790161  -0.733844 -0.0543302   0.727153   -0.55435
point 78 984 345.437  112.61 -0.412228 -0.812644 -0.969831 -0.514443  0.471768  0.553082  0.085161   0.46618 -0.522929  -0.68254
point 79 990 363.477 189.276  0.603644  0.643528  0.886585  0.737339 -0.160407  0.251306  0.591758 -0.732139  0.764435 -0.780476
point 80 993 281.641 126.355  -0.214119   0.998218  -0.514429   0.737123 -0.0946816   0.409901  -0.256524   0.185891    0.35035  -0.334445

