seq: 20
gt_pose: 3.53051 1.21831 1.12402
odom_pose:  3.64669 0.987437 0.988273
point 0 20  464.93 213.407 -0.522053 0.0792241 -0.827825 -0.519763  0.713655  0.407237 -0.813182 -0.730098 -0.257119  0.159027
point 1 37 97.7751 213.119 -0.979312  -0.96727 -0.406427 -0.479751  0.320917  0.678222  -0.61761 -0.366196  0.314388  0.780298
point 2 49 438.122 89.9523  -0.659638  -0.402347    0.71948  -0.279931   0.757285   0.476144 -0.0882308  -0.433288    0.93777  -0.783411
point 3 50 522.217 178.454  0.831463 -0.673962 -0.399153 -0.636398 -0.626898  0.297417 -0.633264 -0.730175 -0.502379  0.877787
point 4 53 198.834 183.006  0.750819  0.304377 -0.361786 -0.894437  0.491464  0.622091  0.415765  0.391973    0.8249 -0.326075
point 5 61 303.039 159.413  0.157633  0.469139  0.497374  0.850624 -0.772964  0.593628  0.929219 -0.752653 -0.461126 -0.490521
point 6 71 343.435 169.423  0.147138  0.256629   0.56627  0.501467 -0.430686 -0.890603  0.807786 -0.689562  -0.61965 -0.240143
point 7 75 433.223 187.203 -0.650242 -0.866032  0.920672  0.554297 -0.774335  0.731831 -0.615874  0.956467 0.0596595  0.371955
point 8 77 163.649 227.525 0.0483995 -0.950475 -0.480278 -0.590699  0.380059 -0.145224 -0.532897   0.28584 -0.600722 -0.267887
point 9 79 429.021 181.725 -0.266899 -0.742033 -0.141962 -0.743974  0.180705  0.891052 -0.826397  0.715842 -0.710693  0.632721
point 10 82 401.722 133.894   0.893051 -0.0300819   -0.20896  -0.264342    0.83548    0.80546  -0.815024   0.795177   0.741041  -0.600537
point 11 89 225.686 230.612  0.555985 -0.640734 -0.345888 -0.320093  0.257806 -0.588918 -0.484488 -0.924472 -0.747029 -0.125248
point 12 103 76.2069 214.628  0.442241 0.0819668  0.447617 -0.141478 -0.263558  0.113005  0.652043 -0.873446  0.431414  -0.56755
point 13 106 245.583 234.753  -0.240226    1.02119  0.0271886 -0.0804216   0.446965   0.143986  -0.220244  -0.931802   0.525723  -0.106776
point 14 120 459.923  66.882 -0.970693  0.117458  0.646495 -0.586802  0.649824  0.567882 -0.708052   0.28007 -0.939227  0.295591
point 15 134 298.103 146.335 -0.333417  0.129525  0.453135  0.859081  0.734914 -0.378502  0.875718  0.731212  0.587257 -0.784894
point 16 140 346.424 162.221 -0.480904 -0.084054  0.648748   0.11489  0.830521 -0.779987  0.425509 -0.585828 -0.390213  0.913501
point 17 157 264.322  237.62 -0.0153427   0.155421   0.673133   0.469057  -0.706036   -0.95923   0.276356   0.647154  -0.772177   0.541907
point 18 158 151.606 51.8456  0.461978   0.41979  0.340085 -0.277822 -0.074002 -0.392759 -0.819357  0.231662  0.988963 -0.605458
point 19 161 293.571 167.188   0.469753   0.910325 -0.0412832   -0.45079  -0.360361  -0.767441  -0.410201  -0.262138  0.0513061   0.651711
point 20 170 348.771 234.801  0.144022 -0.323155  0.233906  0.131806    0.7439 -0.208406 -0.822539  0.768484   0.41577   0.66477
point 21 173 70.7249 170.285 -0.532781  0.507729 -0.787166  0.848128  0.207809  0.118381   0.51881 -0.826035  0.152456 -0.285339
point 22 192 34.1654  178.76   0.537246   0.114433    0.53425   0.239471  -0.843284 -0.0965263 0.00731301   0.139673  -0.316968   -0.55509
point 23 229 31.8492 184.232  0.982107 0.0631765  0.238775 -0.750102   1.01049  0.129605  0.481636 -0.335906  0.112677  0.104418
point 24 244 440.518 181.805 0.0789506 -0.867303  0.499177  0.597888 -0.889562  0.749382 -0.362987  0.275124  0.134952  0.277976
point 25 270  572.29 220.798   -0.451664    0.423976   0.0859824   -0.669508 -0.00761077    0.203555    0.495198   -0.220491   -0.895686   -0.834711
point 26 275 69.2558 154.783   0.929969  -0.072959   0.506183  -0.737921 -0.0176433   0.159912  -0.334864   0.379292  -0.560721  -0.169404
point 27 276 527.406 239.132   0.570357  -0.687351  0.0262653   -0.10309   0.274596 -0.0780015   0.248169  -0.662261  -0.459834   0.721684
point 28 304  82.525 33.7558  0.558405 -0.581953 -0.396264 -0.371256  0.962481 -0.254927  0.695313  0.584526 -0.548167 -0.460728
point 29 315 217.114 172.432 -0.842127 -0.391771 -0.949405 0.0989843 -0.402028  0.216418 -0.593975  0.772938 -0.672899  0.935824
point 30 320  138.19 228.707  -0.114228   0.696038   0.958764 -0.0164771   0.548047    0.20347 0.00950293 -0.0332243   0.155678     0.2588
point 31 325 427.514 131.812 -0.202858 -0.329032 -0.624105  0.082762  0.236083 -0.324351 -0.294658 -0.505305 -0.567767 -0.973459
point 32 337 26.6315 217.737 -0.166121  -0.27063  0.332946 -0.401588 -0.400836  0.581394  -0.22025  0.407235  0.741061  0.419773
point 33 340 535.728 68.3698   0.429961  -0.362402  -0.677097 -0.0763556   0.779423  -0.113867  -0.670121  -0.493683   0.572856  -0.332356
point 34 341  614.81 198.973   -0.75144   0.108448   0.355203  -0.321228     0.2884  -0.359227  -0.831654  -0.651996   0.864792 -0.0528167
point 35 343 294.537 220.842 -0.0392094  -0.977837  -0.390435  -0.879194   -0.25092 -0.0530573   0.328887  -0.870031   0.584045  -0.465361
point 36 357 359.014 235.817  0.374782 -0.273163  0.528659  0.398213  0.586238 -0.133053  0.363486  0.731573  0.420968 -0.210451
point 37 377 80.7495  228.35  0.554611 -0.995111  0.138566 -0.544823 -0.823045   0.81437 -0.435935 -0.980965 0.0269724  0.663124
point 38 390 441.333 229.931  0.330463 0.0400303  0.238178 -0.531656  0.367139  0.855922  0.311736  0.188887 -0.602021  0.401507
point 39 393 113.675 219.083  0.606503  0.123791 -0.298951  0.336057  0.905316 -0.169938 -0.699882  0.179409   0.77909 0.0170384
point 40 396 396.738 34.8905  0.264871 -0.780938  0.809481  0.748568 -0.409409 -0.363888 -0.779034 -0.411723  0.388235  0.576523
point 41 401 502.699  202.12 0.000446734    0.529339    0.308704   -0.454989   -0.609839    0.199017     0.62277     0.85597     -0.9229   -0.577992
point 42 438 140.375 195.255 -0.724796  0.798163  -0.66153  0.964509 -0.300225  0.684992  0.847911  0.915572  0.350297  0.961141
point 43 447 388.547 189.577  -0.317867   0.091195  -0.973103  -0.735116   0.286889  -0.846763 -0.0889972   0.542565  -0.739134   0.662499
point 44 449 273.665 169.783  -0.0123369   -0.382456    0.802233   -0.532637  -0.0882101   -0.544875    0.569282 -0.00644809    -0.34736    -0.24072
point 45 450 91.3947 165.966   0.40001  0.211507   0.67537 -0.570103  0.986799  0.556041 0.0337778 -0.873106  0.851455    0.6645
point 46 458 143.634  196.43 -0.803583  0.184708 -0.811167  0.356761  0.537375  0.373738  0.728961 0.0977584  0.914295  -0.61831
point 47 464  106.42 234.133 -0.0250263  -0.890485  0.0426081   0.129226  -0.506022  0.0999375   0.400906    0.41453  -0.611592   0.217667
point 48 477 4.21987 148.903  0.892232 -0.645732 0.0292258 -0.348761  0.160288  0.110933  0.736852 -0.804558 -0.294207 -0.637999
point 49 505 121.497 193.762   -0.66274  -0.255808   0.234035   0.249474  -0.764374   -0.43148  -0.839166   0.859696  -0.474457 -0.0569886
point 50 521 325.091 193.504   -0.852161   -0.374443    0.582923    0.206356   -0.190639 -0.00801058   -0.350572   -0.690739   -0.841311    -0.68003
point 51 556 582.869 199.634   1.03488   1.02045 -0.324255  0.494582  0.961296 -0.217701   0.49003 -0.642697  0.926883  0.251001
point 52 581 278.082  239.19 -0.643989 -0.446483 -0.250557  0.972016 -0.962104  -0.10217  -0.13518 -0.817044  0.911284 -0.182689
point 53 603 230.273 137.797  0.953635   0.63728  0.671498  0.231382 -0.773817  0.351113  -0.87639  0.818795 -0.580784  0.693009
point 54 605 509.248 203.794   0.897055    0.45447  -0.385573   0.336686   0.153191  -0.418937  -0.024503 -0.0618447   0.910251   0.128954
point 55 627 211.043  149.41 0.0832064   0.93207 -0.621888   -0.5309 -0.820377  0.291951 -0.829089 0.0592549  0.242113  0.584907
point 56 630 417.212 214.682 -0.00977316  -0.0536617   -0.382732   -0.302079    0.630843   0.0141351    0.547793   -0.160242      0.6179   -0.729064
point 57 668  442.03 134.384 -0.571833  0.859272  -0.78449 -0.381243  -0.50156 -0.152257  0.132074 -0.500549 -0.858567 -0.589617
point 58 674 14.3724 232.237   0.812021  -0.788942   0.452632    0.74413  -0.373834  -0.527722  -0.698298   0.134025 -0.0914814   0.264852
point 59 678 154.922 167.478  -0.80107 -0.895521 -0.344091 -0.396113 0.0266847  -1.00643 -0.906897 -0.141242  0.285915 -0.354588
point 60 717 298.615 170.102   0.98751  0.621114 -0.934043 -0.298053 -0.395012 -0.680947  -0.61754  0.711395 -0.411916  0.661108
point 61 749 622.365 185.218 -0.638959  0.213048   0.68776 -0.725673  0.579199 0.0403949  0.714655  0.145797 -0.310169 -0.207043
point 62 765 487.205 178.712  -1.00547 -0.167829  0.590991 -0.605598 -0.430753 -0.316546  0.507277 -0.169337   0.45967   0.97209
point 63 780 61.2194 239.356  -1.03458 -0.226363 -0.278003  0.113715  0.967789  0.503719  0.447682 -0.842564  0.267759  0.933515
point 64 803 390.587  187.28 -0.726922   1.02055  0.749691 -0.541099 -0.610096    0.2073 0.0936332  0.783922 -0.232353  0.689411
point 65 804 349.219  150.03  -0.787622  -0.753269  -0.719667  -0.589549   0.507113   0.687912 -0.0944805   0.440625   -0.61015   0.128825
point 66 809 586.965  89.569 -0.299157 -0.949535 -0.925337 -0.234355 -0.550693  -0.21263  0.879569  0.778313 -0.230498 -0.233488
point 67 817 448.346 173.698 -0.263025  0.517396  0.787071  0.553319  0.589972 -0.102051  -0.62762   0.61018  0.633474 -0.924266
point 68 823 445.489 156.455 0.0227665 -0.772579 0.0778077  0.722604  0.581339 -0.505122 0.0678147    0.9106  -0.51253 0.0012794
point 69 826 69.7426 197.539  0.543148 -0.251883  0.263938  0.544049  0.892432 -0.457336 0.0228246  -0.69555  0.789197  0.621017
point 70 846  361.04 224.628   0.441877   0.272758   0.442274  -0.868706  -0.932927 -0.0999137  -0.681753  -0.229793  -0.357133   0.214796
point 71 866  412.57 139.051  -0.550828 -0.0673726   0.785661  -0.561628   0.637688  -0.262327  -0.115341   0.440761  -0.430301   0.952191
point 72 868 260.285 206.524  0.695124 -0.401376 -0.820424 0.0033333 -0.617555 -0.357354  0.828831 -0.865045 0.0282041   0.55979
point 73 869 0.891929  234.032  0.396458  0.730125 -0.815011 -0.588887 0.0297234 -0.775585  0.519942 -0.911298  0.810596 -0.864488
point 74 874 495.685 215.466 -0.848389  0.276557  -0.68263  0.860718  0.281327  0.771545  0.739749 -0.670502  0.270443 -0.731974
point 75 877  32.702 160.851 -0.716055   0.89826  0.769972  -0.97864 -0.137468 -0.978463  0.829782 -0.619293  0.390687  0.396692
point 76 897 173.008  191.67  0.203492  0.862087   0.95441  0.544832  0.154099 -0.791067   -0.1077 -0.181843 -0.908104  0.307295
point 77 905 202.648  8.5539 -0.960431 0.0779378  0.493599 -0.410189  0.675349  0.265551 -0.870789  0.631567 0.0991391  0.108826
point 78 910 140.626 67.5948  -0.912573   0.599351   0.481693 -0.0182897   0.634105    0.44158  0.0186371   0.603937   0.787027   0.350564
point 79 911 383.722 171.867  -0.962848  -0.353972  -0.737597   0.758566  -0.975383 -0.0812787  -0.943393  -0.136299   0.470722  0.0550483
point 80 920 390.062 178.077 -0.894965  0.736501 -0.375326 -0.374064 -0.464364 -0.159111  0.830744  -0.87115   1.04755 -0.546031
point 81 926  454.42 213.166  -0.772696  -0.775373   0.918966  -0.926598 -0.0414743  -0.592365  -0.422406   -0.77018  0.0607903   0.602064
point 82 947 160.683 180.746 -0.338397 -0.957633  0.844083 -0.582089 -0.554335  0.928918  0.670245  -0.78551 -0.876972   0.70069
point 83 951 419.894 204.571   0.147198  -0.794625  -0.155979   0.379039   0.187243 -0.0196615    -1.0374   0.506752  -0.170428  -0.707085
point 84 966 23.8376 214.309     0.67578    0.375821   0.0483326    0.592187    0.789208 -0.00949194   -0.696523  -0.0721548    0.768401   -0.588117
point 85 972 99.2586  152.04  -0.656141  -0.539863   0.990649 0.00777317  -0.963747  -0.603267  -0.760652  -0.283098  -0.731998   0.727266
point 86 984 131.922 172.571 -0.384094 -0.807686 -0.928564 -0.581277   0.53073  0.612657 0.0429083  0.524604 -0.530038 -0.608922
point 87 993 69.7549 161.548  -0.250197    0.98567  -0.465666   0.760282 -0.0774653    0.36912  -0.263841   0.140428   0.391744  -0.300513

