seq: 9
gt_pose:   1.80097 0.0239128  0.118197
odom_pose:    1.82076 -0.0200807  0.0650148
point 0 0 428.068 194.865   0.597896   0.869152  -0.628195  -0.363311   0.553025   -0.42963  0.0920381 -0.0348679   0.224211     -0.226
point 1 3 315.849 183.852 -0.193488  0.745364 -0.462938 -0.314754  0.643099  0.810233 -0.854165  0.853685 0.0196104 -0.808748
point 2 15 18.6034 157.585   0.775749   0.616207     0.9975   0.512169   0.811467    0.98084   0.294036 -0.0415185   -0.65346   0.704975
point 3 42 313.364  122.71 0.0111177 -0.805084 0.0204282 0.0284202 -0.917137  0.636077  -0.25814  0.295274 -0.128043 -0.723024
point 4 44 8.59495 46.8219 -0.546032  0.284253  0.848342  0.510702 -0.120199  -0.14391  0.658178  0.915745  0.881819  0.772797
point 5 45 551.006 230.938  -0.582166 -0.0816939   0.878397 -0.0994693   0.806386   0.968045  -0.600628 -0.0358959   0.607903   0.533341
point 6 49 223.439  160.17   -0.64635  -0.435747   0.784473  -0.234159    0.83506   0.451204 -0.0572287  -0.495286   0.919171  -0.746476
point 7 54  632.42 152.531 -0.624121  0.172504 -0.910482 -0.748024 -0.710341 -0.524967 -0.749624  0.160351 -0.836739  0.791138
point 8 57 623.886 20.4793  0.413111 -0.357498 -0.545716  0.553911 -0.488865  0.380134  -0.94866  0.666999  0.715835  0.217966
point 9 59 586.524 196.955  -0.884971  -0.948284  -0.944932 -0.0282283  -0.426454   0.447638   0.643484  0.0437545 -0.0252057  -0.864402
point 10 61 77.0153 145.918  0.145033  0.460528  0.506819  0.865591  -0.82052  0.619758  0.850053 -0.782333  -0.47362 -0.567019
point 11 64 273.691 144.846  0.863183  0.569736  -0.77477 -0.971496 0.0486911 -0.175432 -0.561908 -0.106896 -0.726955 -0.407533
point 12 71 139.678 170.279  0.135059  0.265084   0.55749  0.598026 -0.454238 -0.878755  0.790291 -0.624181 -0.595353 -0.260302
point 13 75 221.863 209.949 -0.689717  -0.92606  0.877163  0.578937 -0.819143  0.716932 -0.562191  0.950503  0.031338  0.385699
point 14 82 202.354 170.453   0.891553 -0.0638246  -0.197775  -0.286022   0.849531   0.835728  -0.820037   0.754576   0.791039  -0.640259
point 15 84 608.423 110.079 -0.450946  0.149551  0.306627  0.874137  0.291356  0.258913 -0.157797 -0.959353  0.955758 -0.299415
point 16 91 570.748 225.865   0.472569 -0.0731674  -0.807401   -0.07175    0.83444    0.77399   0.325965   -0.44191  -0.545867  -0.489114
point 17 99  472.03 167.842 -0.481917 -0.569004  -0.75379 -0.789414  0.158604 -0.850535 -0.874482 -0.703337  0.569479  0.929277
point 18 115 274.392  149.88   -0.67527  -0.800746   0.496558   0.537669 -0.0898476  -0.539285   0.903883  -0.475634  -0.457347   0.442916
point 19 120 228.167 169.598 -0.958118  0.114749  0.702294 -0.570374  0.636605  0.593642 -0.626161  0.284162 -0.914594   0.32539
point 20 134 92.7439  148.88 -0.313873 0.0694475  0.436789  0.902634  0.718405 -0.292732  0.951208  0.804633  0.593482 -0.802347
point 21 140 155.083  178.85 -0.448382  -0.10869   0.64916  0.130998   0.80912 -0.722178  0.394668 -0.592451 -0.377041  0.865837
point 22 161 61.6825 152.938    0.40989   0.984943 -0.0262223  -0.413083  -0.423642  -0.755431  -0.434378  -0.335233  0.0431111   0.651003
point 23 169 35.6141 36.6316  -0.552991   0.522191   0.771821   -0.27643 -0.0416212   0.510225   0.314487   0.490059  -0.688883  -0.497288
point 24 170 161.416 236.301  0.108617 -0.354352   0.20272  0.180193  0.759261 -0.185558 -0.840793  0.777208    0.4137  0.677443
point 25 174 514.247 179.455  0.655252  0.110608  0.842547  0.154073 -0.018992 -0.489301 0.0818908 -0.582076 -0.492769 -0.903824
point 26 179 273.532 135.524 -0.0225476  -0.858518   0.114313   0.769211   0.716084   0.391766  -0.299841  -0.760637  -0.215646   0.783676
point 27 185  362.64 173.671 0.0977655 -0.559577 -0.488348  0.371634 -0.246775  0.833962 -0.658897  0.892618 -0.264825 -0.117303
point 28 194  541.82 156.471  0.890212 -0.873134 -0.202675  0.810541  -0.64343 -0.709184 -0.174277  0.784075  0.606117 0.0640005
point 29 196 538.984 190.835  0.589154   0.49153 -0.974592 -0.883564  0.468454  0.963572 -0.752222 -0.704831  0.733845  -0.37218
point 30 202 293.405 21.6516 -0.572786 -0.227424  0.268565  0.309102 0.0913757  0.786895   0.58771 -0.200522  0.176651 -0.178373
point 31 206 444.686 131.832  0.691748 0.0524561  0.643995  0.915007  -0.77706 -0.695333  0.725743 -0.238927 -0.953761   0.67673
point 32 207 496.711 236.874 -0.986505 -0.755994   1.03811  0.935324 -0.320187 -0.791816 -0.238762  0.541688 -0.578309 -0.791231
point 33 217  443.67 164.206 -0.375894  0.351412 -0.982739  0.193949  0.172239 -0.986883  0.677075 0.0879009 0.0157921  -0.74862
point 34 224 498.033 192.722    0.95493  -0.562805  -0.790627    0.41109   0.417844   -0.42074   0.382684   0.461847   0.170598 -0.0906345
point 35 237 493.237 201.201 -0.0337696  -0.992383   0.620606  -0.976914   0.187708   0.831745  -0.967613    0.14632   0.368908   0.200517
point 36 259 486.479 181.812    0.189832    0.647185    0.133692     0.52049   -0.418049 -0.00535583   -0.725277    0.404744   -0.891115    -0.57435
point 37 276 257.021 239.653   0.557367  -0.722795   0.035963 -0.0398657   0.235192 -0.0963659   0.274935  -0.612362  -0.449853   0.714161
point 38 280 309.723 219.965  -0.239519   0.102965   0.545101  -0.125119  -0.311858  -0.353221   0.854298   0.879059 -0.0580388   0.787395
point 39 286 580.594 96.7653 -0.722295  -0.49978 -0.397015 -0.195342 0.0325596   0.34126  0.912325 -0.854966  -0.93945  0.692448
point 40 290 392.852 155.506 -0.676662  0.819274 -0.786487 -0.485386 -0.697267  0.528324 -0.886509 -0.771527   0.56698  -1.01387
point 41 315 49.0104 188.334 -0.806152 -0.321258  -0.97659 0.0863613 -0.362391  0.198956 -0.607236  0.776782 -0.704459   0.95174
point 42 316 444.267 145.561  -0.559985  -0.733404  -0.962507  -0.463192  -0.483547 -0.0313876  -0.404435  -0.203063  -0.297844  -0.643429
point 43 319 457.881 38.1931  -0.97816  0.282365  0.582305 -0.216646 -0.718929  0.170119  0.679186 -0.368752  -1.00829  0.384437
point 44 325 212.275 202.199 -0.241711 -0.335916 -0.612432 0.0999833   0.19623 -0.381964 -0.305267 -0.488049 -0.589697 -0.957133
point 45 340 261.901   169.9   0.408871  -0.398283  -0.707557 -0.0913147   0.771736  -0.121912  -0.717231   -0.44806   0.562205  -0.352537
point 46 343 91.3692 221.755 -0.0244494  -0.993706  -0.359958  -0.808019  -0.177687 -0.0358209   0.270808  -0.938516   0.530573  -0.424047
point 47 347 554.046 203.298  0.435229  0.354318 -0.687463  0.572651 -0.113498 -0.828034 -0.935484  0.841818  0.542036  0.443209
point 48 353 223.008 145.842  -0.558363   -0.21794   0.955909   -0.29019  -0.325396   0.331785 -0.0873435  -0.554551  -0.461935  0.0705851
point 49 373 539.386 236.819  -0.469015   0.838103 -0.0482742  -0.319221   0.417564   0.591354 -0.0295692   0.754619  -0.355238  -0.817558
point 50 394 558.555 187.035 -0.205814 -0.450601   1.03041 -0.348316  0.403284   0.91811  0.587833 -0.940236  0.246764  0.651388
point 51 396 199.809 140.693   0.29108 -0.760831  0.832242  0.695532 -0.363447 -0.327719 -0.742014 -0.450199  0.322315  0.583496
point 52 403 429.093 220.445  0.148358  0.644693 -0.489737 -0.578477 -0.551904  0.450018  0.964041  0.698114  -0.95981 -0.598662
point 53 442 427.536 235.283 -0.202348   0.57783 -0.706027 -0.397307  0.548104 -0.542204 -0.292359 -0.346181 -0.629776  0.156712
point 54 448 359.127 167.883  0.887729 -0.415954 -0.773197 -0.690869 -0.346012  0.735766 -0.383321 -0.663969  0.658202 -0.364855
point 55 449 0.69629 138.356 -0.0505772  -0.349439   0.776847  -0.479189  -0.112953  -0.590133   0.570306 -0.0332951  -0.306991  -0.194309
point 56 456 287.927 189.149  0.219433 -0.622561  0.583077  -0.54652 -0.356066  0.613427 -0.500174 -0.736243 -0.796615 -0.903376
point 57 509 592.151 197.079  0.332373 -0.915631 -0.334457  0.705362  0.812978  0.828495 -0.453877 -0.359371 -0.332622   0.89039
point 58 512 295.721 177.185 -0.682466 0.0568285  0.789712 -0.387731  0.556254 -0.958756 -0.289747  0.170945  0.031814 -0.409798
point 59 516 1.51993 210.407  0.196909 -0.634844 -0.844943 -0.799331 -0.186754  0.615187 -0.573331 0.0248876 -0.825687 -0.547428
point 60 518 483.522 179.181 -0.938562 -0.972208   0.31494  0.905666  0.444892 -0.569102  -0.74769  0.581396 -0.373409  0.138909
point 61 521 114.145 190.815   -0.829643   -0.310764    0.590416    0.152892   -0.202758 0.000635528   -0.404762   -0.623914   -0.830488   -0.661793
point 62 533  386.74 162.082 -0.657147 -0.213972  0.623936 -0.232053 -0.770115 -0.697124  0.575586 -0.301503  0.711138 0.0115472
point 63 571 561.449 122.727  0.808948  0.785873  0.264591  0.638354  0.272429 -0.722478   0.97478  -0.35313   0.54083 -0.270066
point 64 581 90.1428 239.324  -0.693868  -0.445526  -0.310237   0.969723  -0.978951  -0.167989 -0.0990566  -0.754453   0.839806  -0.150548
point 65 588 365.232 228.137 -0.263936  0.120325 -0.391502 -0.658706  0.596422  0.637453 -0.527448  0.266119 -0.137163  0.147891
point 66 629 561.277 114.942 -0.385539  0.770467  0.630639 -0.943412   1.00369 -0.258409  0.988707 -0.626598  0.174932  -0.75195
point 67 646 378.176 219.688  -0.32955  0.663272  0.825341  0.822922  0.355308 -0.752919 -0.380504  0.782948  0.312169  0.454918
point 68 668 227.163 180.236 -0.562132  0.780642 -0.828775   -0.4553 -0.522285 -0.148312  0.113182 -0.525791 -0.850515 -0.506943
point 69 681 414.387 185.153  -0.32294  0.593304  0.172068  0.425069 -0.721997  0.154037 -0.848746  0.403108 -0.152926 -0.860748
point 70 692  624.49 180.089  0.604792 -0.762052  0.856418 0.0690688 -0.325098  0.222279 0.0520029  0.846142 -0.323887  -1.03116
point 71 697 504.822 176.185  0.206632 -0.788343  -0.50897  0.982442  0.502994 -0.751178 -0.261468 -0.136139 -0.162512 -0.826092
point 72 709 539.157 185.438  0.937279  -0.84739  -1.02016 -0.943285  0.456721  0.859714  0.740751   0.46581  0.151026 -0.495335
point 73 717 82.5301 165.314  0.981772  0.650287 -0.939342  -0.22292 -0.354566  -0.66323  -0.65604  0.757097 -0.366635  0.627779
point 74 733 602.816 175.095 -0.311717 -0.698189  0.577085  0.112138  0.141148 -0.784137 -0.458182 -0.456613 -0.578846 -0.120908
point 75 764 586.425 202.072 -0.972097 -0.494527   0.25071 -0.729216  0.999457 -0.493291   0.16549  -1.02446 -0.650846 -0.541975
point 76 768 398.485 198.807 0.0701048 -0.199746  0.178859   0.40148 -0.759386  0.277113 -0.192236  0.437384  0.731206  0.638523
point 77 771 392.041 218.712   0.23818 -0.419978  0.815735  0.933111 -0.617116  0.836487  0.649812 -0.235311 -0.453382   -0.5966
point 78 778 297.393 226.341 -0.164303 -0.628123  -0.84055  0.739425 -0.571599 -0.834821 -0.416817  0.315023 -0.455557 -0.670405
point 79 804 174.268 195.571 -0.811281 -0.701127  -0.71848 -0.575661  0.532528  0.686544 -0.142788  0.426135 -0.528377  0.155889
point 80 809 273.699 186.748 -0.257518 -0.894795 -0.992958 -0.299777 -0.500154 -0.159439  0.832274  0.754276 -0.254219 -0.198807
point 81 811 513.372   215.2   0.516606    0.63022 -0.0214114  -0.298155   0.302976   0.740468   -0.20904   0.364251  -0.574105    0.26582
point 82 817 230.313 203.448 -0.300875  0.512349   0.85685  0.584601  0.665946 -0.097183 -0.603404  0.555748  0.607212 -0.904764
point 83 837  255.93 109.671 -0.0694668  -0.193667  -0.529815  -0.301156  -0.828669   0.143373   -0.43104  -0.365428  -0.848316  -0.490249
point 84 846 174.791 230.405   0.441693   0.280218   0.419343   -0.85624  -0.930718 -0.0196883  -0.753286  -0.273795  -0.404598    0.17874
point 85 860 512.095 235.955   -0.763568   -0.890857    0.741801     0.54751    -0.81446    0.236167   -0.192485 0.000974678   -0.872995   -0.522496
point 86 866 209.523 178.749 -0.565513 -0.137176  0.729815 -0.608653  0.619691 -0.268406 -0.125058  0.424712 -0.406135  0.869651
point 87 867 307.781 153.033      1.0448   0.0700588   0.0769062    0.608679   -0.426495 -0.00554767   -0.757484    -0.36376    0.631292  -0.0416271
point 88 872 66.8662 166.423  0.457756  0.894644 0.0251143  0.473309 -0.433755  0.820303  -0.47898 -0.303486 -0.854627   -0.8824
point 89 882 570.263 131.479 -0.450908   0.97793 -0.645857  0.605379  0.439907  -0.24709 -0.887359  -0.76262 -0.610956  0.651579
point 90 885 610.093 66.8425   0.900216  -0.708863 -0.0679898 -0.0566489   0.567495   0.676214    0.67407   0.792762    0.61359 -0.0292784
point 91 886 200.433  145.27 -0.334156 -0.868147   -0.4756 0.0880389  0.333032   1.02809  0.925591   0.82283 -0.749738 -0.873382
point 92 892 352.056   148.2   0.265266  -0.859433  -0.680909    0.67772  -0.713253   0.639254  -0.693218   0.165673   0.892176 -0.0426039
point 93 898 284.946 233.116  0.801454 -0.580392  0.261027 0.0216963 0.0318721 -0.341165  0.487562 -0.546711 -0.143548  0.448323
point 94 904 613.503 183.933  -0.417785  -0.226765  -0.429604   0.535621   0.384719  0.0811657   0.806442  -0.842354 -0.0833535  -0.831331
point 95 905 33.5436 59.3349 -0.942702  0.100472  0.443918 -0.372808  0.666379  0.304529 -0.821532  0.681729  0.045564  0.157845
point 96 910 0.579216  117.328  -0.959326   0.651091   0.439712 0.00610082    0.59514   0.466958  0.0920673   0.550914   0.792333   0.412979
point 97 911 188.651 192.305   -0.97437  -0.394051  -0.828242   0.694778  -0.919775 -0.0518185  -0.975509  -0.135704   0.478736   0.122436
point 98 920 195.011 203.934 -0.858404  0.662245 -0.385404 -0.387185 -0.401239  -0.17816    0.8566 -0.858768  0.978667 -0.573749
point 99 926 230.946 226.626  -0.711295  -0.791012   0.942988  -0.907178 -0.0327227  -0.507308  -0.377608  -0.687998  0.0928241   0.552167
point 100 928 231.956 166.673 -0.118881  0.889007 -0.793801  -0.85735 -0.235624 -0.589158 -0.664221 -0.372402 -0.407384  0.277823
point 101 939 258.448 196.741 -0.458671 -0.696643  0.550033  0.861876   0.16206 -0.965925 -0.707085  0.725644  0.131974  0.735627
point 102 963 307.385 139.006 -0.0657653   -0.82518  -0.382655    0.45625  -0.881568   0.284597   0.966779  -0.938988  -0.176416   0.508553
point 103 971 399.168 136.715    0.699812 -0.00294346    0.251391   -0.695661    0.986785   -0.123434    0.382987    0.940231    0.783097   -0.129905
point 104 989 47.7259 231.684  -0.697568   0.319372   0.505538  -0.574256 -0.0368323   -0.52765  -0.124103   0.524753   0.560048  -0.526019
point 105 994  463.59 172.748  -0.330041 -0.0246735  -0.962964  -0.571697  -0.278637   0.413324  -0.194656   0.492182  -0.187984  -0.290757

