seq: 92
gt_pose: -0.0660299   -1.36735   -2.15528
odom_pose: 0.931528 -1.50697 -2.06248
point 0 11 166.276 190.579  0.606515  0.479077  0.297176  0.895875  0.247562  0.476469 -0.833727 -0.741367  0.083905 -0.858395
point 1 23 34.4361 42.2908   0.844514   0.777096  0.0237995   0.162761  -0.633425  -0.463389   0.731045  0.0295441 -0.0653301   0.707791
point 2 24 191.299 133.145   0.349097   0.413652  -0.716039   0.231262 -0.0471612   0.682272   0.403392  -0.604415  -0.581881 -0.0290092
point 3 28 446.053 202.018  0.249732    1.0048 -0.285806  0.801593 -0.681679 -0.222071 -0.975711  0.542048  0.543954 -0.405687
point 4 34 551.761 202.915 -0.121357 -0.567599 -0.242409 0.0538291 -0.659781  0.087951 -0.943916 -0.256912 -0.263764 -0.404913
point 5 43  289.59 222.348  -0.922521   0.437836   0.140265   0.624304   0.143052 -0.0956969 -0.0908623   0.972905  -0.882566  -0.872876
point 6 48 59.7019 83.5984 -0.305802 -0.959441  0.811095  0.197077  0.520256  0.734276  0.867122 -0.611515  -0.11867 0.0211995
point 7 66 159.151  156.98 -0.781639 -0.178016   0.15855  0.312226  0.384808  0.125765 -0.224208  0.605906  0.134954  0.827566
point 8 72 363.905 156.706 -0.803303 -0.376415  0.775986  0.253349 -0.771079  0.576371  0.498404 -0.177461 -0.269038 -0.162569
point 9 80 517.779 226.846 0.0182747  0.443901   0.96145  0.884808 -0.824836  -1.00873  -0.91667  0.844451  0.841648 -0.908016
point 10 81 265.835 197.897   0.601224   0.237501  -0.844182  -0.116412  -0.204719 -0.0374559   0.161202   0.660952   0.080379   -0.60839
point 11 90 525.256 186.123 -0.716322 -0.974626   -0.7008  0.501767 0.0483033 0.0273712 -0.479769 -0.514548 0.0383542  0.767731
point 12 102  121.24 165.287     -0.29058     -0.81713    -0.374303    -0.780972    -0.510893     0.802309     0.820828     0.339393 -0.000425662    -0.289922
point 13 107 60.9956 194.353 -0.259574  0.155498  -0.84792 -0.907351  0.578668  0.553207 -0.910261  0.116065 -0.332846 -0.120341
point 14 129   403.4 155.869  -0.557075   0.776059   0.920244  -0.658804   0.236205  -0.661554   0.916827 -0.0685856  -0.979343  -0.137656
point 15 131 602.658 145.765  -0.894581  0.0374743  -0.577983  -0.333771 -0.0440126 -0.0833404  -0.464921  -0.136517   0.177449   0.701301
point 16 146 287.959 100.997   1.03681 -0.551498 -0.693064  0.163702 -0.615712 -0.178558  0.892463 -0.493131 0.0428807  -0.72636
point 17 187 78.4289 155.976  0.791873  0.535354  0.700776 -0.241955  0.430581 -0.224167  0.131079  0.916874 -0.921993  0.907492
point 18 195 361.191 163.156  0.340839 0.0183465 -0.197083 0.0860542  0.622758 -0.220809   0.26492  0.610623 -0.472299 -0.229353
point 19 197 398.986 189.694 -0.818205  0.683065 0.0892965 -0.212806  0.815652 -0.570347   0.72457 -0.409973  0.455373  0.331599
point 20 220 119.229 195.956  -0.811182   -0.56086  -0.981681  0.0811696   0.569651  -0.133111  -0.262198   0.587624  -0.342894 -0.0182071
point 21 234 188.789  125.24  0.100222 -0.196908  0.640662 -0.342406  0.850876 -0.401728  0.370137  0.179902  0.252524  0.475192
point 22 242 159.519 67.0302  -0.795897 -0.0367011   0.204652   0.388183  -0.345332   0.650881   0.820501  -0.732661    0.43901   0.625012
point 23 266 572.881 196.634  0.860029 -0.347231 -0.138344  0.725299  -0.71749 -0.190437 -0.366476 -0.057608  0.693885  0.832952
point 24 292 305.398 216.313  -0.186829   0.125768  -0.226692    0.67089  -0.286173  0.0968367   0.492979 -0.0641781   0.525041   0.880866
point 25 306 404.788 185.787  0.491808  0.187814  0.543125 -0.147895  0.293843  0.038317  0.355955  0.831044  0.642066  0.291217
point 26 309 372.333 186.993 -0.562188   0.96602 -0.992486  0.775714 -0.169691  0.148603   0.67921  0.579764 -0.211686  0.466843
point 27 323 140.347 192.695 -0.754837  0.616441  0.289086  0.712876    0.2923 -0.534966 -0.900236 -0.712207 -0.538284 -0.937493
point 28 326 217.152 160.969  0.430518 -0.492004  0.583577  0.183216  -0.88668 -0.376898 -0.400087 -0.598178   0.19403  -0.84201
point 29 334  386.02 144.079 -0.352752 -0.357486  0.943803 -0.679431  0.196613 -0.388437 0.0938235 -0.874903  0.995787 -0.125368
point 30 350  419.06 132.622  -0.76168 -0.859644  0.936183  0.187378  0.509732  0.854907 -0.746943   0.74849 0.0532134  0.622431
point 31 358 514.34 168.88  0.739574 -0.234709 -0.139565    0.9691   0.21451 -0.843491   0.37298  0.449423 -0.982569  0.741509
point 32 369 363.746 232.151   0.388899  -0.452327  -0.914779  -0.548426  -0.414087  -0.599814  -0.429245  -0.517182 -0.0168337   0.162519
point 33 375 629.781 180.625 -0.343111 -0.868195  0.841569  0.281046  0.148695 -0.599419 0.0768217 -0.937107 0.0466507 -0.458674
point 34 389 522.913 187.511   0.42141  0.802719 -0.352329 -0.440334  0.357663 -0.674537 -0.231387 -0.159655 -0.671747 0.0289447
point 35 409 330.596 199.664 -0.420072  0.886916  0.343332  0.746611  0.104064  0.562484  0.702038  0.216065  0.252344  0.926073
point 36 422 290.922 203.261  0.00464102    0.519137     0.52288    0.378332    0.944217    0.948349 -0.00634824   -0.835202    0.476105    0.711406
point 37 470 95.4311 234.064  0.457999  -0.08635 -0.606873  0.875566 -0.333556  0.863327 -0.367665  0.192087  0.403028  0.784801
point 38 475 36.1615 180.982 -0.954145  0.142966 0.0165487  0.605372 -0.305945 -0.328315 -0.145788 -0.053661 -0.709409 -0.276391
point 39 492 99.2152 50.2456   0.44862  0.490428 -0.685284 -0.424416 -0.450115  0.670635 -0.500308  0.786922 -0.871724 -0.610319
point 40 493  173.32 229.104   0.438768  -0.433787   0.877573  -0.387604  0.0903832  -0.912761  -0.631131   0.855044   0.602598 -0.0670568
point 41 497 316.003 202.689   0.556123   -0.50396   0.636197  -0.172362  -0.581778  -0.175685  -0.526651   0.308601   -0.70757 -0.0507439
point 42 529 134.986 6.37772  0.449315 -0.396834 0.0682588 -0.328667  0.685544 -0.139658  -0.85764  0.788674 -0.159394 -0.376221
point 43 545 492.851 194.273  0.888664  0.571706 -0.856995 -0.269424 -0.727261 -0.187726  0.048977  0.893577 -0.526371 -0.708721
point 44 559 496.405 191.643 -0.503948  0.962067  0.971318 -0.605831 -0.213785  0.714764  0.504247 -0.637941 -0.608974   0.82482
point 45 560 55.2616 169.629   1.00309  0.466307   0.58159  0.780878  0.319628  0.430247 -0.707009  0.034697 -0.423159  0.358685
point 46 565 36.8214 237.751  -0.882711   0.925588   0.408541   0.229229  -0.520068  -0.633962   0.827426   0.815328 -0.0263996   0.497976
point 47 577  598.62 218.709  0.351055 -0.976535  0.503182  0.741596 -0.783894  -0.47393  0.732393  0.699091 -0.406761  0.526535
point 48 584 54.7722 207.386  0.160445  0.104794  -0.60295 -0.944416  0.439361  0.351487 -0.705647  0.889682  0.358872  0.448622
point 49 597 152.285 102.717   -0.71994   0.705908   0.841117 -0.0687215  -0.303458   0.604259   0.891102   0.894864   0.450695  -0.273529
point 50 600 494.957 197.508  0.900237  0.387848  0.657778  0.581818  0.946578 -0.461526  0.236746   0.43642  -0.39087 -0.791066
point 51 602 86.0225 176.903 -0.940731  0.676264 -0.251073 -0.156709  0.175498 -0.405355 -0.807268 -0.157042 -0.823328 -0.757867
point 52 638 74.0815 187.539  -0.286563  -0.862846   0.550431  -0.784401   0.219362   0.387932 -0.0773418  -0.405726   0.426148   0.834168
point 53 642  340.37 162.626  0.754263 -0.162625  0.248931  0.660966  0.545541 -0.718225  0.385556  0.529334  0.714254 -0.431774
point 54 648 464.605 217.856  0.143274  0.457751 -0.730356 -0.941242 -0.750928 -0.114884  0.697412 -0.964038 -0.284735 0.0860528
point 55 676 272.801  234.74  0.383001  0.530549  0.822911  0.213325 -0.412737  0.716711  0.422994  -1.02544  0.377889 -0.980459
point 56 679 469.803 204.826  0.977271 -0.271768  0.219866  0.729267   0.97571 -0.379286 -0.360099 -0.408078  0.914382  0.915808
point 57 707 54.2167 210.942   0.814284   0.761962  -0.967457   0.343106  -0.300188 -0.0653502   0.628949   0.614285  -0.467316   0.721092
point 58 710   564.7 137.114 -0.0521872  -0.549101  -0.567026   0.367708  -0.443757   0.280846  -0.690862  -0.133641  -0.185696 -0.0742598
point 59 715 525.875 238.634 -0.753097  0.560444 0.0989845 -0.652192  0.337798  0.981453  0.389224 -0.902013 -0.132829 0.0581489
point 60 720 463.362 107.841  0.405876 -0.589662  0.405738  0.370433 -0.762122  -1.02045 -0.655183 -0.841834  0.557112 -0.740606
point 61 722 128.028 124.951   0.542526  -0.609216  -0.214642  -0.708816  -0.803292  -0.920198  -0.344187   0.583917   0.483835 -0.0567897
point 62 724 165.284 169.082   -0.88662   0.935933   -0.13819  -0.514199   0.922529  -0.655427 -0.0504663   -0.36028   -0.37731  0.0643006
point 63 748 445.239 213.951 -0.949858  0.100546 -0.411819 -0.842205 -0.559711  0.175416 -0.163448  0.942988  0.734986 -0.369103
point 64 751 233.558 215.674  -0.364209  0.0513597  -0.460321   0.802328  -0.623157 -0.0993557   0.061063  -0.964039   0.235008   -0.41901
point 65 755 354.332 236.463   0.149201   0.135656 -0.0359743   0.805205   0.467345  -0.503364   0.247552  -0.323694  -0.435468   0.564464
point 66 760 379.265 183.638  0.770507   0.14851 -0.436522 -0.685201 -0.498701  0.390415 -0.725072 -0.667614  0.908323 -0.270435
point 67 767 404.998  237.92 -0.0331791   0.108644  -0.163681  -0.681351   0.413032  -0.135591   0.144777 -0.0986606   0.320693   0.684553
point 68 769 476.335 140.888 -0.936961  0.693054 -0.622064  -0.33009 -0.276204  0.388771  0.760754  0.586232  0.636683  0.169656
point 69 770 517.442 150.206  0.752143 -0.514451  0.738745 -0.356957 0.0100852  -0.20838  0.410551  -0.73182 -0.847676  0.766025
point 70 774 342.912 219.992   0.343469 -0.0967455 -0.0705847    0.61887   -0.20618  -0.322118   0.138781   0.219276   0.112903  -0.260568
point 71 775 34.4064  155.54  -0.91963 -0.857666  0.933006 -0.795997 -0.618946 -0.933919 -0.880776 -0.870129  0.230524  0.248599
point 72 783 378.258 215.427  0.989897 -0.435887  0.491604  0.875312  0.889524 -0.585262 -0.960889 -0.389368  0.249123  0.151526
point 73 795  549.23 198.192 -0.243997  0.861853 -0.272647 -0.530477  0.760985  0.113942 -0.555842  0.157065  0.843326 -0.206857
point 74 818 73.5151 190.056 0.0417061 -0.920814  0.118509 -0.436057 -0.752922 -0.332349  0.314034 -0.584894 -0.924634  -0.32549
point 75 819 83.6608 118.274  -0.572206   0.435399  -0.766414   0.736307     0.9075 -0.0495003   0.322904   0.759944  -0.458734 -0.0927012
point 76 825 335.892 186.502   0.368656   0.619068    1.03112  -0.257826   0.475169  0.0357025 -0.0716017  -0.513532  -0.233362  -0.485411
point 77 833 203.372 169.663 0.0774542  0.257913  0.780159 -0.144034 -0.678044  -0.28562 -0.674593  -0.96322  0.777493  0.682531
point 78 836 453.84 210.67 -0.737711   -0.6726 -0.207064 0.0303686  0.600044  0.270625 -0.294674  0.698867  0.267591  -1.03101
point 79 852 402.956  176.11 -0.442226 -0.282256  0.941715  0.207224 -0.044059 -0.568098  0.103603  0.847305  0.783518  0.628031
point 80 861 328.847 135.826   0.106554    0.64535   0.783163  -0.177757  -0.472867   0.271475  0.0901941   0.177053 0.00139812  -0.498214
point 81 863 547.018 89.7082  -0.290369   0.307893 -0.0894139   0.408421 -0.0851939   0.983097   0.112832   -0.18263  -0.179954    0.60907
point 82 884 255.516 224.687  0.404461 -0.185293 -0.493589 -0.758156 -0.775658 0.0646766 -0.729092 -0.338258 -0.322082  0.721839
point 83 887 231.529 215.868  0.601171 -0.772987 -0.730191 -0.660663 -0.850621 -0.892363 -0.367411 0.0147304 0.0106877 -0.815847
point 84 888 469.647 83.1774   -0.696237    0.701166    0.483114    0.563022    0.392027   -0.868385     0.65709      0.9069    0.183402 -0.00568786
point 85 894 452.774 171.268  -0.284873  -0.541937 -0.0150981   0.721453  -0.602671  -0.682048   0.869008  -0.347242   -1.00329  -0.879394
point 86 915  407.04 220.014   0.151957   0.662544   0.186416 -0.0515896  -0.737555   0.291723   0.986389  -0.498853  -0.159931  -0.373078
point 87 925 153.303 154.967   0.753436   0.604761  -0.468358  -0.613232 -0.0681977  -0.255848   0.390949  -0.324994   0.453232  -0.266725
point 88 931 6.70309 122.885  0.760809   0.78975   0.34847  -0.15081  0.305543  0.571721  0.619869 -0.875789 -0.265902  -0.22212
point 89 941 265.587 214.525 -0.115422 -0.227039 -0.874328 -0.997631  0.415648 -0.247311  -0.72528 0.0383341   -0.3809  0.506916
point 90 952 490.883 197.516  0.741929 0.0557562 -0.489327 -0.301799  0.631987 -0.244149  0.428331 -0.724523 -0.412029  0.767512
point 91 959 626.167 238.241  0.684958  0.455087  0.381838 -0.354289  0.798912  0.892058 -0.378607 -0.431696  0.979651  0.946844
point 92 962 551.906 95.3951  -0.197116  -0.245192   0.856718  -0.768688  -0.777136 -0.0630492  -0.522266  -0.544623  -0.101969  -0.135742
point 93 973 524.107 162.566  0.156394  0.180016  0.618868 -0.872829 -0.449191  0.214516  0.069347  0.859707  0.584011 0.0760599
point 94 977 191.392 164.169   -0.460016 -0.00560627    0.624063    -0.74432    -0.74645    0.868528    0.778674    0.948593   -0.218636    0.427328

