seq: 323
gt_pose:  1.15581 -1.75955  1.95864
odom_pose: -0.592478  -1.88833   1.89836
point 0 7 426.317 177.178 -0.0710561   0.833723  -0.209471   0.614198   0.393136   0.866721 -0.0756714  -0.616299   0.873045   0.846366
point 1 21 429.449 204.196  0.518499 -0.408588  -0.31408 -0.649619  0.934567 -0.982217  0.673367 -0.336721 -0.644674 -0.145849
point 2 31 365.955 210.775  -0.355758   0.823779 -0.0524748  -0.651924   0.256132  0.0525445   0.281426   0.240721  -0.543019   0.634436
point 3 36 462.908 236.312  -0.19001 -0.286199  0.448337  0.556021  0.379781 -0.708947  -0.88721 -0.839375  0.358796 -0.655222
point 4 37 447.564  229.56  -1.00814 -0.984265 -0.355324 -0.510611  0.335931  0.665149 -0.610803 -0.323511  0.335041  0.713818
point 5 44 523.173 163.305  -0.535487   0.246517   0.799156    0.44517 -0.0298289 -0.0840721   0.721516   0.943367   0.934954   0.758184
point 6 53 490.083 211.429  0.741549  0.289129 -0.317531   -0.8762  0.531335  0.580321  0.356192  0.358781  0.765538 -0.378002
point 7 60 31.6143 161.903   -0.898728   -0.834401   -0.559849     0.42139    0.235507   -0.788653     0.92185    0.724838   -0.698402 0.000973661
point 8 68 357.189 239.574  0.153324  0.388029 -0.955938  0.509721  0.163053 -0.742422 -0.725483 -0.574221  0.522439  0.662329
point 9 70 78.3546 191.101  0.916693 -0.735283 -0.391326  0.115514  0.242985  0.714232 -0.517145  0.310703   0.27106  0.689432
point 10 71 614.465 165.573  0.189643  0.211988  0.498627  0.558129 -0.405917 -0.812369  0.744911 -0.680332 -0.668002 -0.276124
point 11 77 463.155 234.043  0.0555819  -0.968591  -0.463981  -0.608327   0.354293 -0.0995144  -0.489292    0.31036  -0.565416  -0.345745
point 12 89 494.191 234.534  0.604416 -0.656418 -0.363558 -0.334544  0.309581 -0.645962 -0.498116 -0.949921 -0.721029 -0.187503
point 13 92 116.766 144.253  0.148324  0.713436 0.0336918  0.939986  0.328356  0.268523  0.950434  0.553142 -0.216944 0.0355629
point 14 109 301.129 214.574 -0.466199  0.913188 -0.852585   -0.4569  0.483898   -0.0601   0.74215  0.582708 0.0627003  0.237743
point 15 110 478.57 120.86  0.831621  0.972912 -0.601404 -0.304828 0.0466592 -0.720219 -0.618602  0.621301  0.765733  0.233988
point 16 111 272.441 230.689 0.0277755  0.954522 -0.862204 -0.922537  -0.12128 -0.367601  0.993125 0.0823868  0.222545  0.445307
point 17 113 488.793  202.34 -0.0302894  -0.611016   0.565336  -0.868559   0.490113   -0.33479  -0.939729   0.679416  -0.251233 -0.0788642
point 18 132 462.149 185.885   0.184853  -0.964496  -0.889472 -0.0653674  -0.704288    0.81731  -0.863231   0.315976   0.897584   0.726087
point 19 134 561.158 171.484 -0.326889 0.0581151  0.393967  0.818363  0.716067 -0.310346  0.928697  0.788762  0.608075 -0.760152
point 20 140 630.621 174.395 -0.513893 -0.133588  0.587341 0.0987965  0.862836 -0.788046  0.337977 -0.651647 -0.402438  0.934573
point 21 148 472.938  131.24  -0.142923  -0.304089   -0.23696   0.492778 -0.0537407  -0.160079   -1.02347   0.264682    0.95759  -0.591804
point 22 156 390.731 189.614  0.290766  0.524071  -0.73951  0.396371 -0.849007  0.988744  0.147589 -0.689631 -0.937842 -0.128632
point 23 158 490.995  166.66  0.527038  0.450202  0.311946 -0.277874 -0.149616 -0.421204 -0.806257  0.166429  0.954564 -0.635104
point 24 159 428.771 188.535  0.188695 -0.983266 -0.920561 -0.166577 0.0497431  0.158854  0.958126 -0.303093 -0.384248 -0.802451
point 25 165 402.638 152.288  0.488644 -0.793963  0.410307  0.618048 -0.760189  0.651034 -0.629292   0.83503  0.385996 0.0332308
point 26 166  211.64 193.071 -0.585046  0.336922 -0.582731 -0.505144 -0.687026  0.295912 -0.712275  0.119505   0.11562 -0.608409
point 27 169 535.126 168.301  -0.555422   0.453559   0.725182  -0.303583 -0.0709742   0.444478   0.293507    0.51478  -0.676514  -0.502887
point 28 170 637.783 236.002 0.0851751 -0.364302  0.189522  0.121243  0.737993  -0.22398 -0.918198   0.73523  0.474418  0.725601
point 29 175 304.422  160.62 -0.387159   0.58372  0.230843 -0.632887  0.768448   0.71528  0.951498  0.950755  0.527028  0.168297
point 30 176 376.623 201.828  -0.734228   0.862111  -0.165716 -0.0868406   0.408163  -0.413571  -0.953312    0.29151    0.73422   0.143031
point 31 186 287.087 178.828  -0.354737  -0.370522   0.277463   0.447248   0.857501  -0.966307 -0.0346192  -0.528002    0.11438    0.35383
point 32 216 158.328 121.364 -0.634168  -0.97643  0.854153 -0.758511  -0.60029 -0.862324 -0.345589 -0.207565 -0.052604  0.845637
point 33 240 403.984   178.2 -0.500285 -0.604183  0.580415  0.859302  0.807909  0.670654 -0.489241 -0.704605 -0.956975  0.662772
point 34 245 222.463   149.4 -0.623569  -0.40085  0.431714 -0.691516 -0.529924  0.411917  0.893204 -0.698873   0.24013  0.753797
point 35 251 280.827 229.825 0.0514292 -0.518424  0.145928 -0.841486  -0.39782 -0.127331 -0.449562  0.197322 -0.137023  0.390302
point 36 262 168.191 78.1395 0.0664729  0.293557 -0.316285 -0.535579  0.900056  0.930234 -0.912239 -0.322067  0.431282 -0.375065
point 37 301 504.697 66.6905  0.115419 -0.532606  -1.03987  0.474281  -0.93275 -0.703272 -0.594266  0.479739 -0.761223 0.0664573
point 38 302 141.871   198.5 -0.793719 0.0373181  0.522959   0.70284 -0.134746 -0.652077   -1.0128  0.183657  0.138147 -0.203554
point 39 303 331.071 209.994   0.112757   -0.79292  -0.591656  -0.918501  -0.101765   0.530043   -0.41147  -0.121517 -0.0530669   -0.39028
point 40 304 453.836 166.331  0.533632 -0.543133 -0.390344  -0.35532   1.00224 -0.219788  0.744029  0.504889 -0.513545 -0.457733
point 41 315 534.677 211.505 -0.823726 -0.377586 -0.972689  0.155732 -0.400255  0.183084 -0.512214   0.77031 -0.687828  0.869847
point 42 331 102.679 209.849  -0.357878  -0.184426  -0.247767  0.0974881 -0.0720525   0.886746   0.851871  -0.571095   0.754732   0.881651
point 43 343 559.965  226.52  0.011974  -1.00126  -0.37076 -0.837482 -0.177006 -0.131257  0.320079 -0.875728  0.549857 -0.420401
point 44 352 203.416 185.232  0.602226  0.401528  0.456984 -0.768959  0.614824  0.638172 -0.607145  0.593459 -0.144042  0.841668
point 45 367 493.049 81.4713  -0.636868   -0.94375   0.905173  -0.412896  -0.520242   0.657039  -0.293302 -0.0393344  -0.553505  -0.808005
point 46 387 315.622 177.098  0.675126 -0.725686  0.531171  0.975461 -0.723255 -0.215403  0.069568 -0.931159  0.677353  0.729201
point 47 397 75.7612 175.945  0.712668  -0.31704  0.616372  0.201596  0.525354  0.906696 -0.670156  0.666611  0.853922 -0.729381
point 48 425  271.73 239.497  -0.44246 -0.354312  0.413696 -0.519157  -0.56933 -0.602151 -0.148323 -0.948975  0.899564  0.882964
point 49 454 432.469 169.581 -0.877947   1.00044  0.616006 -0.491718  0.625263  0.785297  0.762867  -0.61603  0.454371  0.327646
point 50 460 138.923  205.41   0.78389 -0.575481 -0.369496  0.378705 0.0332844 -0.150424 -0.341785  0.298101 -0.814496  -0.82001
point 51 488 74.1772   170.2  0.959938  0.573707  -0.52364  0.187899 -0.707922  -0.37881 -0.277338 -0.695728  0.121594 -0.326617
point 52 491 338.723 188.594 -0.798606   0.86359 -0.366469   0.60422 -0.438838   -0.1428   0.58161 -0.333446 -0.232101   0.73004
point 53 494 210.42 192.04  0.379306 -0.148879 -0.292704 -0.995595 0.0458909 -0.857687  0.539418  0.315536 -0.184358 -0.939527
point 54 495 366.716 163.923   0.260542    0.68932  -0.128907    0.41145  -0.497077  -0.609906    1.02763  -0.557498 -0.0413406  0.0689788
point 55 503  5.1551 158.879   0.259174 -0.0872699   0.750664   -1.03747  -0.175591   0.201516  -0.260533   0.624261    1.01879  -0.952003
point 56 506 379.717 205.718  0.0929093   0.273536 -0.0307306  -0.583492  -0.930075  -0.613569  -0.682095  -0.606005     0.7771   0.531531
point 57 514 195.457  160.53  0.383879 -0.774546 -0.897202 -0.453235 -0.897252 -0.500872  0.603814  0.838957   0.14375  0.170209
point 58 521 582.333 195.432   -0.792103   -0.319577     0.66791     0.18867   -0.210786 -0.00554613   -0.390471   -0.682482   -0.821645   -0.689003
point 59 541 215.978  228.32  0.396049 -0.815904  0.863877 -0.314398 -0.595143  0.682042  0.731461 -0.583964 -0.942819  0.302231
point 60 552 105.085 169.882  0.826506 -0.152737  0.842938 -0.119146  0.422626 0.0761059  0.743114  0.783707 -0.422172 -0.571536
point 61 555 50.1095 226.604    0.26573   0.395758    0.28111   -1.00081 -0.0234137  -0.442013 0.00386447  -0.211171   0.731528  -0.394946
point 62 578 379.053 208.243 -0.00329119   -0.268523   -0.282981    0.205814   -0.750385    0.503161   0.0955262   -0.945449   -0.129034    0.159025
point 63 581 558.499 239.528  -0.685162  -0.510292  -0.300147   0.931767  -0.928579 -0.0876092  -0.127376  -0.731614   0.922401  -0.110134
point 64 591 424.362 194.444  0.986169 -0.674353   0.64463  0.114291 -0.452229 -0.279885  0.952831  0.256792 0.0196343 -0.501318
point 65 596 317.391 214.175    0.10087  -0.525906    0.49722   0.132597 -0.0555771  -0.436763   0.725424  0.0326803    0.62231    0.86393
point 66 603 504.926 182.286  0.997194  0.576265   0.70115  0.314929   -0.8104  0.369234 -0.827896  0.750791 -0.602494  0.692786
point 67 607 145.125 235.549    0.8908  0.369401 -0.266722   0.11671 -0.410079 -0.406666  -0.36479  0.258842  0.917683   0.76809
point 68 610 204.881 111.871 -0.180238 -0.245762   0.74845   0.68216  0.458828  0.399073  0.706581 -0.597882  0.123465 -0.405131
point 69 617 326.562 73.8823 0.0685478 -0.808055   0.23423  0.114291 -0.530339 -0.917548 -0.213456   0.30778  -0.78625 -0.624097
point 70 623 69.3292 165.667  0.532075 -0.529293  0.667415 -0.511175 -0.292876  0.413307  0.435882 -0.244203 -0.837932 -0.304103
point 71 631  229.65 233.489  -0.794519  0.0448438  -0.701921 -0.0595758   0.331243 -0.0582255  -0.278431 -0.0195788 0.00194594  -0.309005
point 72 644 303.262 153.828  -0.550438  -0.134277  -0.602324 -0.0206149  -0.171596  -0.760841   0.886347  -0.872741    0.84017   0.450241
point 73 650 103.791 225.763  0.758322  0.228457  0.623778 -0.563042  0.992055 -0.242741  0.882184 -0.780531 -0.173023 -0.871419
point 74 655 493.889 216.746 -0.138681  0.668113   0.42464 -0.610822 -0.577141 -0.459841 -0.986283 -0.653713 -0.841131  0.865417
point 75 658 466.089 220.692  0.349292 0.0942039 -0.138208 -0.329548  0.231398  0.998713  0.668389  0.659864 -0.800612  0.499554
point 76 667 570.394 106.201 -0.916845 -0.573856 -0.233593 -0.622652  0.707211 -0.757603 -0.488364  0.735545  0.560358   0.37557
point 77 680 40.9947 226.759 -0.0434384  0.0240564  -0.984309   -0.37128  -0.241671  -0.731086  -0.237741   0.404036   -0.15334    0.74886
point 78 689 220.121 171.747  0.826863 -0.506938 -0.538425 -0.060213  0.715262 0.0960444 -0.743832 -0.292788  0.855885  0.864558
point 79 691 166.178 143.131  0.579173   1.01304  0.263621 -0.284788  -0.87541  0.141528  0.277625 -0.412624 -0.920261 0.0608939
point 80 717 553.702 184.918   0.98659  0.682063 -0.894454 -0.301911 -0.399948 -0.674026 -0.599293  0.757383 -0.417079  0.685639
point 81 719 28.9071 148.245 -0.795847 -0.358541  0.731133   0.68681 -0.660938  0.642386  0.349701 -0.601592 -0.577698   -1.0036
point 82 726 261.209 195.012  0.930428  0.467879  0.502449 -0.734405  0.229566  0.572828  -0.82237  -0.89852 -0.892239 -0.837653
point 83 727 84.6981 224.207  0.0480702  -0.961679   0.591748  -0.573509  -0.298167   0.832348  -0.355544 -0.0334529   0.892674   0.932771
point 84 735 8.03434 229.119 -0.877242 -0.436741 -0.167826 -0.583644  -0.27514  0.512455 -0.264587 -0.764718 -0.345425  0.844831
point 85 750 127.052 235.347 -0.397728 -0.449778  0.516137  0.262236  0.235518  0.563511 -0.643304  0.792826  0.638304 -0.239072
point 86 752 356.341 38.3388  0.817646  0.797394 -0.558496 -0.147435 -0.169745  0.062383  0.329309 -0.679255 -0.671575 -0.434868
point 87 794 282.733   20.59 -0.460818  0.417591 -0.342014 -0.675652 0.0827157  0.616994   0.48817 -0.457409  0.116911   0.46669
point 88 805 315.58 160.18   0.33911  0.788384  0.580866 -0.157029 -0.876791  0.803914 -0.203938  0.933304 -0.767038   0.23671
point 89 806 397.322 238.312   0.878266 -0.0365853  -0.493944  0.0388525  -0.710974  -0.353186   0.344813  -0.348112  0.0833885 -0.0778827
point 90 820 72.4523 171.408 -0.697286 0.0286581  0.762574 -0.429458  0.511381   -0.2351 -0.402373 -0.433303  0.357754 -0.123043
point 91 843 441.721 33.7463  -0.417252  -0.220709 -0.0659043   0.462768    0.17236   -0.98629   0.352832   0.212249    1.01738   0.943044
point 92 848 17.7272 187.616 -0.399886 -0.185673 -0.901183  0.900955  0.901401  0.586063  0.128172  0.230103  0.695409  0.251372
point 93 873 161.405 183.847  0.343665 -0.507763 -0.964976   1.00748  0.921194  0.383852 -0.791718 -0.770871 -0.554386  0.325378
point 94 876 263.217 73.5559  0.475686  -0.61879  0.904701 -0.187245 0.0368416 -0.979438 -0.920892  0.373534   0.92511  0.336647
point 95 878  454.85 232.599  -0.930283  0.0535512  -0.940272 0.00734923  0.0104224   0.475553   0.398975  -0.158554  -0.730588   -0.53514
point 96 880 290.167 161.125 -0.562405 -0.525349 -0.247546  0.629764  0.518505 -0.239977 -0.356337  0.624791  0.778214   0.65242
point 97 881 369.242 188.974   0.29661  0.580208  0.414557  0.645299  0.425609 -0.755735  0.187359 -0.746744 -0.393352  -0.59717
point 98 883 298.312 214.133  -0.207375  -0.239153   -0.76433   0.953949   0.291995   0.640501    0.62333  -0.328457   0.170344 -0.0307834
point 99 905 527.839 146.399 -0.983999 0.0800407  0.428915 -0.425114  0.657836  0.247234 -0.830398  0.661021  0.114345  0.178685
point 100 910 516.621 185.273  -0.964256    0.60863   0.494635 0.00691566   0.600131   0.505629   0.080133   0.581592   0.791026   0.357153
point 101 916 139.823 185.458 -0.344944  0.226113  0.197554 -0.373014 -0.658509  -0.46876   0.67664  0.297696  0.860141 0.0125946
point 102 927 447.938 148.645  -0.049211   0.879028   0.600374   0.368918  -0.870423   0.333058 -0.0129254   -0.40952   0.756541   0.925184
point 103 929 385.605 166.975 -0.811872 -0.254489 -0.231551  0.244459  0.233467  0.742039 0.0981838 -0.228376 0.0628608   0.18113
point 104 942 342.721 131.579 -0.761145 -0.280837  0.651663  -0.47246  0.229775  -0.20591 -0.696321 -0.994112  0.958915  0.458037
point 105 944 216.633 136.749  0.570322  -0.48165 -0.292171 -0.550546  0.642287 -0.097235  0.145662  0.323825    0.4328 -0.655595
point 106 957  21.083 177.017    -0.5339   0.959768  -0.256391  -0.856744   0.341618   0.884514    0.45727   0.565555  -0.345672 -0.0898237
point 107 958 106.366 46.0732 -0.416454 -0.889654 -0.775098 -0.196646 0.0213527 -0.364396 -0.218888 -0.223363  0.433065 -0.909765
point 108 967 331.696 190.795  0.201342 -0.114403  0.386825  0.977947  0.129507  0.292046   0.58188 -0.372899 -0.716391 -0.385548
point 109 968  410.24 179.772  0.0897919  -0.347599  0.0470734 -0.0315665   0.957366  -0.253644  -0.714915 -0.0473096  -0.632194   -0.97302
point 110 974 47.2027 228.554 -0.490035   0.76321 -0.730752  -0.93772  0.472545 -0.520511 -0.438522  0.461125  0.533772 -0.391397
point 111 978 171.984 193.856  0.803562  0.635062  0.220472  0.912166 -0.777564  0.403631  0.120322   0.44332 -0.631581  0.352221
point 112 979 444.804 136.288 0.0567545   0.49712 -0.184548  0.484901  0.221321  0.397851 -0.518871 -0.180586  0.611333 -0.291585
point 113 989  537.38 236.486  -0.663097   0.332836   0.435734  -0.577532 -0.0278142  -0.575886  -0.125682   0.508213   0.570581  -0.498188
point 114 997 406.538 235.505    0.93996  -0.901851 -0.0263381    0.81688  -0.464882  0.0157848   0.594701  -0.851226  -0.262832   0.592811

