seq: 121
gt_pose: -5.62897 -2.03253  2.87257
odom_pose: -4.49319 -3.10785  3.02562
point 0 19 284.991 197.361  0.339494  0.247797 -0.284084 -0.581293  0.204062  0.294438  0.451242 -0.332722  0.490285 -0.550258
point 1 33 61.3153 161.885  0.281606  0.644344 -0.395894  -0.51674 -0.646778  0.229208  -0.77341  0.326107  0.533652  0.439829
point 2 108 283.204 227.698  0.890376  0.714538 -0.504289  0.456743 -0.206477  0.288415  0.418506  0.885511 -0.843729  -0.19478
point 3 144 439.056 155.991  -0.42063  -0.17079 -0.865937 -0.749562   -0.6588  0.556535 0.0432098  0.317854 -0.714853 -0.817358
point 4 178 532.393 212.297   0.647656  -0.468817   0.716447  -0.171042   0.928086   0.987627  -0.281284  -0.248561 -0.0237148  -0.985358
point 5 199 119.847 174.835  0.699324 0.0884028 -0.843473 -0.671364  0.562255 -0.609116    1.0046 -0.394102  0.115819  0.720805
point 6 211 529.538 172.438   0.843234   0.616585  -0.151558   0.325947  -0.482939    0.58185   -0.54117   0.239513 -0.0512985  -0.389418
point 7 219 491.438 236.986  0.196603 0.0586457 -0.279334   0.88936  0.169008  0.336075  0.241678  0.183424  -0.49184 -0.575409
point 8 228 597.696 157.417   0.409935  -0.900877 -0.0168754  -0.067525  -0.975983   0.943189  -0.618482   0.548408   0.603029  -0.646548
point 9 235 424.504 222.032 -0.805669  -1.00354   0.92919  0.443798  0.147301 -0.221002   1.00618 -0.759545 -0.872073  0.283706
point 10 249 425.482 166.272   0.765884  -0.659853  -0.333715    1.01306  -0.153415  -0.654816   0.508877  -0.763406 0.00095556  -0.458412
point 11 254 634.504 212.653  0.156557 -0.234177    -0.178  0.524516 -0.581983  0.355592 -0.472373 -0.976471 -0.762018 -0.526632
point 12 266  290.89 133.518   0.838633  -0.330865   -0.20192   0.768114  -0.714253  -0.249345  -0.367268 -0.0111178   0.670284   0.823524
point 13 272 626.806 170.861  0.576339 -0.466162 -0.995914 -0.214596  0.304376 -0.426493 -0.710252 -0.595394 -0.112962  0.237895
point 14 274 498.204 235.382  0.911429 -0.636452  0.158381   0.59502 -0.560835 -0.297516 -0.851232 -0.475768  0.410108  0.444961
point 15 295 449.188 169.325  0.719249 0.0650128 -0.343858  0.320491  0.120602 -0.296343 0.0443733  0.536759 -0.132623  0.316116
point 16 312 294.221 185.994 -0.151166  -0.70349 0.0188595 -0.454127 -0.850692  -0.37699  0.690516 -0.506719 -0.149913  0.333088
point 17 363 341.166 202.308 -0.407079  0.176901  0.273192 -0.450242 -0.240576 0.0509493 -0.751207  0.500133  0.535451  0.943743
point 18 370 631.261 165.506   -0.40117   0.929672  -0.977264 -0.0322323  -0.159355   0.619235  -0.960808   0.726148 -0.0791719    0.22906
point 19 375 316.493 169.471 -0.402074 -0.819146  0.802826  0.253561  0.139746 -0.617523 0.0339213 -0.918636 0.0543222 -0.543006
point 20 384 61.1848 210.904  0.621359 0.0892431 -0.610443 -0.787923 -0.458287 -0.395851 -0.996222 -0.552918 -0.340077  0.143348
point 21 388 449.741 164.943 -0.365775 -0.173756  0.792135 -0.490958 -0.867826 -0.248063  0.340449   0.40207 -0.775671  0.337472
point 22 400 125.608 178.805  -0.904748 -0.0407493     1.0188 -0.0752415   0.778509  -0.826362  -0.128459  -0.865918   0.532507   -0.13046
point 23 410 363.663 128.275 -0.194291  0.534395  0.109818 -0.222906  0.365586  0.703251 -0.477939 -0.955781  0.732673  0.688693
point 24 424 579.723 208.508 -0.156423 -0.799917  0.554899  0.338865  0.609312 -0.514594 -0.102716  0.124436  0.872009 -0.169642
point 25 467 444.839 200.286 -0.419286 -0.760712  -0.14128 -0.367523  0.923039  0.269822  0.506177 -0.102395 -0.633747 -0.681314
point 26 473 606.917  189.55   0.589544   0.277678  -0.668124   0.625726   0.831592   0.177895  -0.687579   0.566253 -0.0558037  -0.240103
point 27 474 371.267 205.515  -0.166472   0.719863  -0.851037   0.749473  -0.658386  -0.754564  -0.382008   0.930888 -0.0210099  -0.415679
point 28 476 130.637 126.269 0.0636846  0.461723 -0.473066  0.969024 -0.437251  0.479323  0.752347  -0.24998  0.157031 -0.993112
point 29 488 521.054 49.1436  0.978007  0.524483 -0.550087  0.207242 -0.728666 -0.386142 -0.295889 -0.730555  0.108892 -0.259046
point 30 489 505.475  216.28  -0.806755    0.93727  -0.839314   0.906475  -0.872652   -0.60749   0.880805  -0.561937  -0.513647 -0.0524475
point 31 490 410.077 239.987  0.391247  0.863693  0.327134 -0.540713  0.927161  0.270751 -0.975006 -0.600843 -0.559313 -0.727517
point 32 523 169.307 48.5005  0.462744  0.539535  0.428618 0.0153432   0.93006   0.65034  0.754741  0.601897 -0.225771 -0.573109
point 33 538  119.95 227.183  -0.713465 -0.0887822   0.178528  -0.933248   0.972456 -0.0438276 -0.0170729   0.685517  -0.536659   0.227364
point 34 553 208.979 114.442   0.159025 -0.0226639   0.827771   0.270768   0.681877   0.126382   0.494178   0.952171  -0.934258  -0.235791
point 35 572 347.074 224.818   -1.02539   0.616878   0.329278  -0.626809   -0.23939  -0.417631   0.723647 -0.0146841  -0.399642   0.751112
point 36 580 368.539   237.4  -0.408091  -0.438168  -0.934833   0.900645   0.185258 0.00450873  -0.315325   0.898017  -0.759284  -0.018024
point 37 589  456.43 146.654  0.100835 -0.174748 -0.356205 -0.709603 -0.520209 -0.566618 -0.166794  0.251129 -0.851842 -0.878397
point 38 595 154.554 236.846   0.677596 -0.0309496   0.262056   0.888005  -0.212373  -0.645827  -0.826248   0.919439  -0.418649   0.990543
point 39 609 216.631 201.964  0.754156 -0.420648  0.419384  -0.32229  0.581667  0.322974 -0.939331  -0.69483 -0.622676  -0.29636
point 40 611 104.994 157.374  0.225249 -0.503042 -0.678747  0.855677 0.0645381 -0.939329 -0.521754 -0.466561 -0.274499 -0.901731
point 41 625 563.504 172.555 0.0129648  0.703401 -0.167646  0.969393  0.460115 -0.609409 -0.572685 0.0905827 -0.110275  0.182009
point 42 636  569.68 231.032    0.78042  -0.321688   0.345837  -0.869415 -0.0279359  -0.316583   0.123786 -0.0861277 -0.0417573    0.18933
point 43 643 473.695 212.721  -0.0962389   -0.985395     0.43326   -0.348901     0.41644 -0.00451529   -0.724413   -0.879616    0.175157   -0.312678
point 44 647 400.626 193.283  0.941094 -0.426932  0.981041  0.171955  0.457006 -0.972013 0.0692366 -0.544629   0.33206 -0.838241
point 45 654 608.148 236.993 0.0340733  0.742537  0.185158 0.0486395 -0.311963  0.370676  0.817681   -0.9763 -0.327156  0.663569
point 46 656   475.8 171.036  0.0704798 -0.0751249  -0.524744  -0.828003   0.929713   0.513585   0.940946  0.0572317  -0.408661  -0.405147
point 47 660 287.669  153.64  0.198913  0.331177  0.261805 -0.592395  -0.80852   -0.4117  0.533615  0.084944  0.297135 -0.345176
point 48 670  541.16 172.836  0.790457 -0.342045  -0.98749 0.0442082 -0.112754 -0.482443  -0.13069 0.0914332 0.0898198  0.405456
point 49 680 423.207 214.265  0.0275627 -0.0292723   -1.01274  -0.322162  -0.221431   -0.74784  -0.276715   0.389697  -0.147817   0.794784
point 50 690 549.045 195.772   0.377611   0.948191    0.12469   0.434189 -0.0544745  -0.721167  -0.805924  -0.337645   0.473892  -0.441853
point 51 693 289.991 204.186  0.622739  0.378546  0.558996 -0.412878  0.938836  0.187127 -0.437932 0.0986471  0.880333  -0.35766
point 52 694 517.919 214.247   -0.767969   -0.711653 -0.00542753   -0.447492     1.01418   -0.435371   -0.162977    0.829512    0.694424    0.473541
point 53 699  53.02 229.07 -0.942371 -0.992491 -0.657452 -0.249016  0.485452  0.576275 0.0436615  0.953588   0.46464 -0.455574
point 54 706  28.641 75.4567  0.967973  0.684077 0.0791889  0.712275 -0.902956  0.694962 -0.187641  0.448788 -0.448364  0.313173
point 55 716 345.349 218.608  0.985273 0.0100702  -0.50994  0.869547  0.027071 -0.819095  0.220476  -0.20479  0.682957  0.725258
point 56 732 637.869 117.987   0.209826   0.687064  -0.909184  -0.272567    0.13408   0.842251  -0.900607 -0.0601218   0.611412   0.654079
point 57 757 385.393 202.043  0.360067  0.735634 -0.750712  0.938039 -0.276752  0.325153  0.146499  0.693475   0.15698  -0.42478
point 58 787 185.862 146.057  -0.19339  0.275395  0.862515 -0.411145 0.0433458 -0.117397  0.507141   0.53412 -0.580011  0.673781
point 59 788 80.0793 203.114 -0.612442 -0.505383  0.325699 -0.234213 0.0170695 -0.335355 -0.766829 -0.956088  -0.76008  -1.01852
point 60 795 252.697 128.134 -0.244677  0.842762 -0.242556 -0.556159  0.740477  0.138613 -0.544742  0.142136  0.922629 -0.252845
point 61 796 395.796 198.791   0.57753 -0.862437 -0.587576 -0.536938 -0.241376 0.0139092  0.899716   0.48229  0.388109 0.0251395
point 62 834 220.474  201.28 -0.547076  0.640424 -0.884673  0.957126  0.374162  0.731707  0.876326   1.02677  0.403458  0.654407
point 63 850 67.1057 37.2829   -0.62288   0.896449 -0.0787076   0.352609  -0.533022   0.405992  -0.906406  -0.355812   0.242178   0.957599
point 64 900 600.722 111.306  -0.569686  -0.508708   0.650819   0.483835   0.429106   0.372264   0.927261  -0.300807  -0.534123 -0.0304629
point 65 902 405.056 181.197 -0.472065 -0.764166 -0.159152  0.853241 -0.646252  0.205776  -0.61327  0.968062 -0.305749  0.858871
point 66 950 356.664 203.386 -0.798406 -0.288866   -0.3761  0.855476 -0.750234 -0.340625 0.0550926 -0.640982 -0.968136  0.911625
point 67 957 551.808 2.75349 -0.485675   1.04255 -0.192665 -0.886039  0.273294  0.813224   0.45073  0.517093 -0.412738 -0.155292
point 68 959 317.006 237.792  0.665662  0.484198  0.362888 -0.384519  0.766033  0.836764 -0.421598  -0.38318   1.02377   0.92671
point 69 970 141.762 117.245  -0.50061   0.24293 -0.331637  0.859282  0.476513  0.755261 -0.512372 -0.473153 -0.276231 -0.575584
point 70 986 453.267 224.621  -0.347923  -0.301376  -0.979147  -0.515899  -0.087566  -0.381359  -0.315626 -0.0662938 -0.0112087  -0.898878
point 71 991 478.232 226.853  -0.106294  0.0155778  -0.767364    -1.0051   0.950799  -0.444464   0.303349   0.452457 -0.0545333   -0.78859

