seq: 81
gt_pose:  0.20713 0.748876 -1.28712
odom_pose: 0.990459 0.718254 -1.19856
point 0 0 93.3356 193.611    0.60008   0.779377  -0.604013  -0.365656   0.548703  -0.426944   0.126932 -0.0719918   0.239382  -0.313666
point 1 5 340.082 179.166 -0.0100522   0.316163   0.032151    -0.9687   -0.15178   0.842473   0.874154   0.417818  -0.425716   0.445267
point 2 6 254.963 206.582 -0.691921 -0.117956  0.765846  0.706659 -0.316243 -0.507418  0.785247 -0.252968  0.407817  0.936801
point 3 10 557.038 226.331 -0.542801 -0.707544  0.494244 -0.729792  0.588516 -0.679605  0.476907 -0.880373  0.915613 -0.876537
point 4 14 235.642 165.726 -0.823387 0.0918979  0.563707 -0.395139   1.01748  0.126006  0.780302  0.491174  0.255798 -0.948386
point 5 23 344.174 176.933   0.833039   0.772066   0.028895   0.121848  -0.652122  -0.446487   0.683252 -0.0443349 -0.0706742   0.736456
point 6 24 386.951 188.306   0.413089   0.475475  -0.745635   0.230897 -0.0255243   0.704091   0.415375  -0.617188  -0.507677  0.0293265
point 7 38 265.339 183.496  -0.63267 -0.709997 0.0194796  0.651835  0.373303  0.803918 -0.601793 -0.213888  0.453267   0.70181
point 8 43 450.149 226.109  -0.937246   0.440081   0.185513   0.636342   0.189701 -0.0960797 -0.0791388    1.01876  -0.851251  -0.833339
point 9 57 162.893 169.584  0.423375 -0.308181 -0.582438  0.561667 -0.483062  0.395295  -0.94657  0.707831  0.709365  0.220992
point 10 59 197.157 218.917  -0.912308   -0.90293  -0.944657 -0.0630729  -0.420965   0.433711    0.64829 -0.0259328  -0.100803  -0.844353
point 11 72 478.877 197.022 -0.825419 -0.306481  0.692898  0.176481 -0.789107  0.639932  0.521154 -0.183766 -0.259623 -0.208504
point 12 78 370.181 182.359 -0.912245 -0.837573  0.597763  0.783362  0.940325   0.07229 -0.427957 -0.601615 -0.284153 -0.163992
point 13 84 201.374 181.436 -0.422123   0.15269  0.307881  0.918188  0.207753  0.276247 -0.164299 -0.965232   1.00197 -0.288335
point 14 92 621.808 94.0201  0.139835  0.784957 0.0060037  0.914416  0.351893  0.317875   1.01909  0.613501 -0.223134 0.0369827
point 15 94 8.26155 191.655 -0.753203  0.444955 -0.505164  0.192388 -0.974547  0.684946  -0.07598 0.0086337  0.616695 -0.721107
point 16 109 373.871 163.506 -0.505031  0.878596 -0.804309 -0.437012  0.543663 -0.019743  0.750381  0.574439 0.0165016  0.259582
point 17 116 308.585 232.464   0.89299  0.604032  0.353186 -0.422087  0.623294 -0.140155 -0.339866  0.607131  0.385902  0.765072
point 18 119 253.128 213.438 -0.403192 -0.481971   0.85547 -0.392088  0.784548   0.45391  0.882029 -0.463293 -0.772045  0.349144
point 19 123 333.757 61.5713  0.162112 -0.786888  -0.24038  0.332326  0.811786  0.680263  0.202183 -0.187714  0.374122 -0.599627
point 20 129 619.163 135.305 -0.553763  0.749061  0.924803 -0.692617  0.223423  -0.70689   0.96969 -0.103095 -0.924404 -0.107016
point 21 146 440.852 157.274  0.984362 -0.532109 -0.682877  0.106409 -0.648296 -0.197808  0.962691 -0.473615  0.114575 -0.755322
point 22 155 550.754 229.444 -0.566923  0.747968    0.3069 -0.779868 -0.744534  0.662702 0.0798558 -0.267357 -0.854172 -0.924409
point 23 174 169.357 200.487  0.658725  0.112867  0.863934  0.148403 0.0615567 -0.512225 0.0983659 -0.573143 -0.494024 -0.930551
point 24 177 66.1485 197.555  -0.668179  -0.100548  -0.455881   0.421513  0.0909657    0.12629 -0.0172698  -0.564628   0.518924   -0.31965
point 25 184  298.57 203.115 -0.280332  0.469369 -0.379921   0.00768 -0.594048 -0.315634 0.0925679 -0.395562 -0.372644  0.353875
point 26 195 541.671  158.71  0.350421 -0.028353 -0.188582   0.10343   0.60071 -0.212183  0.245827  0.548961  -0.45419 -0.201838
point 27 197 626.942 173.091 -0.795992  0.610056 0.0860049 -0.235313  0.810757  -0.55399  0.740202 -0.464933  0.495267  0.379487
point 28 198 205.757   236.3    0.9026  0.592184 -0.310544 -0.607992   1.02208 -0.812841  0.874055 -0.957915 -0.695604  0.280354
point 29 200 345.418 91.2962  -0.417722  -0.768287   0.620669   0.359372   0.185973   0.572688 -0.0877246   0.851491    1.01185 -0.0795325
point 30 206 109.796 145.646  0.723185 0.0312142  0.681281  0.883846 -0.716914 -0.658446  0.742397 -0.278374  -0.90815  0.684499
point 31 216 560.134 57.7923 -0.654895 -0.945542  0.884624 -0.807275 -0.564164 -0.844385 -0.308121 -0.227735 0.0399302  0.841125
point 32 217 113.749 168.702 -0.349639  0.340402 -0.979229  0.263138   0.21512 -0.986563   0.66977  0.145326  0.067319 -0.775934
point 33 242  374.75 163.691  -0.783393 -0.0103567    0.17706   0.438241  -0.387896   0.640015   0.785284   -0.80247   0.461205   0.665287
point 34 259 140.689 201.163  0.179578  0.649171  0.067417  0.443128 -0.395748 0.0608981 -0.690045  0.440661  -0.89315 -0.552788
point 35 262 527.518 9.47039  0.105057  0.310007 -0.297421 -0.563745  0.911774  0.943088 -0.984872 -0.335366  0.374033 -0.368588
point 36 277 373.681 162.801 -0.469843 -0.814681  0.332321  -0.80509 -0.980071   0.17663 0.0972268  0.496203  0.410664 -0.852621
point 37 286 183.219 173.947   -0.77679  -0.445173   -0.46806  -0.216112 0.00980468   0.392516   0.857808  -0.842488  -0.952277   0.735897
point 38 289 57.3159 184.315  0.908879  -0.49318  0.379364  0.948427 -0.803564  0.944166 -0.692117 -0.391664   1.01819 -0.275476
point 39 290 31.5448 153.119 -0.665892  0.846879 -0.748859 -0.489847 -0.694766  0.466754 -0.854397 -0.782542  0.573417 -0.976733
point 40 292 468.633 219.232  -0.244637   0.175687  -0.278698   0.710964  -0.306093   0.057448   0.536254 -0.0491713   0.560124   0.813438
point 41 296 176.363 95.9754 -0.0306536  -0.614017  -0.367377    0.26482  -0.174714   0.590259   -0.70637   0.957925  0.0126573  -0.320314
point 42 301 239.901  177.63 0.0981976 -0.466388 -0.997633  0.481508  -0.96664 -0.644728 -0.651969  0.473111  -0.75886 0.0600311
point 43 309 525.525 195.544 -0.540388   0.98747 -0.997777  0.743671 -0.227024  0.169069   0.71258  0.587732 -0.253088  0.462792
point 44 313 70.8401 43.5217  0.129874  0.322173  0.123001 0.0656973  0.470349  0.728291 -0.427186 -0.595598 -0.114843  0.432817
point 45 316 105.284 162.159  -0.615785  -0.736302  -0.930167   -0.46288  -0.466718 0.00730773   -0.37337  -0.166625  -0.312939  -0.652569
point 46 319 97.9426 124.991 -0.920244  0.194914  0.592055 -0.271577 -0.753346  0.164804  0.715079 -0.306447  -1.01151  0.398155
point 47 327 234.199 218.085 -0.323039 -0.945872 -0.279734   0.89525   0.35509  0.566644 -0.413394   0.68139 -0.353932  0.821035
point 48 334 488.494 192.103 -0.382035 -0.343949  0.935669 -0.672683  0.251922 -0.315599  0.166165 -0.881866  0.965564 -0.180909
point 49 350 606.658 126.133 -0.684091 -0.913129  0.934238   0.18211  0.464624  0.803414 -0.676981   0.68132  0.101185  0.584101
point 50 359  366.72 144.165 -0.129556 -0.253209  0.702751 -0.569157  0.668428 0.0612021  0.271788  0.216445 -0.570381 -0.242484
point 51 364 350.324 192.675    0.12931   0.771043     0.6184  -0.655342   0.875646  -0.498633  -0.613276  -0.850365   0.123372 -0.0146972
point 52 369 542.774  231.81  0.417417 -0.437691 -0.832282 -0.464857 -0.423894 -0.568077 -0.448326 -0.529513  0.010391  0.154124
point 53 372 78.7454 224.403  -0.221258   0.890352 -0.0365828  -0.554963    0.98496   0.621872  -0.684693   -0.96927  -0.407634   0.222782
point 54 382 333.539 208.951 -0.754279   0.82884  0.987014 -0.976518  0.114519  0.591593  0.566965 -0.225102  0.271906 -0.174857
point 55 398 187.215 217.455 -0.789164  0.895188 -0.691014  0.443348 -0.974878  0.572635  0.643309  0.887773   0.30008 -0.701124
point 56 403 92.9327 220.684  0.182851  0.699259 -0.543684  -0.52708 -0.638804  0.534712  0.973192  0.657627 -0.978427 -0.559354
point 57 409 498.873 201.387 -0.410531  0.909674  0.345642  0.732077  0.129585  0.574396  0.674429  0.185776  0.279718   0.84782
point 58 422 452.105 210.387   0.0215571    0.553562    0.558234     0.32763    0.964774    0.938822 -0.00224918   -0.861152    0.498189    0.800983
point 59 425 314.672 239.908 -0.469084 -0.405481   0.40119 -0.489413 -0.521493 -0.613648 -0.146982 -0.963791  0.858384  0.896426
point 60 442 93.192 235.08 -0.240193  0.637716 -0.678576 -0.427354  0.547446 -0.576857 -0.325652 -0.321735 -0.611802  0.108625
point 61 463 214.075 139.746   0.573728 -0.0293914   -0.28725    0.53346  -0.762235   0.254832    0.95714  -0.823335  -0.715449  0.0498333
point 62 469 151.191 112.902 -0.111936 -0.873379  0.941341   0.91476 -0.128965  -0.47794  -0.74878  0.805669  0.207285 -0.935504
point 63 470  364.89 238.114   0.453016 -0.0496643  -0.564385   0.872614  -0.294705   0.854934  -0.369124   0.148596   0.440728   0.785754
point 64 472 478.689 163.559  -0.917772 -0.0702636   0.651899  -0.270522   0.946547  0.0771522   0.696557  -0.705602 0.00088985  -0.624398
point 65 475 360.157 225.232  -0.967375    0.06343  0.0362245   0.542584  -0.335462  -0.314549 -0.0929865 -0.0473759  -0.697263  -0.311168
point 66 492 359.822 172.084  0.480525  0.499054 -0.690103 -0.432364  -0.46526  0.706434 -0.517157  0.812623  -0.81631  -0.59967
point 67 497  479.05 206.962   0.512135  -0.437178   0.662064  -0.179529  -0.590046  -0.123376  -0.558277   0.235153  -0.734567 -0.0482134
point 68 508 338.074 182.223   0.625494   0.625325  -0.212284 -0.0874015    -0.7243   0.873291  -0.800304   0.198164  -0.687601  -0.786519
point 69 529 385.873 180.865  0.468887 -0.398264 0.0974674 -0.313914  0.676166 -0.125594 -0.907088  0.762447 -0.219629 -0.370253
point 70 532 223.529 193.388 -0.852609  0.353149  0.787205  0.818182  0.681768  0.711084  0.249036   -0.4796   0.91653 -0.423198
point 71 533 17.3082 144.056  -0.669137   -0.17115   0.612804  -0.303298  -0.717969  -0.731243   0.629376  -0.270643   0.721981 0.00252536
point 72 568 385.182 194.587 -0.938382 -0.625881  0.941867 -0.642688  0.354056   0.56798  -1.01222 -0.858969 -0.692265 0.0976027
point 73 573 46.2703 64.1556  0.916261  -0.24759  0.237743 -0.502316 -0.262704 0.0518665 -0.700619 -0.984971 -0.262658  0.610215
point 74 575 599.959 181.468 0.0123789 -0.903165  0.455375  0.952819  0.822465  0.411711 -0.235601  0.057767  0.890064  0.480583
point 75 597 371.252 179.253  -0.723245    0.66071   0.823129 -0.0914964  -0.310101   0.533578   0.836018   0.930102   0.439921  -0.334228
point 76 612 25.0181 187.548 -0.665817   0.45486  0.210885  0.284754  0.359645  0.983794  -0.88469  0.113633  0.712222   0.54972
point 77 629 179.566 177.181 -0.385497  0.768365  0.622267 -0.939942  0.958756 -0.329258  0.959049 -0.708276  0.194653 -0.808995
point 78 635 634.727 239.054 -0.240391  0.305138 0.0640073 -0.398315  0.103683 -0.318973  -0.34516  0.582005  0.600887  0.733506
point 79 642  513.96 161.748  0.760907 -0.172206  0.277708  0.605224  0.586131 -0.681213  0.395538   0.44199  0.677117 -0.445856
point 80 661 287.999 51.4725  0.299694 -0.561887  0.452634  0.431127 0.0950729  0.118275 -0.885292 -0.748656  0.221159  0.405374
point 81 664 248.306 215.484 -0.425411 -0.935173  0.297924  0.875658  -0.21162 -0.399614 -0.409626  0.348686 -0.222268  0.400808
point 82 681 66.2881 189.207  -0.261957   0.556482   0.177089   0.424044  -0.772509   0.211985  -0.834313   0.457575 -0.0826082  -0.862878
point 83 695 336.896 206.284    0.702524   -0.217999    0.367788   -0.477318    0.435563   0.0170529    0.911097 -0.00377515    0.522084    0.847278
point 84 697 155.216 199.614  0.168339 -0.785902 -0.442914  0.989283  0.508876 -0.715066 -0.321752 -0.103477 -0.238347 -0.859724
point 85 709 166.601 211.244  0.978763 -0.862242 -0.990617  -0.99678  0.540844  0.838748  0.745204  0.464365  0.184528 -0.520564
point 86 754 45.3012   189.9 0.0446245  0.474673 -0.291128   -1.0146  0.245715 -0.451383  0.791863  0.665013  0.258225 -0.316578
point 87 755 512.762 236.933  0.0753638    0.16785 -0.0193106   0.758566   0.448085  -0.474651   0.245466  -0.333322  -0.430898   0.509068
point 88 760 575.378 174.828  0.813316  0.177673 -0.381464 -0.689721 -0.514514  0.411286 -0.701899 -0.658867    0.9089 -0.336328
point 89 767 627.802 237.329 -0.0921361  0.0477045  -0.186372  -0.680943   0.366358 -0.0800473   0.138949 -0.0548675   0.286222   0.742812
point 90 768 41.9178  190.46 0.0456078 -0.208001  0.183066  0.352779 -0.746413   0.27057 -0.175484  0.408107  0.687033  0.637981
point 91 771 29.6279 216.834  0.194765 -0.407356  0.803982  0.912244 -0.638206  0.859066  0.693371 -0.271615 -0.437097 -0.635316
point 92 774 511.236  220.86   0.300603 -0.0830673 -0.0674465   0.653314  -0.192094  -0.365653   0.128768   0.227534   0.113161  -0.305052
point 93 776 374.584 68.9083  0.919488 -0.129568 -0.145513 -0.503926  0.686228 -0.809937  0.379569 -0.432592  0.775071 -0.776736
point 94 777 140.284  146.53   -0.592366    0.651014    -0.33743   -0.466554    0.604206   -0.253221   -0.263476    0.537897 -0.00672411   0.0622488
point 95 783 560.365 214.066   1.00589 -0.450417  0.551536  0.884348  0.860657 -0.553924 -0.895668 -0.391293  0.276676 0.0552606
point 96 794 316.744 178.306 -0.422183  0.435135 -0.341141 -0.684152 0.0122645  0.701212  0.423556 -0.471822  0.136059  0.468295
point 97 797 290.195 166.697  -0.749371  -0.704503   0.748674  0.0440556   -0.19649  -0.572773  -0.029483   0.542482 -0.0920033  -0.298175
point 98 810 633.777 215.927   1.00248  -0.65471  0.548622 -0.728741 -0.920477  0.982295  0.789149 0.0660292  0.758874 -0.682435
point 99 815 173.079 114.912  0.150741 -0.193158   1.00008 -0.323038  0.745361  0.568597 -0.401497 -0.576111  0.823259  0.899914
point 100 819 363.518 203.126   -0.57224   0.372741  -0.710648   0.800995    0.92222 -0.0230489   0.259717   0.729137  -0.377742 -0.0510176
point 101 821 263.216 213.276   0.42772   0.33846 -0.659519 -0.925988   0.90696 -0.195089  0.534837 -0.788071 -0.438086  0.411042
point 102 825 511.819 184.363  0.334555  0.646055  0.951275 -0.241899  0.470237 0.0885662 0.0158685 -0.434769 -0.188658 -0.436533
point 103 839 84.2892 218.814 0.00937338  -0.269446   -0.79891  -0.874075  -0.169182   0.036523 -0.0593631   0.249208   0.713088   0.146289
point 104 841 337.188 98.2977  0.114457  0.870601 -0.899204  0.907132 -0.361254  0.134104 -0.283163 -0.192849  0.249579  0.532814
point 105 852 635.164 153.979 -0.359764 -0.243027  0.960668   0.20984 0.0110966 -0.554077 0.0590819  0.889931  0.776302  0.628215
point 106 861 473.958 168.811  0.0980584   0.636889   0.854334  -0.148758  -0.480726    0.29864  0.0507603   0.190998 -0.0973497  -0.440861
point 107 862 426.771 172.492  -0.832044  -0.375526  -0.693798  -0.172331   0.614129  -0.506064 -0.0637111   0.328765  -0.997428  0.0591055
point 108 882  169.55 191.985 -0.500447  0.917724 -0.622372  0.564985   0.43485 -0.257635 -0.970493 -0.834066 -0.532096  0.655014
point 109 885 199.376 163.509     0.814651    -0.675828    -0.149281   0.00568295     0.566616     0.691706     0.733531     0.785829     0.609218 -0.000146936
point 110 887 405.373 225.529  0.624041 -0.728706 -0.733209 -0.674328 -0.812811 -0.924484 -0.387382 0.0567958 0.0537578 -0.824554
point 111 895 632.688 219.533  -0.849164   0.314296   0.624574   0.943939    -0.5778  -0.260088 0.00834905   0.627196  -0.726146   0.267447
point 112 936 386.875 119.982 0.0884742 -0.402919 -0.392267 -0.377917  -0.46537    0.9132  0.131433 -0.746334 0.0983166  0.106328
point 113 942  298.04 199.216 -0.721228  -0.33742  0.587229 -0.454103  0.264571 -0.180984 -0.727878 -0.912979   0.96374  0.450325
point 114 965 408.465 138.066    0.85998   0.598775   0.511344 -0.0838703  0.0557002  -0.522061   0.143478   0.629141   0.897568   0.206378
point 115 971 41.4477 164.775   0.728904 -0.0372467   0.305276  -0.669311   0.969684  -0.103474   0.315285   0.941464   0.789503   -0.14834
point 116 996 31.7736 180.807  0.253488   0.51792   0.50232  0.959507  0.647847  -0.85865 -0.122406  0.697664 -0.408354  0.604334
point 117 998 615.434 164.841  -0.441462   0.108014   -1.01846   0.405211  -0.197467    0.22244 -0.0600023  -0.668078   0.218386  -0.474396

