seq: 210
gt_pose:  4.07765  4.30308 0.289141
odom_pose:  4.35113  3.35747 0.161014
point 0 15 44.5076 7.21214  0.791193  0.635988  0.978926  0.442946   0.80617  0.942455  0.376799 -0.030581 -0.641789  0.654218
point 1 20  406.52 210.894 -0.493382 0.0759871 -0.793625 -0.491705  0.727668   0.35652  -0.85193 -0.730653 -0.271054  0.116445
point 2 50 523.341 173.787  0.819758 -0.671839 -0.398439 -0.680489 -0.622939   0.22694 -0.648805  -0.70573 -0.508123  0.903675
point 3 71 280.133 87.3289  0.189363  0.266588  0.561266  0.527472 -0.394675 -0.863318  0.763888 -0.624771 -0.633949 -0.296283
point 4 75  549.76 146.194 -0.675194 -0.960376  0.964683  0.505182 -0.786605  0.690681 -0.596149  0.986448 0.0371756  0.380898
point 5 79 426.181 157.293 -0.216283 -0.733699 -0.191781 -0.795106  0.221616  0.911605 -0.758729  0.707703 -0.714203  0.614784
point 6 82  490.33 28.8693   0.954452 -0.0239746  -0.239982  -0.270442   0.816014   0.811449   -0.74725   0.809969    0.70874  -0.612116
point 7 96 317.832 206.331  0.496014 -0.406514  0.295793 -0.654145 -0.833162  0.610949  0.674606 -0.328695 -0.246768  0.705312
point 8 112 604.638 235.099  0.0239562  -0.830679  -0.745766  -0.881163  -0.432905  -0.922373   -1.00595 -0.0690254  -0.222799  0.0865192
point 9 130 0.38139 15.3504  0.817084  0.236821 0.0602795  0.966746  0.536162  -0.23951  0.964348 -0.874695 -0.465117 -0.523051
point 10 135 155.943  181.84 0.475469 0.455524 0.501286 0.349345 0.215158 0.956338 0.629716 0.400099 0.307345  0.66722
point 11 136 160.585 151.684 -0.403687  0.169076   0.66858  -1.02452  0.373616 -0.602696   0.10518 -0.191567 -0.725385 -0.154973
point 12 213 541.329 167.178   0.523701  -0.167107  -0.779523 -0.0280157  -0.124866  -0.943735  -0.402188   0.750135   0.442841   0.116396
point 13 222  338.32 233.897  -0.702319    0.93277  -0.890082  -0.507734   0.468486  -0.749785 -0.0309741   0.484728   0.396925  -0.499202
point 14 232 292.228 237.369  -0.124221  -0.382982   0.356392  -0.297534  -0.911425 -0.0518461   0.822457    0.76671   -1.00146  -0.048393
point 15 244 462.621 156.757 0.0725169 -0.872482  0.486949   0.67329 -0.869671  0.693967 -0.408131  0.259715  0.185284  0.205722
point 16 255 515.807  210.28 -0.995587 -0.772551 -0.955369  -0.96893 0.0238585  0.906215  0.142283 -0.347271  -0.11022  0.395109
point 17 270  448.38 225.288 -0.497344  0.416466  0.105881 -0.711595 0.0367373  0.139955  0.516641 -0.224904 -0.957339 -0.885833
point 18 279 633.324 166.208  -0.440998  -0.320964   0.262562   0.264781 -0.0886699   0.682467   0.345016  -0.793604   0.869452   0.362938
point 19 340  635.05 28.0242  0.473588 -0.394493 -0.643294 -0.118814  0.792371 -0.100122 -0.640618 -0.444937  0.487635 -0.340116
point 20 341 548.701 206.454   -0.75246   0.118123   0.352291  -0.385964   0.332817   -0.35072  -0.844073  -0.626806   0.783443 -0.0268191
point 21 357  300.91 232.155  0.415569 -0.194412  0.449427  0.451982  0.588049 -0.158383  0.357511  0.689889  0.482586 -0.189004
point 22 361 173.574 193.314    0.796638    0.745167   -0.333485   -0.535836    0.663094    0.630233    0.301133    0.316126   -0.957568 -0.00101985
point 23 376 81.8353  160.93  -0.644702  -0.847068   0.630443  -0.293753    0.65559   0.209406     0.3288 -0.0321363   0.558092  -0.228014
point 24 379  208.59 139.658  0.208684  -0.55761  0.152185 0.0285622  0.559162 -0.292499 0.0311085 -0.187575  0.189068  0.231517
point 25 383 326.665     195 -0.640044 -0.293942  -1.03407 -0.691659 -0.697451 -0.148115   0.48148  0.560757  0.450768 -0.179112
point 26 390 459.152 225.775  0.354124 0.0127533  0.230493 -0.583299   0.32179  0.902137  0.323497  0.117825 -0.552446  0.398104
point 27 392 126.748 230.749  0.983986  -0.02339 -0.388746  0.292034  -1.00246  0.943858 -0.731651   0.28434  -0.62506  0.574697
point 28 401 530.889 195.077 0.0359772  0.550617  0.315803 -0.438861 -0.533824  0.216839  0.630501  0.791267 -0.898512 -0.544651
point 29 407 543.143 214.699  -0.676861   0.949087   -0.92828    0.61878  -0.774843 -0.0251731   0.751023  -0.937627  -0.334491  -0.441481
point 30 426 299.237 191.647  0.966994  0.156411    0.8868  0.289532  0.828052 -0.194721  0.527397  0.376011 -0.866653 0.0678013
point 31 427 630.613 139.039  0.743117  0.889098   0.22718 -0.400333  -0.11233  0.780975  0.204931 -0.705152 -0.678206  0.704463
point 32 445 294.673 157.483 -0.905671 -0.315296 -0.711064 -0.798514 -0.358382  0.752522 -0.306641 0.0900116 -0.460445  0.559811
point 33 447 335.049 162.932   -0.32665  0.0317623  -0.983692  -0.777363   0.268309  -0.853466 -0.0580276   0.562091  -0.720589   0.569743
point 34 502 60.8229 204.055   0.274228   0.315341 -0.0293914   0.442735   0.834248 -0.0274638  -0.415893  -0.957077   0.208435   0.121786
point 35 516 42.6077 180.301   0.190043  -0.638498  -0.750651  -0.856623  -0.109455   0.582407  -0.631652 -0.0261671  -0.858104  -0.590767
point 36 521 251.029 114.617  -0.783925  -0.365344   0.626379   0.215472  -0.210524 -0.0217056  -0.392823  -0.695909   -0.80079  -0.662233
point 37 526  356.25 175.319 -0.273083  0.913016 -0.308229 -0.802942 -0.234832  0.381479  0.921064 -0.967717 -0.510735  0.916603
point 38 549 229.472 233.562  0.799776 -0.393743  0.928096  0.950623 -0.109234  0.317295 0.0896734  0.454044  0.372339   0.72707
point 39 550 559.454 207.355   0.233291  -0.130882  -0.694985   0.559549  -0.403377  -0.554242  -0.820814   0.202177 -0.0292889  -0.747143
point 40 556 461.949 209.252  0.967649   1.00839 -0.270638  0.584684  0.920538 -0.238256   0.51598 -0.626859  0.899246  0.274588
point 41 564 591.469 174.842 -0.615027 -0.173244  0.249381  -0.46047 -0.157904  0.492265 -0.476496 -0.994972 -0.752231  0.998126
point 42 579 248.507 180.914  -0.848218 -0.0583316  -0.776001  0.0431884    1.02588   0.569248  0.0847107   0.552351   0.229165   0.246168
point 43 586  251.63 179.262  0.0134514  -0.917871   0.779881   0.192176  -0.283021  -0.159105  -0.716665   0.112888 -0.0280995   0.774659
point 44 592 144.791  173.21  0.846113  0.986902  0.623795  0.273661  -0.87075 -0.858519  0.376253  0.844795  0.626034 -0.691305
point 45 605  531.19 198.254  0.901365  0.503137 -0.413146  0.301203  0.181322 -0.440829 -0.110879 -0.114731  0.899419  0.138723
point 46 630 435.353 200.193 -0.0159716 -0.0467134  -0.338305   -0.32875   0.648791  -0.048251   0.540005  -0.131738   0.558244  -0.669648
point 47 668 522.982 70.9884  -0.53761  0.839969 -0.787485 -0.389935 -0.449966 -0.159715  0.121626 -0.485061 -0.904549 -0.549771
point 48 712 225.122   237.2 -0.00699936   -0.705298    0.464702    0.739608    -0.57797   -0.521736   -0.758099   -0.163376    0.772034    -0.11541
point 49 714 158.869   150.9  0.715164  0.474562  0.735478   0.44853 -0.528559 -0.270029  0.773778  0.947329 -0.503674 -0.811781
point 50 718 131.198 172.891 -0.462418 0.0248552  0.869188  0.526721  0.800648  0.812602 -0.527454 -0.689997  0.715733   0.47679
point 51 723 108.503 235.582   0.158208  -0.891647 -0.0665542  0.0948608   -0.42017  -0.388469  -0.341762    0.69234   0.140385   -0.70733
point 52 730 343.471 203.022  0.735445   0.35973  0.887721  0.808271  0.509956 -0.217184  -0.30186 -0.472927 -0.170543  0.974335
point 53 739 491.622 220.572  0.971842  0.133521 -0.417747 0.0119646  0.798715  0.245086 -0.833987 -0.241778 -0.244255 -0.614264
point 54 749  533.25 197.413  -0.61126  0.278668  0.679622 -0.671209  0.583657   0.04322   0.74024  0.163978  -0.31344  -0.20391
point 55 759 230.489 172.688 0.0985158  0.560151 -0.900209 -0.830652 0.0575444  0.464602  0.869936  0.287766  0.410842 -0.357682
point 56 765 415.218 178.791 -0.945223 -0.176746  0.562983  -0.56003 -0.438848 -0.308575   0.53177   -0.2397  0.441714  0.941252
point 57 785  212.72 179.579 -0.0326134  -0.124374  -0.522207   0.567452  -0.909183  -0.548406  -0.866185   0.677226  -0.703147    0.98969
point 58 803 361.977 154.612 -0.721961   1.01665  0.790507 -0.591433 -0.570076  0.215753  0.117682  0.817839 -0.232746  0.725649
point 59 813 310.858 234.578   0.593765   0.953159  -0.329798  -0.813866    0.23688  -0.758815   0.850961  -0.733251 -0.0088625   0.145368
point 60 817 533.113 135.871  -0.323402   0.525223   0.849014   0.582178   0.602233 -0.0396149  -0.605069   0.629699   0.621988  -0.889842
point 61 823 440.314 129.573  0.0462726  -0.754854  0.0748512    0.71898   0.581597  -0.577733   0.078341   0.917005  -0.434583 -0.0020999
point 62 831 172.049 233.966  -0.120729   0.483866   0.709981   0.136941   0.345102  -0.846736 -0.0724267   0.561818  -0.719596 -0.0467606
point 63 865 304.283  203.17   0.907614  -0.363932  -0.949453  -0.298197  -0.276681  -0.171085  -0.993092   0.595785  -0.767511 -0.0814372
point 64 866 550.171 32.9857  -0.559993 -0.0635611   0.770687  -0.573749   0.637876  -0.277042  -0.100073   0.351474   -0.43861   0.945406
point 65 872 148.824 99.6018  0.466136  0.883483 0.0854882   0.49208 -0.419982  0.739123 -0.513887  -0.24286 -0.859475  -0.92282
point 66 874 407.689 216.874 -0.845262  0.230024  -0.65603  0.834411  0.299291  0.747043     0.746 -0.679772  0.194449 -0.741816
point 67 889 570.582 228.551  -0.817495   0.212621   0.797643  -0.339615  -0.996971   0.420589 -0.0773929  -0.771866   0.748217   0.142558
point 68 911 479.639    84.8  -1.03224 -0.391343 -0.772271  0.729101 -0.888893 -0.117356 -0.955643  -0.18976  0.450433 0.0571051
point 69 914 166.379 234.382   0.272106   0.101221 -0.0496832   0.394368   0.290531   0.418914   -0.67238 -0.0427209   0.216281   0.814853
point 70 932 213.692 193.453   -0.132501 -0.00403471    0.820539  -0.0405824   -0.185182    0.664504 0.000334506   -0.957642   -0.268791    0.532978
point 71 951 445.025 184.148   0.220104  -0.855703 -0.0757732   0.390947   0.267283  0.0361138  -0.974725   0.499547  -0.130653  -0.629086
point 72 964 169.182 185.015  0.969349 -0.282925  0.245432 -0.258896 -0.889893 -0.944672  0.500294 -0.984309 -0.725381  0.653902

