seq: 223
gt_pose:  5.80734  4.81705 0.289141
odom_pose:   6.1761  3.71025 0.238889
point 0 20 485.211 184.405 -0.435722 0.0884695 -0.840421 -0.459814  0.764365  0.338822 -0.860176 -0.820742  -0.30164  0.184966
point 1 22 210.691  192.82  0.425053 -0.807069   0.33317 -0.222541  0.565509  0.928007  0.791234  0.714843 -0.623166  0.574399
point 2 83 168.188 152.689    0.6548  0.948367   0.04939  -1.00628 -0.600699 -0.383887  0.274048 -0.475341  0.523374 -0.930124
point 3 96 316.464 185.612   0.48628 -0.362261   0.26176 -0.724838 -0.824784  0.599047  0.702334 -0.357311 -0.200019  0.743253
point 4 133 240.834 180.845  -0.502641  -0.697921  -0.811528   0.365574   -0.92905  -0.783298  -0.583013  -0.474903 -0.0477168   0.358261
point 5 222 355.557 228.137  -0.644303   0.928968  -0.949468  -0.457356   0.504781   -0.67391 -0.0148715   0.503896    0.38042  -0.509007
point 6 232 258.424 234.173  -0.084335  -0.380834   0.449429  -0.364489  -0.912629 -0.0628806   0.858997   0.751627  -0.916544 -0.0237159
point 7 241 216.318 183.127  0.236603  0.136156  0.590524  0.104508  0.664154  -0.81936  0.132658  0.900013  0.393509 -0.195594
point 8 243 196.277 169.629   0.950022   0.580219   0.801529   0.807399   0.858849   0.123646 -0.0356324   0.510814  -0.876573  -0.340261
point 9 248 123.311 157.634  0.065247  0.820276  0.613545  0.231505  0.113308  0.157748  -1.02584 -0.926966 -0.932587  0.357008
point 10 270 527.406 216.228  -0.504634   0.431417  0.0285115  -0.689071 -0.0278971   0.180697   0.443426  -0.219482  -0.913428  -0.873978
point 11 297 300.457 162.176   0.511343 -0.0554228   0.837327  -0.299255   0.129019   0.529031   0.716631    0.85539  -0.161658  -0.153295
point 12 300 381.198 162.806  -0.132598   -0.60248  -0.709357  -0.209636  -0.205534   0.837979    1.03013  -0.521876  -0.833693 -0.0147727
point 13 349 135.485 136.448   0.63619 -0.304793  0.653032 -0.890733 -0.767432 0.0763436  0.457974  -0.54723 -0.306672  -0.60321
point 14 357 258.706 214.862  0.334683 -0.267237  0.492833  0.466446  0.547825 -0.154611  0.335864  0.732318  0.479359 -0.200916
point 15 361 88.2934 166.134   0.851911    0.71066  -0.294143  -0.468419   0.659036   0.583813   0.280139   0.312962   -0.99789 -0.0567748
point 16 366 188.108 149.595  0.395411  0.768277  0.201625 -0.735512 0.0171313 -0.716033 -0.991818 -0.300352 -0.333014  0.919407
point 17 379 63.1656 8.74557  0.285135 -0.548571   0.10669  0.048419  0.582665 -0.278218 0.0547371 -0.185719  0.145777  0.251918
point 18 383 331.321 163.301   -0.6501  -0.28196  -1.04817 -0.662373 -0.718052 -0.166279  0.464346  0.519162   0.42944 -0.236566
point 19 391 255.044 227.559 -0.820061 0.0387613   0.19407 -0.118152 -0.358749 -0.404259 -0.283104  0.291912  0.132242 -0.919805
point 20 395 370.733 231.828  -0.715197   0.152823  -0.941229   0.972885   0.888866   0.651925   0.037156   -0.33549 -0.0583961  0.0184101
point 21 426 286.783  162.72  0.937189  0.143041  0.881856  0.301515  0.811755 -0.254117  0.486915  0.336272 -0.840342 0.0953996
point 22 436 292.495 231.724  0.332381  0.882678  0.186729  0.721141 -0.804674  0.386118 -0.474212 -0.446971  0.917122 -0.316275
point 23 445 266.859 67.0629 -0.902664 -0.323756 -0.711153 -0.884515 -0.309909  0.814503 -0.283325 0.0805832 -0.455997  0.580361
point 24 447 354.276 64.1112   -0.34349 0.00640543  -0.976512  -0.799148   0.254935  -0.862583  -0.039209   0.508235  -0.669446   0.614873
point 25 515  189.49 186.698 0.00411736  -0.600211  -0.173738  -0.447989   0.551402   0.426353 0.00335063   0.225733  -0.601727   0.377606
point 26 526 376.936 138.354 -0.273185   0.94321 -0.318327 -0.802278 -0.246025  0.389326  0.925359 -0.953036 -0.578945  0.849891
point 27 549 87.3452 223.461  0.787102 -0.367643  0.874898  0.959703 -0.167909  0.328434 0.0281582  0.527375   0.34551  0.711524
point 28 556   561.6 187.658  0.985301  0.948792 -0.328064  0.555658  0.930711 -0.238148  0.492417 -0.679106  0.963926  0.238563
point 29 579 158.892 106.906  -0.813539  -0.130384   -0.77297 -0.0122274    1.04358   0.498015  0.0334712   0.525561   0.218494   0.281203
point 30 586 149.134 88.2794  0.0372986  -0.978996    0.74556   0.175723  -0.338546 -0.0966475   -0.66892   0.096141 -0.0442939   0.691356
point 31 590 381.622 157.932  -0.473719  -0.962167   0.630532   0.514605 0.00517571  -0.577262  -0.477074   0.569647  -0.170696  -0.906003
point 32 712  156.49 235.176 -0.0807567  -0.717574   0.486839      0.728  -0.580859  -0.558803  -0.746358  -0.237776   0.833024   -0.13087
point 33 714 28.1955 78.6656  0.732853  0.430245   0.72688   0.46396 -0.529417 -0.298987  0.736773  0.962026 -0.466117 -0.780833
point 34 730 360.306 176.437  0.776892  0.404775    0.8057   0.84083  0.537047 -0.270833 -0.379805 -0.470677 -0.103477   1.01594
point 35 739 614.865 206.616    1.03597   0.194664   -0.46227 -0.0144122    0.79962   0.249189  -0.855483   -0.23853  -0.163221  -0.648778
point 36 759 178.309 133.473 0.0256304  0.599574 -0.922856 -0.895719 0.0906382  0.477898  0.874772  0.341443  0.413969 -0.366175
point 37 765  489.93 130.736 -0.940398 -0.138913  0.589208 -0.605568  -0.39688 -0.320946  0.506143 -0.182746  0.481692  0.968758
point 38 785 145.863 141.944 -0.0883992 -0.0670152  -0.503705   0.553638  -0.898377  -0.535156  -0.875782   0.702718  -0.641208   0.967769
point 39 792 254.015 191.925 -0.0175625   0.132044   0.429577   0.500412  -0.953617   0.776092   0.616179 -0.0775708  -0.463083  0.0876266
point 40 813 305.058 231.159   0.614095   0.962257  -0.334604  -0.867311   0.300439  -0.721654   0.785146  -0.695319 -0.0147467   0.119531
point 41 831 1.62133 227.018 -0.0871753   0.486022   0.666027  0.0829649    0.35336  -0.894487 -0.0329891    0.62448   -0.72905 -0.0958884
point 42 865 293.091 177.035   0.862638  -0.323554  -0.981571  -0.314591  -0.316148  -0.154647  -0.999616   0.610895  -0.727394 -0.0471015
point 43 874 462.918 202.299 -0.909932  0.214778 -0.718942  0.870574  0.221619  0.697259  0.708828 -0.682241  0.190288 -0.673347
point 44 914 73.4408 230.985     0.266494    0.0839451 -0.000486042     0.407424     0.276313     0.430822    -0.694882   -0.0709644     0.186321     0.802781
point 45 932 148.024 164.715   -0.15181  0.0572931    0.74239  -0.073141  -0.178338   0.694001 0.00171791  -0.922986  -0.298106   0.563255
point 46 948 295.757 190.941  -0.94211  0.143138 -0.872488  0.367707 -0.126084  0.345953  0.281457  0.403271  0.489382 -0.180415
point 47 964 37.3338 136.963  0.903793  -0.24499  0.204745 -0.275254 -0.838902 -0.999577  0.495844 -0.955819 -0.808529  0.719492
point 48 975 234.478 213.463  -0.753005   0.433091   0.727161  0.0231983   0.693606   -0.10902  -0.860278   0.265977 -0.0356339  -0.319411
point 49 982 186.412 213.468  0.486708 -0.416391  0.986513 -0.167558  0.317975  0.467344  0.626547 -0.167544  0.969921  0.180547
point 50 992 209.752 165.647  0.454503 -0.673717 -0.225786  0.348219  0.967812 -0.534101 0.0728381  0.770329 -0.838703   0.95784
point 51 995 191.604 196.034 -0.902498  0.812452  0.612091  0.748803  0.993293  -0.65692  0.670435 -0.457663 -0.893962  -0.38898

