seq: 246
gt_pose:  4.36258  2.85392 -1.00418
odom_pose:    4.375  2.06591 -1.30747
point 0 3 346.797 156.557 -0.219476   0.77496 -0.445466 -0.281953  0.592487  0.848643 -0.896073  0.901491 0.0952662  -0.82443
point 1 6 527.513 204.714  -0.642672 -0.0921432   0.729222   0.639452  -0.347543  -0.495347   0.736834  -0.308821   0.387654    0.94948
point 2 23 631.385 163.358   0.790618    0.73235 -0.0228698   0.194126   -0.66539  -0.447961   0.683158  -0.030304 -0.0275306   0.650035
point 3 38 498.733 180.582   -0.645384    -0.71051 0.000973017    0.677906     0.38965    0.829428   -0.637196   -0.258199    0.386058    0.711704
point 4 42 490.645 100.565  0.0363152  -0.725399  -0.068876  0.0459871  -0.922645    0.62199  -0.208677   0.255758 -0.0620099  -0.725716
point 5 48 573.954 169.224  -0.345329   -1.02678   0.868096   0.200684   0.588176   0.754202   0.818592  -0.703066 -0.0893307  0.0226335
point 6 50 80.3979 148.135  0.802034 -0.585075 -0.463029 -0.668664 -0.577262  0.212996 -0.679428 -0.699297 -0.581392  0.885869
point 7 57 574.972 170.164  0.377594 -0.314495 -0.579628  0.491142 -0.488767  0.388828 -0.951633  0.657262  0.656947  0.201283
point 8 64 633.012  126.11    0.88978   0.505524  -0.750992  -0.949423  0.0468148   -0.19976  -0.573014 -0.0757105  -0.677232  -0.414945
point 9 84 436.012 183.869   -0.41352   0.110874   0.315864   0.954004   0.200524    0.30775 -0.0849225   -1.01236    1.02159   -0.30971
point 10 87 237.075   230.6   0.72617  0.769747 -0.194105  0.866064  -0.67828 -0.647048 -0.480142 -0.240211  0.829372  0.283406
point 11 115 353.542  55.551  -0.724334  -0.712914   0.499047   0.537323 -0.0866877   -0.56309   0.921877  -0.445076  -0.485672   0.499679
point 12 116 576.739 231.402  0.938003   0.63638  0.384539 -0.488027  0.623448  -0.10077 -0.302519  0.607482  0.379696  0.834389
point 13 119 561.235 211.539 -0.345925 -0.444766  0.841155 -0.331971  0.777436  0.503351   0.87297 -0.522813 -0.746319  0.399811
point 14 138 521.318 234.176  -0.344175  -0.749612  -0.427024  -0.557396   -0.52157   0.177317    0.55246  -0.784612   0.158381 -0.0402606
point 15 162 238.848 176.827 -0.582319  0.263098 0.0640412   -0.7812  0.118148 -0.949944  0.622998 -0.744511  -0.62948  0.166264
point 16 185  300.19 159.995 0.0481657 -0.571781 -0.489959  0.371129 -0.272385  0.852409 -0.624526  0.895013 -0.218316 -0.123963
point 17 198 508.678 236.306  0.859913  0.574986 -0.295278 -0.558351  0.972333 -0.833555  0.880996 -0.895922 -0.678678  0.355665
point 18 202  628.88 17.5263 -0.518978 -0.205658  0.227295  0.362315  0.138794  0.830109  0.605042 -0.232182  0.114478 -0.200389
point 19 206 383.454 158.878  0.731412 0.0431124  0.663462  0.932174 -0.774441 -0.704177  0.759187 -0.267573 -0.922349  0.703037
point 20 213 189.509 173.736    0.544004    -0.17151   -0.716662 -0.00862065  -0.0915375   -0.933137   -0.369728    0.767659     0.36134    0.167713
point 21 255 160.559 208.718   -0.967435   -0.768112   -0.978873   -0.884843 -0.00202343    0.908824    0.198904    -0.35403  -0.0960554    0.427011
point 22 259 429.963 204.863  0.162334  0.683365 0.0861747  0.514341 -0.445507 0.0722168 -0.772865  0.403474 -0.931881 -0.567079
point 23 270  60.559 216.968 -0.486811  0.488697 0.0699409 -0.719791 0.0265924  0.202199  0.477486  -0.18146 -0.909658 -0.814075
point 24 276 170.874 238.918   0.531262  -0.724226  0.0927278 -0.0646206   0.298316 -0.0648636    0.27235  -0.624313  -0.454994   0.709851
point 25 280 570.963 219.273 -0.233703  0.156806  0.593773 -0.187012 -0.317937 -0.409975  0.853175  0.844395  -0.11145  0.810167
point 26 286 462.175 176.897 -0.783093 -0.442837 -0.413406 -0.200234 0.0340876  0.346615  0.888623 -0.844661  -0.97885  0.681346
point 27 290 433.436  168.12 -0.657662  0.853768 -0.799021 -0.509621 -0.687527  0.478914 -0.879241 -0.764373  0.605619  -1.01175
point 28 313 570.816 60.2922   0.156446   0.315551   0.180652   0.135619   0.454673   0.669896  -0.376576  -0.639261 -0.0563463   0.391022
point 29 316 412.535 172.305 -0.555774 -0.778976 -0.964213 -0.475372 -0.434011 -0.031566  -0.41126 -0.177228 -0.287718 -0.689654
point 30 319 550.579 133.451 -0.963427  0.211493  0.570573 -0.214447 -0.714036  0.168127  0.731975 -0.356591  -1.00313  0.375864
point 31 325 403.771 67.1787 -0.227423 -0.327909 -0.576549  0.070239  0.255753 -0.363521 -0.285123 -0.433763 -0.589815  -1.02176
point 32 327 464.661 218.019 -0.359176 -0.982804 -0.282994  0.870114  0.279698  0.495787 -0.463093  0.680828 -0.344627  0.800515
point 33 340 150.135 27.7525  0.461795 -0.343697 -0.651516 -0.145412  0.813877 -0.148404 -0.672986 -0.449438  0.538404 -0.325599
point 34 341 150.139 204.142 -0.761498  0.149431  0.263082 -0.383731  0.316861 -0.431677 -0.833326 -0.714001  0.863884 0.0234632
point 35 348 287.691 211.685   0.827136  0.0564165  -0.777711    0.22017   0.368385  -0.301453   0.162413  -0.646531 -0.0446689  -0.963165
point 36 382   612.9 203.013 -0.703331  0.867696   0.98953 -0.943177  0.143042  0.547917  0.578115 -0.238829  0.293748 -0.184294
point 37 398 621.865 216.629 -0.860965  0.841553 -0.693458  0.393307  -1.01331  0.635248  0.660637  0.878524  0.256782 -0.741449
point 38 401 62.9974  174.74 -0.0221546   0.520733   0.274458  -0.487457  -0.560366   0.157756   0.685537   0.784482  -0.954609   -0.56712
point 39 403 358.372 223.846  0.236043  0.680177 -0.535513 -0.526473 -0.644099   0.53185  0.962462  0.716138  -1.02523 -0.618936
point 40 407 157.741 213.642  -0.739288   0.942168  -0.937091   0.645708   -0.78526 -0.0587006   0.685757  -0.895475  -0.330383  -0.476423
point 41 418 244.038 226.617  -0.954768 -0.0559796   0.316515  -0.631883   0.904326   0.748309    0.99852  -0.763077  -0.636116   0.651654
point 42 427 226.505 168.807  0.682832   0.89152  0.257448 -0.421805 -0.131791  0.823159  0.195045 -0.736028 -0.667666  0.650155
point 43 448 578.394 185.631  0.856808 -0.427497 -0.778398 -0.621392 -0.257464  0.713058 -0.434813 -0.740018  0.622527 -0.344861
point 44 456 238.319 131.763  0.212038 -0.579073  0.498454 -0.524824 -0.383883   0.65997  -0.52414 -0.655407 -0.839358 -0.958557
point 45 463 505.379 139.296   0.585467 -0.0909299  -0.326215   0.525281  -0.798605   0.284331   0.984498  -0.780529  -0.806243  0.0426069
point 46 469 614.985 112.853 -0.121882 -0.829249  0.975571   0.90872 -0.140552 -0.443868 -0.796195  0.783128  0.240191 -0.857158
point 47 508 630.487 170.269   0.63409  0.612345 -0.207247 -0.111095  -0.72419  0.866219 -0.846843  0.206358  -0.72599 -0.786434
point 48 512 227.694 112.776  -0.62404 0.0487837  0.759764 -0.390391  0.597146 -0.940637 -0.235513  0.208001 0.0976296 -0.427942
point 49 532 506.954 192.724  -0.82742  0.345855  0.778854  0.846159  0.693269  0.760073   0.18752 -0.453142  0.902776 -0.490633
point 50 533 367.356 164.188  -0.674878  -0.176308    0.63239  -0.304002   -0.74682  -0.711547     0.6216  -0.246034   0.649871 -0.0436396
point 51 550  202.66 212.489   0.204077 -0.0621551  -0.665194   0.546186  -0.324078   -0.52931  -0.828953   0.203481  0.0227494  -0.734884
point 52 556 80.0775 195.097  0.969779   1.00568 -0.341941  0.551623  0.902251 -0.234399  0.436875  -0.66467  0.871592  0.222961
point 53 564  176.76 179.608   -0.62109  -0.127483   0.202353  -0.475707 -0.0872393   0.492757  -0.501083  -0.948661  -0.813724   0.968399
point 54 582 291.121 191.981  0.015358 -0.849973 -0.551133  0.987227  0.188822  0.065207 -0.502491  0.223258 0.0496274  0.774059
point 55 588 399.929 227.835 -0.253741 0.0389495 -0.414624 -0.615084  0.588611  0.616363 -0.538103  0.349277 -0.126627  0.157674
point 56 605 71.6345 180.894  0.895346  0.487129 -0.377778  0.318493   0.12856 -0.399319 -0.049207 -0.145124  0.828231  0.146699
point 57 619 279.371 185.773  0.029655  0.972789  0.402887 -0.925904 -0.937696 -0.584297 -0.731046  0.324721   0.52067 -0.292961
point 58 629 447.162 180.641 -0.431816  0.787905  0.683748 -0.867198   0.92233   -0.2815   1.00074 -0.620825  0.165867 -0.797587
point 59 632 275.697 237.314 -0.0500403   0.209875  -0.343269  -0.723199  -0.520473   0.618006   0.305659   0.108151  -0.708206 -0.0348107
point 60 639 511.199 225.236 -0.786593  0.842131 -0.315386 -0.380704  0.792786  0.647313 0.0162297 -0.816451 0.0420767 -0.716522
point 61 646 381.661 219.881 -0.359178   0.63529  0.801761  0.740996  0.369938 -0.691728 -0.327624  0.862145  0.306373  0.534624
point 62 651 557.699 178.256  0.868196  0.586835 -0.533504  0.249544 -0.584262  -0.95474 -0.874198  0.327541 -0.286197 -0.399067
point 63 664 502.743 214.593 -0.502748 -0.899499  0.314359  0.947836 -0.232062 -0.386255 -0.390954   0.40254 -0.151828  0.358801
point 64 681 426.601  196.93 -0.257411  0.525676  0.147919  0.428151 -0.796996  0.180351 -0.836425  0.445327 -0.121601 -0.813667
point 65 697 422.846 203.127  0.179996 -0.818025 -0.481743  0.903587  0.501343 -0.734858 -0.275994 -0.182182 -0.157415 -0.814689
point 66 709 456.681 213.013  0.983838 -0.836616 -0.931251 -0.969602  0.536898   0.83872   0.80479  0.494451  0.167695 -0.478965
point 67 737 251.581 205.006 -0.404845 0.0773752 0.0395585   0.54161  -0.78562  0.134367 -0.839074 0.0963083  0.499073 -0.186764
point 68 739 133.332 216.835   0.993386   0.208199   -0.45849 -0.0431511   0.715754   0.239196   -0.84899  -0.206646  -0.168127  -0.641107
point 69 749 145.124 193.018  -0.678071   0.272244   0.657804  -0.746482   0.535162 0.00945659   0.763591   0.118659   -0.22923  -0.200694
point 70 768 343.631 200.584 0.0990182 -0.137037  0.192561  0.369467 -0.769775  0.279001 -0.244398  0.453668  0.706441   0.65987
point 71 771 409.896 221.096  0.260105 -0.392033  0.783957  0.930993 -0.609233  0.872727  0.722001 -0.231171 -0.463649 -0.596148
point 72 778 236.307  212.99 -0.158809 -0.673496 -0.765276  0.757047 -0.563164 -0.911042 -0.406889  0.256271 -0.419236 -0.739532
point 73 809 188.123 103.079 -0.275972 -0.925575  -0.99506 -0.271958 -0.511165 -0.227757   0.80981  0.830979 -0.202856 -0.216354
point 74 815 554.512 116.035 0.0972415 -0.184409  0.944631 -0.259575   0.66698  0.563137  -0.37582 -0.658445  0.803447   0.89712
point 75 821 525.275 211.585  0.444259  0.342495 -0.606864 -0.910595  0.935959 -0.222003  0.533257 -0.778957 -0.460473  0.423838
point 76 882 495.827 193.917 -0.501817  0.940843 -0.580279  0.553968  0.506297  -0.21183 -0.948031 -0.840069 -0.566792  0.594559
point 77 885 444.179 166.514    0.871078   -0.615378   -0.152948 -0.00274326    0.594211    0.626399    0.745708    0.826665    0.596743  -0.0297492
point 78 889 200.923 230.353   -0.852496    0.194404    0.804444   -0.247032   -0.928531    0.461562 0.000845593   -0.702247    0.767823   0.0730582
point 79 892 347.728  130.62   0.300773  -0.859644  -0.734944   0.678805  -0.764874    0.65161  -0.656874   0.153381   0.827082 -0.0620963
point 80 898 321.706 226.574  0.832141 -0.574624  0.235019 0.0674253 0.0915459 -0.340458  0.483477 -0.515399 -0.108937   0.42739
point 81 926 64.7549 173.527 -0.799211 -0.771683  0.912351 -0.901794 0.0137951 -0.544326 -0.429575 -0.722001 0.0390458  0.606026
point 82 928 566.912 69.7991 -0.151167  0.913856 -0.796856 -0.858678 -0.226536 -0.542678 -0.734523  -0.34351 -0.481159  0.291814
point 83 939 387.924  141.16 -0.386535 -0.696684  0.534873  0.845271  0.231012 -0.885005 -0.762281    0.7095  0.132597  0.809437
point 84 963   587.6 137.692 -0.0689527  -0.812473  -0.389516   0.422426  -0.863477   0.224253   0.895938  -0.872863  -0.170762   0.483934
point 85 971 561.168 173.136   0.719795 -0.0295758    0.25162  -0.678733   0.958824  -0.114116   0.346396   0.941968   0.821307  -0.140271
point 86 977 635.472 184.458 -0.489157 0.0159675  0.656237 -0.712143 -0.705215  0.835597  0.739654  0.941017 -0.210115  0.393174

