seq: 237
gt_pose:    3.6061   4.48561 -0.998057
odom_pose:   4.0411  3.70761 -1.21527
point 0 3 346.759   192.7  -0.163258   0.774248  -0.477887  -0.313246   0.607764   0.875855  -0.849384   0.944562 0.00463356  -0.837306
point 1 5 586.946   194.8 -0.0245159   0.377073  0.0192411  -0.900964 -0.0845615   0.889627   0.834193   0.431644  -0.463023   0.436814
point 2 14 575.156   198.8 -0.822856 0.0713038  0.515031 -0.422086  0.939706  0.117583   0.70923   0.49808   0.24045 -0.911655
point 3 17 484.271 129.612  -0.448351  0.0611286   0.397229   -0.77639 -0.0562806   0.186087   0.873487  -0.136307  -0.330382   0.682862
point 4 20 108.154 204.126 -0.483029 0.0622106 -0.845594 -0.470538  0.722572  0.341532 -0.828094 -0.787072 -0.267777  0.156196
point 5 42  417.42 171.368  0.0302211  -0.737819 -0.0578771 -0.0287352  -0.946792   0.596455  -0.266476   0.235524 -0.0755418  -0.715199
point 6 44 563.925 107.443   -0.53271   0.222265   0.862777   0.512283 -0.0654684  -0.156372   0.688587   0.949002   0.876184   0.832501
point 7 49 246.846 104.794  -0.708156   -0.38342   0.746066  -0.257654   0.788133   0.494737 -0.0188172   -0.43033    0.93312  -0.766755
point 8 50 216.352  195.14  0.825589 -0.641906 -0.459954 -0.676656 -0.603517  0.233937 -0.640757 -0.741926 -0.552998  0.870828
point 9 57 478.057 199.854  0.357946 -0.364604 -0.582195  0.535742 -0.527758  0.414733 -0.933815  0.683678  0.746085  0.163717
point 10 64 461.294 194.285   0.864205   0.508845  -0.712833  -0.914052   0.062595  -0.219136  -0.617989 -0.0824057  -0.723717  -0.334787
point 11 75 219.532 184.481 -0.698286 -0.928071  0.908114  0.526481 -0.752588   0.75174 -0.577434  0.966641 0.0561752  0.385767
point 12 79 132.643 153.182 -0.222175 -0.733805 -0.177328 -0.749235  0.153656  0.910969 -0.739964  0.774854 -0.662339  0.638039
point 13 82 184.618 85.8621    0.973969 -0.00289875   -0.275717   -0.241669      0.8679     0.87169   -0.819388    0.816865    0.751492   -0.636372
point 14 87 278.414 234.136  0.727443  0.820194 -0.214107  0.864695 -0.624192 -0.640577 -0.473981 -0.294082  0.847075  0.221389
point 15 110 634.952 117.592  0.838127  0.916511 -0.607776 -0.314847 0.0368177 -0.707514 -0.543073    0.5382  0.714185  0.225787
point 16 115 349.631 154.091  -0.677652  -0.771298   0.448758   0.534436 -0.0772571   -0.62413   0.955338  -0.465375   -0.45063   0.430978
point 17 120 313.748  147.02 -0.940906  0.141622  0.718394 -0.548219  0.614585  0.585324 -0.632508  0.248057 -0.862573  0.306678
point 18 140 174.366 60.9342 -0.502813 -0.122688  0.643805  0.133446  0.855826  -0.73484  0.363603 -0.592762 -0.331896  0.914424
point 19 169 560.121 163.476  -0.615784   0.486999   0.692211  -0.247049 -0.0830361   0.486827   0.353625   0.451863  -0.742308  -0.545405
point 20 170 248.625 231.507  0.142593 -0.307913  0.242859  0.127426  0.773847 -0.149089 -0.921571  0.706472  0.400483  0.758982
point 21 179 488.117 201.711  0.020301 -0.845059 0.0584611  0.777789  0.680162  0.325248 -0.289216 -0.784852 -0.188081  0.813869
point 22 184 557.453 214.499 -0.255086  0.534035  -0.40133 0.0392184 -0.598934  -0.24041 0.0527366 -0.408637  -0.42939  0.309929
point 23 202 465.827 145.865 -0.556453 -0.157145  0.295871  0.299986  0.114486  0.781871    0.5644 -0.227108  0.139749 -0.190454
point 24 244 170.969 168.331 0.0187736 -0.926744  0.525795  0.623588 -0.863927   0.75648 -0.358479  0.299483  0.157528  0.234462
point 25 270 167.633 225.586    -0.52399     0.48893   0.0425948   -0.701248 -0.00174981    0.187975    0.468579   -0.202868   -0.881461   -0.810879
point 26 276 268.342  239.52    0.543847   -0.706607   0.0878935  -0.0674842    0.239476 -0.00524648    0.337111    -0.64564   -0.475755    0.735923
point 27 277 604.658 177.466 -0.510707 -0.846792   0.30423 -0.846993 -0.912839  0.150433 0.0872901  0.511434  0.412025 -0.877837
point 28 280 448.972 230.529  -0.204018   0.169008   0.556385  -0.181249  -0.336457    -0.4265   0.848333   0.873332 -0.0928689   0.786886
point 29 290 400.044 195.931 -0.662378  0.795817 -0.733793 -0.519171 -0.648342  0.485302 -0.929175 -0.760426   0.59068 -0.982442
point 30 296 506.195 159.863 -0.0365073  -0.616045   -0.32539   0.341388  -0.204888   0.640472  -0.616294   0.966395  0.0279618  -0.343277
point 31 301 597.064  206.78 0.0782932 -0.520145   -1.0126  0.443858 -0.965512 -0.655297 -0.590156  0.459879 -0.733217  0.033457
point 32 313 465.594  144.67   0.140534   0.292599   0.140474    0.11513   0.453275   0.653224  -0.394505  -0.605919 -0.0581785   0.397323
point 33 315 483.081 142.945 -0.803997 -0.409808 -0.935819  0.135826 -0.327212   0.21952 -0.545001  0.828901 -0.726979  0.868274
point 34 319 460.227 180.706  -0.97232   0.24606  0.589564 -0.212602 -0.751476  0.189237  0.685079 -0.297835 -0.933391  0.403754
point 35 325 360.408 196.083 -0.161991 -0.274084 -0.571612 0.0954926   0.18909 -0.359981 -0.276542 -0.518355 -0.552934  -1.01501
point 36 340 254.101 140.363  0.426217  -0.36622 -0.719966 -0.144221  0.797949 -0.180247 -0.733474 -0.485421  0.576561 -0.367079
point 37 341 231.549 219.001  -0.748995   0.102508   0.259017  -0.324515   0.241982  -0.417308  -0.823408  -0.678231   0.861183 -0.0167696
point 38 343 171.338 152.139 -0.0355598  -0.923694   -0.40368  -0.853644  -0.250423 -0.0971889   0.297139  -0.907425     0.5726  -0.435786
point 39 353 417.909 163.724  -0.524768  -0.196674    0.93699  -0.269003  -0.357036   0.339079 -0.0244917  -0.602433  -0.392002   0.147792
point 40 359 592.676  162.29  -0.0756865   -0.291189    0.619498   -0.536158    0.715669 -0.00507405     0.24681    0.143977   -0.528439   -0.209665
point 41 367 618.637 56.7508  -0.680505  -0.948302   0.894658  -0.425165  -0.496739   0.695992  -0.386313 0.00365746  -0.601217  -0.787997
point 42 390 168.161 227.523  0.318895 0.0349031  0.247815 -0.545487  0.335588   0.85695  0.285446  0.146136 -0.579461  0.401537
point 43 396  323.48 96.6339  0.211645 -0.779548  0.836496  0.690408 -0.385335 -0.385171 -0.788546 -0.423047    0.3269  0.589422
point 44 398 500.073 226.982 -0.783211  0.905418 -0.691889   0.41364 -0.989945  0.587807  0.638672  0.870027  0.298624 -0.752026
point 45 401 218.567 210.618   0.03804  0.590168  0.312103 -0.507758 -0.562841  0.170864  0.671028  0.776678 -0.893804 -0.607173
point 46 407 230.344 223.765   -0.734509    0.986362   -0.933286     0.66405   -0.838731 -0.00537423    0.706638   -0.927244   -0.389185   -0.447432
point 47 418 281.326 231.461  -0.892738 -0.0425115   0.288772  -0.596645   0.915067   0.788503   0.965592  -0.734666  -0.668406   0.660872
point 48 425 629.549 239.944  -0.403392  -0.324809   0.415382  -0.458064  -0.587226  -0.645686 -0.0760574  -0.988314   0.901913   0.869677
point 49 448 460.661 213.235   0.82556 -0.403898 -0.808933 -0.648835 -0.315523  0.729052  -0.40893 -0.677196  0.606753  -0.37778
point 50 456  287.44 180.918  0.203851 -0.632817  0.579004 -0.460754  -0.30239   0.65126 -0.519876 -0.706843 -0.819656 -0.886584
point 51 469 491.922 171.202  -0.106035  -0.866849   0.971415   0.934852 -0.0910849  -0.513599  -0.760726   0.814474   0.147103  -0.903922
point 52 470 586.69 238.46   0.435072 -0.0879276  -0.632491   0.840323  -0.280705    0.89493  -0.383407   0.169684   0.407425   0.803296
point 53 475 591.815 228.307 -0.945738 0.0449694  0.089691    0.6065 -0.269256 -0.311597 -0.110546 -0.010707 -0.727968 -0.260568
point 54 512 277.948 166.527 -0.642495 0.0835985  0.784788 -0.379071  0.532442 -0.885991 -0.283631  0.245541  0.058037  -0.47277
point 55 519 548.508 127.924  0.365449  0.403452   0.56673  0.162569  0.675549 -0.844223 -0.919042  0.917234 -0.324499  0.481537
point 56 556 180.382 211.987   1.01243  0.997389 -0.286381  0.562229  0.921489 -0.208705  0.476508 -0.633447    0.8853  0.280507
point 57 564 247.049 204.597 -0.642631 -0.136962  0.261337  -0.49122 -0.090342  0.519962 -0.513687  -1.00561 -0.761395  0.991316
point 58 573 494.888 162.754  0.870663 -0.203252  0.277462 -0.429049 -0.287123 0.0950232 -0.706548 -0.981038 -0.284615  0.632829
point 59 581 352.135 238.183 -0.710949 -0.492264 -0.319136   1.00399 -0.991475 -0.124461 -0.144333 -0.742715  0.858242 -0.125429
point 60 588 379.365 232.568 -0.226895 0.0954042 -0.438149 -0.628051  0.615222  0.560604 -0.613677  0.357791 -0.219002  0.132168
point 61 605 219.159 212.674   0.928856   0.460667  -0.387305   0.318804   0.138975  -0.348575 -0.0991445  -0.134855    0.87965   0.167391
point 62 630 141.721 200.924 -0.0896126 0.00988467  -0.347921  -0.366906   0.666014 -0.0186074   0.538286  -0.224341   0.587675  -0.741518
point 63 646 369.388 227.069 -0.323677    0.5947  0.808604  0.818117  0.376155 -0.706157 -0.295032  0.825373  0.288961  0.537736
point 64 655  636.75 188.655  -0.13659  0.662797  0.432275 -0.569574 -0.577169 -0.464554 -0.933521 -0.661889 -0.840564  0.819192
point 65 667 551.568 163.867 -0.916114 -0.587188 -0.286198 -0.608537  0.787055 -0.718841 -0.459556  0.744473  0.567523  0.384635
point 66 668 209.095 128.883 -0.538245  0.787932 -0.788788 -0.428391 -0.537613 -0.130212  0.125671 -0.546584 -0.875294 -0.520397
point 67 681 397.917 212.516 -0.230235  0.601915   0.23217  0.414768 -0.752356  0.169489 -0.792886  0.405886  -0.15446 -0.884976
point 68 695 594.045  215.65    0.736364   -0.172942    0.390549   -0.424784    0.425244 -0.00962363    0.891401 -0.00489053    0.518115    0.845874
point 69 749 225.346 211.717  -0.649831   0.207213   0.610207  -0.676952   0.561882 -0.0189173   0.749917   0.181359  -0.299178  -0.200591
point 70 765 123.302 168.189 -0.960046 -0.208605  0.513756 -0.544274 -0.410833 -0.290439  0.510883 -0.149035  0.470261  0.928048
point 71 771 386.905 228.035  0.177606 -0.423439  0.760746   1.00818 -0.587776  0.862148   0.69482  -0.26911  -0.42221 -0.670016
point 72 777 534.574  194.64 -0.664804  0.682973 -0.307904  -0.50115  0.608065 -0.299551 -0.320708  0.539553 -0.080144 0.0896303
point 73 778 282.802  224.37 -0.130323 -0.620992 -0.769735  0.729636 -0.552331 -0.925187 -0.426486  0.295459 -0.466728 -0.665074
point 74 797 575.319 192.573  -0.697505  -0.701919   0.706093  0.0163613  -0.242171  -0.572472 -0.0673026   0.577895 -0.0989149     -0.358
point 75 804 361.852 178.123  -0.84213 -0.711864 -0.650149 -0.584985  0.558745  0.701018 -0.110483  0.419158 -0.542229  0.138269
point 76 809 265.467 170.039 -0.241433 -0.933343 -0.986925 -0.295156 -0.510906 -0.191466  0.824388  0.825455 -0.197524  -0.22495
point 77 815 470.839 166.056  0.132684  -0.20201  0.980602 -0.339748  0.730201  0.637257 -0.377979 -0.645045  0.807864  0.839377
point 78 817 214.545 173.934  -0.302586    0.54086   0.835496   0.551222   0.585131 -0.0923209  -0.622309   0.607239   0.605097  -0.937521
point 79 819 587.148 210.086  -0.575657   0.371213  -0.735254   0.739381   0.921737 -0.0314781   0.315387   0.781406  -0.451977 -0.0627541
point 80 823 150.789 132.214  0.0142145  -0.795379  0.0626285   0.756397     0.5395  -0.568149  0.0432564   0.953951  -0.480816 -0.0674491
point 81 837 372.107 120.418 -0.0655488  -0.219912   -0.47945  -0.345838  -0.773057   0.212764  -0.423696   -0.40173  -0.835552  -0.480175
point 82 846 289.132 222.111   0.468468   0.299312   0.375027  -0.901268  -0.886023 -0.0485353  -0.704898  -0.250121  -0.396636   0.245474
point 83 866 216.384   119.4 -0.538293 -0.115427   0.79354 -0.564272  0.623427 -0.196286 -0.181012  0.401941 -0.420909  0.918235
point 84 867 483.822  210.15    1.02147   0.107251  0.0472998   0.597481  -0.401561 -0.0101916  -0.764541  -0.357357   0.603133 -0.0197943
point 85 874 112.182  211.25 -0.922917  0.264656 -0.704234  0.840983   0.28501  0.711883  0.743164 -0.695984   0.18255  -0.76446
point 86 882 442.845 210.376 -0.416336  0.962388 -0.614134  0.603676  0.468746 -0.211631 -0.916942 -0.789735 -0.598268  0.607222
point 87 886 383.104 136.076 -0.400688 -0.800974 -0.428292 0.0268642  0.329191    1.0239  0.855348  0.902647  -0.70664 -0.886023
point 88 892  347.53 170.648   0.334905   -0.87238  -0.702035   0.677217  -0.671605   0.672251  -0.683923   0.191145   0.859847 -0.0356948
point 89 898 333.929  233.23  0.850682 -0.608372   0.21794 0.0191759  0.043907 -0.302924  0.572196 -0.481251 -0.158241  0.406632
point 90 910  561.97 59.4685  -0.951391   0.603505   0.505428 -0.0399367   0.634682   0.465551  0.0240905   0.586629   0.749558   0.390422
point 91 911 173.357 123.713  -0.983517  -0.337503  -0.779649   0.675652  -0.963044 -0.0888003  -0.979997  -0.139256   0.465548  0.0501622
point 92 920 273.148 176.013 -0.944709   0.66199 -0.332406 -0.389554 -0.427951 -0.144418  0.827908 -0.857814   1.02403 -0.523484
point 93 926 255.334 218.625  -0.755257  -0.837716   0.945667  -0.885425 -0.0254645  -0.565087  -0.357261  -0.748717  0.0707605   0.529739
point 94 928 419.439 183.361 -0.202157  0.857796  -0.85968 -0.892033 -0.285961 -0.598308 -0.735885 -0.327227 -0.420085   0.29297
point 95 939 363.427 198.993 -0.385769  -0.69565  0.564927  0.887776  0.160685 -0.877744 -0.747443  0.695576  0.121108   0.74063
point 96 951 152.236 188.007   0.151123  -0.806603   -0.16025   0.352031   0.195773 -0.0117896   -1.00447   0.443526  -0.155738  -0.699533
point 97 963  454.62 194.077 -0.0440572  -0.785396  -0.398417   0.409405  -0.909033   0.286374   0.961672  -0.930759  -0.183909   0.496275
point 98 971 459.106 204.951   0.701467 -0.0113414   0.282431  -0.727213    1.03737 -0.0713601   0.309955   0.948189    0.76048  -0.169138
point 99 989 547.618 235.342  -0.699389   0.308684   0.451539  -0.597517 -0.0564457  -0.562786  -0.119786   0.475204   0.546163  -0.499688

