seq: 110
gt_pose: -3.43785 -2.11306 -3.09151
odom_pose: -2.23597 -2.74115 -2.84708
point 0 2 75.1659 151.253  -0.561387  0.0301155   0.647527    0.25968  -0.392878   0.227051  0.0547457 0.00685092   0.965907  -0.449457
point 1 25 109.038 216.011  -0.397498   0.857927   0.794028   0.256974   0.667048   0.684529 -0.0414673  -0.366795  -0.200506   0.314326
point 2 28 170.453 132.914  0.313265  0.940556 -0.273748  0.840689 -0.739792 -0.183357 -0.980562  0.585786   0.52719 -0.392842
point 3 34 340.306 183.408 -0.135741 -0.507491 -0.254451 0.0812368 -0.675635  0.149906  -0.95335 -0.268482  -0.22687 -0.401336
point 4 60 461.161 115.574  -0.926612  -0.819494  -0.478299   0.436366   0.196949  -0.838906   0.935061   0.725789  -0.679173 -0.0753351
point 5 70 554.384 129.148  0.910212 -0.741167  -0.41716  0.159295  0.259204  0.778524 -0.551956  0.376777  0.259637  0.675874
point 6 90  314.48 145.786  -0.742086  -0.926517  -0.718825   0.512948  0.0738094 0.00369068  -0.494271  -0.570517  0.0607751   0.764656
point 7 114 263.766 139.179    0.53033  -0.882742    1.01693  -0.540004   0.134949 -0.0556418  -0.296453   0.444818   0.077939   0.210019
point 8 131 384.146 110.763  -0.976488  0.0445676  -0.565902  -0.299545  -0.106124 -0.0768552  -0.524612  -0.123016   0.209776   0.718232
point 9 144 456.633 176.875 -0.499391 -0.153647 -0.808469 -0.758724  -0.66848  0.540857 0.0501258  0.330141 -0.660864 -0.742561
point 10 167 87.0233 194.432  0.754332 -0.405385 -0.440143 -0.211315  0.179866 -0.937376 0.0157466 -0.416263  0.651454   0.34066
point 11 168 34.7747 229.978  0.610133 0.0262347   0.91307 -0.391392  0.576077 -0.685787   1.00862   1.01831  -0.11241 -0.730808
point 12 178 574.799 213.664    0.709392   -0.467945     0.68617   -0.161443    0.894451     1.00898   -0.277647   -0.276386 -0.00868932    -0.92229
point 13 211 573.023 175.522    0.811738    0.604129    -0.20088    0.320373   -0.437952    0.560663   -0.529129    0.258516 -0.00872776   -0.430817
point 14 218 472.594 219.928 -0.156645  0.699943  -1.03484  0.784412 -0.858513 -0.666279  0.791086 -0.921814 -0.491512 -0.676906
point 15 219  499.59 237.675  0.127633  0.091151 -0.345751  0.890112  0.111113  0.336023  0.263787  0.129166 -0.419717 -0.538274
point 16 235 437.757 227.541 -0.831492  -1.02053   1.02319  0.468653  0.124736 -0.182013   1.00985 -0.770069 -0.914081  0.329945
point 17 263 123.299  190.99  0.158758  0.644572 0.0050914  0.557476 -0.852981 -0.124317 0.0363531 -0.860382   0.54917  0.766366
point 18 266 344.452 192.507   0.827365  -0.395035  -0.225847   0.755552  -0.677132  -0.230054  -0.425397 -0.0489304   0.693405   0.782469
point 19 284 218.639 199.434  -0.167418   0.147946   0.027539  -0.254403    0.82043   0.527427  -0.980761   0.965881 -0.0902694  -0.711667
point 20 308 165.697 150.682 -0.565437  0.964093 0.0133854 0.0386623 -0.808877 -0.527074  -0.84173   0.80613   0.40838  0.471223
point 21 330 248.758 228.168 -0.0782619  -0.589808   0.259887  -0.676305  -0.321063   -1.02562   0.781496   0.968643   0.244892   0.464504
point 22 358 301.056 128.243    0.7045 -0.252902 -0.133551  0.999312  0.183228 -0.804493  0.385021  0.494944 -0.949379   0.75756
point 23 388   459.3 185.997  -0.377408 -0.0918697   0.788671  -0.467341  -0.842165  -0.254464   0.307899   0.475972  -0.822683   0.280281
point 24 389 309.049 166.523  0.375853  0.790564 -0.343853 -0.533455  0.332033 -0.639335 -0.221727 -0.164506 -0.751317 0.0743342
point 25 400 283.258 217.241  -0.947708 -0.0761274   0.973531 -0.0376817   0.741525  -0.808661  -0.194354  -0.868193   0.600866   -0.11851
point 26 410 391.232 169.439 -0.244623  0.480715 0.0907634 -0.243986  0.360712  0.678707  -0.48903  -1.02702  0.772439  0.695788
point 27 416 137.578 233.293   -0.549691      0.6392   -0.693738   -0.437117    0.678781    0.962931    0.741246    0.931182    0.439847 -0.00159172
point 28 419 62.1921  196.11    0.650672 -0.00645384    0.425039   -0.777006    0.551304    0.640126     0.76712   -0.429009   -0.848093   0.0926437
point 29 424  598.21 212.317 -0.0605188  -0.818584   0.497293   0.394277   0.530056  -0.456491  -0.119809    0.12926   0.821199  -0.107379
point 30 433 191.997  182.97  0.0326212  -0.609322  -0.401439   0.199979 -0.0297118   0.807855  -0.565803  -0.124916    0.37717   -0.75131
point 31 434 105.914  169.73 -0.827794 -0.175568 -0.649986 -0.459193 -0.820638  0.196745 -0.859715 -0.843543  0.737796  0.395892
point 32 465  56.402 190.533  -0.631028  -0.235726 -0.0185337   0.168616  -0.164127   -0.45942  -0.900433   0.440804  -0.949605  -0.702264
point 33 467 443.725 214.435 -0.379281 -0.741034 -0.115741 -0.357257  0.862878  0.287059  0.483499 -0.141268 -0.653343 -0.767854
point 34 474 383.965  222.97 -0.151807  0.711232 -0.904499  0.683191 -0.704709 -0.826693 -0.392257  0.991727 0.0235489  -0.47095
point 35 488 471.182  134.14  0.946224  0.565738 -0.522366  0.136813 -0.731545 -0.440669 -0.272198 -0.760874  0.129298 -0.258204
point 36 501 286.913 148.786  0.425417  -0.32077  -0.18924 -0.203404  0.316199 -0.302532  0.345392  -0.34693  0.105611 -0.492785
point 37 523 296.109 163.352  0.456016  0.482738  0.476821  0.049057  0.917745  0.673168  0.729394  0.564594 -0.188983 -0.516835
point 38 545 276.837 164.801    0.909197    0.476971   -0.882311    -0.26466   -0.794845   -0.189715 -0.00922094    0.881187   -0.501711     -0.6676
point 39 551 6.61329 211.798   0.27281 -0.730151 -0.650315 -0.117933   0.26406 -0.952824  0.532709  0.166233  -1.03453 -0.620396
point 40 552 623.967 48.7912  0.866858 -0.229565  0.853522  -0.15077  0.455296 0.0428463  0.825549  0.740366 -0.371102 -0.598249
point 41 553 310.363 187.329   0.166113 -0.0236835   0.845109    0.20288    0.66209   0.115464   0.484798   0.930669   -0.98488  -0.255913
point 42 570  173.25 223.046  0.210295  0.334594 -0.812181  -1.00475 -0.933332 -0.755323 -0.639143 -0.984258 -0.364285  0.761477
point 43 574  236.78 156.413  0.828312  0.316798 -0.712868 -0.232037 -0.499357 -0.730664 -0.644626  0.853316 -0.287032  0.215406
point 44 589 461.475  174.24   0.13266 -0.105924 -0.351481 -0.760441 -0.519273 -0.581681 -0.128549  0.242685 -0.888408 -0.890774
point 45 593 63.7249 161.061  0.121019 -0.664474 0.0540863 -0.730807  0.793831 0.0375326 -0.341888  0.337885 -0.900012  0.189301
point 46 600 272.889 147.259  0.903874  0.411633  0.667784  0.615388   0.98231 -0.441202  0.176475  0.486335 -0.374948 -0.864219
point 47 625 591.684 178.877 -0.0311729   0.683378  -0.214319   0.988044   0.401535  -0.647986  -0.541882  0.0696328 -0.0648012    0.10955
point 48 634 114.179 168.549   0.266995  0.0738094    1.00739  -0.679563  -0.889118 -0.0930526   0.472185  -0.247176   0.194612   0.926515
point 49 635  49.639 238.226 -0.254978  0.313982  0.023308  -0.38392 0.0474025 -0.273067 -0.262069  0.514243  0.546071  0.712915
point 50 636 613.162 231.367    0.75964  -0.276381   0.377631   -0.89556 -0.0347521  -0.326267   0.158259 -0.0544464 -0.0824839   0.211548
point 51 643 495.616 217.571 -0.0408064  -0.966973   0.400687  -0.330128   0.415186 -0.0401474  -0.765321  -0.874075   0.166655  -0.282237
point 52 648 221.626 187.843   0.125896   0.406343  -0.696015  -0.931537  -0.772906 -0.0268361   0.649545  -0.991534    -0.3152  0.0374895
point 53 650 583.496 206.049  0.784796  0.252368  0.677522 -0.592531  0.935478 -0.249148  0.891767 -0.736833 -0.136478 -0.836033
point 54 652 31.7941 237.966   -0.7959 -0.290001  0.407168  0.303291  0.928036  0.138985   -0.5197  0.469649  0.593334 -0.466847
point 55 654 533.997  238.19  0.108458  0.708867  0.158635  0.102671 -0.358105  0.412954  0.798832 -0.943434   -0.2807  0.703819
point 56 670  545.67 186.001    0.77619  -0.336378  -0.949146  0.0673016  -0.119312  -0.504105 -0.0770519  0.0629663  0.0426246    0.42132
point 57 679 174.745 90.2685   1.03108 -0.219383   0.18348  0.697124  0.943505 -0.424525 -0.333372 -0.361004  0.878419  0.886277
point 58 680 426.154 224.148 -0.00300937  -0.0294699    -0.99909   -0.324393   -0.162215   -0.771186   -0.277361    0.429164   -0.142089    0.728392
point 59 687  592.71 209.019   -0.363572    0.256604 3.03209e-05   -0.280785    0.706659    0.368139    0.599035   -0.423345    0.156723   -0.540069
point 60 690 595.028 197.176   0.353856   0.916463    0.21349   0.402736 -0.0683056  -0.737561  -0.800564  -0.377018   0.478885   -0.52086
point 61 694 519.244 220.184  -0.707542  -0.746086 -0.0559619  -0.373418    0.97752  -0.426689   -0.21225   0.892202   0.742573   0.429995
point 62 696 53.3493 234.455 -0.837411 -0.310186  0.165864  0.337206  0.921323  0.434965  0.580516 -0.145706   1.00008  0.574227
point 63 700 109.082 210.261 0.00603557  -0.619238   0.217319   0.730896   0.620768  -0.487057  -0.682968 0.00780588   0.929801   0.793037
point 64 706 257.296 185.102  0.950768  0.685153  0.094493  0.706081 -0.888502  0.754432 -0.138773  0.440018 -0.446125  0.342302
point 65 708 132.198  148.51  -0.103225 -0.0118748  -0.741366   0.496841  -0.415686  -0.706431   0.124351   0.724309    1.02275   0.266738
point 66 710 362.753 57.8795 -0.0583708  -0.509234  -0.559868   0.392327  -0.397412   0.272566  -0.725957   -0.11982   -0.21217 -0.0955255
point 67 715  314.36 237.736  -0.778331   0.609269  0.0354053  -0.704467   0.261216    1.01079   0.343885  -0.821821 -0.0982137   0.104214
point 68 727 572.818 202.113 0.0813397 -0.917077  0.614466 -0.587046 -0.223311  0.866336 -0.380736 0.0512421  0.916179  0.887339
point 69 732 605.99  147.6   0.20025  0.742512 -0.903105  -0.30638  0.180676  0.847845  -0.88018 0.0281819  0.645752  0.590697
point 70 735 462.929 221.222  -0.95554 -0.478903 -0.118067 -0.639814 -0.319829  0.529082 -0.262665 -0.719152  -0.34642  0.887729
point 71 748 174.797 169.913 -0.964931 0.0623995 -0.460275 -0.902109 -0.589902   0.15471 -0.258482   0.96159  0.715177 -0.394179
point 72 758 189.133 216.768  -0.15685 -0.950562  0.829809 -0.480722 -0.602771 -0.892299  0.718543 -0.433608  0.214113 -0.399847
point 73 770   305.4 75.0311    0.73982  -0.538558   0.654401  -0.321498 0.00336584  -0.248137   0.466327  -0.793668  -0.817577   0.697237
point 74 795 328.103 191.785 -0.308723  0.866201 -0.266271 -0.537422  0.771221  0.114209 -0.514046  0.125281  0.912615 -0.241696
point 75 796 413.201 213.249     0.596018    -0.859296    -0.625081    -0.473332    -0.181546 -0.000642571     0.993827     0.448111     0.374642   -0.0541516
point 76 808 109.166 171.137    -0.557368     0.563674    -0.117213     0.759148    -0.420464    -0.235161    -0.212403 -0.000520877       0.7852     0.096891
point 77 810 17.4724  185.99  0.987653 -0.655538  0.481039 -0.781701 -0.824398   1.01638  0.777858 0.0512921  0.762625 -0.691293
point 78 812 145.711 233.419 -0.00885018    0.101753    0.519306    0.475261   -0.664658    0.559133    0.771378     0.85394    0.849401    0.958122
point 79 834 311.323  221.37 -0.544978  0.626799 -0.855999  0.985801  0.346147  0.799148  0.937852   0.95859   0.41303  0.680003
point 80 836 194.408 163.774 -0.699341 -0.634324 -0.205365  0.051676  0.611551  0.252181 -0.317625   0.65661  0.183409  -1.03048
point 81 844 265.218 216.125    0.54269  -0.880316  -0.331079    0.68619  -0.114953  -0.697001 -0.0877655   -0.85534  -0.888741   0.900374
point 82 849 25.2322 165.404  -0.165126   0.259476 -0.0667006  -0.619956   -0.37963  -0.900741   0.931889   0.961363   -1.02977  -0.909733
point 83 850  271.19 173.549 -0.596923  0.897844 -0.165737   0.35117 -0.481553  0.472372 -0.839442 -0.396765  0.249495  0.939977
point 84 851 190.895 220.107   0.90946  0.664571  0.433838  0.890257  0.570329 -0.715064  0.126136 -0.464779 -0.266784  0.763789
point 85 871 267.864 194.876  0.308397 -0.837848 -0.727225  0.103012  0.119087  0.759335  -0.13688  0.350925 -0.855061  0.893797
point 86 890 101.083  143.35  0.400981 -0.403616 -0.134324 -0.831108 -0.305034   0.17766  0.898181 -0.850282 -0.248366  0.305626
point 87 891 176.673 221.834  0.412891  0.404845  0.102622 -0.614601 -0.690154  0.305119  0.624288 -0.846026 -0.937113  0.713035
point 88 895 76.0063  208.25 -0.759497  0.317147  0.688225  0.911905 -0.580225 -0.277836 0.0406569  0.634722 -0.729254  0.226254
point 89 896  609.51 199.027    0.43468  -0.455271   0.398108  -0.778563   0.918818  -0.849354  -0.426485 -0.0439972   0.875358  0.0110137
point 90 900 584.686 139.899 -0.606784 -0.500822  0.646672  0.528156  0.432689  0.399457  0.854533 -0.281091  -0.50827 0.0105541
point 91 902 418.467  202.15 -0.463814 -0.680726 -0.188991  0.791983 -0.707003  0.188646 -0.659158  0.985241 -0.294619   0.85261
point 92 919 140.891  108.37 -0.688495  0.462015 -0.258259 -0.509332  0.350769 -0.386943 -0.404545  0.819045  0.124197  0.343427
point 93 921 83.3249 153.617   0.249801   0.170143  -0.300626   0.748815   0.141241 -0.0175359   0.180328   0.865671   0.522877  -0.430465
point 94 923 224.727 208.162   -0.718604 -0.00856731    0.764774   -0.345338    0.343129   -0.112949     0.84092   -0.907912   -0.296087   -0.063145
point 95 930 67.4167 180.277   0.903125    1.04331   0.215705  0.0114168  -0.434548  -0.942125 -0.0699985  -0.277631   -0.83202   0.688428
point 96 952 272.044 162.658  0.738544 0.0659959 -0.435531 -0.248746  0.649603 -0.274166  0.409858 -0.742586 -0.337875  0.685548
point 97 957 442.082 149.496 -0.493979   1.00271 -0.253908 -0.898348  0.330659  0.860792  0.432652   0.56658 -0.429163 -0.138933
point 98 970 288.155  193.44 -0.570541  0.251648 -0.316846  0.864256  0.462276  0.793226 -0.563843 -0.502808 -0.355783  -0.56467
point 99 973 314.772 88.9701  0.179136  0.165049  0.557087 -0.896291 -0.411105  0.270351  0.115868   0.77932  0.521782  0.096735
point 100 981 209.092 183.598 -0.449742  0.844552 -0.102638  0.765397  0.741164   1.02145   0.28367 -0.462457  0.440122 -0.505428
point 101 983 29.8787 151.982  0.654343 -0.544893 -0.864314 -0.933803 -0.833012 -0.226084  0.891836  0.122507 -0.445841  0.589905
point 102 986 456.755 229.397  -0.352213  -0.260787  -0.982183  -0.572331  -0.160962  -0.411739  -0.311968 -0.0433714   0.060401  -0.811791
point 103 988 52.1088 224.676  0.382025  0.870483  0.381382 -0.519606 -0.314668 -0.925336  0.176874 -0.320091 -0.436004 -0.908944
point 104 991  418.56 234.701  -0.180437  0.0293542   -0.77866  -0.981375   0.943024  -0.455486   0.315939   0.441105 -0.0275953  -0.760984

