seq: 244
gt_pose:  4.16654  3.20281 -1.11158
odom_pose: 4.28851 2.44766  -1.383
point 0 3 323.438 169.367 -0.231106  0.745515 -0.403409 -0.277653  0.620331  0.824627 -0.876487  0.886032 0.0875081 -0.827306
point 1 5 612.508 185.135 0.0470158  0.353524 0.0837875 -0.952603 -0.111313  0.835686  0.813557  0.484822 -0.420978  0.457955
point 2 6 471.435  211.12  -0.619157 -0.0967525   0.764419    0.65799  -0.327643  -0.562048   0.803513  -0.336159   0.376719   0.881431
point 3 14 634.114   183.3 -0.815442 0.0834326  0.495539  -0.42617  0.973704  0.189776  0.757041  0.518868  0.231032 -0.941827
point 4 17 534.479 67.9664 -0.466084  0.137371  0.393945 -0.729033  -0.09304  0.203899  0.855059 -0.132235 -0.315561  0.722227
point 5 23 544.438 180.331    0.816103    0.758589 -0.00381559    0.103484   -0.714267   -0.490598    0.710259   0.0117848   -0.097975    0.732365
point 6 24 600.995 189.276   0.413839   0.465079  -0.715586    0.18265  0.0100619   0.721811    0.41077  -0.666553  -0.537275 -0.0174709
point 7 42 429.874     135  0.0444619  -0.732079  -0.039745  0.0404696  -0.865969   0.623331  -0.242092   0.228767 -0.0851971  -0.761708
point 8 50 78.3515 155.265  0.879391 -0.674493 -0.424473  -0.68546 -0.635586  0.273429 -0.655734 -0.757101 -0.546731  0.910339
point 9 57 495.864 186.831  0.380414 -0.340568 -0.594484  0.548755 -0.463696  0.318835 -0.941763  0.722592  0.683541  0.196202
point 10 64 508.216 164.907  0.854269  0.579494 -0.768526 -0.925011 0.0427262 -0.227067 -0.533781 -0.143255 -0.701888  -0.37986
point 11 87 223.332 231.289  0.665425  0.777124 -0.215641  0.924954 -0.663419 -0.605133 -0.521754 -0.249573  0.793831  0.287836
point 12 115 327.175 94.8879  -0.716964   -0.77775   0.428012   0.516326 -0.0952317  -0.530988   0.950927  -0.431592  -0.440213   0.405004
point 13 116 507.669 233.105   0.877602   0.633482   0.427548   -0.42648   0.580424 -0.0973119  -0.298776   0.558215   0.364101   0.786417
point 14 119 493.365  217.39 -0.354382 -0.421106  0.800559 -0.361963  0.759985  0.477617  0.884892 -0.481875 -0.781416  0.376193
point 15 120 247.159 33.3291 -0.985173  0.206594   0.70158 -0.529318   0.65014  0.604394  -0.65184  0.276671  -0.88979  0.303211
point 16 162  222.62 179.636 -0.596668  0.219183 0.0130359 -0.752541   0.13578 -0.943974  0.555116 -0.723136 -0.672777  0.182787
point 17 179 550.148 177.542 0.0470871 -0.879075 0.0616548  0.774084  0.715876  0.369417 -0.296603 -0.763919 -0.249709  0.779832
point 18 184 583.684  208.23 -0.280562  0.498991 -0.401329 0.0608828  -0.62814 -0.324482  0.103566 -0.338862 -0.401945  0.323707
point 19 185 282.156 165.893 0.0548205 -0.633534 -0.554238  0.342676 -0.272018  0.917105 -0.667102  0.889333 -0.204552   -0.1326
point 20 198 455.701 236.981  0.864448  0.583573 -0.318024 -0.578901   1.01049 -0.812274  0.938746 -0.922095 -0.737393  0.275156
point 21 202 509.763 90.2405 -0.592257 -0.211795  0.255483  0.339552 0.0954918   0.82432  0.614889 -0.191376  0.145704 -0.200427
point 22 206 357.417 167.793  0.746401 0.0809931  0.601671  0.882885 -0.765014 -0.665601  0.674595 -0.200722 -0.989453  0.732209
point 23 213 169.602 173.856   0.502217  -0.234079  -0.778904 -0.0731535 -0.0746559  -0.857227  -0.412981   0.742291   0.411077   0.165746
point 24 242 582.884 165.838 -0.796333 0.0312061  0.118863   0.39479 -0.411266  0.599188  0.859525 -0.744027  0.476736  0.617985
point 25 255 140.474 208.762 -0.940053 -0.791878 -0.962903 -0.878371 0.0154204   0.91602  0.174739 -0.276354 -0.126759  0.374312
point 26 259 395.656 209.805   0.199864    0.62814   0.100214   0.502513  -0.440716 0.00333234  -0.703153   0.472322  -0.876387   -0.60257
point 27 270 32.0274 216.293  -0.484215   0.402636  0.0301867  -0.695039 -0.0380736   0.145386    0.49855  -0.159892  -0.962473   -0.82328
point 28 276 174.069 239.087   0.522962   -0.64966  0.0597569 -0.0569508   0.279354 -0.0803906   0.287216   -0.66744  -0.492845   0.694013
point 29 277 622.485 166.915 -0.506359 -0.832635   0.25564 -0.847318 -0.970856  0.190019  0.108836  0.468396   0.39497 -0.851996
point 30 280 479.459 225.315 -0.242927  0.191729  0.595933 -0.132567 -0.307528 -0.423276  0.854426  0.832232 -0.146669  0.811967
point 31 286 421.535 186.638 -0.803036 -0.494127 -0.419353 -0.232445 0.0129578  0.338478  0.890835 -0.880716 -0.943632  0.736111
point 32 290 395.391 180.291 -0.659013  0.802028 -0.790293 -0.459649 -0.681845  0.534534  -0.91081 -0.758012   0.61339 -0.948841
point 33 296 536.185 131.988 0.00339937  -0.602383  -0.342388   0.305927  -0.155317   0.588014  -0.659199   0.989434  0.0627413  -0.341034
point 34 313 488.389 106.242   0.120711   0.367633   0.206277  0.0773345   0.446672   0.654874  -0.410395  -0.569303 -0.0705743   0.381537
point 35 316 381.054 181.491   -0.60194  -0.756283  -0.944091  -0.466012   -0.50237 -0.0019254   -0.38271   -0.16823  -0.277671   -0.70328
point 36 319 477.438 158.764 -0.992191   0.21605  0.614415 -0.191768 -0.690421  0.163091  0.675548 -0.342491  -1.00444  0.322757
point 37 325 350.192 138.425 -0.166159 -0.264956 -0.577575  0.157127  0.160422 -0.372547 -0.213256 -0.462913 -0.628884 -0.964124
point 38 340 151.377 54.5717  0.465874 -0.379426 -0.737428 -0.115896  0.787773 -0.170606  -0.71235 -0.410298  0.548344 -0.327482
point 39 341 137.929 205.853 -0.749343   0.15442  0.268604 -0.300012  0.314728 -0.346665  -0.82505 -0.715018  0.787169  0.010539
point 40 348 269.987 213.317  0.823311 0.0415405 -0.755791  0.189667  0.387622 -0.294591  0.149153 -0.642035 -0.110906  -1.01305
point 41 353 458.631 90.3408  -0.527139  -0.193806    1.01152  -0.288837  -0.325843   0.303433 -0.0346849  -0.550116  -0.452525   0.109382
point 42 359 607.723  149.49 -0.0837724   -0.25206      0.633  -0.534656   0.679302 -0.0188269   0.218955   0.205968  -0.578978  -0.211533
point 43 382 532.337 210.907 -0.715136  0.840244  0.977874 -0.895274  0.119087   0.56488  0.534521 -0.197905  0.253653 -0.172711
point 44 398 524.817 222.742 -0.874343  0.851739 -0.665905    0.3685 -0.946859  0.613035  0.668254  0.886944  0.282539 -0.704785
point 45 401 68.2741 181.335 0.0467601  0.572925  0.236505 -0.515347 -0.589761  0.180048  0.625957  0.857024 -0.943725 -0.586396
point 46 407 143.071 214.555  -0.713182   0.965508  -0.885008    0.62523  -0.798292 -0.0770094   0.730296  -0.900713  -0.323784  -0.483401
point 47 418 229.566 227.555 -0.937196 0.0317581  0.299124 -0.615119  0.944197  0.741942  0.972346 -0.775954 -0.598051  0.651541
point 48 427 209.654 171.138   0.765002   0.928396   0.273571  -0.357746 -0.0495169   0.771428   0.210726  -0.746884  -0.621995   0.665046
point 49 448 488.841 200.625  0.872752  -0.45572 -0.840168 -0.653365 -0.306165  0.738257 -0.385095 -0.744179  0.642487 -0.388544
point 50 456 227.995 144.309  0.200898  -0.54154  0.542509 -0.553355 -0.329587  0.643896 -0.559038 -0.727286 -0.768309 -0.955391
point 51 463 453.882 157.218   0.513475 -0.0377107  -0.286173   0.569413  -0.781326   0.306647   0.976899   -0.84757  -0.794783  0.0806783
point 52 469 518.475  146.64 -0.0740324  -0.801845   0.985419     0.9948  -0.145121  -0.482721  -0.784917   0.828277   0.197177  -0.925918
point 53 470 599.515 238.215  0.437826 -0.110514 -0.642101  0.844697 -0.355404  0.921888 -0.391886  0.180351  0.370381  0.753409
point 54 475 609.951 226.222   -0.991678   0.0609986   0.0127065    0.558623   -0.274151    -0.31253   -0.130853 -0.00785401   -0.759242   -0.301047
point 55 492 572.172 175.186  0.468637  0.535948 -0.762884 -0.447171 -0.475074  0.698485 -0.517424  0.783312 -0.828504 -0.625679
point 56 508 543.232 185.825  0.625264  0.652642 -0.244346 -0.112367  -0.80566  0.819441 -0.827716  0.219288 -0.731938 -0.770478
point 57 512 216.394 124.576 -0.677105  0.108716  0.770115 -0.373256  0.561013 -0.897131 -0.290058  0.206308 0.0267103 -0.479161
point 58 519 627.548 68.6209  0.411943  0.445297   0.60552  0.196505   0.73048 -0.824392 -0.899542  0.856458 -0.305698  0.499307
point 59 532 455.493  201.06 -0.873085  0.347763  0.832467  0.829675  0.753255  0.784802  0.214751 -0.495463  0.939169 -0.508159
point 60 533 342.599 173.172  -0.650907   -0.18694   0.552866  -0.253406  -0.695705   -0.75012   0.572242  -0.208307   0.706299 -0.0221121
point 61 550 183.223 212.636   0.219812 -0.0885897  -0.726641    0.49067  -0.367341    -0.4858  -0.849925   0.225851 -0.0612216  -0.777442
point 62 556 55.4914 194.386   1.00186  0.976047 -0.282591  0.537311  0.956131 -0.215064  0.447292 -0.683558  0.948607  0.269771
point 63 564 165.443 183.334 -0.657504 -0.126498  0.238531 -0.491645 -0.135657   0.48005 -0.455594 -0.946436 -0.788705  0.970316
point 64 573 537.738 126.784  0.859493  -0.24285  0.301836 -0.483903 -0.272369 0.0514072 -0.715059  -1.01696 -0.327357  0.568125
point 65 582 273.331 194.903 -0.00993945   -0.761401   -0.536351    0.957527    0.154436   0.0543826   -0.418519    0.233542  -0.0033092    0.754247
point 66 588 368.465 229.734  -0.24508 0.0790168 -0.421556 -0.569042   0.59841  0.631881 -0.594581  0.299073  -0.18855  0.123955
point 67 597 572.936 180.951  -0.688089   0.705966   0.809767 -0.0702993  -0.294866   0.568054   0.826136   0.947003   0.484648  -0.308005
point 68 605 74.4963 186.492   0.962943   0.481143  -0.386381   0.316564   0.212591   -0.35252 -0.0880452 -0.0915944   0.885804   0.128222
point 69 619 262.021 188.792 0.0114029  0.892018  0.326383 -0.928515 -0.983184 -0.557742 -0.775052  0.306334  0.524532 -0.279029
point 70 629 410.141 189.165 -0.381142  0.824638   0.63978 -0.959187  0.984311 -0.315675   1.01198 -0.717273  0.227334 -0.798025
point 71 632  259.07 237.496 -0.0792897    0.23894  -0.349693  -0.761051  -0.593338   0.695613   0.214605  0.0964476   -0.67707 -0.0682914
point 72 646 354.273 222.593 -0.373057   0.67366  0.813681  0.754267   0.39298 -0.681644 -0.377404  0.785377  0.258143  0.471589
point 73 681 391.064 203.666 -0.317684  0.549018  0.162907  0.439466 -0.782057  0.125496 -0.791614  0.466324 -0.172143 -0.851214
point 74 695 625.468 209.988   0.717965  -0.206016   0.348014  -0.445605   0.481762 -0.0232899   0.893752  0.0679676    0.48708   0.839815
point 75 697 390.517 207.951  0.163184 -0.792743 -0.470676  0.915734  0.496246  -0.77094 -0.313199 -0.140606 -0.183382 -0.826505
point 76 709 416.808 217.189  0.969481 -0.863003 -0.964863  -1.02024  0.455506  0.854954  0.735251  0.521726  0.209482 -0.520052
point 77 737 235.091 206.681 -0.381157 0.0887536 0.0588229  0.595371 -0.770573  0.117099 -0.883451  0.120199   0.49196 -0.173278
point 78 739 111.574 216.676    1.00278   0.184275  -0.419723 -0.0226866   0.803977   0.172867  -0.864608  -0.255627  -0.192879  -0.682692
point 79 749 130.956  194.68 -0.638868  0.233134  0.689832 -0.740891   0.54541 0.0600925  0.685417  0.159367 -0.251319 -0.137081
point 80 768 322.201 204.195 0.0986398 -0.135438  0.167551  0.388353 -0.714414  0.269039  -0.24278  0.464651   0.72037  0.654376
point 81 771 377.356 223.955  0.184574 -0.368707  0.754538   0.99423 -0.665442   0.83153  0.718909 -0.202998 -0.453828 -0.623992
point 82 777 589.046 175.047  -0.659341   0.662318  -0.335959  -0.416061   0.623472  -0.244078   -0.25661   0.590459 -0.0466621   0.101588
point 83 778 224.559 215.593 -0.115907 -0.671613 -0.780653  0.747526 -0.504129  -0.91361 -0.404971  0.349607 -0.465044 -0.689615
point 84 797 615.262 178.839  -0.727334  -0.693267   0.736284  0.0803244  -0.247465  -0.519947 -0.0339577    0.49669 -0.0802786  -0.356272
point 85 804 365.227 20.7104 -0.777311 -0.687765 -0.669076 -0.548222  0.567933  0.697498 -0.118246  0.492445 -0.594844  0.163987
point 86 809 183.129 118.705 -0.256189 -0.871542 -0.911827  -0.32083 -0.531215 -0.168166  0.810291  0.826661 -0.220076 -0.237362
point 87 815 483.885  143.68  0.109348 -0.254391  0.976842 -0.332892  0.741783  0.628204 -0.418598 -0.600118  0.817607  0.917394
point 88 819 600.945 205.213  -0.518063   0.412867   -0.72556   0.744662   0.909595 -0.0198607   0.312138   0.772906  -0.449587   -0.13728
point 89 821 470.472 216.622  0.387945  0.330922 -0.596505 -0.947815  0.950948 -0.175169  0.448938 -0.866652  -0.42875  0.461384
point 90 837 366.669 25.5682 -0.115301 -0.184775 -0.459909 -0.305277 -0.822465  0.207365 -0.452708 -0.395132 -0.834523 -0.476232
point 91 867  534.73 193.264    0.964283   0.0714619    0.105082    0.628322   -0.447484 -0.00157281    -0.77353   -0.405995    0.650258  -0.0500351
point 92 882 445.027 202.368 -0.475618   1.00099 -0.633475  0.559486   0.44731 -0.267361 -0.909398 -0.813371 -0.613528  0.581049
point 93 887 610.607 225.425  0.566054 -0.770634 -0.811432 -0.713933 -0.862473  -0.93228 -0.392537 0.0758119 0.0610989 -0.793424
point 94 889   182.9 230.518  -0.863219   0.243498   0.841278  -0.269976  -0.968297   0.389883 -0.0364331  -0.705916   0.739221  0.0808821
point 95 892 325.078  144.06   0.308244  -0.862046   -0.66697   0.733079  -0.761758   0.660597   -0.65813   0.195128   0.862767 -0.0100887
point 96 898 302.042 228.952    0.860379   -0.580372    0.225491 -0.00927756    0.119895   -0.321872    0.512656   -0.472577   -0.163112    0.486003
point 97 926 105.039 189.346  -0.75384 -0.836581  0.920059 -0.919589 0.0259535 -0.576384  -0.41905 -0.747121 0.0033179   0.58795
point 98 928 456.672 133.071 -0.168463  0.885599 -0.817334 -0.908001 -0.300519 -0.560041 -0.674859 -0.318749 -0.456774  0.287163
point 99 939 351.219 166.824 -0.409767 -0.744061  0.524474  0.912511  0.206932 -0.967055 -0.776456  0.714599 0.0933682  0.741087
point 100 963 488.807 168.472 -0.00524026   -0.806331   -0.422764    0.393847   -0.875129    0.303164    0.935299    -0.87399   -0.216972    0.487567
point 101 971 481.269 190.204   0.700592 0.00691802   0.226996  -0.718414   0.945995  -0.112723   0.389352   0.988803   0.747461  -0.172931

