seq: 282
gt_pose:  6.60792 -3.25892 -2.04099
odom_pose:  4.75465 -4.47566 -2.28162
point 0 16 163.311 212.419 -0.534169  0.293406 -0.537582  0.380676 -0.337196 -0.366376 -0.573796 -0.851862  0.228464 -0.580015
point 1 23  594.26 145.001   0.812036   0.698172 -0.0371857   0.146425  -0.696931  -0.474338   0.757168 0.00116504 -0.0767427   0.706103
point 2 24 593.451 176.998    0.3376  0.449753  -0.72002  0.252707 0.0158018  0.675322  0.436072 -0.648816 -0.556736 0.0446511
point 3 26 502.293 161.578 -0.821899 -0.765228  0.326461 -0.285648 -0.374949 -0.326112 -0.804478 -0.183485  0.829921  0.192686
point 4 35 406.369 186.378 0.0891643  0.842864  0.397731  0.620629  0.443404 -0.422785  0.320676 -0.962272 0.0856016   0.66265
point 5 38  609.41 88.5505 -0.643534 -0.646797 0.0264048  0.693715  0.386722  0.808781 -0.632921 -0.237975  0.457343  0.772036
point 6 48 499.995 151.248  -0.341735  -0.953632   0.850648   0.155482   0.506747   0.776169    0.88029   -0.62527 -0.0904016 0.00011823
point 7 54 474.745 55.0229 -0.617727  0.230388 -0.914762 -0.817187 -0.686225 -0.535636  -0.74444   0.15636  -0.93211  0.732008
point 8 55 100.301 158.781 -0.0589471   -0.50034   0.215848   -0.68989   0.140693 -0.0200509   0.653975   0.858513 0.00326713   0.182587
point 9 56  372.33 177.349  0.257736 0.0471549 -0.970392  0.906866 -0.331475 -0.576889 0.0408624 -0.160851 -0.395379  0.319048
point 10 62 243.658 198.727 -0.433718 -0.608969  0.832835  0.561938 -0.832303   0.96885  0.656827 -0.309367  0.419682 -0.118905
point 11 69 336.391 204.611  -0.363566   -0.80114   0.780654  -0.793252 -0.0303025  -0.434048  -0.621031  -0.441507   0.296975   0.873745
point 12 85 102.039 186.705  0.553154 -0.395631 -0.627395  0.456817 -0.222491 -0.962111  0.355289  0.740711 -0.965479  0.772069
point 13 91 178.994 199.931   0.449864 -0.0732857  -0.821202 -0.0947785   0.845714   0.779596   0.315167   -0.48765  -0.594819  -0.424266
point 14 116 625.727 225.671   0.891199   0.623662   0.338436  -0.496396   0.574426 -0.0891353  -0.317715    0.58865   0.303852   0.771379
point 15 118 405.814  183.09   0.937094   0.833376   0.682408  -0.485238 -0.0239843   0.542115  -0.923751  -0.633884  -0.893955   0.723398
point 16 138 558.029  228.68   -0.43255  -0.694513  -0.472868   -0.59872  -0.532186   0.122736    0.51558   -0.75595   0.157491 -0.0841325
point 17 141 274.637 169.645  -0.284006    0.15491  -0.357724 -0.0103733  -0.116025   0.478837  -0.975525  -0.940205  -0.603831   0.662502
point 18 151 3.17023  146.82  0.949164  -0.50795 -0.694309  0.800375  0.394105  0.536313   0.88247 -0.791993 -0.200447  0.700633
point 19 152 353.563 103.399 0.0967732  0.468459 -0.624338 -0.542141  0.887751  -0.51773 -0.134372  0.605124    0.7887  0.305442
point 20 164 145.876 238.312 -0.116401  0.722276 -0.196772  0.845243  -0.90311  0.206883   0.18377 0.0603009  0.434796 -0.764427
point 21 182 366.174  233.06  -0.88679 -0.967322 -0.778263  0.923819 -0.715429 0.0562042 -0.614655 -0.398237  0.360576  0.451003
point 22 188 4.95864 42.0801 -0.393865  0.242382 -0.322363  0.810019  0.417973  0.319624 -0.538917 -0.248408 -0.326658 -0.703836
point 23 196 133.956 10.2565  0.493547  0.503365 -0.951225  -0.89774  0.465056  0.905021 -0.781926 -0.725067  0.705996 -0.413629
point 24 204 241.411 222.908   -0.28942    0.82516  -0.456184   0.695623    1.01925 -0.0265615   -0.46958   0.251877  -0.693199   0.700001
point 25 225 181.146 190.281  0.185719 -0.405173 -0.257961  0.338802 -0.334864  0.775151 -0.540477 -0.329827  0.286165 -0.391873
point 26 234   520.3 164.953  0.141152 -0.159575  0.692603 -0.356927  0.777729 -0.431651  0.296309  0.203289  0.215497  0.418828
point 27 242 589.301 141.846 -0.747151 0.0574263  0.131142   0.45874 -0.415032  0.674017  0.799023 -0.756773  0.442776  0.641389
point 28 252 293.741 149.925  -0.431204 -0.0415465   0.711842  -0.153685    0.93537   0.920204 -0.0805008  -0.147609  -0.908409  0.0499211
point 29 256 340.541 219.814 -0.685176 -0.711779 0.0624556  0.699049  0.538878 -0.862498 -0.576741 -0.633759  0.755074 -0.177209
point 30 257 184.092 229.358   0.922126   -0.18517  -0.168001  0.0641764  -0.875241  -0.125458   0.241634  -0.793504 -0.0826874  -0.727305
point 31 261 318.842 182.585   0.844975   0.429275   0.952697  -0.363144  -0.146527   0.158605  -0.611353   0.922432  -0.386354 -0.0721518
point 32 265 74.4681 217.855  0.240106 -0.147381 0.0587419  0.607067 -0.708465 -0.711533  0.237474  0.313847  0.828915  0.442939
point 33 273 270.559 136.637  0.655256 -0.498837 -0.543184  0.304534 -0.878608 -0.849173  -0.16766 -0.870577   0.92131 0.0554493
point 34 299 384.268 198.139  -0.707219 0.00569535   0.444734   0.923362   -0.28938 -0.0176605  -0.143532  -0.484435   0.673728   0.999553
point 35 314 181.437 180.774 -0.123782 -0.915765 -0.701499   0.72903  0.675741   0.12041 -0.935313 -0.259927  0.637212 -0.802025
point 36 326  522.31 186.279  0.455092 -0.551596  0.549075  0.200735 -0.917596 -0.355704 -0.438026 -0.628946   0.25587 -0.761223
point 37 347  119.46 115.677  0.418665  0.425219  -0.67295  0.543555 -0.136974 -0.757652 -0.935029   0.87663  0.551854  0.409242
point 38 365 106.699 167.151   0.805607  -0.870003  -0.529489  -0.280411   0.509201 -0.0119236   0.928151  -0.261664   0.596071  -0.316171
point 39 369 614.724 234.049  0.377482 -0.474027 -0.866232 -0.492088 -0.376418 -0.584154   -0.3638 -0.451635 0.0436004  0.124311
point 40 373  409.24 219.986  -0.400844   0.832203 -0.0184518  -0.321625   0.446672   0.562214 -0.0571854   0.698258  -0.309951  -0.797249
point 41 374 359.199 192.553  0.616749 -0.385035  0.311743 -0.626359   0.41748 -0.884032 -0.723451 -0.629224 -0.415375 -0.787796
point 42 382 599.204 190.206 -0.705238  0.836418  0.911787 -0.980581  0.168501  0.569612    0.5216 -0.188447  0.258707 -0.209785
point 43 394  134.19 70.3366 -0.205068 -0.503726    1.0013 -0.269574  0.374965  0.907977  0.632991  -0.98051  0.202249  0.614269
point 44 429 372.643 195.496  0.475585  0.373687 -0.684929 -0.519268  0.518391 -0.924041 -0.637287 -0.135633 -0.318772  0.347169
point 45 444 352.525 157.123   0.593327  -0.935538   0.426134  -0.625709 0.00680443  -0.775885   0.947948   0.336042 -0.0739883   0.580484
point 46 446 403.432 107.126   0.554504  -0.778886   0.572039   0.906025   -1.03758   0.169969    1.00595   0.480295   0.487837 -0.0357682
point 47 452 393.139 158.861  -0.891737   0.239028  -0.212245   0.658368   0.592677  -0.767139 -0.0378722   0.257894  -0.342569 -0.0816828
point 48 468 396.268 145.932   0.50463 -0.323017 -0.522053   0.54942   0.18712  0.522092 -0.345026 -0.315599 -0.834599 -0.321036
point 49 481 302.032 220.494 -0.839257 -0.877341  0.405808  -0.58207 -0.292794  0.120959 -0.158287 -0.860924 -0.431181  0.246565
point 50 482 311.567 200.852  0.501304  0.367628  0.238647  0.226416 -0.381654  -0.55881  0.242857 -0.274662  0.310997 -0.385195
point 51 484  449.18 183.835  0.894969   0.67507  0.967658 -0.790892 -0.664849  0.550386   0.67705  0.561266 -0.365543 -0.745944
point 52 492 616.964 144.793  0.505886  0.560739 -0.732527 -0.419576 -0.508985  0.654331 -0.537909  0.768443 -0.845784 -0.554873
point 53 498 252.298  199.21 -0.420797  0.434021  0.882666  0.848647  -0.64983  0.900081 -0.876532  0.886255  0.180428 -0.990003
point 54 500  227.56 205.119  0.951527  0.119902 -0.781092 -0.723186 -0.481968 -0.318877  0.689761 -0.655732  -0.44975 -0.973488
point 55 508 616.918 148.975  0.651829  0.639584 -0.192992 -0.158393 -0.782411  0.892625 -0.859289  0.214824 -0.685319 -0.784016
point 56 509 377.873 122.354  0.292271 -0.864775 -0.352571  0.672112  0.785625   0.87411  -0.43323 -0.307909  -0.36305  0.977999
point 57 510   21.95 163.206  -0.693984  -0.917731   0.615025 -0.0851992   0.856752   0.304272  -0.462351  -0.388263  -0.873071   -0.20222
point 58 540 305.255 177.692  0.929044  0.526475  0.694002 -0.473065 -0.341098  0.983435  0.399759  0.893171   -0.9452  0.369704
point 59 548 204.529 157.624 -0.791708 -0.378865 -0.427785 -0.544629 -0.859526 0.0988181 0.0804497 -0.560887 0.0215159  -0.75444
point 60 560 491.978  199.85  0.956607  0.496459  0.540514  0.823821  0.321187  0.413705 -0.702761  0.010617 -0.423695  0.343142
point 61 562 136.771  144.11 -0.734019  -1.03722   0.15039 -0.222258  0.488072  0.140645 -0.783655 0.0222574  -0.12316  0.534757
point 62 565   462.9 238.696  -0.930927   0.876027   0.435847   0.215024  -0.578785  -0.588985   0.857058   0.850814 -0.0218168   0.546809
point 63 566 394.855  237.73  0.588552   0.68317 -0.234227 -0.319277 0.0929069  0.116312  0.561065 -0.683348    0.6564 -0.571475
point 64 567 93.7655 179.711   -0.92779  -0.771439   0.647863  -0.456562   0.209657   0.722016  -0.565094  -0.400389  0.0509932 -0.0856539
point 65 597 574.529 161.113  -0.728872   0.687086   0.861461 -0.0503475  -0.336484   0.565886   0.854453   0.891469   0.447808  -0.305595
point 66 618 71.4372 127.461 -0.220627 -0.583153 -0.339028 -0.644342  0.262838 -0.477874   0.91381 -0.180519  0.930703  0.951922
point 67 620 368.045 149.342  0.612089 -0.316185  0.863619  0.742393 -0.292325 -0.410789 -0.790036  0.348633 0.0241252  0.482339
point 68 638 449.582  207.64  -0.247245  -0.833366   0.616824   -0.82474   0.267216   0.321298 -0.0560532  -0.394521   0.456119    0.85257
point 69 639 580.576 207.675  -0.829154   0.788799  -0.344593  -0.396648   0.773304    0.69468 -0.0106695  -0.804123   0.102234  -0.698119
point 70 651 506.178 154.619  0.839115  0.583918 -0.559679  0.246021 -0.507322  -0.89605 -0.875118  0.367226 -0.275166 -0.470648
point 71 665 414.496 212.324  0.458681 -0.878403  0.927663   0.31898 -0.132427  0.956413  0.699441 -0.239594 -0.227442 -0.496153
point 72 671 20.5379  123.25  -0.957273  -0.360326 -0.0489781   0.523674   0.699065  -0.626426   0.277271   0.942715 -0.0280876  -0.570857
point 73 673 314.404 237.638   -0.49445   0.720176 -0.0598244  -0.264878   0.555622 -0.0126984   0.392016  -0.554561   -0.39064   0.112854
point 74 685 152.343 186.853   -0.61281  -0.163804  -0.119536   0.747411 -0.0754061  -0.808551  -0.143357   -0.51128  -0.603971  -0.366653
point 75 692 168.713 142.651  0.588563 -0.836258    0.8955  0.133555 -0.388295  0.173878  0.107088   0.77828 -0.386569 -0.983933
point 76 721 97.0876 203.732  0.632275  0.476428 0.0950923 -0.499029  0.750231   0.37191  0.193131    0.3985 0.0836799  0.519677
point 77 722 466.823 165.646   0.551753  -0.625272  -0.223856  -0.730529  -0.874617  -0.908928  -0.338635    0.57508   0.496497 -0.0444832
point 78 731  403.97 217.933 -0.303992  0.419274  0.377116 -0.876463 -0.620552  0.985556   0.73963  0.801285  0.513655 -0.821792
point 79 733 138.828 117.801  -0.39064 -0.674551   0.61738  0.154715  0.182374 -0.709963 -0.479445 -0.549359 -0.627893 -0.126778
point 80 742 89.6426 116.953 -0.450329  -0.35304  0.651788  0.559295 -0.868442 0.0883367  0.266481 -0.815468 -0.363373 -0.851718
point 81 743 339.569 212.945    0.15874  -0.540476   0.833466   0.280447   0.650253   -0.23644  -0.471827 -0.0917568  -0.258023  -0.450571
point 82 745 396.397 183.823   1.01071 -0.451617 0.0763344 -0.650167  0.243138  -0.69117 -0.240768   0.17723  0.604184 -0.532108
point 83 746 116.168 206.944 -0.382278 -0.383544  0.531863 -0.480788  0.850901  0.846995  0.486858 -0.280744 -0.483253 -0.985069
point 84 751 522.896 223.063     -0.3544   0.0871641   -0.379294    0.838048   -0.615739 -0.00816121   0.0566952   -0.928221    0.231109   -0.365704
point 85 762 127.674   192.4  0.281306 -0.128797 -0.976573  0.878539   0.22258  0.857821 0.0576754  0.876624 -0.889252  0.519388
point 86 763 432.166  167.88  0.119162  0.120722 -0.748818  -0.30723 -0.585821   0.91699 -0.121177  0.523174  0.312174  0.122421
point 87 764 176.632 151.457 -0.938168 -0.478681  0.245379 -0.718433  0.967318 -0.497509  0.171164 -0.952357 -0.718794 -0.526194
point 88 791 338.808 171.826  0.696877 -0.578377 -0.834998 -0.579718   1.01456  -0.50397  0.471889  0.622276  0.532108 -0.477816
point 89 842 108.566 217.097   0.622929   0.205616   0.252322   0.896482 -0.0446525   0.843689  -0.290835   -0.14466  -0.130274    0.87214
point 90 855 396.471 172.979  0.0295342   0.978748   0.147392 -0.0553207  -0.865069   0.697142  -0.238346  -0.528348   -0.30094   0.885844
point 91 857 94.2793 204.068  0.132629  -0.78645 -0.449083  0.396271  0.987244  0.584281  0.353028 0.0961077 -0.415552  0.563687
point 92 860   74.08 192.788  -0.76527 -0.867622  0.698948  0.539469 -0.865599  0.220507 -0.182554 0.0318804 -0.827978 -0.541987
point 93 887 555.003     224  0.593252 -0.782766 -0.724242 -0.699638 -0.785681 -0.914073 -0.308182 0.0276039 0.0532964 -0.817378
point 94 903 531.865 158.896   0.810717   0.539856   0.938558   0.815452 -0.0143732  -0.703026   0.258829  0.0845175  -0.946354  0.0415257
point 95 904 203.559 136.018  -0.425688  -0.160866  -0.454702   0.586161   0.311381   0.139833   0.881888  -0.893872 -0.0408536  -0.796044
point 96 912 97.3669 167.394  -0.556005 -0.0685593   0.621503   0.715919   0.470361   0.687806   0.394169 -0.0885719  -0.395996 -0.0142489
point 97 918 511.575 222.317 -0.828114  0.189152  0.572192  0.194675 -0.360565 -0.734991 -0.611685  0.871091 -0.157368 -0.297989
point 98 925 477.538 183.939   0.774076   0.571063  -0.447623  -0.611263 -0.0250014  -0.272737   0.395219   -0.32397   0.409152  -0.269274
point 99 931 475.311 175.461  0.702916  0.745506  0.385561 -0.161532  0.332567  0.578449  0.534732 -0.875063   -0.2759 -0.221766
point 100 935 393.501 207.966  -0.687088  -0.890987   0.288606   0.937298  -0.640181   0.503572   0.270106   0.844024  -0.728835 -0.0283712
point 101 949 272.771 235.329  -0.828848  -0.427702  -0.701307   0.865932  -0.636237 -0.0513494   0.932859  -0.858537   0.346345  -0.687594
point 102 961 456.038 156.506 -0.341064 -0.448841    0.9569  0.592669  0.497607  0.634807 0.0770029 -0.116889 -0.776091 -0.196057

