seq: 101
gt_pose:  -1.6385 -2.02288 -3.09151
odom_pose: -0.534124  -2.27977  -2.91952
point 0 4 564.939  170.58 -0.316727 -0.859035 -0.944564 -0.123457 -0.831704 -0.529085  0.907934  0.781834  0.731798 -0.500863
point 1 10  83.859 215.092 -0.555685 -0.692445  0.489456 -0.731496  0.571136 -0.657653  0.501102 -0.836013  0.880386  -0.84544
point 2 28 251.034 190.615  0.259179  0.989723 -0.285579  0.749563 -0.738015 -0.201275  -1.03554  0.578367  0.562923 -0.415261
point 3 34 331.484 207.996 -0.117576  -0.48837 -0.268498 0.0454892 -0.729775 0.0629053 -0.946689 -0.262127 -0.256138 -0.385073
point 4 60 401.339 168.304  -0.919962   -0.84616  -0.553398   0.391118   0.175054  -0.823202   0.955682    0.74847  -0.711803 -0.0853761
point 5 70 437.414 184.469  0.885732 -0.727883 -0.378035  0.122983  0.281362  0.719426 -0.506186  0.343953   0.29312  0.657378
point 6 73 617.734 116.312   0.846442  -0.136793    0.75437   0.303049 -0.0500905 -0.0540378  -0.459677   -0.54841  -0.477729    0.13843
point 7 80  323.95 223.196  0.021553  0.463394  0.960091  0.881262 -0.831158 -0.936405 -0.889017  0.770103  0.785151 -0.909721
point 8 86 527.186 182.192  0.837824  0.400531  0.788831 -0.478403 0.0955564 -0.698549  0.649671 -0.575816 -0.737169 -0.117808
point 9 90 317.014 189.036 -0.720177 -0.943324 -0.684469  0.452712 0.0948076 0.0517355 -0.490933  -0.51155 0.0404895  0.789327
point 10 95 636.012 170.896 0.0879668 -0.453265 -0.485482 -0.568714  -0.95916 -0.815308  0.471287  0.264253 -0.591712  0.309167
point 11 105 635.362 167.678    0.46711  -0.973799   0.481837  0.0660946  -0.172194  -0.035653  -0.798138  -0.748864   0.886327 -0.0611801
point 12 122 23.9949 201.052 -0.345166  0.471118 -0.941535  0.849184  0.813552 -0.934342 0.0635258  0.466427 -0.491556 -0.298884
point 13 124 638.657 212.689 -0.515115  0.639719  0.747259 -0.471709 -0.827645 -0.581149 -0.991035 -0.802888 -0.736009  0.844007
point 14 125 528.061 217.383  -0.183396   0.983432  -0.630805   0.689023   0.861202   0.519795   0.923751  -0.292191 -0.0894623   0.756806
point 15 126 81.6672 206.053   0.734529  -0.491309  -0.118585   0.297616   0.905539   0.305996 -0.0259802   0.681923   0.870478   0.178066
point 16 129 172.166 74.7304  -0.510575   0.804744   0.916356  -0.659983   0.145557  -0.661022   0.925023 -0.0829818  -0.956621  -0.112607
point 17 131 355.647 168.181  -0.945378  0.0862767  -0.596365   -0.35307 -0.0385072  -0.120419  -0.509219   -0.12246   0.177571   0.667361
point 18 150 587.874 190.696  -0.950198  -0.496241   0.730974   0.361091  -0.583029  -0.396836  -0.942335   0.162092  -0.882857 -0.0276019
point 19 155 70.5471  219.26 -0.562342  0.725108  0.302978 -0.805787 -0.710847  0.653356 0.0698528 -0.319996 -0.795648 -0.925299
point 20 172 600.625 167.083  -0.352401   0.898176   0.353612   0.995613 -0.0647854  -0.426053  -0.336232  -0.782096   0.663795  -0.544329
point 21 195 32.1612 22.6165  0.298079 0.0181828 -0.226316 0.0998865   0.59823 -0.258193  0.291616  0.545782 -0.429746 -0.169951
point 22 197 173.946 148.914 -0.809679   0.62435  0.136452 -0.238146  0.780007 -0.527302  0.789648 -0.483918  0.449028  0.356332
point 23 210 556.475 174.675   -0.310641    0.638672   -0.444661   -0.709641    -0.84211   -0.363983 -0.00344559    -0.65637      0.4881    0.775746
point 24 218 387.218 231.158 -0.133841   0.64193  -1.01037  0.744253 -0.855579 -0.633312  0.841925 -0.951555 -0.430673 -0.768635
point 25 223 83.4234 166.909 0.00950751   0.110661   0.931479   0.469339  -0.830914  -0.611285   -0.80307   0.315905    1.00897   0.964836
point 26 247 32.4058 181.719  0.719748  0.498827  0.467509 -0.357174 0.0184376  0.769334   0.30124 -0.515975 -0.927356  0.726403
point 27 260 554.321 209.722   0.297017   0.658352  -0.332118     0.4742   -0.48173   0.623223 -0.0206732 -0.0905466 -0.0873429    0.23997
point 28 291 97.1699 204.741  0.289188   0.77243 -0.620923 -0.979103  0.558547 -0.754408  -0.48559 -0.165202  -0.85025 -0.244518
point 29 302   507.4 176.469 -0.810344 0.0422569  0.496352  0.649359 -0.135453 -0.599279   -0.9917  0.181089   0.15946 -0.201705
point 30 306 192.595 152.705  0.472299  0.226989  0.494176  -0.13599  0.322947 0.0206471  0.329322  0.882622  0.611791  0.306569
point 31 308 236.635 191.744 -0.609496   1.00053 0.0466069 0.0432586  -0.80379 -0.475388  -0.80452  0.717187  0.404077  0.507631
point 32 328 579.146  182.52 -0.188598  0.388114  0.301375  0.286991  0.704824 -0.316248  0.731104  0.322574  0.928486  0.829813
point 33 331 609.887 165.962 -0.400789 -0.214793 -0.246834  0.138365 -0.121855  0.931261  0.891289 -0.520332  0.736753  0.909408
point 34 338 630.158 223.368 -0.454617  0.380706 -0.207611 -0.343787 -0.727702  0.185816  0.605562  -0.88291 -0.546523  0.970953
point 35 339 60.0401 131.575    0.290576    0.477983 -0.00184927    0.170359   -0.234614    0.896189    0.956315   -0.878347   -0.551445    -0.40814
point 36 351 89.7412 160.168  0.341741 -0.749502  0.757294  0.222373 -0.863121  0.404078   1.02265  0.887937  0.491304 -0.758327
point 37 358  308.66 173.102  0.751138 -0.210237 -0.147017   1.02083  0.166361  -0.84879  0.419482  0.441173 -0.931933  0.792637
point 38 362 534.552  165.41 -0.198065 -0.899668  -0.84791 -0.412143 -0.476277  0.665987  0.184553  0.441838  0.976269  0.830836
point 39 369 31.0223 217.156  0.380285 -0.412617  -0.82917 -0.548563 -0.423771 -0.507707 -0.379321 -0.446717 0.0455924 0.0926388
point 40 378  60.816 178.337  0.460146 -0.368646  0.402402  0.356313  -0.15886  0.745975  0.512252 -0.542102  -0.54817  0.222206
point 41 389 313.019  193.16    0.383746    0.774584   -0.324901   -0.497667    0.329846   -0.710625   -0.202661   -0.137566   -0.694998 0.000456087
point 42 397  452.18 158.985  0.738096  -0.39317  0.533459  0.217871  0.538697   0.85069 -0.670828  0.676682  0.808186 -0.782728
point 43 413 119.613 208.771   -0.808713    -1.02908   -0.191631    -1.00467    0.114263   -0.665151    0.976896 -0.00100635   -0.749285    0.373646
point 44 431 84.6869 207.468   0.21779  0.279615  0.877667  0.540087  0.692413  0.403416 -0.064152 -0.934295  0.948295 -0.535762
point 45 441 607.988 161.771  0.876707  0.247335  0.648587  0.766152  0.730855  -0.11906 -0.649481 -0.996383  -0.87413  0.642282
point 46 460 500.891 188.457    0.840132   -0.521021   -0.353864    0.455531 -0.00138064   -0.116706   -0.372798    0.216758   -0.816919    -0.80158
point 47 479 9.69049 178.918  0.756806 -0.628513  0.455032  0.444161 -0.570746  0.362159  0.832479  0.443665   1.01356 0.0127928
point 48 486 561.583 209.662  -0.92479   0.52936  0.947364 -0.441766  0.951599  0.799778 -0.725093   1.03188 -0.910417 -0.425626
point 49 496 621.098  231.22  -0.958033  -0.742829   0.627154   0.244491   0.882855 -0.0688055  -0.804161  -0.462849 -0.0550369   0.277404
point 50 503 527.097 62.3514  0.335568 -0.135543  0.702712  -1.02045 -0.204479  0.144089 -0.256125  0.672674   0.96781 -0.939896
point 51 504 550.961 220.191  0.379243  0.907906 -0.691888  0.369506  0.180619  0.613394     -0.34 -0.847756 0.0558817 -0.536964
point 52 511 100.325 146.464 -0.287756 -0.509861  0.593646  0.280795  0.150164 -0.162223  0.378718  0.823454 -0.467153  0.199806
point 53 522 56.7745 155.292   0.147056   0.707229   0.229115  -0.208653   0.420409   0.949955 -0.0559607   -0.14652   0.297711  -0.250554
point 54 528 69.7269 150.343 -0.759311 -0.172749  0.840087  0.725231 -0.119713 -0.396047  0.692811  0.622763 -0.211022 -0.537704
point 55 543 403.157 196.304 -0.377928 -0.746393  0.641784  0.707439  0.268416 -0.052217  0.811132   0.15773  0.680987 -0.814778
point 56 545 293.747 194.262    0.924697    0.561725    -0.86018   -0.220955   -0.748986   -0.176636 -0.00565299    0.855106   -0.513885   -0.637526
point 57 552 462.685 150.245   0.893699  -0.236681   0.847887 -0.0782148   0.447981   0.127349   0.741144   0.731964   -0.35244  -0.601901
point 58 555 510.146 215.342   0.254888   0.305912   0.353362   -1.01828 -0.0889244  -0.439625 -0.0198792  -0.218827   0.742393  -0.320379
point 59 559 301.857 179.367 -0.514044  0.984067   1.01547 -0.640952 -0.122661  0.727925  0.516109 -0.677947 -0.534756  0.863415
point 60 563 523.979 193.701 -0.0522048  -0.434482   0.382994  -0.343769   0.729911   0.456254   0.332968   0.498274    -0.7382   0.387137
point 61 575 140.001 169.485 0.0554873  -0.94416  0.508898   1.02539  0.770102  0.403431 -0.221636 0.0481672  0.952799  0.435624
point 62 577 390.271 216.019  0.318927  -0.99785  0.530487  0.653619  -0.74033 -0.455502  0.757578  0.654516 -0.428339  0.525937
point 63 587 528.547 169.095   0.82444 -0.365516 -0.280006   0.70371  0.251424 -0.273195  0.294302 -0.882799  -0.44264 -0.429495
point 64 600 296.845 194.417  0.909709  0.436419  0.679075  0.551599  0.984001 -0.452405  0.161601  0.444871 -0.373333 -0.775118
point 65 623 449.966 146.195  0.539408 -0.513568  0.590732 -0.454795 -0.229672  0.398439  0.399677 -0.248516 -0.831952  -0.38872
point 66 626 77.5687     141  -0.331362 0.00269296   0.769615   0.644844  -0.778509  -0.151917   0.325938  -0.488149   0.158213  0.0347558
point 67 635 168.498 239.006 -0.210222  0.303923 0.0684016 -0.427873  0.073555 -0.226283 -0.317224  0.525522   0.55139  0.759376
point 68 645 535.329 232.484 -0.938233  0.844292 0.0345068  0.329156  0.135604  0.959681  0.354501 -0.428286 -0.352172 -0.230531
point 69 648 270.618 213.818    0.13931   0.425093  -0.732482   -0.91801  -0.775199 -0.0268417   0.700705  -0.990799  -0.278547  0.0331433
point 70 649 547.609 230.877  0.544272 -0.121432 -0.109246 -0.293233 -0.583285 -0.163081   0.24322 -0.588288 -0.930403 -0.284959
point 71 650 455.343 222.561  0.760421  0.222361  0.611955  -0.50596   1.02161  -0.23283  0.851449 -0.747313 -0.208807 -0.862732
point 72 654 453.291 238.872 0.0708818    0.7399  0.146436  0.128628 -0.313545  0.398462  0.824784 -0.947714 -0.294457  0.666424
point 73 657 98.2047 200.884  0.195971 -0.936048  0.860445 -0.576674  0.198144 -0.236102 -0.927146  -0.29576  0.222975 -0.509617
point 74 679 275.462 194.089  0.981766 -0.274798  0.194039  0.718683  0.903709  -0.41512 -0.360178 -0.392407  0.852495  0.877092
point 75 687 469.512 223.015  -0.321948   0.272716 -0.0081475  -0.283645   0.671418   0.386114   0.568705  -0.456976   0.198991  -0.546893
point 76 710 341.094 150.143 -0.0882294  -0.451247  -0.560215   0.313366  -0.409503   0.258465  -0.687563 -0.0919451  -0.154248 -0.0873262
point 77 715 316.832 238.728 -0.822284  0.596388 0.0828883 -0.647207  0.263158  0.993356  0.358376 -0.876732 -0.105256 0.0654131
point 78 719 423.082 136.941 -0.729009 -0.298791   0.67154  0.696447 -0.609596  0.701711  0.373051 -0.573694 -0.607902  -1.03438
point 79 727 443.564 221.483 0.0646312 -0.941593  0.553951 -0.634295 -0.268104  0.858951 -0.381379 0.0422809  0.936775  0.883824
point 80 728 36.999 171.96 -0.0958927  -0.116941 0.00119832  -0.878022   0.356291 -0.0316367   0.591216  -0.168848   0.208548  -0.153453
point 81 732 500.956 181.535  0.212691  0.657579 -0.989815 -0.261568  0.136318  0.864546 -0.887136 0.0323657  0.624066  0.675594
point 82 734 52.0263 210.506    1.04639  -0.640827  -0.060065   0.216017    -0.5027  -0.827944 -0.0023114  -0.392812   -0.14567  -0.877918
point 83 735 394.861 230.165 -0.871377  -0.40967 -0.125554 -0.578742 -0.305157    0.4979  -0.29364 -0.698885 -0.349284  0.876799
point 84 736 580.269 148.781 -0.00917827    -1.00035   -0.192044    0.153558   -0.343429   -0.256259    0.482562    0.692646    -1.00058    0.948023
point 85 748 250.405 206.408 -0.924126 0.0541507 -0.429176 -0.900146 -0.576325  0.200161 -0.170379   1.00535  0.715908 -0.402438
point 86 760 111.716 111.266  0.814679   0.16004 -0.424638 -0.772638 -0.489873   0.41894 -0.725682 -0.696701   0.87919 -0.265261
point 87 767 179.071 236.093 -0.0690171  0.0556353  -0.167671  -0.745098   0.350984  -0.124165  0.0971557  -0.105157   0.312067    0.71054
point 88 769  282.87 97.4973 -0.947881  0.694288 -0.602579 -0.249975 -0.308445  0.360638  0.786644  0.541425  0.649801  0.178767
point 89 770 312.253 152.463   0.797166  -0.557162   0.659386  -0.400049 -0.0200624  -0.278911   0.495984  -0.762578  -0.847295   0.722325
point 90 783 75.8397 172.344  0.988426 -0.370128  0.562883  0.904442  0.805668 -0.627434  -0.96774  -0.45205  0.229585  0.118027
point 91 784  26.396 152.336   -0.27913 -0.0935091   0.883433  -0.314858   0.828549  -0.561398  -0.791011   0.768109  -0.216544  -0.365655
point 92 810 170.358 213.285   1.02205 -0.620372  0.525868 -0.770381 -0.830782   1.01629  0.762504 0.0502787  0.760219 -0.628793
point 93 820 543.151 100.184   -0.72858  0.0747942     0.7507  -0.509393   0.522154  -0.238145  -0.372459  -0.464422   0.303606 -0.0755323
point 94 836 259.718 203.413  -0.71188 -0.719826  -0.21222 0.0235034  0.548356   0.29487  -0.37541  0.642847   0.25207 -0.943759
point 95 840 87.0945 171.307  -0.37341 -0.145403  0.860956 0.0208814  0.204813 -0.689153 -0.858765  0.940182  0.416522  0.772882
point 96 848  441.06 170.863 -0.496968 -0.207615 -0.913034  0.888196  0.888678  0.628442  0.170779  0.221236  0.767858  0.172444
point 97 852 181.486 126.551  -0.385047  -0.258899   0.939667   0.299399 -0.0344566  -0.612436   0.123475   0.851669   0.738118   0.587838
point 98 863 345.732 67.1653   -0.272009    0.354053   -0.121245    0.459978 0.000847262    0.969658   0.0710582   -0.201062   -0.144119    0.607214
point 99 873 549.095 140.027  0.364411 -0.551149 -0.955268  0.949265  0.872427  0.297486 -0.848791 -0.745487 -0.573647  0.287262
point 100 890 181.932 179.044   0.451496  -0.358175 -0.0944099  -0.884038  -0.324329    0.16085   0.878612  -0.891625  -0.279688   0.305656
point 101 894 243.394 77.2367  -0.201607  -0.555717 -0.0105012   0.710753  -0.631511  -0.699827   0.838959  -0.305836    -1.0083  -0.843862
point 102 895  164.03 219.704  -0.790128   0.274724   0.625227   0.905414  -0.635004  -0.248698 -0.0300504   0.664421  -0.731659   0.258869
point 103 896 496.071 215.081    0.432846   -0.507162    0.376164   -0.840482    0.913998   -0.790592   -0.405215  -0.0683866    0.892776 0.000961874
point 104 915 192.816 206.756   0.182074   0.623686   0.131745 -0.0638159   -0.72348   0.354051   0.950908  -0.563006  -0.119721  -0.393159
point 105 919 212.191  160.77 -0.787696  0.482825 -0.275975  -0.52504  0.393656 -0.322623 -0.412457  0.876069  0.135324  0.353532
point 106 921 177.069 187.832   0.166469   0.177328  -0.263133   0.689057  0.0984887 -0.0534106    0.18524   0.838361    0.51875  -0.369375
point 107 940 97.5155 199.064  0.119354  0.760451 -0.224547  0.173859  0.173751  0.354939 -0.870281  0.433444 -0.379735  0.171184
point 108 946 639.266 153.684  0.215964  0.937652 -0.453944 -0.823915  0.493321 -0.866917   -0.3248  -0.71054 -0.456412 -0.595513
point 109 952 292.753 196.057  0.717295 0.0409556 -0.451081 -0.232501  0.664805 -0.232468  0.490228 -0.722474 -0.423487  0.761791
point 110 957 393.713 185.354 -0.512776  0.957174 -0.274582 -0.904193  0.291667  0.909077  0.400886  0.560881 -0.422576 -0.179232
point 111 973 317.387 164.522  0.128727  0.195765  0.623396 -0.892973  -0.42455  0.222939 0.0601032  0.766201  0.519814 0.0773854
point 112 974 608.975 208.797 -0.477062  0.716098  -0.77011 -0.858701  0.535728 -0.529199 -0.427889  0.495211  0.524204  -0.41534
point 113 991 381.461 236.696  -0.131645  0.0382518  -0.741706  -0.966676   0.954582  -0.481684   0.333753    0.44704 -0.0205597  -0.731572
point 114 998     156 149.157  -0.413209  0.0398028   -1.00128   0.401941  -0.150425   0.232311 -0.0705618   -0.68407   0.176625  -0.408897
point 115 999 26.2474 178.105  0.0368262    0.68593   0.432039  -0.664696  -0.258609   0.381399  -0.611433   0.659001   0.200938 -0.0834908

