seq: 182
gt_pose:  -1.34059   3.02438 -0.176324
odom_pose:   -1.33673    2.14388 -0.0639357
point 0 5 637.239 174.747  0.041998  0.373579 0.0465171 -0.873778 -0.125647  0.832776   0.87958  0.479675 -0.410172  0.443229
point 1 6 507.556 212.505 -0.701752 -0.148521  0.756835  0.641155 -0.324108 -0.582466  0.788425  -0.31735  0.410114  0.868077
point 2 7 277.849 149.207  -0.106576   0.881476  -0.235216   0.635053   0.368269    0.82563 0.00257123  -0.571088   0.946145   0.882201
point 3 14 500.893 200.099 -0.779591 0.0741837  0.544663 -0.436976  0.994686  0.133096  0.728767  0.473808  0.224744 -0.884378
point 4 17 398.522 166.037  -0.445566  0.0754371   0.404588  -0.732404 -0.0410567   0.216348   0.839268  -0.130508    -0.3641   0.732776
point 5 21 266.388 187.593   0.524332  -0.395739  -0.319773   -0.62979   0.951748   -1.02207   0.699176   -0.36643  -0.605561 -0.0869715
point 6 26 595.717 185.891 -0.892354 -0.795137  0.297017 -0.230172 -0.429861 -0.374397 -0.845918 -0.128206   0.86001  0.155849
point 7 31 392.355 187.838   -0.37951   0.812817 -0.0248988   -0.63239   0.245864  0.0394026   0.247089    0.21943  -0.527122   0.682053
point 8 36 295.041 236.172 -0.184138 -0.247329  0.437673  0.589181  0.324695 -0.661288 -0.928052 -0.909414  0.325015 -0.650568
point 9 37 231.426 225.158  -1.04425  -1.02245 -0.376157 -0.470758  0.269495  0.672076 -0.618746 -0.336748  0.358785  0.717972
point 10 39 100.421 61.6148   -0.51451   0.839175   0.148209   0.858024 -0.0471929   0.126866   0.907351   0.622523   0.627044   0.173652
point 11 44 334.691 191.066  -0.564757   0.223697   0.810045   0.521483 -0.0756977  -0.140786   0.729739   0.860085   0.893376    0.83031
point 12 53 243.429  209.99  0.757647  0.292477  -0.26877 -0.857339  0.488557  0.563685  0.446717   0.38793  0.795942 -0.350725
point 13 57 448.068 204.674  0.440412 -0.377396 -0.611533   0.54778 -0.485773   0.34056 -0.966553  0.667342  0.751466  0.251383
point 14 64 378.592 212.223  0.898198  0.528722 -0.792759 -0.898696 0.0177883 -0.189734 -0.620005 -0.128218  -0.66325 -0.381087
point 15 68 347.187 238.871  0.206246  0.389068 -0.989575  0.558777  0.237125 -0.765372 -0.758206 -0.571202  0.585534  0.680042
point 16 77 220.226  232.13  0.0926768  -0.973561  -0.464332  -0.596923   0.380856 -0.0655018  -0.484052   0.351381   -0.58829   -0.26148
point 17 89  224.81 234.062  0.621528 -0.611533 -0.367463 -0.373834   0.28574 -0.615895 -0.493144 -0.934057 -0.687191 -0.178446
point 18 106 190.581 235.692 -0.240157   1.01417 0.0481181 -0.150902  0.467646  0.128855 -0.205856   -0.9357  0.454211 -0.151507
point 19 109  577.79 217.014  -0.498754   0.902887  -0.804032  -0.389807   0.485001 -0.0849835   0.743256   0.589051 -0.0211626   0.315974
point 20 110 400.343 171.191  0.822229  0.906162 -0.578288 -0.318125 0.0406175 -0.720944 -0.601833  0.620231  0.680872  0.184596
point 21 113  333.16 211.209 -0.0577548  -0.590521   0.631464  -0.888634   0.522606  -0.322011  -0.882254   0.668243  -0.275881 -0.0110242
point 22 116 588.299 231.618   0.926205   0.626781   0.376317  -0.442402   0.601042 -0.0748565  -0.322141   0.557828   0.314881   0.847363
point 23 119 506.902 219.405 -0.412933 -0.452458  0.860569 -0.400899  0.817725  0.414616  0.917039 -0.536123 -0.739417  0.406654
point 24 123 598.766 106.372  0.122505 -0.854138 -0.198738  0.313927    0.8689   0.67395  0.277447 -0.237545   0.32721  -0.61233
point 25 132  355.12 196.028   0.198893  -0.887846  -0.940047 -0.0635338    -0.7374   0.910449  -0.820831   0.249959   0.841689   0.687894
point 26 138 555.203 234.355  -0.436061  -0.704941  -0.392191  -0.554529  -0.457699   0.173275   0.498435  -0.812616   0.183533 -0.0350684
point 27 148 331.388 148.161 -0.0627067  -0.224391  -0.242158   0.576067 -0.0273212  -0.179703    -1.0112    0.27233   0.890648  -0.662159
point 28 156 373.553 170.281   0.249222   0.530505  -0.723249   0.377443  -0.793354   0.979646   0.152514   -0.74321  -0.896882 -0.0570106
point 29 157 161.566 237.653  0.051427  0.174194  0.651736  0.514198 -0.701244 -0.967716  0.250965  0.647699 -0.692392   0.47462
point 30 158  271.46 169.991  0.523442  0.459592  0.284575 -0.279453 -0.103162 -0.444037 -0.754405  0.221917    1.0045 -0.577118
point 31 159 404.104  198.95  0.176319  -1.02649 -0.942401 -0.170167 0.0627792  0.159021  0.930211 -0.340657 -0.419674  -0.72071
point 32 165 454.426 178.276   0.444587  -0.803174    0.46214    0.63088  -0.767579   0.655436  -0.650266   0.824341   0.391948 -0.0552595
point 33 169 366.513 202.599  -0.552773   0.472614   0.759073  -0.217864 -0.0958964   0.484577   0.388716   0.426257  -0.717935  -0.490539
point 34 176 416.197  190.34   -0.70027   0.824921 -0.0860261 0.00522555   0.399362  -0.430456  -0.867702   0.281038   0.747738  0.0942243
point 35 179 390.473 215.732 0.0217948  -0.87687  0.088603  0.800964  0.747416   0.37607 -0.367433 -0.828217 -0.248499  0.822024
point 36 180 38.0962 155.409 -0.173497 -0.486506  -0.71097 -0.742305   0.14982 -0.976145 -0.119571 -0.122323 -0.131403 -0.209032
point 37 184 562.257 208.947  -0.22864   0.51183 -0.417318 0.0467579 -0.588897  -0.23746 0.0790848 -0.369775 -0.384561  0.325664
point 38 190 20.1842 228.186     0.4099   0.675889 -0.0924469   0.775987   0.522827   0.497307   0.103127  -0.914186   0.368621  -0.536088
point 39 191 64.9162  216.72  -0.84637 -0.825205 -0.840313  0.715874 0.0143935 -0.914774 -0.255358 0.0140351 -0.787002  0.634452
point 40 200 606.588 136.199  -0.478116  -0.758079    0.64882    0.33409   0.271324   0.510016 -0.0899077   0.862993   0.993409  -0.134629
point 41 202 386.285  180.13 -0.556953 -0.211602  0.244075  0.372828  0.151085  0.777159  0.570428 -0.198433  0.121201 -0.147245
point 42 240 335.646 151.879  -0.51502 -0.636846  0.598563  0.823277  0.796021   0.69252 -0.531092 -0.728372  -0.98006  0.699523
point 43 296 459.126 168.592 -0.037747 -0.549138 -0.390953  0.314096 -0.212446  0.565181 -0.654684  0.990767 0.0162342 -0.384597
point 44 301 505.724  208.09  0.152604 -0.475462  -0.99708  0.411457 -0.947403 -0.707569 -0.593558    0.5129 -0.710884  0.111178
point 45 303 474.083  168.09   0.128581  -0.822208  -0.611167  -0.914904  -0.142184   0.556849  -0.394874 -0.0953304 -0.0668694  -0.387461
point 46 304 249.932 145.308  0.499157  -0.58369 -0.421497 -0.370381   1.03049 -0.191829  0.723743  0.536056 -0.549017 -0.467984
point 47 310 138.988  172.22  0.604001  0.151016 -0.618562 -0.853819  0.654019 -0.222549 -0.881842 -0.383711  0.755728 -0.573119
point 48 313 418.105 166.631  0.0701889   0.320445   0.141294  0.0797369   0.424633   0.678149  -0.381954  -0.561633 -0.0633774   0.360874
point 49 315 286.927 219.194 -0.848101 -0.395774 -0.960749   0.13962 -0.338397  0.145902 -0.560864  0.792586 -0.697394  0.948105
point 50 319  423.27 192.727 -0.957415   0.23191  0.559687 -0.245753  -0.71552  0.170584   0.72694 -0.300088  -0.95851  0.404231
point 51 320 149.329  229.05 -0.0986596   0.682651   0.963413 -0.0676081   0.634533   0.143291 -0.0266786  0.0397884   0.166037    0.25874
point 52 324 11.646 175.18   0.127724   0.380691  -0.731583  -0.452425   0.617356 -0.0182464   0.422955  0.0464583     0.2915   0.338829
point 53 364 634.822 197.235   0.144413   0.747304   0.679071  -0.669541   0.917674  -0.544029  -0.556933  -0.901662   0.136081 -0.0295601
point 54 367   382.3 146.477  -0.713286  -0.891327   0.853652  -0.439852  -0.468437   0.642344  -0.306416 -0.0947621   -0.51145  -0.827804
point 55 386 47.2971 220.313 -0.0826521  -0.204026    0.33261   0.427151   0.955123  -0.129856  -0.455414  -0.639722  0.0586408  0.0118172
point 56 387 538.495 97.8062  0.739822 -0.734048  0.517093  0.962244 -0.778888 -0.159843 0.0664806 -0.912333  0.588199  0.690186
point 57 398 462.985 228.105  -0.85598   0.86555 -0.692966  0.399865   -0.9445  0.615032  0.671248   0.89537   0.32743 -0.729684
point 58 425 574.997 239.935    -0.4184  -0.328642   0.347331  -0.473895  -0.575575  -0.662052 -0.0898272  -0.899812   0.850633   0.823637
point 59 440 43.2665 149.817 -0.831626  -0.88411  0.094864   0.88483 -0.538546  0.445774  0.770897 -0.217252   0.41792 -0.600366
point 60 448 401.768 221.104  0.885864 -0.392331 -0.827368 -0.701552  -0.32329  0.678995 -0.374209 -0.698871  0.657557 -0.388621
point 61 454 289.465 147.152 -0.847101  0.963872    0.6501 -0.472826   0.67084  0.773516  0.802193 -0.558659  0.458719  0.376242
point 62 458 72.3064 181.052 -0.834134  0.222071 -0.761031  0.353443  0.593836  0.393979  0.744173  0.126809  0.916039 -0.538006
point 63 469  446.36 181.069 -0.0583189  -0.849137   0.986351   0.923312    -0.1406  -0.498914  -0.815665   0.743685   0.226293  -0.941597
point 64 491 478.327 151.883 -0.797964  0.860569 -0.314463  0.538957 -0.522967 -0.145216  0.504567  -0.27825 -0.277147  0.757344
point 65 495 338.891 64.9515   0.216891   0.662741  -0.103339   0.404257  -0.431697   -0.65582   0.968364  -0.623471 -0.0929356   0.144422
point 66 506 335.526 174.503  0.0313441   0.267624 -0.0648657  -0.620896  -0.964771  -0.631426  -0.711382  -0.579047   0.758098   0.488179
point 67 517 110.646 186.003  -0.368818 -0.0506542  -0.776177  -0.528379   0.365576  0.0831586 -0.0368896  -0.764119   0.714091   -0.50594
point 68 519 435.771 155.259  0.389981  0.397767  0.570668  0.120588  0.671995 -0.825772 -0.870436  0.877783 -0.304663  0.518105
point 69 569 1.95243 188.441 -0.0106589  -0.756076     0.3123   0.225112  -0.243325   0.433741   0.476588  -0.546044   0.919677  -0.372351
point 70 573 419.963 182.309  0.913375 -0.194309   0.21056 -0.441083 -0.307864 0.0727826 -0.650005    -1.039 -0.319967  0.600538
point 71 578 288.406 166.292 -0.045508 -0.183094  -0.28639  0.253059 -0.785251  0.515196 0.0563419 -0.923202 -0.134024  0.118866
point 72 591 326.966 184.425   1.01077 -0.663462  0.580532  0.136891  -0.41662 -0.290857  0.939472  0.241075 0.0454933 -0.519011
point 73 599 194.943 125.131  -0.425252    0.25772   0.709696   0.148343    0.02186    1.01662  -0.176972  -0.051253 -0.0797883   0.541512
point 74 603 240.295 183.411  0.976977  0.543899  0.713835  0.299692 -0.781034  0.411159 -0.874596    0.7483 -0.575113  0.661362
point 75 617 538.076 85.6798 -0.000618946    -0.864775     0.290705     0.114651    -0.493213    -0.934636    -0.204021     0.300422    -0.837041     -0.64051
point 76 627 186.306 165.279 0.0267789  0.924646 -0.597947 -0.517433 -0.830978  0.388455 -0.808279 0.0163577  0.326151  0.614139
point 77 628 127.032 213.959 -0.646845 -0.181896  0.167037 -0.377484 -0.255639  0.851952   0.55624 -0.395595  0.472365  0.820355
point 78 651 639.249   166.5  0.912981   0.55966 -0.537449  0.266402  -0.54245 -0.953179  -0.91222  0.322167  -0.20875 -0.435428
point 79 655 333.797 222.758 -0.128412  0.734875  0.419899 -0.634169  -0.56606  -0.47392 -0.995591 -0.717372 -0.843239    0.8904
point 80 658 323.153 222.394  0.387116 0.0755905 -0.125933 -0.349644  0.226459  0.960607   0.60856  0.659944 -0.784184  0.555516
point 81 661 542.797 143.504  0.279393 -0.529619  0.377633  0.435767 0.0770055  0.150676 -0.939569 -0.754324  0.247992  0.369965
point 82 667 405.402  191.31 -0.900879 -0.645585 -0.193216 -0.628027  0.715919  -0.72354 -0.515985  0.701916  0.581509  0.447464
point 83 675 60.6956 185.022  -0.121043   0.820408   0.724255   0.189975  -0.139364   -0.75225  -0.114948   0.860085 -0.0178168  -0.590618
point 84 678 30.3476 126.071 -0.781849 -0.886134 -0.351133 -0.381064 0.0282405 -0.917695 -0.922452 -0.107595  0.251716 -0.369973
point 85 695 625.826  206.13   0.763937  -0.244259   0.324678  -0.404229   0.434437 -0.0466314   0.907257  0.0478742   0.538551   0.775717
point 86 704 126.257 196.966 -0.382627  0.163857  0.387398 -0.135488 -0.526243  0.789226  0.533044  -0.89716 -0.545697  0.682071
point 87 752 522.298 129.479   0.77848  0.830342 -0.535668 -0.156484 -0.157853  0.125704  0.362875 -0.601966 -0.643741 -0.498423
point 88 777 451.284 202.403  -0.665363    0.64763  -0.301653  -0.492731    0.57659  -0.238816  -0.297301   0.576042 -0.0514344  0.0552946
point 89 779 9.19039 228.802    0.280809   -0.782383   -0.953183   -0.815401    0.619108   -0.537126    0.843665   -0.648125 -0.00518101    0.449084
point 90 794 575.218 198.155 -0.403219  0.447183 -0.348624 -0.597075 0.0329784  0.681288  0.505848 -0.511722  0.161643  0.495923
point 91 797 549.445 185.705  -0.720982  -0.651916   0.672918   0.108222   -0.17008  -0.576145 -0.0509117   0.535068 -0.0572294  -0.264314
point 92 806 279.681 236.788   0.855646  0.0135976  -0.519303   0.115208  -0.726232  -0.344805   0.340348  -0.367521  0.0775099 -0.0808095
point 93 815 450.987 173.384 0.0596704 -0.268564  0.942572 -0.321592  0.757032    0.6318 -0.419975 -0.582147  0.746562   0.90702
point 94 821 516.895 216.759  0.383674  0.314305 -0.645597 -0.944743  0.923126 -0.193719  0.508054 -0.854557 -0.390114  0.445233
point 95 841 599.743 138.313  0.113036  0.902659 -0.916339  0.950731 -0.409117  0.094625 -0.325351 -0.215043  0.185218  0.504274
point 96 843 458.222 140.795  -0.471159  -0.217192 -0.0834301   0.433439   0.128982   -0.93035   0.414718   0.231222   0.972272    1.03914
point 97 867 397.269  220.14   0.982731   0.141286  0.0885261   0.621376  -0.475489  0.0103524  -0.797559  -0.343957   0.612843 -0.0235283
point 98 868 149.516 204.933   0.674969   -0.41406  -0.889167 -0.0665638  -0.702961  -0.407413   0.880054  -0.910893  0.0243212   0.547292
point 99 878  308.16 232.288   -0.92167  0.0554847  -0.936981  0.0565208 -0.0588021   0.443463    0.36246  -0.163597  -0.714598  -0.548176
point 100 880 617.186 110.213 -0.648038 -0.552473 -0.257782  0.666283  0.595612 -0.199045 -0.317871  0.643257  0.839456  0.670631
point 101 881 387.709 151.536  0.352266   0.60768  0.462059  0.569539  0.375159 -0.753041  0.206656 -0.734813  -0.44531 -0.581918
point 102 883 611.468 171.144   -0.22239  -0.282497  -0.747145   0.942225   0.297822   0.588461   0.579516  -0.359144   0.213261 -0.0586081
point 103 905 287.071 169.565 -0.927722  0.137325  0.473967 -0.379073   0.65164  0.269393 -0.843425  0.693292 0.0549699    0.1269
point 104 910 297.242 198.178  -0.913774   0.604911   0.470322 0.00489936   0.620653   0.430867  0.0808099   0.621412   0.728194   0.405872
point 105 927 423.627 184.662 -0.0699269     0.8828    0.53679    0.37097   -0.84466   0.418271  0.0124978  -0.386812   0.694047   0.905252
point 106 929 406.841 150.805 -0.831419 -0.244626 -0.212278  0.183561  0.229532  0.681279 0.0933127 -0.155665  0.054186  0.246127
point 107 937 180.762 163.567 -0.529408 -0.585649 -0.552725 0.0861542  0.511355 -0.243564  0.177964 -0.277448 -0.301719  0.550842
point 108 942 553.675 215.303 -0.816788 -0.322516  0.629932 -0.522728  0.260352 -0.217212 -0.735385 -0.943318   1.01423  0.399488
point 109 961  625.87 168.877  -0.306676  -0.465912   0.937404   0.585762   0.577949   0.633452 0.00847135 -0.0860925  -0.769942  -0.168156
point 110 963  385.94 210.396 -0.0353128  -0.797788  -0.424334   0.423595  -0.902641   0.273816   0.896529  -0.944616  -0.167557   0.471205
point 111 967 412.438 49.0625   0.171729 -0.0559735   0.443807   0.965771   0.149653   0.326893   0.512905  -0.405823  -0.778257  -0.388615
point 112 968 227.953 121.857  0.0413042   -0.42611  0.0903671 -0.0857557   0.981483  -0.224887  -0.678741 -0.0813239  -0.622844  -0.973772
point 113 971 410.762 213.867   0.674466 -0.0411682   0.234992  -0.690524    1.01719 -0.0865595   0.309702    1.00308   0.803697  -0.132491
point 114 972 58.6454 118.402 -0.735196  -0.49908    0.9701 0.0349152  -0.99593 -0.560553  -0.74759 -0.299422 -0.700008  0.723976
point 115 979 349.277 142.408 0.0371312  0.489731 -0.120856  0.408571  0.159743   0.38566 -0.566443 -0.105991  0.665128 -0.329808
point 116 989 347.797 238.016  -0.689254    0.28581   0.452449  -0.589666 -0.0428699  -0.512743  -0.200328   0.555474   0.564795  -0.478625
point 117 997 254.494 231.567   0.982667  -0.995396 -0.0421785   0.813464  -0.389204  0.0523647   0.665306   -0.87148  -0.242808   0.604515

