seq: 250
gt_pose:   4.86698   2.23497 -0.788258
odom_pose:  4.65805  1.30153 -1.13201
point 0 0 391.678 192.041    0.557565    0.812002   -0.650049   -0.326216    0.499544   -0.404815   0.0601896 -0.00427077    0.276049   -0.266915
point 1 3 422.999 101.301 -0.231757  0.734694 -0.451878 -0.262677  0.587731  0.869199 -0.883317  0.916865 0.0962351 -0.781047
point 2 35 513.007 217.076 0.0566264  0.820245  0.374779  0.581369  0.419451  -0.37009  0.258003  -1.02188 0.0997106  0.709915
point 3 45 478.293 233.517    -0.522413 -0.000422078     0.860444   -0.0234995      0.76645     0.908442     -0.59867   -0.0838581     0.525271     0.535001
point 4 50  69.527 124.517  0.802659 -0.649259 -0.431692 -0.680597  -0.62903  0.278272 -0.681304 -0.754473 -0.550664  0.854312
point 5 54  496.56 189.158 -0.632843  0.178447 -0.901596 -0.755256 -0.677426 -0.546423 -0.729815  0.202486 -0.902508  0.760742
point 6 59 518.745 211.239  -0.915825  -0.981571   -1.01374 -0.0183441  -0.449363    0.44045   0.671328  0.0634844 -0.0910691  -0.797625
point 7 84 544.283 156.368 -0.428931 0.0830442  0.328978   0.86993   0.26076  0.269096  -0.10372 -0.954004   1.02776 -0.297779
point 8 87 264.658 228.339  0.752973  0.793726 -0.205669  0.893068 -0.685191 -0.645597 -0.509538 -0.265289  0.788055  0.283274
point 9 94  321.36 198.811   -0.676292     0.41021   -0.486653    0.166356    -1.02748    0.601287 -0.00785531   0.0832509    0.543588   -0.776347
point 10 118 579.355 197.814    0.923046    0.894194    0.649401   -0.521366 -0.00606905    0.505665   -0.890375   -0.644532   -0.863236    0.681287
point 11 162 271.427 167.518 -0.572095  0.297121  0.042026 -0.753519 0.0732848 -0.942881  0.623755 -0.735119 -0.644824  0.193847
point 12 174 461.502 191.885   0.66938  0.120746  0.854797  0.133233 0.0420269 -0.496102 0.0849318 -0.562713 -0.526129 -0.930023
point 13 177 354.956 200.067  -0.686445   -0.18708  -0.532977   0.400367  0.0920635   0.154017 -0.0285661  -0.578522     0.5132   -0.32008
point 14 185 341.898 140.679 0.0431958 -0.628235 -0.570386  0.360041 -0.267697  0.838461 -0.648644  0.862293 -0.195179 -0.186188
point 15 206 458.001 126.992    0.754233 0.000700299    0.644287    0.893231   -0.775202   -0.702357    0.722437   -0.209145   -0.913226    0.737951
point 16 213 226.059 171.049   0.488362  -0.189372    -0.7224 -0.0400356 -0.0410186  -0.860135  -0.428162     0.7226   0.412259   0.165855
point 17 217 399.611 164.676 -0.376184  0.333722 -0.953304  0.229918  0.215819  -1.01555  0.688922 0.0639345 0.0507051 -0.756889
point 18 255 196.443 207.474   -0.999611   -0.818783   -0.940249   -0.895313 -0.00113904    0.928487    0.221043   -0.345072   -0.122715    0.396842
point 19 259 546.365 184.876   0.236889    0.61833  0.0674515   0.496041  -0.417409 0.00420706  -0.712533   0.480447  -0.895203  -0.610767
point 20 270 107.532 217.448   -0.47598   0.488143  0.0265231  -0.713758 0.00109655   0.177076   0.490663  -0.228605  -0.890155  -0.865904
point 21 276 131.921 238.178   0.557196  -0.636899  0.0902278  -0.100062   0.275174 -0.0664792   0.256571  -0.625316  -0.447651   0.767413
point 22 286 613.084 134.773  -0.78297 -0.490689 -0.404277 -0.222258 0.0172007  0.334638  0.894972  -0.85758 -0.970369  0.671008
point 23 290 584.096 110.919 -0.715693  0.780851   -0.7276 -0.531774 -0.676901  0.508069 -0.876466 -0.810779  0.601145 -0.979875
point 24 299 609.596 199.496  -0.685973 -0.0389947   0.437754   0.893178  -0.307918 -0.0487972  -0.171667   -0.47528   0.732038    1.01379
point 25 316 515.484  135.97   -0.58614  -0.691713  -0.956628  -0.496609  -0.468771 -0.0408676  -0.344474   -0.20564  -0.309938  -0.714387
point 26 327 600.158 205.503 -0.373539 -0.988318 -0.278574  0.820209  0.313441  0.564625 -0.430332  0.661423 -0.295501  0.750875
point 27 341 169.664   198.5 -0.712861  0.101405  0.320919 -0.290488  0.274018 -0.396032 -0.860112 -0.646835  0.793834 0.0206813
point 28 348 326.658 206.387   0.873342   0.127451  -0.727445   0.181345    0.33587   -0.31773   0.171626   -0.70463 -0.0859888  -0.966182
point 29 373 446.769 237.706  -0.432882    0.82561 -0.0429803  -0.311906   0.430325   0.562261 -0.0496905   0.774786  -0.282383  -0.849524
point 30 401 26.4203 151.657 -0.0329168   0.540322   0.305825  -0.457959  -0.582364   0.153917   0.613376   0.827138  -0.870253  -0.590584
point 31 403 418.007 218.799  0.169802  0.674478 -0.526483 -0.599058 -0.591128  0.517853  0.966762  0.641644  -1.03833 -0.576328
point 32 407 183.136 210.472  -0.664509   0.961822  -0.954719   0.626534  -0.814886 -0.0376121   0.739127  -0.904054   -0.35789  -0.442924
point 33 418   273.7 223.557 -0.944365 0.0057512  0.269602 -0.690114  0.895555  0.779399  0.936451  -0.74401 -0.662371   0.57394
point 34 427 259.458  160.63   0.678435   0.899024   0.274035  -0.417172 -0.0968718   0.792718   0.185681  -0.696808  -0.672601   0.627691
point 35 442 383.137 235.016 -0.205198  0.584272 -0.665198 -0.383448  0.564277  -0.60728 -0.359158 -0.353817 -0.605217    0.1514
point 36 446 526.987 173.676   0.476338  -0.774081   0.563598   0.886137   -1.01508   0.196983    1.02271   0.464871   0.524958 -0.0505948
point 37 452 544.651 190.616  -0.913588   0.233154  -0.215181   0.662916   0.603735  -0.826607 -0.0866909   0.180884  -0.319718 -0.0844933
point 38 456 256.992 85.8047  0.169068 -0.620688  0.493383 -0.456056 -0.340334  0.639905 -0.574785 -0.687311 -0.777772 -0.953428
point 39 468 546.584 182.603  0.463633 -0.262228 -0.504474  0.523977  0.206643  0.519621 -0.396619 -0.239809 -0.863938 -0.313773
point 40 509 465.238 213.068  0.338307 -0.896583 -0.351613  0.674658  0.837455  0.794409 -0.453646 -0.363108 -0.366115  0.891886
point 41 512 248.613 72.5572 -0.590972 0.0331311  0.721852 -0.300964  0.551247 -0.875265 -0.262696  0.191846 0.0458335  -0.48161
point 42 533 439.296 131.044 -0.693942 -0.179222  0.640754 -0.231723 -0.764024 -0.697885   0.59638 -0.266788  0.690545 -0.017271
point 43 550 238.899  211.16   0.209581 -0.0990099  -0.715863   0.503359    -0.3355  -0.469054  -0.890068   0.155373 -0.0485504  -0.793607
point 44 556 121.155 194.893  0.962087  0.955412 -0.300058  0.543275  0.895436 -0.196506  0.450999  -0.65493  0.868466  0.267975
point 45 564 195.242  167.48 -0.617661 -0.149674  0.244452 -0.463913 -0.137151  0.517653 -0.475626 -0.923793 -0.809582  0.934531
point 46 566 634.287 237.625  0.553524  0.647601 -0.212238 -0.263415 0.0972961  0.136209  0.585673   -0.6339  0.680664 -0.518895
point 47 571 476.094 158.879  0.842842  0.808606  0.326336  0.628419  0.249938  -0.65422  0.888671 -0.371272  0.525336 -0.320686
point 48 582 330.696 182.501 -0.0397229  -0.853179  -0.512443     1.0117   0.174433   0.145367  -0.448603   0.263086  0.0517654    0.74903
point 49 588  512.23 219.545 -0.294135 0.0527333 -0.382486 -0.609308  0.608351  0.575977 -0.530368  0.309875 -0.140485  0.106193
point 50 605 43.9811  161.65  0.895578  0.504237  -0.42967  0.296244  0.143492 -0.414457 -0.122016 -0.134328  0.908926  0.109229
point 51 608 321.265 214.082    0.70111   0.956839 -0.0607363   0.671973  -0.143021   0.626958   0.439496   0.805696  0.0927042   0.980623
point 52 619 316.973 175.962 -0.00125976    0.884264    0.319243    -1.00211   -0.931204   -0.554942   -0.804548    0.322527    0.538134    -0.36046
point 53 621 277.364 184.213   0.869071 -0.0819325   -0.91651  -0.276652    0.25292   0.123814  -0.319296  -0.377877  0.0950761  -0.280931
point 54 624 300.543 220.508 -0.0449457   0.674514  -0.745825  -0.655202   0.746322  -0.175399  -0.622776   0.193425   0.701631  -0.597795
point 55 629  576.09 145.693 -0.431103  0.758175  0.669631 -0.911619  0.943906 -0.297588   0.98484 -0.661141  0.219155 -0.776035
point 56 632  312.18 236.723  -0.075206   0.233949  -0.320966  -0.729293  -0.524566    0.70805   0.251564  0.0632991  -0.663655 -0.0686516
point 57 646 468.194  209.19 -0.348755  0.661382  0.763193  0.807714  0.359773 -0.676863 -0.362992  0.859824   0.29037   0.47271
point 58 681 556.808 167.469 -0.268909  0.531284  0.197565  0.418092 -0.752223  0.219748 -0.794902  0.469015 -0.121758 -0.862681
point 59 697 527.136 184.445  0.182948 -0.800901 -0.514895  0.986383  0.509691 -0.797642 -0.235022 -0.193733 -0.210461  -0.81002
point 60 709 604.575 194.912   0.95206 -0.859859 -0.994833 -0.936695  0.489135  0.834262   0.81122   0.51793  0.194669 -0.486082
point 61 731 530.466 228.644 -0.270954  0.344688  0.348161 -0.847722 -0.645715   0.90535   0.75594  0.747721  0.518658 -0.863991
point 62 737 285.474 199.503   -0.36029   0.137573 0.00503701   0.599782  -0.768345   0.149539  -0.826725  0.0882731   0.547586  -0.197385
point 63 739 171.198 216.319    0.950118    0.162725    -0.40036 -0.00836988    0.754765    0.189147   -0.916516    -0.22772   -0.165271   -0.626378
point 64 740 285.908  207.31  0.445291  0.810374  -1.00855  0.610738 -0.118209  0.290574  0.683247 -0.410917  0.702406 -0.908178
point 65 745  610.21 188.227  0.924138 -0.410065 0.0918358 -0.700612  0.286825 -0.696176 -0.282272  0.140425   0.53909 -0.599043
point 66 749 168.895 187.268 -0.622587  0.222257  0.655924  -0.70834  0.565723  0.059976  0.752463   0.18038 -0.288823 -0.158739
point 67 754 345.003 194.219 0.0579424  0.409991  -0.30562 -0.960429  0.215179 -0.450789  0.795298  0.648483   0.34903 -0.309807
point 68 768 398.825 188.344 0.0824873 -0.132807  0.229176  0.421229 -0.748486  0.240168 -0.177324  0.420715  0.760036  0.621208
point 69 771 524.319 208.916  0.205755 -0.424564  0.784352   1.00719 -0.603603  0.844306  0.720735 -0.234498 -0.456242 -0.655566
point 70 778  258.99 204.033 -0.162728 -0.603126 -0.797733  0.747958 -0.527535 -0.836294 -0.369723   0.32952 -0.464289 -0.701805
point 71 809 187.331 46.1482 -0.254259 -0.887159 -0.953103  -0.31363 -0.520986 -0.164511  0.829306  0.788231 -0.272563 -0.243263
point 72 855 616.121 176.311 0.0575561  0.953449  0.125324 -0.114909 -0.854764  0.692895 -0.221909 -0.475011 -0.337844  0.917467
point 73 885 563.053 127.262   0.898046   -0.69028  -0.115975 -0.0556967   0.591974   0.612182    0.68849   0.835424   0.651797 -0.0412673
point 74 889 234.736 229.624  -0.851064   0.199809   0.784104  -0.272601  -0.982881   0.448726 -0.0477585  -0.707105   0.715748   0.138613
point 75 892 412.862 80.1758   0.274683  -0.856126  -0.737321   0.737488  -0.766003   0.724742  -0.707535   0.160478   0.848285 -0.0600306
point 76 898 388.717 214.837   0.776282  -0.626453   0.262183  0.0485397  0.0867632  -0.315531   0.550374    -0.4774 -0.0752518   0.449341
point 77 903 610.437  192.19  0.782083  0.502911   1.00838  0.771571 0.0112878 -0.738819  0.177429 0.0363754 -0.940867 -0.009171
point 78 935  483.58 230.236  -0.683467   -0.94753   0.218918   0.927263  -0.589121    0.48931   0.259769   0.792739  -0.733945 -0.0485208

