seq: 258
gt_pose:   5.99335   1.09683 -0.811004
odom_pose:  5.30785 -0.16344  -1.1436
point 0 0 428.801 164.109   0.634013    0.84003  -0.563532  -0.293195   0.496397  -0.452419  0.0638061 -0.0332861   0.231713  -0.295306
point 1 35 597.938 206.455 0.0927101  0.805466  0.371352  0.593264  0.443486 -0.392136  0.321378 -0.946829 0.0904872  0.729419
point 2 45 567.746 229.664    -0.56563 -0.00580008    0.891956   -0.116709    0.801912     0.92088   -0.681117   -0.118492    0.564394    0.571683
point 3 54 584.403 162.555 -0.614583    0.1733 -0.887599 -0.798437 -0.708012 -0.496242 -0.686973  0.161541 -0.906515  0.743764
point 4 56 597.103 192.999  0.275599 0.0918081 -0.985757  0.820845 -0.265758 -0.609841 0.0370287 -0.179279 -0.415771  0.326146
point 5 69 573.468 212.033   -0.36367  -0.772857   0.732302  -0.842867 -0.0235017  -0.420646   -0.61156  -0.406231    0.26943    0.93694
point 6 87  142.77 203.935  0.720735  0.830457 -0.242645  0.874828 -0.691641 -0.613159 -0.477598 -0.328898  0.879549  0.211206
point 7 94  317.47 179.201   -0.756879    0.413788   -0.513966    0.190599   -0.973243    0.648258  -0.0288058 -0.00177423    0.560645   -0.701394
point 8 99  418.48 152.406 -0.537942 -0.570949 -0.733529 -0.823209  0.211818 -0.901153 -0.871589 -0.734607  0.584375  0.946483
point 9 112 236.461 234.657 -0.0232877  -0.778516  -0.723228    -0.8995   -0.41625  -0.860553  -0.989048 -0.0471073  -0.179728  0.0810311
point 10 152 568.882 148.714  0.0568399   0.419002  -0.605325  -0.617572   0.933262  -0.545382 -0.0693786   0.606189   0.771186     0.2501
point 11 162 223.372 103.173 -0.622829  0.268732 0.0743969  -0.71426  0.138592 -0.935225  0.561927 -0.702681 -0.670737   0.12498
point 12 174 542.787 162.673  0.641703  0.122569   0.88963  0.186173 -0.020509 -0.502111  0.113709 -0.602078 -0.475949   -0.9233
point 13 177 367.114 181.001  -0.731869  -0.171123  -0.483649   0.374503   0.116234  0.0878113 -0.0365144  -0.629568    0.52603  -0.286203
point 14 185 357.324 48.2358 0.0600671 -0.566139   -0.5649  0.309283 -0.266343  0.909255 -0.691746  0.901819 -0.191948 -0.155203
point 15 194 458.272 160.942  0.892993 -0.813805 -0.128613  0.760405 -0.652001 -0.636639 -0.137223  0.807322   0.55866 0.0178745
point 16 196 447.235 194.102  0.592925  0.458634 -0.932015 -0.891796  0.421028  0.983346 -0.716001 -0.710065   0.68646 -0.435878
point 17 206 588.122 16.3672  0.696993 0.0283065  0.593591  0.922815 -0.751093 -0.668007  0.706674 -0.211445 -0.979372  0.676893
point 18 207 424.814 236.634 -0.989646 -0.709974   1.04159   1.01563 -0.322309 -0.818359 -0.235012  0.542529 -0.550744  -0.72956
point 19 213 166.528 130.774   0.534977  -0.155044  -0.762572 -0.0692393 -0.0681484  -0.869456  -0.460508   0.743073   0.409242     0.1029
point 20 217 437.925 124.092 -0.351306  0.257728  -0.98991  0.248277  0.212907  -1.04149  0.641575  0.138213 0.0809043 -0.764747
point 21 224 457.572 185.324  0.887764 -0.515875 -0.784601  0.485774  0.420653 -0.442696  0.390647  0.493081  0.157713 -0.126146
point 22 237 430.159 196.901 -0.0215679  -0.942322   0.645392   -1.01664   0.243291   0.908594  -0.906692   0.227202   0.334044    0.15685
point 23 252  512.83 192.085  -0.469374 -0.0587808    0.69289  -0.156578    1.02182   0.839965  -0.108883  -0.199261  -0.876031  0.0376994
point 24 255 93.5167  181.66  -0.954948  -0.766029  -0.972108  -0.883656  0.0243184   0.854901   0.140103  -0.322805 -0.0966495    0.42101
point 25 256 606.828 219.871 -0.663528 -0.699009 0.0173938  0.683877   0.54784 -0.842006  -0.55951 -0.649393  0.727583 -0.143772
point 26 261 542.826 202.063   0.837233   0.429705    1.01603  -0.289837   -0.14899   0.208389  -0.618284   0.891587  -0.388222 -0.0467051
point 27 279 256.286 167.975 -0.449547 -0.331188  0.260764  0.252789 -0.112513  0.733796  0.420228 -0.816877  0.859116  0.451211
point 28 289  344.32 168.155  0.889246 -0.446411  0.351148  0.915638 -0.880192  0.877098 -0.703057 -0.451878   1.04784  -0.26542
point 29 317 324.644 236.957   0.600949 -0.0983641  -0.613918  -0.117837   0.711816  -0.464696   0.500846   0.746839   0.683601  -0.856883
point 30 348 326.552 182.983   0.854108  0.0782097  -0.769179   0.198987   0.322276  -0.247088   0.201528  -0.707565 -0.0573384  -0.961481
point 31 372 368.488 218.683 -0.233445  0.861323 0.0101436 -0.507014  0.947935   0.65832 -0.692651 -0.944464 -0.427773  0.188688
point 32 373 499.543  236.67  -0.388266   0.794344 -0.0390057  -0.346967   0.465649    0.51062 -0.0198668   0.712762   -0.27884  -0.835186
point 33 374 621.433 194.293  0.622742 -0.371822  0.337592    -0.674  0.435743 -0.936701 -0.793176  -0.60192 -0.442204 -0.771458
point 34 403 487.931 202.639  0.166302  0.691438 -0.554815 -0.596903 -0.598676  0.486555   1.03982  0.689796  -1.00178 -0.612867
point 35 417  377.08 201.915 -0.787683  0.550464 0.0795302 -0.414708  0.281299  0.502355 -0.817762  0.390425  -0.69027   0.29654
point 36 418  189.28 195.599  -0.954095 -0.0116138   0.287825  -0.676099   0.923601    0.80908   0.963306  -0.714528  -0.646771   0.664407
point 37 427 208.073 99.5918   0.747986   0.911124   0.281461  -0.375954 -0.0826163   0.792596   0.195601  -0.709497  -0.624571   0.674165
point 38 442 412.202  232.36 -0.154426  0.603597 -0.737553  -0.40048   0.55887 -0.533526 -0.308671 -0.335597 -0.655531  0.107382
point 39 444  592.73 171.633  0.580241  -0.91239  0.480306 -0.603362 0.0407256 -0.735371   0.99751  0.289999 -0.118987  0.502025
point 40 446 617.973 143.085   0.498345  -0.786424   0.606613   0.961207  -0.949015    0.15592   0.956726   0.438562   0.482883 -0.0514952
point 41 452 639.841  168.71  -0.881502   0.273523  -0.215832   0.735661   0.533274  -0.740553 -0.0497595   0.249825  -0.364538  -0.132902
point 42 482 534.707 215.144  0.540656  0.428076   0.29234  0.179429 -0.349396 -0.499242  0.279379 -0.253345  0.317525  -0.36504
point 43 509 523.747 201.389  0.308264 -0.936145  -0.32172  0.665609  0.776612  0.831216 -0.427444 -0.345354 -0.312474  0.940649
point 44 518 445.871 166.072 -0.963136 -0.968947  0.269445  0.898093  0.374413 -0.551285 -0.704451  0.555785 -0.407997 0.0791695
point 45 550 190.264 195.508  0.234128 -0.130727 -0.651755  0.505656 -0.350165 -0.519888 -0.815202  0.200739  0.023553 -0.722203
point 46 571     558 113.934  0.840942  0.778315  0.259956  0.622228  0.293922 -0.709516  0.951222  -0.40258  0.557925 -0.305568
point 47 582 333.709 140.665 0.00576267  -0.847216  -0.507264   0.954094   0.212236   0.145781  -0.409402   0.233939 -0.0251415   0.713146
point 48 608 317.339 201.017   0.736111    0.97175 -0.0625962   0.728583  -0.089848   0.632232   0.346929   0.804446   0.157808   0.996483
point 49 612 314.956 176.896 -0.678579  0.498678    0.1723   0.35605  0.431484   1.04126 -0.925845  0.138103  0.637468  0.583906
point 50 619 309.981 129.104 0.0681841  0.882489  0.414257 -0.943506 -0.961131 -0.549512 -0.768074  0.294375  0.566135 -0.304758
point 51 621 249.758  154.12  0.828706 -0.102389 -0.900523 -0.183826  0.282478 0.0847094 -0.347503 -0.442846 0.0900086 -0.225855
point 52 624  285.94 210.467 -0.0559173   0.688075  -0.754309    -0.6753    0.73527  -0.199998  -0.646662   0.197828   0.779917   -0.60126
point 53 632 298.793 233.243 -0.079685   0.23168 -0.287572 -0.717639 -0.569043  0.706855  0.259625  0.043696  -0.70759 -0.121267
point 54 673 557.735  238.07  -0.459111   0.705944 -0.0412736  -0.255893   0.589564  0.0112634   0.360215  -0.474342   -0.41122  0.0837739
point 55 698 364.207 220.402  0.350363 -0.455027  0.384869  0.446499  0.508319  0.560947 -0.935052 -0.421297 -0.131109 -0.927872
point 56 731 623.355 223.391 -0.283149  0.419577  0.360349  -0.85884 -0.639155  0.903227  0.744542  0.747219  0.525295 -0.805627
point 57 737 251.811 165.744 -0.392795  0.143955 0.0243637  0.591326 -0.794591 0.0832554 -0.899151  0.089127  0.460948 -0.148375
point 58 739 33.6178 195.214   1.02813  0.164714 -0.466956 0.0446588  0.747314  0.167459 -0.867745  -0.21849 -0.227908 -0.705248
point 59 740 263.896 190.594   0.39512  0.735542 -0.912534  0.572754  -0.10416  0.293152  0.643141 -0.408266  0.704482 -0.941646
point 60 743 584.285 217.087   0.168469  -0.552464   0.822606   0.247536   0.672625  -0.286849  -0.479319 -0.0966474  -0.216117  -0.458138
point 61 753 345.043 188.496  0.632797  0.505202  0.251286 -0.983355 -0.734653  0.857961  0.088204 -0.190921  0.749655  0.539573
point 62 754 352.801 171.611 0.00640014   0.491008  -0.293675   -1.01595   0.258212  -0.524794   0.842353    0.65141   0.277677  -0.360677
point 63 768 465.965 141.118 0.0519456 -0.143145  0.247878  0.363601 -0.678483  0.219985 -0.188285  0.404776  0.728543  0.657768
point 64 789 357.636 191.958  -0.668059  0.0116025   0.580541 -0.0351463   0.140558  -0.590911  -0.724779  0.0727595  0.0371732   0.316292
point 65 791  577.63 185.122  0.681475 -0.666022 -0.828404 -0.545733  0.942119   -0.5041  0.391058  0.625251  0.482553 -0.458409
point 66 801 612.744 198.751  0.420864 -0.332467  0.334896  0.544326 -0.464219  0.614576  -0.52454  0.668209 -0.239384 0.0296551
point 67 811 424.071 215.454  0.535064  0.673423 0.0433483 -0.266714  0.323567  0.753377 -0.206992  0.427014 -0.541944  0.340068
point 68 839  373.79 210.747 -0.0272868  -0.201228  -0.783393   -0.87453   -0.19814   0.038067 -0.0887519   0.309687   0.780176   0.145973
point 69 845 280.928 220.648 -0.131509 -0.349061  0.896728  0.907705 -0.421589 -0.528258 -0.254357  0.476862  0.900369  0.818851
point 70 860 450.042 235.711  -0.79133 -0.892432  0.699665  0.527379 -0.821127  0.241805 -0.188573 0.0259287 -0.877851 -0.524685
point 71 889 168.767 222.178  -0.790116   0.226825   0.870091  -0.270728  -0.928981   0.430371 -0.0123883  -0.742732     0.7284   0.151498
point 72 935 551.926  225.89  -0.736852  -0.911731    0.27642   0.989567  -0.586031   0.531456   0.278344   0.834228  -0.751944 -0.0601898
point 73 994 430.643 151.446  -0.332745 -0.0156839  -0.942204  -0.525208  -0.330001   0.451465  -0.279027   0.449931   -0.19482  -0.301381
point 74 996 322.298 167.257  0.238552  0.474629  0.505661  0.927218  0.688891 -0.844035 -0.078755  0.701638 -0.433098   0.54921

