seq: 80
gt_pose: 0.145786 0.939368 -1.23677
odom_pose: 0.923278 0.873634 -1.14183
point 0 0 124.331 198.117   0.622098    0.82846  -0.599207  -0.301746   0.548463  -0.447966   0.146727 -0.0759761   0.282061  -0.252538
point 1 5 348.324 182.501 0.0269259  0.349298  0.107586 -0.946479 -0.110879  0.834044  0.814297  0.439255 -0.466721  0.505699
point 2 6 268.187  208.66 -0.655459  -0.10122  0.800413  0.676517  -0.34245 -0.508246  0.830228  -0.34249  0.331556  0.946902
point 3 10 572.092 226.014 -0.466054 -0.661786  0.453428 -0.748239  0.598184 -0.720662  0.537438  -0.85091  0.870572 -0.873327
point 4 14  254.87 174.406 -0.832796 0.0838352  0.500052 -0.429113   1.03164  0.203252  0.737898  0.545475   0.25448 -0.931796
point 5 17 7.56765  2.4494  -0.411429  0.0514659   0.404471   -0.75469 -0.0296665    0.19789   0.891203 -0.0773147  -0.307698   0.706152
point 6 23 352.621 179.077    0.824102    0.762678 -0.00949376    0.196346   -0.708956   -0.496716    0.774239  -0.0523762  -0.0671833    0.663329
point 7 24 394.655 189.562  0.402797  0.478516 -0.684219  0.176123 0.0205557  0.711111  0.417719 -0.675203 -0.521368 0.0129258
point 8 43 459.072  226.16  -0.949342   0.448381   0.172569   0.657573   0.147301  -0.104021 -0.0507887    1.02483   -0.90921  -0.887391
point 9 57  189.83 177.535   0.40166 -0.306056 -0.542144  0.557923 -0.461671  0.411487 -0.922677  0.707433  0.661987  0.201985
point 10 72  483.06 198.482 -0.765997 -0.306972  0.712756  0.235497 -0.830141  0.571166  0.504578 -0.221724 -0.288437 -0.221682
point 11 78 375.677  186.97 -0.852467 -0.767645  0.571738  0.779752  0.998681 0.0274867 -0.457219 -0.669845 -0.312038 -0.124455
point 12 84 218.806 185.552 -0.445731  0.120232  0.326234  0.878197  0.252382  0.323443 -0.177136 -0.983632    1.0071 -0.308263
point 13 92 599.724 109.613   0.222764   0.749513 -0.0144145   0.917203   0.275465   0.256422   0.953114   0.620497  -0.222544  0.0421888
point 14 94 53.7763 197.335  -0.759384   0.405323   -0.53003   0.160181   -1.01779   0.618437 -0.0529894  0.0361288   0.581956  -0.726001
point 15 109 370.644 182.543  -0.437998   0.920249  -0.841662  -0.451625   0.545325 -0.0124669   0.682964   0.563263 0.00537717   0.297299
point 16 116 318.313 232.794  0.861887  0.575836   0.35546 -0.473608  0.597885 -0.114309  -0.35284  0.615742  0.318744  0.852689
point 17 119  266.94 215.268 -0.389375 -0.455309  0.803454 -0.403136  0.779004  0.458653  0.904472 -0.445847 -0.739807  0.436848
point 18 123 341.974 77.9011  0.174665 -0.787618 -0.211023  0.307525  0.896443  0.711281  0.284658 -0.270475  0.393965 -0.628276
point 19 129 634.224 133.441  -0.498807   0.837801   0.967958  -0.735387   0.160641  -0.689144   0.952765 -0.0788503  -0.998047 -0.0910979
point 20 146 447.739 159.025  0.996224 -0.491935 -0.640298  0.166254  -0.61917 -0.160772  0.927279 -0.522046 0.0690571 -0.758497
point 21 155 565.105 229.225 -0.627651  0.815002  0.302995  -0.71124 -0.702301  0.643455 0.0795026 -0.242648 -0.856181 -0.904919
point 22 184 309.375 205.688  -0.27692  0.533869 -0.397258 0.0679285 -0.553554 -0.271248 0.0624916  -0.37797 -0.432739  0.340259
point 23 185   5.257 145.014 0.0393553 -0.562145 -0.557861  0.283292 -0.260594   0.83304  -0.67047  0.932242 -0.223424 -0.122186
point 24 195 553.506  157.88  0.313292 0.0346643 -0.205774 0.0384057  0.616821 -0.214723  0.265123  0.579136 -0.417943 -0.228738
point 25 198 224.293 236.604  0.937866  0.608145 -0.371526 -0.590063  0.998287 -0.833328   0.93637 -0.911782 -0.698499  0.282573
point 26 200 352.351 106.587  -0.485205  -0.717461   0.690468   0.323555   0.249239   0.548096 -0.0851185   0.848787   0.970397 -0.0565888
point 27 206 139.794  155.06  0.735369 0.0441617  0.649103  0.919372 -0.738694 -0.696243  0.686052 -0.192503  -0.93015  0.740704
point 28 216 540.551 80.2998 -0.694506 -0.932276   0.85679 -0.807868 -0.532969  -0.89601 -0.329202 -0.234224 0.0344379  0.817149
point 29 242 382.601 165.726  -0.769734 -0.0305553   0.192834   0.447203  -0.385404    0.62912   0.873427  -0.728195   0.446024   0.601372
point 30 259 167.019   204.9  0.222276   0.64601  0.118358  0.459924 -0.395665 0.0401478 -0.719349  0.480181  -0.88888 -0.621363
point 31 262 511.738 38.1242  0.083335  0.360023 -0.302796  -0.58392  0.912322  0.958557 -0.944398 -0.334978  0.357299 -0.398804
point 32 277  380.99 165.742 -0.484274 -0.817755  0.281907 -0.803747 -0.974182  0.228708 0.0876746  0.490235  0.437017 -0.877354
point 33 286 203.784 179.477 -0.746673 -0.476122 -0.395953 -0.235054  0.095651  0.364706  0.918116 -0.885946 -0.940567  0.700474
point 34 290  81.554 165.454 -0.654655  0.814195 -0.719518 -0.511451 -0.664392  0.478518 -0.876714 -0.829471   0.61465 -0.951505
point 35 292 478.446 219.177  -0.242151   0.168171  -0.266324   0.739911  -0.308075  0.0981449   0.559116 -0.0679183     0.5412   0.865235
point 36 296  202.53 112.939 -0.0535989  -0.549834  -0.400649   0.347619  -0.219905   0.561392  -0.653512   0.928834  0.0438454  -0.372727
point 37 301 259.384 185.469   0.10999 -0.523963 -0.982729  0.422642 -0.945818  -0.69945 -0.599071  0.471615 -0.760512 0.0541623
point 38 309 533.181 195.965 -0.516655  0.988305  -1.01116  0.779777 -0.197243  0.153701  0.689383  0.540376 -0.187203  0.420671
point 39 313 117.666 73.2081   0.134314   0.365112   0.145064   0.136865   0.496088   0.705162  -0.384886     -0.617 -0.0670621   0.406306
point 40 316 137.484  170.55  -0.589601  -0.776728  -0.914254  -0.521792  -0.466011 -0.0559573  -0.387004   -0.21302    -0.2777  -0.667855
point 41 319 137.451 140.705 -0.972507  0.253885  0.577603 -0.237226 -0.758269  0.180134  0.734063 -0.334567  -0.94354  0.383023
point 42 334 491.899 193.868 -0.302444 -0.362841  0.946253 -0.716076  0.230166 -0.378971  0.185332 -0.874043  0.990024 -0.117918
point 43 348 16.7207 206.218   0.879458  0.0656867   -0.72521   0.229835   0.348924  -0.312735   0.205027  -0.734106 -0.0883735   -1.00054
point 44 350 616.655 126.039 -0.713593 -0.875031  0.940469  0.238156  0.437073  0.804723 -0.705604  0.672752 0.0743738  0.623452
point 45 359 374.276 147.819 -0.0532553   -0.25026   0.614517  -0.565048   0.723199  0.0165513   0.229445   0.199909  -0.529148  -0.252683
point 46 364 357.521  196.18 0.0892494  0.771648  0.666531 -0.659355  0.951538 -0.551084 -0.580533 -0.862452 0.0567052 0.0084068
point 47 369 554.264  231.74  0.352591  -0.43386  -0.87108 -0.523452 -0.364016 -0.534426 -0.405612 -0.498258 0.0354748 0.0700269
point 48 382 342.297 210.092 -0.757246  0.862202  0.960967 -0.974592  0.159569  0.532876  0.552029 -0.231738  0.199687 -0.198831
point 49 398 210.996 219.924 -0.823026  0.872457 -0.651343  0.376772 -0.975257  0.582429  0.649506  0.921991  0.266883 -0.738822
point 50 403 124.941 222.642  0.201118  0.655796 -0.555793 -0.596142 -0.579611  0.523516   1.01493  0.648918  -1.01638 -0.585355
point 51 409 509.485 201.143 -0.456008  0.868758  0.253004  0.760553 0.0905964  0.626808  0.644188  0.231852  0.225494   0.84536
point 52 422 461.234 210.448 -0.056341  0.565476  0.533042  0.389403   1.01011   1.01325 -0.030682 -0.909619  0.506837  0.739354
point 53 425 324.615 239.917 -0.455248 -0.378567  0.396098 -0.487687  -0.56364 -0.659548 -0.156452 -0.964199  0.903775  0.849008
point 54 448 54.144  188.3  0.877233 -0.404297  -0.78292 -0.620145 -0.295236  0.683722 -0.382654 -0.705749  0.593681 -0.350714
point 55 463 231.455  147.53   0.569415 -0.0885362  -0.296196   0.503956  -0.759606   0.291222   0.902066  -0.849139  -0.727525   0.103408
point 56 469 181.425  128.72 -0.0993694  -0.871619    0.92183   0.922234  -0.125478  -0.439599  -0.787206   0.799686    0.14522   -0.92854
point 57 470  372.56 238.184  0.399616 -0.038138 -0.657507   0.93088 -0.302225  0.890201 -0.438181  0.174441  0.374143   0.73545
point 58 472 479.221  167.96  -0.912786 -0.0411617   0.642451  -0.274483   0.946145  0.0703328   0.728987  -0.661078 -0.0317337  -0.604043
point 59 475 367.788 225.861  -0.969277   0.143373  0.0583387   0.621171  -0.348045  -0.388948 -0.0760578 0.00161506  -0.677645  -0.256305
point 60 492 367.828 174.291  0.536481  0.465272 -0.723714  -0.36953 -0.440777  0.665304 -0.519056  0.768049 -0.831595 -0.568154
point 61 497 488.813 206.897   0.517258  -0.447478   0.622681  -0.183854  -0.604306  -0.163161  -0.569422   0.253322  -0.729827 0.00801868
point 62 508 346.671 184.367  0.664018  0.628163 -0.176109 -0.126763 -0.742875  0.896884 -0.814065  0.196518 -0.715017 -0.780662
point 63 519 123.777 17.8142  0.351844  0.453228  0.562607  0.175575  0.716052 -0.833007 -0.853652  0.840399 -0.329575  0.442106
point 64 529 392.271 183.571  0.472906 -0.346539  0.107692 -0.356949  0.676381 -0.122426 -0.880531  0.835508 -0.134312 -0.392929
point 65 532 239.779 196.814 -0.831116  0.395972  0.764921  0.839881  0.687067  0.780041  0.202399 -0.447999  0.911638  -0.50359
point 66 533 66.786 156.89   -0.713627   -0.204367    0.622459   -0.240641   -0.768024   -0.753865     0.56743   -0.214558    0.660706 -0.00146883
point 67 568 390.337 197.607  -1.00048 -0.683138  0.989598 -0.694561  0.353764  0.515926 -0.960925 -0.832705 -0.771258  0.134214
point 68 573 103.427 94.9357   0.91985 -0.205091  0.217177  -0.42101 -0.298505 0.0365999 -0.650356 -0.967409 -0.346324  0.655586
point 69 575 620.949 179.089  0.049549  -0.93132   0.46753  0.999644  0.756967   0.37381 -0.211399 0.0303236  0.908249  0.443509
point 70 582 17.6899 182.891 -0.0653696  -0.795137  -0.552191   0.996813   0.180851  0.0824259   -0.40322    0.18502  0.0447256    0.70306
point 71 588 32.3995 226.781 -0.234378 0.0785659 -0.459588 -0.588003  0.558813  0.591156 -0.609505  0.270032 -0.217197 0.0929309
point 72 597 379.217 180.836 -0.761711  0.744257  0.870273 -0.103739 -0.326848  0.584806  0.896714  0.893109  0.413746 -0.323686
point 73 608 47.0094 213.213    0.70843   0.962038  -0.101914   0.739545 -0.0527044   0.692199   0.344127   0.841396   0.179879   0.978214
point 74 624 10.5999 218.769 -0.0421855   0.663818  -0.758686  -0.695239   0.711271  -0.159677  -0.632119   0.171272   0.762568  -0.602459
point 75 629 200.244  182.36 -0.406874  0.798661  0.647735 -0.924413  0.924895 -0.239703  0.963508 -0.706112  0.149413 -0.817402
point 76 642 525.328 160.997  0.787039 -0.147132  0.265638  0.660721  0.574687 -0.715014  0.377524  0.478567  0.700601 -0.471869
point 77 646 53.687 218.05 -0.368388  0.646226  0.804394   0.77522   0.40458 -0.770714 -0.379764  0.795288  0.274365  0.516875
point 78 657 580.928 213.929  0.233519 -0.993603  0.892439  -0.61674  0.222513 -0.202727  -0.93244 -0.306605   0.21329 -0.492528
point 79 661  301.89 77.0019  0.336789 -0.550897  0.374534  0.402516  0.144398  0.126593 -0.961398 -0.782707  0.260103   0.41647
point 80 664 261.836 216.978 -0.481197 -0.945666  0.267935  0.945848 -0.263961 -0.310806 -0.341752   0.38815 -0.200201  0.346099
point 81 681 107.506 195.646  -0.302785   0.537079   0.198254    0.46255  -0.761831   0.136508   -0.81969   0.446051 -0.0968541  -0.899882
point 82 691 639.997 42.6464    0.5364   1.00904  0.209124  -0.27696 -0.938521 0.0656379  0.304764 -0.432237 -0.943981 0.0158491
point 83 695 345.236 208.315  0.757266 -0.203073  0.349208 -0.390057  0.470837 0.0049301  0.960916 0.0529476  0.511155  0.779488
point 84 697  178.86 203.185  0.129542 -0.759691 -0.508766  0.965983  0.475343 -0.731288 -0.239577 -0.137746 -0.195434 -0.803368
point 85 709 189.529 213.835  0.950233 -0.873632  -0.99385 -0.930644  0.514419  0.822536  0.745221  0.479236  0.212612 -0.477411
point 86 754 83.8936 195.311 0.0578388    0.4575 -0.333049  -1.01996  0.215802  -0.45803  0.874375  0.684919  0.308301 -0.344996
point 87 755 521.387 236.948   0.127479   0.179129 -0.0215177   0.844829   0.436065   -0.51039   0.315508  -0.363167  -0.400906   0.522022
point 88 760 588.919 173.831  0.839828  0.179135   -0.3799 -0.766442 -0.546917  0.386425 -0.694833 -0.691252  0.898909 -0.301178
point 89 768 83.9188 196.345 0.0342927  -0.19113   0.18471  0.369589 -0.724721  0.284176 -0.226884  0.427948  0.700649   0.68991
point 90 771 78.7258 220.031  0.245549 -0.383613  0.776069  0.985937 -0.613623  0.889308  0.720443 -0.244802 -0.386182 -0.609769
point 91 774   521.6 220.775   0.319512 -0.0632062  -0.135332   0.641186  -0.132164  -0.344894   0.171373   0.192893   0.127954  -0.304727
point 92 776 379.624 82.9771   0.87377  -0.12609 -0.128316    -0.548  0.706516 -0.871049  0.349101 -0.463704  0.833801 -0.793587
point 93 777 176.433 160.487  -0.571549   0.660528  -0.330538   -0.47365   0.587412  -0.221747   -0.34033   0.548174 -0.0484371  0.0363094
point 94 783 571.715  213.88  0.941712 -0.373221  0.545458  0.852287  0.825726 -0.600073  -0.90697 -0.483619  0.195887 0.0587514
point 95 794 326.545 184.494 -0.414183  0.408627 -0.334172 -0.658956  0.041683  0.628469   0.48764 -0.472871  0.132204  0.491109
point 96 797 302.019 172.789  -0.767272  -0.687541   0.681002  0.0330471  -0.186623  -0.557241  -0.109017   0.575495 -0.0661929  -0.319422
point 97 815 197.686 128.042   0.13893 -0.270197  0.954261  -0.30179  0.689304  0.622113 -0.427257 -0.648676  0.808516  0.838904
point 98 819 371.189 204.533 -0.565299  0.385507 -0.766571  0.770976  0.938796 0.0166235  0.317028  0.725752 -0.419651 -0.120418
point 99 821 275.677 214.819  0.410867  0.320633 -0.636194 -0.909466  0.954279 -0.200859  0.462235  -0.78151 -0.456827   0.39045
point 100 825 523.775 183.648   0.348079   0.715502   0.953644  -0.274199   0.460932  0.0348779 -0.0629154  -0.469835  -0.214912   -0.43006
point 101 841 345.019  112.12  0.166402  0.941643 -0.859433  0.957381 -0.384821 0.0907596 -0.277977 -0.228352  0.241935  0.465372
point 102 861 480.801 170.043  0.0954538    0.63254   0.852647 -0.0790992  -0.451531   0.283154  0.0326447   0.159819 -0.0466775  -0.479916
point 103 862 430.133 176.405 -0.832853 -0.308335 -0.746066 -0.219579  0.602768 -0.473638 -0.058457  0.370339 -0.973994 0.0540245
point 104 882 193.161 196.603 -0.469231   1.00657 -0.629191   0.57316  0.505696  -0.19528 -0.897825 -0.793639 -0.614483  0.617916
point 105 885 217.263  169.08   0.893837  -0.660819  -0.090728 -0.0168172   0.551283   0.679454   0.695546   0.852381   0.665786  0.0125395
point 106 887 413.373 225.757  0.551537 -0.772946 -0.753332   -0.6991 -0.804299 -0.955967 -0.379728 0.0705614 0.0638473 -0.793466
point 107 936 393.282 125.372 0.0148464 -0.459356 -0.426238  -0.33706 -0.474641  0.898386 0.0603042 -0.742524  0.133597 0.0970317
point 108 942 309.979 203.779 -0.743127 -0.295934    0.6521 -0.487065   0.21828 -0.236816 -0.721464  -0.92906    1.0254   0.40369
point 109 965 414.203 142.342    0.914769    0.555107    0.536398  -0.0875606 -0.00210813   -0.509831    0.105154    0.625815    0.872801    0.274597
point 110 971 95.5209 176.902   0.730452 -0.0356412   0.317058  -0.701735    1.01215  -0.100963   0.368047     1.0128   0.795824  -0.160298
point 111 998 636.015 162.063 -0.450131 0.0721246  -1.02441  0.442787 -0.112482  0.261608  -0.11822 -0.725991  0.179706 -0.461679

