seq: 75
gt_pose: -0.20438  1.87658 -1.28804
odom_pose: 0.516664  1.75233 -1.21084
point 0 5 330.942 196.203  0.0568751   0.324342  0.0257199  -0.893299 -0.0984874    0.87492    0.85821    0.43494  -0.460451   0.435547
point 1 14 264.23 195.23   -0.7777 0.0871495  0.481418 -0.372269  0.973484  0.186903    0.7844  0.537526  0.286327  -0.88627
point 2 17 113.538 92.2534  -0.484206  0.0644683   0.480776  -0.793124 -0.0506211   0.168389   0.932448  -0.094189  -0.326984   0.655109
point 3 28 632.689 193.801  0.248102  0.951807  -0.32488  0.778421 -0.767593 -0.203552 -0.944632  0.573412   0.56668 -0.447131
point 4 42 51.0959 141.529 0.0454245 -0.783776 0.0206667 0.0528544 -0.942932  0.608776 -0.215566  0.314553 -0.123775 -0.718412
point 5 57 211.514 193.256  0.438502 -0.356525 -0.555073  0.542785 -0.475771  0.339439  -1.00997  0.692063  0.731089  0.209516
point 6 64 49.8896 173.896  0.898002  0.583472 -0.715719 -0.963278 0.0102333 -0.251034 -0.591805 -0.119788 -0.672462 -0.430534
point 7 72  422.88 211.068 -0.808203 -0.376036  0.732779  0.196673 -0.836955  0.615546  0.510984 -0.182635 -0.273199 -0.177996
point 8 78 346.396 204.267  -0.935629  -0.836023   0.579927   0.787343    1.02299  0.0617446  -0.479831  -0.682345  -0.310466 -0.0941437
point 9 80 628.958 227.826 0.0800569  0.522614   0.96502  0.922988 -0.780154  -1.00369 -0.888006   0.77362  0.779252 -0.957505
point 10 92 448.469  174.59  0.153899  0.772499 0.0152998  0.968362  0.259627  0.279324  0.948653  0.611065 -0.260553 0.0529654
point 11 109 329.217 215.197   -0.479053    0.859715   -0.779568   -0.407188     0.45133 -0.00493001    0.698794     0.56376  -0.0289337    0.269153
point 12 110 79.8484 65.0535  0.884942  0.968698 -0.627665 -0.312659 0.0505015 -0.737459 -0.561168  0.616161   0.72542  0.268889
point 13 119 266.851 220.158  -0.35146 -0.400995   0.83249 -0.384459   0.79209  0.473345  0.933214 -0.454987 -0.802132  0.425588
point 14 123 323.606  130.84  0.167037 -0.790998 -0.282818  0.361991    0.8375  0.645492  0.246661 -0.213586  0.328673 -0.600583
point 15 129  529.22 165.518 -0.570064  0.836598  0.927022 -0.699843  0.192577 -0.666793  0.969956 -0.125878 -0.989717 -0.137492
point 16 146 406.962 178.282   0.95232  -0.54569 -0.732377  0.151386 -0.654248 -0.139766  0.927103 -0.528382 0.0809229 -0.720998
point 17 159 61.9717 119.353  0.171127  -1.03511 -0.909558 -0.193233 0.0515999  0.135125  0.944657 -0.356591 -0.416879 -0.784006
point 18 165 205.911 127.332  0.491948 -0.780841  0.399374  0.642343 -0.681528  0.654894 -0.631668  0.827988  0.413815 0.0155376
point 19 176 14.5027 25.3147  -0.710272   0.876268  -0.180306 -0.0115183   0.387101  -0.437591  -0.925243   0.301692   0.740753   0.146332
point 20 179 86.5801   186.9  0.015808 -0.796866  0.116894  0.751878  0.655907  0.357238 -0.313272 -0.829018 -0.210984  0.750994
point 21 184 301.208 214.045 -0.248825  0.463106 -0.377872 0.0497347 -0.638097 -0.279473 0.0867641 -0.367252 -0.443765  0.325187
point 22 185 46.1612 160.694 0.0623199 -0.547383 -0.562418  0.316653 -0.253449  0.897451 -0.614826  0.939367 -0.196286 -0.113299
point 23 195 484.921 178.401    0.373473 -0.00263428   -0.202968   0.0745306    0.580209   -0.208809     0.24141    0.546241   -0.382611   -0.207629
point 24 197 539.989 191.302 -0.840978  0.628648  0.107486 -0.213916  0.746779  -0.53674  0.756879 -0.440326  0.482121  0.367895
point 25 198 232.198 237.263  0.922345  0.595666 -0.359355 -0.533646    1.0353 -0.752924  0.906311 -0.894658 -0.663866  0.301082
point 26 200 329.387 154.407 -0.426138 -0.713498  0.667116   0.33657  0.211862  0.598634 -0.107153  0.872963   1.03508 -0.127382
point 27 202 78.7976 108.584  -0.52001  -0.23136  0.256738  0.341647  0.177758  0.813393  0.587489 -0.231418 0.0986194  -0.14698
point 28 206 157.515 168.441  0.728072 0.0804236  0.619752   0.87204 -0.741538 -0.692178  0.762443 -0.259801 -0.969657  0.749512
point 29 216 419.618 159.236  -0.661802   -0.88267   0.857597  -0.833504  -0.563808  -0.828416  -0.378198  -0.231445 -0.0451571   0.806037
point 30 245 424.302 135.577 -0.581741 -0.349973  0.401352 -0.700462 -0.498441  0.353904  0.839994 -0.630464  0.183511  0.754913
point 31 259 183.379 211.111  0.177813  0.622156 0.0501435  0.486111  -0.46685  0.069089 -0.689097  0.385388 -0.927238 -0.630618
point 32 262 407.312 135.557 0.0973494  0.354369 -0.362446 -0.569098  0.981033  0.968068 -0.961982 -0.315264   0.36959 -0.395983
point 33 277 357.037 182.181  -0.47567 -0.796396  0.270323 -0.858607 -0.968315  0.217189 0.0956568  0.508194  0.408194 -0.885929
point 34 280 78.1775   226.8  -0.215096   0.179984   0.562195  -0.104436  -0.322989  -0.362895   0.832624   0.823111 -0.0824566   0.794259
point 35 286 213.685  190.16 -0.767916 -0.485457 -0.456907 -0.228839 0.0914885  0.308698  0.923836 -0.922868  -1.00114  0.676969
point 36 290 125.295 182.633 -0.670153  0.875205 -0.813197 -0.456106 -0.719958  0.514172 -0.880097 -0.809304  0.532826   -1.0049
point 37 296 223.804 148.054 0.0181746 -0.555116 -0.410195  0.286965  -0.17992  0.604747 -0.617781  0.943029 0.0703532 -0.335402
point 38 301 268.588 204.044  0.160037 -0.523558   -1.0298  0.402887 -0.931165  -0.71609 -0.619918  0.510027 -0.764305 0.0519388
point 39 306 563.812 181.715  0.522839  0.204452  0.502002 -0.101675  0.296589 0.0168164  0.283759  0.853581  0.656375  0.276783
point 40 308 633.183 192.257  -0.571428   0.941771 -0.0370861 0.00339231  -0.748205  -0.472638  -0.762442    0.77008   0.421933   0.512338
point 41 309 462.078 208.481 -0.588158   1.01552  -1.00756  0.773398  -0.23244  0.198568  0.701488  0.565033 -0.218281  0.430501
point 42 313 164.592 121.324  0.141026  0.303359   0.14198 0.0616986  0.518829  0.736477 -0.432088 -0.629029 -0.122771  0.357467
point 43 316 159.965 183.219  -0.597422  -0.732414  -0.958449  -0.481098   -0.41754 0.00641557  -0.394411   -0.12237  -0.279383  -0.700944
point 44 319 175.135 167.342 -0.937777    0.2807  0.571728 -0.198891 -0.737833  0.139061  0.717264 -0.302026 -0.959956  0.335146
point 45 334 426.584 208.493 -0.360074 -0.372546  0.936623 -0.676789  0.245294 -0.365861  0.155933 -0.806117  0.991106 -0.103026
point 46 348 49.7913 211.118   0.898545  0.0589478  -0.766005   0.204728   0.382879  -0.305059   0.142292  -0.707558 -0.0900473  -0.964961
point 47 350 509.032 163.299 -0.720134 -0.941975   1.00287   0.22574  0.508464  0.887556 -0.759093  0.727344 0.0897478  0.653547
point 48 352 458.386 171.441  0.591075  0.314582  0.389157 -0.760642    0.6002  0.704736 -0.619059   0.54416  -0.11474  0.812961
point 49 359 352.203 167.603 -0.111896 -0.237845  0.662293 -0.539019  0.729185 0.0194563  0.263279  0.136014 -0.521734 -0.254621
point 50 364 335.366  209.23   0.145206   0.770335   0.641235  -0.607633   0.887378  -0.538027  -0.556913  -0.895612   0.132454 -0.0288626
point 51 369 484.221 233.847  0.356154 -0.444578 -0.876279 -0.500655 -0.348863 -0.585954 -0.421391 -0.487589 0.0135871 0.0677937
point 52 398 228.471 225.185  -0.79098  0.908265 -0.646767  0.413357 -0.997719  0.584429  0.724585  0.848935  0.303572 -0.698701
point 53 425 311.968 239.943  -0.454278  -0.376158   0.325957  -0.463838  -0.604072  -0.676471 -0.0932917  -0.915834   0.908714   0.868403
point 54 448  128.21 204.991  0.808318 -0.395602 -0.825969  -0.65446 -0.305729  0.692246 -0.388236  -0.68802  0.665804 -0.425494
point 55 463 237.436 164.853   0.582633 -0.0394427  -0.280126    0.53555  -0.834706   0.241948   0.987159  -0.847804  -0.770045  0.0601507
point 56 469 208.334 159.346 -0.0659482  -0.813168   0.980982   0.985514  -0.143179  -0.420879  -0.840849   0.745146   0.212304  -0.877243
point 57 472 411.899 193.404   -0.854063  -0.0417393    0.654603    -0.25895    0.885834   0.0307429    0.701055   -0.658137 -0.00667742   -0.627255
point 58 475  346.72 228.993   -1.03042   0.101146  0.0954665   0.625925  -0.267866  -0.383149   -0.12825 0.00869059  -0.730096  -0.273707
point 59 503  629.37 158.131  0.271762 -0.132699  0.688043  -1.03972 -0.127106  0.184217 -0.321275   0.69233   1.00564 -0.925424
point 60 514 595.627 62.5645  0.431917 -0.782083 -0.876801 -0.478141 -0.901751  -0.48727  0.587178  0.786643  0.153023  0.147961
point 61 519 187.336 103.325  0.379724  0.457949  0.581345  0.151211  0.726438 -0.814924 -0.869596  0.921898  -0.33798  0.517652
point 62 529 363.242 197.934   0.449193  -0.364587  0.0289554  -0.290371   0.686614 -0.0759754  -0.873535    0.82605  -0.127308  -0.414067
point 63 532 243.893 204.714 -0.846469   0.38491  0.829733  0.795386  0.755675  0.751527   0.23659 -0.509958  0.959385 -0.477828
point 64 533 103.748 172.641  -0.711327   -0.22874   0.552942  -0.219603  -0.716762  -0.712996   0.606551   -0.27924   0.683073 -0.0707517
point 65 541 510.828 218.083  0.340595 -0.858094  0.870146 -0.313522 -0.617362  0.692582  0.758579 -0.632923 -0.992678  0.235354
point 66 559 638.96  190.1 -0.520031   1.03109   1.03735 -0.697083 -0.133979  0.780033  0.557196 -0.649746 -0.516418  0.821773
point 67 568  357.83 210.591 -0.920433 -0.663997  0.978853 -0.598951  0.362646  0.502942 -0.947567 -0.792745 -0.745077  0.117793
point 68 573 163.976 143.343   0.929358  -0.220561   0.231218  -0.449609  -0.325242 0.00756226  -0.711688   -1.00055  -0.343462    0.59864
point 69 582 51.5255 191.348 -0.00778657   -0.813972   -0.552074    0.982569    0.162665   0.0581312   -0.468167    0.169296   0.0417511    0.715413
point 70 588 88.4187 229.877 -0.261585 0.0957189 -0.409996 -0.579606   0.58683  0.627638  -0.62026  0.296335 -0.174288  0.112227
point 71 607 529.912 234.468  0.868305  0.350019 -0.351233  0.149987 -0.337149 -0.424459 -0.366566  0.183172  0.951339  0.726692
point 72 617 303.992 41.5839  0.033657  -0.84282  0.264641  0.162991 -0.502805 -0.888112 -0.175213  0.280725 -0.857989 -0.623544
point 73 619 32.5671 184.076 0.0242139  0.919235  0.328477  -1.00414 -0.966532 -0.567229 -0.754925  0.297307  0.512307 -0.344639
point 74 624 37.6384 221.367 0.0190619  0.679905 -0.727571  -0.62113  0.737785 -0.170549 -0.671885  0.179175  0.748375 -0.589237
point 75 646  98.103 222.631 -0.323639  0.679989  0.833679  0.747491  0.389346  -0.68742 -0.369589    0.8061  0.233815  0.462725
point 76 661 297.282 140.387  0.328777 -0.525027  0.429033  0.450934  0.113719  0.173064 -0.890264    -0.768  0.196058  0.446137
point 77 667 117.831 137.678 -0.940726 -0.555445 -0.237853 -0.624834  0.783655 -0.771102 -0.489913  0.769354  0.567071  0.367432
point 78 679 627.383 201.827   1.00175  -0.26931   0.14511  0.713999   0.93524 -0.396508 -0.340266 -0.368291  0.846412  0.877267
point 79 681 141.274 204.999  -0.250842   0.525274   0.145139   0.428925   -0.70869   0.188573   -0.82663   0.449806 -0.0820585  -0.862191
point 80 691 448.646 153.117  0.581742  0.979041  0.212427  -0.28648 -0.911586 0.0667763  0.262435  -0.45035 -0.961203 0.0524168
point 81 695 328.191 216.261  0.698317 -0.184361  0.309423 -0.456079  0.454769 -0.038938  0.872587 0.0853931  0.573379  0.779664
point 82 709 202.578 218.594  0.936002 -0.856109  -1.01153 -0.971491  0.451858  0.781652  0.747082  0.483063  0.219661 -0.518137
point 83 720 518.338 156.271  0.380987  -0.57695  0.456953  0.309312  -0.77205  -1.02854 -0.620037 -0.872977  0.489102 -0.767806
point 84 740 15.2571 207.466   0.407023   0.757919  -0.969268   0.617551 -0.0997956   0.331176   0.719481  -0.443848   0.736662  -0.879064
point 85 748 636.544 207.736  -0.93586 0.0781353 -0.437689 -0.918827 -0.498683  0.195968 -0.240123  0.925288  0.689461 -0.439711
point 86 752 285.334 107.892  0.793333  0.831603 -0.512435 -0.152985  -0.11815 0.0456222  0.284792 -0.666499 -0.635681 -0.493848
point 87 755 458.334 237.746   0.148029   0.137877 -0.0568011   0.775614   0.471052  -0.510251   0.257837  -0.321885  -0.394401   0.602754
point 88 760 506.408 191.603  0.806819  0.203575 -0.420643 -0.774759 -0.520258  0.367321 -0.694079 -0.665847   0.86753 -0.284967
point 89 767  535.66 238.098 -0.00201989   0.0837139   -0.138819   -0.698815    0.379851   -0.128848    0.135359   -0.052082    0.338246    0.712956
point 90 768 110.459 203.252  0.108065 -0.183312  0.223237  0.377746 -0.704676  0.233708 -0.186117  0.462215  0.761608  0.663844
point 91 769 596.196  147.93 -0.887408  0.689165 -0.628378 -0.328168 -0.326348   0.38728  0.758304  0.509635  0.668065  0.161923
point 92 771 119.602 224.336  0.247421 -0.389858  0.776615  0.945052  -0.65537  0.824145  0.697785 -0.190731 -0.395652  -0.64659
point 93 776 348.539 135.446   0.897327 -0.0915438  -0.127827  -0.485915   0.649219  -0.850514   0.360718  -0.380234   0.788603  -0.821012
point 94 777 212.423 186.821   -0.614145     0.61234   -0.313628   -0.436569    0.574146   -0.246381    -0.28747    0.572486 -0.00902345   0.0772951
point 95 783 492.193 221.056  0.963755 -0.410495  0.495739  0.901504  0.890354 -0.598437  -0.90573 -0.420623  0.239859  0.120765
point 96 794 313.083 203.067 -0.458517  0.476157 -0.337612   -0.6028 0.0712973  0.667733   0.46433  -0.53164  0.154937    0.5226
point 97 797 295.981 191.157  -0.753467  -0.707404   0.764305  0.0637618  -0.169405  -0.587202  -0.102936   0.545573 -0.0718431  -0.273927
point 98 815 215.655 154.532  0.149994 -0.253805  0.962481 -0.340444  0.754914  0.594962 -0.364276 -0.581826   0.74436  0.845858
point 99 819 349.952 212.033 -0.536436  0.377018 -0.792088    0.7964  0.986462 0.0207214  0.281715  0.750108 -0.474322 -0.132998
point 100 841 325.178 155.873   0.12374  0.879643 -0.938852  0.882075  -0.35944 0.0519451 -0.316838 -0.174244  0.243418  0.453517
point 101 843   216.4 82.1881 -0.408343 -0.168669 -0.119428  0.416165  0.158653 -0.968466  0.360605  0.216592  0.934477  0.982828
point 102 852 544.047 177.898   -0.39715   -0.26351   0.987474   0.263518 -0.0130505  -0.592071   0.104442   0.916555   0.788405   0.588082
point 103 861 428.811 188.112  0.0542396   0.610256   0.832889  -0.152756  -0.534663   0.253244  0.0437628   0.185875 -0.0806589  -0.413944
point 104 862 384.184 196.613 -0.803258 -0.300893 -0.714177 -0.170052  0.659855 -0.514485 -0.123388  0.349919 -0.924597 0.0414845
point 105 867 109.919  199.86    1.02763  0.0983224   0.135538   0.572499  -0.497039 -0.0403369  -0.732474  -0.387497   0.648388  -0.049916
point 106 876 392.731 6.42624  0.480095 -0.655168  0.908133 -0.201673 0.0710125 -0.952703  -1.01019  0.307302  0.860489  0.270217
point 107 880  373.92 86.0708 -0.645479  -0.47916 -0.317022  0.677036  0.589122 -0.188024 -0.367781  0.554801  0.793209  0.691682
point 108 882  208.42 205.521 -0.462323  0.925178 -0.619754  0.580656  0.464032 -0.226699 -0.888161 -0.835177 -0.523595  0.613796
point 109 883  443.53 106.516  -0.207429  -0.211833  -0.771409   0.944051   0.272392   0.629976   0.534889  -0.311482   0.258266 -0.0600163
point 110 888 539.535 128.743  -0.645268   0.700194   0.434786   0.557426   0.429075  -0.941589   0.713987   0.974039   0.123836 -0.0154904
point 111 892 50.2963 141.391   0.360845  -0.880455  -0.734886   0.699401  -0.758997   0.709402  -0.651145   0.119127   0.889767 -0.0131699
point 112 894 521.332 193.667  -0.243514  -0.557955 0.00633835   0.740239  -0.590804  -0.722426   0.827816  -0.300738  -0.951144  -0.894966
point 113 908 401.213 83.2214  -1.00739 -0.916986  0.946129 -0.704671 -0.712688  0.974053  0.590622 -0.831065  -0.58612  0.267929
point 114 915 557.031 219.509   0.188714   0.609202   0.135443 -0.0725114  -0.725945   0.319912   0.972661  -0.533858  -0.136565  -0.405134
point 115 919  614.93 163.587 -0.772079  0.450388  -0.24868 -0.470917   0.40646 -0.339563 -0.386607    0.9047   0.17131   0.41083
point 116 927 146.293 121.686 -0.0553864   0.822269   0.559581   0.406514  -0.888577    0.39792 -0.0607087  -0.330989   0.783317   0.910435
point 117 936  364.11 154.388 0.0599075 -0.427831  -0.40448 -0.292331 -0.515097  0.900898 0.0731343 -0.728515   0.12379   0.15829
point 118 942 302.077 216.368 -0.748811 -0.273529   0.66735 -0.478241  0.249249 -0.213071 -0.706824 -0.934729  0.970863  0.397276
point 119 944 474.147 79.9752   0.538732  -0.475877   -0.30969   -0.52293   0.685655 -0.0329085   0.138141   0.319411   0.475658  -0.636341
point 120 958 500.973  67.334   -0.4206 -0.910206 -0.768121 -0.209413 0.0281791 -0.306537 -0.156375 -0.231331  0.423885 -0.903356
point 121 962 495.834 182.301  -0.211472  -0.316004   0.882602  -0.796212  -0.798795 -0.0860236  -0.458096   -0.55149 -0.0297001  -0.164389
point 122 963 81.3236 176.197 -0.0579921  -0.824025  -0.340365   0.398327  -0.921935   0.256309   0.987932  -0.890683  -0.144754   0.498344
point 123 965  378.66 168.152   0.881082    0.63642   0.572305  -0.101448 0.00152126  -0.531787   0.174639   0.602296   0.938771   0.212592
point 124 971 150.243 195.524   0.719742 -0.0453823   0.254029  -0.705333   0.986184 -0.0441017   0.356725   0.944974   0.825814  -0.167036
point 125 978 522.992 174.657  0.846015  0.627009  0.301344   0.92988 -0.827515  0.332091  0.156667  0.415796 -0.563055  0.402782

