seq: 247
gt_pose:   4.47464   2.68817 -0.947713
odom_pose:  4.43834   1.8556 -1.26195
point 0 3 361.311 147.692  -0.171584   0.765683   -0.39118  -0.280455     0.6115   0.792931  -0.844082   0.889537 0.00557931   -0.83022
point 1 6 566.976 199.951  -0.699325 -0.0778914   0.791683   0.698345  -0.317757  -0.573001   0.741716  -0.303554   0.357351   0.959596
point 2 11 638.198 201.682  0.553441  0.503869  0.309683  0.921264  0.319306  0.555822 -0.804735 -0.681024 0.0309273 -0.822679
point 3 26 566.705 184.933 -0.896359 -0.815837  0.247896 -0.322062 -0.390366 -0.337697 -0.862084 -0.145843  0.909404  0.126348
point 4 38 529.939 173.937  -0.580301  -0.726581 -0.0419706   0.686617   0.400392   0.831016  -0.570012  -0.256902   0.380535   0.719624
point 5 42 538.678 71.6465 -0.0191876  -0.798457 -0.0500438  0.0179683    -0.8903   0.589428  -0.247061   0.246317  -0.135859  -0.687907
point 6 48 620.641 159.374  -0.270457   -1.01341    0.88998   0.248195    0.51056   0.800084   0.861418  -0.679063  -0.128846 -0.0392705
point 7 50 81.1587 143.968  0.833094 -0.659506 -0.441003 -0.680547 -0.642983  0.245763 -0.689724 -0.697834 -0.547329   0.87005
point 8 57 637.802 156.295  0.386977 -0.335934 -0.568505  0.519357 -0.438225  0.332295 -0.955979   0.66942  0.690973  0.223087
point 9 59 442.525 218.412  -0.958866  -0.974262  -0.949838   0.020407  -0.440876   0.375723   0.661881  0.0330458 -0.0810529  -0.796704
point 10 66 631.354 177.559 -0.827436 -0.205987  0.161524  0.274763  0.353823 0.0490309 -0.145313  0.605794  0.124389  0.832126
point 11 84 457.164 178.991 -0.442559  0.105111  0.387816  0.955008  0.198696   0.30847 -0.179517  -0.97062  0.954115 -0.281657
point 12 87 244.447 230.176  0.697456  0.784359 -0.207762  0.886036 -0.690495  -0.58236 -0.522653 -0.246849  0.845269  0.272777
point 13 115 371.577 25.2154   -0.68395  -0.746837   0.437326   0.542013 -0.0967133   -0.58861   0.895131    -0.5175   -0.46924   0.439521
point 14 116 627.429  230.09  0.886042  0.623773  0.418619 -0.468035  0.611845 -0.068519 -0.381808  0.601285  0.353691  0.787629
point 15 119 611.547 206.983  -0.42407 -0.399485  0.809006 -0.323771  0.742688  0.458988  0.945856 -0.500071 -0.797321  0.388596
point 16 138 556.706 233.478 -0.432062  -0.76023 -0.472162 -0.607005 -0.527498  0.122153  0.577331 -0.817286  0.130793 -0.098958
point 17 162 247.449 175.092   -0.575151    0.283549 -0.00726351   -0.739953    0.158591   -0.932852    0.596496   -0.783357   -0.618586    0.213757
point 18 185 310.191 156.293 0.0625595 -0.539031 -0.497184  0.353375 -0.231436  0.910436 -0.686644  0.908849 -0.237546 -0.137083
point 19 198 545.838 235.804  0.862533  0.567869 -0.319016 -0.600869   1.01561 -0.763222  0.883313 -0.927778 -0.741018  0.330395
point 20 206 399.076 153.009  0.749345  0.079984  0.617762  0.879818 -0.770166 -0.699341  0.669597 -0.203249 -0.964141  0.738484
point 21 213 199.662 173.499   0.533804  -0.189647  -0.730666 -0.0333283 -0.0983161   -0.89894  -0.419168    0.74921   0.369945   0.170636
point 22 255  170.79 208.626   -1.01358  -0.831107  -0.977612  -0.889488 -0.0175044   0.935899   0.193964  -0.278403  -0.133448   0.407057
point 23 259 451.854 201.459    0.189268    0.663906    0.103093    0.495575   -0.417323 -0.00659047   -0.686796    0.442069   -0.846364   -0.622802
point 24 270 74.7742 217.275   -0.51277   0.464014  0.0960805  -0.759754 -0.0227977    0.12156    0.47172   -0.18029  -0.908746  -0.811235
point 25 276 167.419 238.804   0.535354   -0.66946  0.0325718  -0.059268   0.248437 -0.0405005   0.304777  -0.679131  -0.455004   0.704886
point 26 286 488.973 170.019  -0.72657 -0.445663 -0.421228 -0.230216 0.0617612  0.317773  0.876216 -0.887283 -0.925612   0.70109
point 27 290 458.846 159.365 -0.657432  0.788818 -0.721646 -0.503955 -0.714931  0.490128 -0.904164 -0.767751  0.531519 -0.926163
point 28 313 638.676 20.6466  0.105367  0.336676  0.166721  0.101997  0.441941  0.647044 -0.470565 -0.570915 -0.128606  0.405125
point 29 316 432.335 166.039  -0.651135  -0.694713  -0.952935  -0.478555   -0.47973 0.00738578  -0.343285  -0.135355  -0.291388  -0.668441
point 30 319 608.204 112.488  -1.00181  0.208052  0.626836 -0.275456  -0.71181  0.196986  0.682179 -0.279287 -0.977648  0.351969
point 31 327 489.905 215.874 -0.295714 -0.936512 -0.211416  0.866296   0.30075  0.506554 -0.423596  0.683671  -0.28934  0.797071
point 32 340 148.359 10.5955   0.465403  -0.436708  -0.679651  -0.125211   0.817948 -0.0901891  -0.712354  -0.440698   0.561636  -0.341204
point 33 341 156.505 203.137  -0.744903   0.158093   0.346885  -0.383151   0.234714  -0.389773  -0.774295    -0.6884   0.807265 -0.0119123
point 34 348 297.329 210.665  0.879141 0.0632602 -0.766794  0.243752   0.37141 -0.269484  0.196763 -0.704009 -0.109857 -0.973528
point 35 401 59.2933 170.769 0.0473745  0.591288  0.307795 -0.483852  -0.60361  0.185782  0.645718  0.823732  -0.95629 -0.605121
point 36 403 371.571 222.887  0.164105  0.649654  -0.54298 -0.588795 -0.611376  0.459361  0.997901  0.662654 -0.992095 -0.541741
point 37 407 165.379 213.098  -0.681974   0.926984  -0.938858   0.622402  -0.763642 -0.0943911   0.735637  -0.924798  -0.380574  -0.423525
point 38 418 251.821 226.041  -0.930936 -0.0366406   0.339968  -0.674714   0.927271   0.728519   0.983715  -0.779952  -0.616657   0.635167
point 39 427 235.344 167.341  0.727956   0.93904  0.210438 -0.384148 -0.146593  0.808873  0.260213  -0.71539 -0.635436  0.648459
point 40 456 243.798 123.712  0.202639 -0.587981  0.554544 -0.477734 -0.341857  0.645491 -0.509913 -0.709987 -0.835711  -0.95568
point 41 463 541.169 126.088   0.537604 -0.0576212  -0.335261   0.518735  -0.782456   0.240254   0.937565  -0.824183  -0.758719   0.119397
point 42 512   233.7 105.432 -0.679215 0.0143047  0.782935 -0.390587  0.605697 -0.873108 -0.258184    0.2217 0.0437473 -0.479275
point 43 532 542.636 186.596 -0.895975  0.423759  0.819157  0.861193    0.7449  0.721981  0.181237  -0.47367  0.950425 -0.477717
point 44 533 382.249 158.241   -0.675702    -0.15078    0.641486   -0.314083   -0.761536   -0.719042    0.566656   -0.253024    0.625572 -0.00862909
point 45 550 212.615 212.336   0.255714  -0.141629  -0.664663   0.520994  -0.403748  -0.520227  -0.886616    0.20114 -0.0544688   -0.74643
point 46 556 92.4862 195.397   1.01611   0.95991 -0.275583  0.538253  0.971512 -0.216411  0.485413 -0.701691  0.869053  0.219148
point 47 560 611.726 204.063  0.947292  0.488154  0.541237   0.76862  0.308454  0.433719 -0.690333 0.0918146 -0.507473  0.413163
point 48 564 182.663 177.384  -0.623476   -0.14021   0.291768  -0.488836 -0.0709966   0.460727  -0.439319   -0.97938  -0.748713    1.01545
point 49 565 580.569 238.897 -0.967013  0.921403  0.375448  0.288302 -0.492231 -0.563977  0.790327   0.82194 0.0548477  0.520764
point 50 582 300.844 190.154 0.0168274 -0.837408 -0.478194  0.947862    0.1634  0.116083 -0.430332  0.204091 0.0292257  0.763169
point 51 588 420.198 226.505 -0.266065 0.0455795 -0.426346  -0.63679  0.567782  0.591752 -0.581652   0.28472 -0.161623 0.0768749
point 52 605 69.4162 177.549   0.879918   0.493363  -0.383004   0.294575   0.167357  -0.396828 -0.0336156  -0.095629   0.831932   0.140936
point 53 619 288.77 183.89 0.0690139   0.87796  0.409688 -0.913606 -0.971892 -0.602918 -0.767872  0.362685  0.582882 -0.350189
point 54 629 471.047 174.728 -0.404743  0.737794   0.63315 -0.951846  0.950513 -0.252926  0.991482 -0.636192  0.229883 -0.841843
point 55 632 284.768 237.201 -0.0462054   0.158463   -0.28129   -0.72459  -0.595803   0.618782   0.306759  0.0484124  -0.657935   -0.13001
point 56 639   544.7 223.517  -0.752096    0.83176  -0.405414  -0.339405   0.794713   0.623089 -0.0610925   -0.85135  0.0558166  -0.631632
point 57 646 398.614 218.043 -0.351304  0.676103   0.73654  0.798272  0.326103 -0.728766 -0.341775  0.809051  0.253968   0.48449
point 58 651 600.476 170.081  0.870846  0.538265 -0.535051  0.214172 -0.534223 -0.931616 -0.908794  0.378681 -0.222811 -0.383391
point 59 664 535.912 211.555 -0.446808 -0.901616  0.319664  0.913747  -0.29288 -0.379023 -0.349266    0.3644 -0.179495  0.314229
point 60 681 449.786 192.187 -0.310661  0.605883  0.144161   0.40968 -0.759514  0.132757 -0.791935  0.468658 -0.122288 -0.821581
point 61 697  443.13 199.849  0.153193 -0.816063 -0.538227  0.975237  0.467933 -0.741303 -0.281219 -0.150187 -0.212721 -0.856529
point 62 709 482.938 210.065  0.931508 -0.835981 -0.975208  -1.01663  0.503444  0.833945  0.764997  0.502684   0.22478 -0.446424
point 63 722 624.962 164.253   0.517058  -0.621855   -0.22805   -0.70761  -0.871056  -0.922442  -0.270787    0.63267   0.415193 -0.0898949
point 64 724 634.321 185.165 -0.896856  0.907857 -0.170079 -0.488547  0.898426  -0.64756 -0.103896 -0.309555 -0.432011  0.077881
point 65 737 260.376 203.968 -0.328482  0.116553 0.0413448  0.562416 -0.767607 0.0836274  -0.90393 0.0417306  0.530885 -0.209177
point 66 739 144.345 216.872    1.0361  0.145104  -0.46994 0.0134466  0.716508  0.201507 -0.845594 -0.171771 -0.233865 -0.609894
point 67 749 152.505 192.037 -0.659607  0.278716  0.641203 -0.689907  0.552857 0.0246545   0.70112   0.09405 -0.289886 -0.200769
point 68 768 355.983 198.267 0.0858705  -0.22133  0.231664  0.358105  -0.73326  0.236118 -0.206499  0.425326   0.70898  0.629581
point 69 771 430.805 219.103   0.20935 -0.446785  0.790573  0.968789 -0.607388  0.880097  0.722107 -0.225929 -0.421405  -0.66178
point 70 778 242.601  211.36 -0.122354 -0.612787 -0.824436  0.776902  -0.54588 -0.852507 -0.371836  0.311084 -0.385309 -0.665135
point 71 809 190.288 93.1871 -0.221235 -0.904796  -1.00496 -0.278118 -0.501747 -0.201138  0.860767  0.778296 -0.204579 -0.262858
point 72 815 608.576 93.7969  0.114269 -0.236887  0.943374 -0.335932  0.752298  0.563726 -0.344806 -0.573022  0.809278  0.870379
point 73 821 563.539 207.866  0.364051  0.284781 -0.672897 -0.949963  0.898099 -0.170752  0.452425 -0.781764  -0.45441  0.476933
point 74 882 531.359  187.64 -0.430228   1.00164 -0.606405  0.615662  0.460938 -0.228539 -0.959718 -0.834471 -0.536184  0.581149
point 75 885 466.833 159.693   0.830173  -0.667742  -0.118836 -0.0449053    0.56549   0.645829   0.704135   0.828958   0.601596 -0.0654911
point 76 889 210.238  230.24  -0.776944   0.219049   0.810988  -0.337513  -0.943253   0.430247 -0.0383847  -0.697801     0.7337   0.139891
point 77 892 361.276 121.713   0.358313  -0.922177   -0.70731   0.710219  -0.765712   0.733885  -0.642168   0.140855   0.814956 -0.0167825
point 78 898 333.993 224.869  0.806205 -0.627656  0.227969 0.0756022 0.0963514 -0.276229  0.511084 -0.552166 -0.142415   0.45985
point 79 903 498.676 206.315   0.783093   0.509867   0.938125   0.799464 -0.0466677  -0.669442   0.186843  0.0877937  -0.862187   0.018195
point 80 918 522.771 230.709 -0.846872  0.200831  0.613646   0.22425 -0.380601 -0.735442 -0.542006  0.847819 -0.195165 -0.318084
point 81 926 30.8535 161.065  -0.716116  -0.780086   0.900999  -0.834511 0.00145359  -0.576412  -0.374734  -0.700664  0.0356241    0.60898
point 82 931 581.063 187.302  0.709506  0.788875  0.355211  -0.13404   0.33253  0.514682  0.567271 -0.907012  -0.20189 -0.214324
point 83 939 416.266 119.204 -0.465266 -0.760264  0.528634  0.932081   0.18325 -0.932816 -0.697518  0.655033  0.145175  0.735217
point 84 971 626.739 158.437    0.66447 -0.0127854   0.289492  -0.670318   0.982176  -0.119031    0.38834   0.931139    0.82928  -0.187283

