seq: 206
gt_pose:  3.30924  4.07472 0.289141
odom_pose: 3.45032 3.17616 0.21175
point 0 15 148.844 95.3603   0.728447   0.669888    1.00323   0.471062   0.805831   0.943219   0.354923 -0.0526916  -0.703899   0.617973
point 1 20 391.414 215.979 -0.468463 0.0801996 -0.848611 -0.494402  0.748924  0.367542 -0.817726 -0.820299 -0.280686  0.187888
point 2 49 505.839   65.28   -0.66644  -0.385296   0.733887  -0.257383   0.806548   0.452707 -0.0505252  -0.425475   0.856101  -0.784988
point 3 50 472.076 190.484  0.821298 -0.637143 -0.407259 -0.699092 -0.565882  0.229523 -0.654917 -0.747336 -0.564832   0.90462
point 4 61 239.079 60.8404    0.1645  0.519993  0.463542  0.878521 -0.825518  0.595528   0.87154 -0.770573 -0.422813 -0.496577
point 5 71 290.711 127.788  0.191788  0.235445  0.531235  0.579318  -0.47058   -0.8851  0.797901 -0.645851 -0.602083 -0.329725
point 6 75 467.577 179.755 -0.620108 -0.948378   0.91486  0.557355 -0.795331  0.696121 -0.550975   1.00974 0.0951465  0.300393
point 7 79 400.34 177.43 -0.245287 -0.739131 -0.185245 -0.785016   0.16438  0.928707 -0.803086  0.730418 -0.711566  0.561048
point 8 82 430.015 103.653   0.892122 -0.0189129   -0.22486  -0.262803   0.872921   0.850665  -0.761393   0.800889   0.726877  -0.594393
point 9 87 602.006 229.448  0.713451  0.773757 -0.192435  0.957449 -0.639755 -0.661647 -0.536846 -0.283186  0.869102  0.297495
point 10 106 27.3208 211.389  -0.198307   0.945394  0.0384335 -0.0988789   0.460189   0.145028   -0.21714   -1.01862    0.52562   -0.12372
point 11 112  556.81 235.923 -0.0381202   -0.73707  -0.785491  -0.892228  -0.416683  -0.871691  -0.976267 -0.0434874  -0.242544    0.12472
point 12 130  122.92 101.466  0.755109  0.287526 0.0275165  0.947998  0.519006 -0.314605   0.93082 -0.869295 -0.451902 -0.579799
point 13 135 191.363 194.393 0.518264 0.437478 0.429456 0.259563 0.182247  1.02256 0.583461  0.37749 0.400732 0.658674
point 14 136 193.167 169.729 -0.411155  0.100387  0.653643 -0.971716  0.393862 -0.601411  0.108671  -0.24164 -0.798562 -0.171228
point 15 140 411.243 98.1479 -0.475171 -0.106832  0.636188 0.0723464  0.820473 -0.782051   0.37289 -0.591938 -0.391452  0.853907
point 16 157 86.6964 232.104  0.026965  0.180824  0.638104  0.520257 -0.785821 -0.958864  0.279088  0.600602 -0.698847  0.522872
point 17 161 229.849 58.7178  0.464503  0.915423 0.0170233   -0.4106 -0.446125 -0.798929 -0.420497 -0.295438 0.0491058  0.648634
point 18 162  590.27 164.596   -0.612579    0.224624 -0.00177306   -0.710618   0.0912989   -0.954197    0.563921   -0.717493   -0.654642    0.147752
point 19 170 485.671 229.837  0.170014  -0.39295   0.20869  0.122768  0.825305 -0.213407 -0.831211  0.752622  0.464217  0.729428
point 20 222 335.078  234.98  -0.675677   0.936704  -0.867743  -0.494093   0.451983  -0.661664 0.00236197   0.533675   0.395926  -0.520807
point 21 232 297.679 237.884  -0.124389   -0.31607     0.3678  -0.302836   -0.87852 -0.0621716   0.811781   0.764789  -0.990102 -0.0206266
point 22 244  424.45 179.043 0.00615058  -0.942315   0.538569   0.615968  -0.867334   0.731453  -0.341619   0.287909   0.135135   0.254478
point 23 255 483.843 215.133 -0.925368 -0.796058  -0.90268 -0.876371  0.013992  0.842401  0.222963 -0.323802 -0.125087  0.374789
point 24 276 558.841 239.245   0.530363   -0.72918  0.0545565 -0.0656423   0.271352 -0.0975603   0.244243  -0.685253  -0.415504   0.701854
point 25 279 579.077 178.986 -0.444245 -0.309755  0.207032  0.213154 -0.134782  0.729275  0.330876 -0.873204  0.944454  0.398649
point 26 310 72.5276 52.5106  0.604334  0.217583 -0.694995   -0.8106  0.685169 -0.174878 -0.850644 -0.319442  0.776331 -0.650299
point 27 340 529.305 99.1838   0.395865  -0.360117  -0.713967  -0.103743   0.787795 -0.0953208  -0.689926  -0.458879   0.574903  -0.384609
point 28 341 496.552 214.105 -0.716415  0.130003  0.285148 -0.314882  0.242671 -0.366319  -0.83497  -0.70586  0.849828 -0.032718
point 29 343 384.402 181.315 -0.0123233   -0.96282  -0.400426  -0.823025  -0.161612 -0.0410419   0.282743  -0.899695   0.593782  -0.403439
point 30 357  305.39 233.991   0.391308  -0.197521   0.492866   0.477869   0.534492 -0.0604745   0.361688   0.760022   0.428351  -0.210203
point 31 376 126.037 175.602 -0.726811 -0.813672  0.623451 -0.343005  0.660068  0.212268  0.263948 -0.118554    0.5819 -0.226482
point 32 379 230.988 159.822  0.216368 -0.574322  0.110444 0.0335076  0.634955 -0.321189 0.0301413 -0.243452  0.204459  0.304894
point 33 386 38.5399 207.642 -0.0788584  -0.233431   0.336352   0.460271   0.995458  -0.146475  -0.430392  -0.662955   0.120195   0.018926
point 34 390 422.562 229.517   0.293295 -0.0252817   0.214017   -0.55112   0.334502    0.89014   0.258538   0.165685  -0.550861   0.456952
point 35 392 163.177 232.492  0.933379 -0.114121 -0.446609  0.299686 -0.988244  0.961787  -0.75269  0.297587 -0.663008  0.669049
point 36 401 473.326 207.342 0.0226011  0.538285  0.285278  -0.48224  -0.60467  0.150498  0.668813  0.873198  -0.90681 -0.562265
point 37 407 496.138  220.03  -0.744801   0.979961  -0.883929   0.634364   -0.81179 -0.0681095   0.654611  -0.939534  -0.329567  -0.436308
point 38 411 98.1072 220.732   0.440759   0.904462   0.894487   0.947114    0.35694  -0.592183   0.823264  -0.337613  -0.782817 -0.0510555
point 39 418 613.049 224.132  -0.965031 0.00138764   0.335113  -0.631325   0.866911   0.722604    0.99182  -0.717216  -0.673106   0.592752
point 40 427 564.242 160.616  0.733548  0.871865  0.212078 -0.416738 -0.105012  0.811275  0.238329 -0.730671 -0.614983  0.657897
point 41 445 299.456 173.037 -0.938476 -0.306795 -0.676893 -0.882312 -0.330077  0.813674 -0.337292  0.135741 -0.439519  0.545879
point 42 447 332.053 178.326  -0.314816  0.0890611   -0.90447  -0.748564   0.258128  -0.894904 -0.0157802   0.526012  -0.740306   0.565452
point 43 449 132.391 33.1167 -0.0058222  -0.370991   0.789009  -0.500511  -0.119569  -0.533211   0.484326 0.00299976  -0.373985   -0.17249
point 44 456 625.107 126.138  0.167193 -0.607617  0.501883 -0.459723 -0.367028  0.650999 -0.513219 -0.688184 -0.834763 -0.900429
point 45 487 115.161 107.723  -0.795682   0.958524  -0.705316  -0.889385 -0.0221848   0.604927  -0.308935   -0.85557   0.332839  -0.161585
point 46 502 112.044 211.158   0.344172   0.225948 -0.0218728   0.414206   0.847751 -0.0532495  -0.394021  -0.975583   0.182421   0.120472
point 47 512 596.229 109.934  -0.628917  0.0485853   0.708708   -0.33041   0.563034  -0.915104  -0.281048     0.1652 0.00512171  -0.456952
point 48 516 118.367 196.603   0.185224  -0.546532  -0.788396  -0.841748  -0.131682   0.629668  -0.616052 -0.0230303  -0.829318  -0.597417
point 49 517 56.6436 116.085  -0.404198 -0.0399675  -0.870668  -0.467649   0.371395   0.145102 -0.0770753  -0.788478   0.670933  -0.463155
point 50 521 273.188 154.872  -0.840606  -0.297571    0.67428   0.160924  -0.232246 -0.0087201  -0.353077  -0.644702  -0.845589    -0.6368
point 51 549 248.803 234.936  0.722978 -0.453595  0.923773   0.93608 -0.154211  0.290746 0.0223908  0.524666  0.348926  0.788573
point 52 550 520.655 212.646   0.297264  -0.102437  -0.697146   0.480096  -0.384078  -0.560753   -0.84981   0.212211 -0.0128702  -0.728121
point 53 564 522.551 191.387 -0.653954 -0.117585  0.269018 -0.495518 -0.147403  0.475484 -0.464869 -0.996813 -0.719313   1.01453
point 54 579 262.679 192.618  -0.88189 -0.142728 -0.768933 0.0554316   1.03451  0.504892 0.0388765  0.499215  0.199338  0.271595
point 55 586 266.022 192.039 -0.0252923  -0.980988    0.78778   0.213932  -0.336643  -0.150005  -0.716833    0.12505 -0.0248558   0.692016
point 56 592 176.052 185.123  0.861845  0.951219  0.696811   0.30903 -0.841481 -0.875002  0.394841   0.78569  0.607709 -0.639799
point 57 605 474.511  209.46  0.958664  0.451142 -0.346036  0.365571  0.141569 -0.365087 -0.110868 -0.100317  0.922025  0.108907
point 58 621 585.779 175.728  0.788151  -0.13782 -0.932483 -0.269686  0.232009  0.115665  -0.31258 -0.349218  0.149271 -0.258676
point 59 624 639.314 214.031 -0.0546169   0.669727  -0.716806  -0.625725   0.694838  -0.203612  -0.589713   0.223896   0.712985  -0.649616
point 60 628  5.5548 158.734 -0.659804 -0.195034  0.149495 -0.349606  -0.16998  0.871445  0.601675 -0.339763  0.448911  0.828128
point 61 630 403.989 211.021 -0.0507077 -0.0457229   -0.34637  -0.388483    0.63761   0.014136   0.548609  -0.153891   0.642819  -0.679584
point 62 668 457.239 125.741 -0.605377  0.860401 -0.801168 -0.401497 -0.465458 -0.178685  0.204365 -0.471298 -0.886631 -0.583309
point 63 675 38.6507 142.929   -0.06186   0.798315   0.703036   0.162902  -0.104538  -0.781917  -0.114223   0.804635 -0.0474092  -0.543981
point 64 704 46.4182 123.487 -0.344638  0.118097  0.420379 -0.190394 -0.512147  0.797224  0.539012 -0.952478 -0.462253  0.649625
point 65 714  185.61 165.682  0.672396  0.380523  0.750931  0.477142 -0.507877 -0.313106  0.812274  0.980145 -0.464356 -0.842737
point 66 717  288.78 62.4582   1.01423  0.680938 -0.913425 -0.295781 -0.316824 -0.717071 -0.679733  0.728484 -0.354233  0.633699
point 67 723 154.303 236.538    0.100582    -0.91403 -0.00621413    0.103437   -0.422908   -0.449476   -0.389714     0.70355    0.137425   -0.686641
point 68 737 616.856 194.243  -0.339115   0.136937 0.00362894   0.624539  -0.820887  0.0675115  -0.901019   0.130948   0.540413  -0.114753
point 69 740 602.583 200.147   0.379328   0.793848  -0.940749   0.633128 -0.0785974   0.302517    0.72868  -0.505167    0.66545  -0.890804
point 70 749 488.287 206.394 -0.656729  0.220832  0.643285 -0.656338  0.534396 0.0041446  0.694104  0.166765 -0.241306 -0.153005
point 71 765 399.662 188.796 -0.931245 -0.179427  0.549491 -0.587743 -0.407114 -0.304869  0.524949 -0.195273    0.4169  0.900645
point 72 778 612.114 210.995 -0.137053 -0.641195 -0.765503  0.691946 -0.574017 -0.874242 -0.360479  0.262988 -0.407448 -0.670901
point 73 803  352.19 174.542 -0.721947   1.02578  0.724543 -0.580599 -0.535532  0.237349  0.117883  0.837934 -0.281337  0.682524
point 74 809 556.759 130.859 -0.234994 -0.917713 -0.908314  -0.32373 -0.526708 -0.204428  0.830023  0.825174 -0.204888 -0.189517
point 75 817 463.772 169.759  -0.233156   0.504737   0.795939   0.609815   0.622231 -0.0922492  -0.651507    0.56793   0.610716  -0.880687
point 76 823 411.772 155.779 0.00916701  -0.766113  0.0931381   0.715911   0.581173  -0.524902 -0.0031313   0.916782  -0.461656 -0.0321632
point 77 831 200.478 235.125 -0.0640777   0.419451   0.745304   0.147786   0.329852  -0.873739  -0.075654   0.599439  -0.715747  -0.119634
point 78 845 612.992 220.759 -0.100836 -0.320158   0.89808  0.940615 -0.414178 -0.482792 -0.304032  0.410516   0.89406  0.872053
point 79 846  576.34 209.829   0.424524   0.260656   0.442699  -0.826237  -0.923083 -0.0493861  -0.704898  -0.267953  -0.332253    0.18005
point 80 866 461.062 113.146  -0.585977 -0.0750272   0.747364  -0.568525   0.679014  -0.237624  -0.150893   0.436221  -0.464371   0.948751
point 81 868 55.5113 124.537   0.623938  -0.358763  -0.902431 -0.0137397  -0.654034  -0.442899   0.872535   -0.87533  -0.029287   0.544298
point 82 872 189.823  133.22  0.398625  0.840611 0.0936615  0.460884 -0.451603  0.757098 -0.470572 -0.255632 -0.821806 -0.924372
point 83 889 524.619 230.652 -0.776685  0.250321  0.811588 -0.322129 -0.954047  0.375673 -0.020489 -0.779762  0.788048 0.0737009
point 84 911 418.881 143.886 -0.936791 -0.430033 -0.750545  0.669876 -0.915046 -0.107308  -1.01399 -0.191967  0.529553 0.0891884
point 85 920 546.556 142.801 -0.890921  0.659338  -0.30302 -0.362625 -0.451983  -0.20666  0.831796 -0.807023  0.951786  -0.54947
point 86 926 523.07 210.41  -0.757801  -0.751759   0.879592   -0.85324 -0.0413781  -0.502601  -0.366911  -0.698508  0.0032556   0.588916
point 87 951 410.245 199.691    0.204848   -0.886151   -0.089944    0.397417    0.177609 -0.00421058   -0.958207    0.451523   -0.173185   -0.633448
point 88 964 195.074 194.452  0.953408 -0.328292  0.259387 -0.224081 -0.855824   -1.0213  0.530655  -1.01255 -0.811765  0.722665

