seq: 306
gt_pose:  2.75206 -4.72118  2.46197
odom_pose:   0.6595 -5.12126  2.30529
point 0 5 353.143 171.172 0.0527588  0.342439 0.0661807 -0.919509 -0.100323  0.902315  0.897411  0.435394 -0.391466  0.496074
point 1 6 607.653 89.1013 -0.698206 -0.160853  0.796937   0.70044 -0.314379 -0.581496  0.804441 -0.270545   0.38039  0.902513
point 2 10 137.521 227.186 -0.510153 -0.710242  0.478734 -0.782986  0.581342  -0.71411  0.476117 -0.856366  0.889899 -0.862365
point 3 14 448.916 196.168 -0.811959 0.0289946  0.504156 -0.349681   1.00377  0.117913  0.785601   0.50072  0.265279 -0.908838
point 4 17 588.099 113.944   -0.46581   0.119519   0.467795  -0.812546 -0.0376903   0.189285   0.860096  -0.111125  -0.344358   0.723879
point 5 23  252.24 59.3052   0.845902   0.781919 -0.0402236   0.143452  -0.724462  -0.444288   0.727898 -0.0292039  -0.120212   0.736315
point 6 24 215.683 141.898   0.336932   0.446325  -0.766075   0.214361 -0.0322038   0.701385   0.470618  -0.680259   -0.57585 -0.0233759
point 7 36 529.342 237.258 -0.164935 -0.271366  0.394613  0.616698  0.370843 -0.668027 -0.967105 -0.836201  0.334704 -0.624718
point 8 43 139.708 218.221  -0.949898    0.47507   0.131453   0.654571   0.146294   -0.12248 -0.0587101       1.02   -0.86252  -0.862448
point 9 44 558.656 189.352  -0.542324   0.299094   0.877281   0.499786 -0.0775442  -0.159669     0.7002   0.874189   0.874356   0.827419
point 10 53 580.104 214.698  0.777125  0.253604 -0.333463 -0.894348  0.556488   0.65545  0.378964  0.404039  0.843842 -0.379322
point 11 57 587.993  154.24  0.396618 -0.333559 -0.586277  0.542672 -0.504442  0.382753  -1.00935  0.706147  0.700097  0.229849
point 12 64 625.888 189.094  0.841376  0.499786 -0.738896 -0.888283 0.0671559 -0.237718 -0.528474 -0.108389 -0.697129 -0.408577
point 13 72 292.163 215.137 -0.833071 -0.317591  0.723989   0.21433 -0.805349  0.569773  0.497358 -0.184609 -0.218016 -0.228135
point 14 78 366.829 210.052  -0.936428  -0.822724   0.652754    0.75534   0.936179 0.00590077   -0.46852  -0.668546  -0.252226  -0.113824
point 15 89 594.914 234.872  0.625968 -0.612475 -0.328076 -0.315532  0.295212 -0.627141 -0.482826 -0.933054 -0.678608 -0.202007
point 16 109 399.687 230.609  -0.433509   0.846886  -0.783155  -0.437751   0.508313 -0.0719203   0.707203   0.567054  0.0645337   0.254913
point 17 110 495.253 180.973  0.843748  0.909432 -0.585867 -0.344743 0.0830684 -0.675559 -0.585171  0.605801  0.680647  0.193956
point 18 113 534.565 214.985 -0.0502162  -0.610452   0.539835  -0.941139   0.548428  -0.326329  -0.895229   0.646874  -0.298403 -0.0351612
point 19 116  348.33 210.318  0.909479  0.569504  0.396178 -0.438252   0.59582 -0.131683 -0.304927  0.616553  0.336057  0.850273
point 20 119 525.482 173.166 -0.415269 -0.409763  0.866749 -0.410814  0.833801  0.463246  0.952508 -0.503385 -0.805216  0.441897
point 21 123  387.52 146.112  0.164603 -0.812398 -0.283426  0.364395  0.858135  0.715085  0.223598 -0.261285  0.346976 -0.588702
point 22 132  506.78 206.719   0.251016  -0.884806  -0.973696 -0.0915495   -0.73021   0.871577  -0.805674   0.274362   0.861543   0.724227
point 23 138 496.214 154.252 -0.408748 -0.687424 -0.413163 -0.621037 -0.450097  0.168379  0.580559 -0.769546  0.111374 -0.118744
point 24 146 247.468 156.956   1.02173 -0.513615 -0.667758  0.160418 -0.694173 -0.177194  0.946716 -0.509129 0.0720407 -0.701269
point 25 148 523.716 167.354  -0.145899  -0.308233  -0.170607   0.505577 -0.0840665  -0.219649  -0.956406   0.291913   0.956405  -0.660778
point 26 155 142.399 230.044 -0.560928  0.725901  0.313736 -0.753861 -0.763137  0.650231 0.0298375 -0.309187 -0.775873  -0.92786
point 27 158 567.543 179.921  0.471854  0.443615  0.355646 -0.272977 -0.125512 -0.452558 -0.800628  0.234329   0.96254 -0.599782
point 28 159 472.372  212.92  0.243257 -0.978266 -0.889383 -0.145663 0.0675417  0.159706   1.01947 -0.318229 -0.356165 -0.742291
point 29 165 448.278 201.345  0.504534 -0.740508   0.45703  0.645865 -0.726727   0.60029 -0.672643  0.838483   0.36889 0.0280712
point 30 169 542.204 199.824    -0.5375   0.497968   0.726427   -0.23152 -0.0640656   0.529581   0.366538   0.511864   -0.66052  -0.554679
point 31 179 584.955 201.222 0.00496953   -0.82535   0.116324   0.761215   0.674993    0.37261  -0.379354   -0.83512  -0.257249   0.745625
point 32 184 405.239 198.487 -0.213212  0.529427 -0.342907 0.0430037 -0.568255 -0.289707  0.125429 -0.338385 -0.443505  0.318927
point 33 195 186.928 173.713   0.368507 -0.0284436  -0.185139  0.0380339   0.631062   -0.22072   0.255383   0.598455  -0.420617  -0.158797
point 34 200 386.631 177.283 -0.421608 -0.777824   0.67125  0.349907  0.196652  0.594458 -0.113473  0.866465   1.03851 -0.123705
point 35 202 619.016 129.075 -0.569838 -0.164236  0.203301  0.320393  0.125171  0.832023  0.630506 -0.239834  0.153883  -0.12637
point 36 216 354.248 205.208   -0.68508  -0.936775   0.889066  -0.825602  -0.542317  -0.845899  -0.296251  -0.218917 -0.0354374   0.849641
point 37 234 91.9397 35.3335  0.131303 -0.217944  0.670942 -0.326427   0.81956 -0.429402  0.307984  0.241692  0.278981  0.406495
point 38 242 218.827 75.9024  -0.842032 -0.0198718   0.120917   0.396908  -0.381503   0.630922   0.869346  -0.798646   0.460011   0.635985
point 39 247 25.7193  194.87    0.635582    0.484201    0.384226   -0.297367 -0.00504679    0.832588    0.273686    -0.57923   -0.881622    0.803979
point 40 262 358.058 193.222 0.0757363  0.319621 -0.283417 -0.594086  0.971454  0.968373 -0.905557 -0.403849  0.384852 -0.364641
point 41 277 295.175 138.766 -0.539832 -0.862501  0.326754 -0.831222 -0.969223  0.177456  0.162001  0.491113  0.415314 -0.889041
point 42 292 120.987  208.88 -0.180355  0.160626 -0.263991  0.660696 -0.290911 0.0909884  0.559178   -0.1054  0.616407  0.833864
point 43 296 527.626 111.038  0.026297 -0.574075 -0.362796  0.318821 -0.168122  0.577389  -0.70356  0.974636 0.0102468 -0.356806
point 44 301 440.287 209.231  0.095328 -0.496846 -0.968518  0.398332 -0.913668 -0.703211  -0.59799  0.519059 -0.729789  0.029963
point 45 309 246.083 211.478 -0.590118  0.980823 -0.942907  0.808647 -0.183939  0.139121  0.711097  0.553742 -0.239265  0.417591
point 46 313 623.978 70.7279   0.116309   0.292946   0.117743  0.0567137   0.495124   0.729625   -0.44904  -0.568012 -0.0967972   0.408553
point 47 315 606.139 216.724 -0.864003 -0.343002 -0.987949 0.0621978 -0.332457  0.219801 -0.588635  0.778628 -0.699576  0.934313
point 48 326 94.8672 107.239  0.444011 -0.462395  0.560404  0.198839  -0.91385 -0.299976 -0.417914 -0.670976  0.198335 -0.775307
point 49 334 297.54 214.86 -0.319443 -0.355575  0.983876 -0.660395   0.25728 -0.342312  0.165476 -0.811083  0.975671 -0.167509
point 50 339 93.2152 172.742  0.297294  0.552008 0.0738917  0.196515 -0.153965  0.905587  0.954595 -0.926759 -0.588969 -0.483634
point 51 351 22.8175 167.173  0.383842 -0.759066  0.710642  0.213094 -0.793645  0.417583   1.03298  0.820672  0.445973 -0.852578
point 52 359 294.628 101.586   -0.127333   -0.216269    0.668682   -0.501503     0.71287 -0.00216971    0.229649    0.169725   -0.584909   -0.266831
point 53 364 370.347 209.372   0.109474   0.781094   0.702939  -0.633119   0.955556  -0.484998  -0.616993  -0.902348   0.127829 -0.0583748
point 54 367  511.03 155.323  -0.689038  -0.888216   0.902592  -0.432771  -0.460939   0.669927   -0.35032 -0.0348639   -0.54838  -0.791534
point 55 369 195.069 233.593    0.393959   -0.450653   -0.889319   -0.529074   -0.388478   -0.506354   -0.404051   -0.537195 -0.00462974    0.125929
point 56 382 272.326 141.257 -0.744315  0.901157  0.916198 -0.982015   0.10906  0.600687  0.575103 -0.234278  0.229018 -0.162262
point 57 398 533.887 216.579 -0.842018  0.912623 -0.692342  0.462767 -0.990346  0.623154  0.661734  0.905619  0.295449 -0.676127
point 58 409 154.214 196.353  -0.45923  0.847695  0.296614  0.732912 0.0841944  0.541375  0.681799   0.22139  0.211222  0.918038
point 59 415 60.0186 176.369  -0.569923     0.6539  -0.848211  -0.227874 0.00191225  -0.697943  -0.226872   0.825832  -0.662299    0.94176
point 60 422 126.834 191.967 -0.0086865    0.55919   0.547357   0.396058    0.98982    1.01248  0.0166975  -0.917681   0.489691   0.715299
point 61 425 397.818 239.948 -0.400617  -0.33864  0.341977 -0.487154 -0.584881 -0.649357  -0.13448 -0.918534  0.879839  0.853483
point 62 448 633.017 199.174  0.849699 -0.406457 -0.783012 -0.681923  -0.32039  0.671641 -0.429186 -0.686086  0.592684  -0.38454
point 63 455 59.1756 200.186   0.290195   0.266407   0.318828  -0.104811  -0.707909   0.898477   -0.77046   0.177557 -0.0326066   0.617718
point 64 459 50.1144 206.141 -0.0939988  -0.488951  -0.243306 -0.0878447 -0.0592069  -0.746935  -0.690557  -0.897555  -0.954823  -0.822444
point 65 469 557.816 122.027 -0.113161 -0.880395   0.90183  0.912827 -0.152229 -0.480536 -0.833504  0.777079  0.157456 -0.924309
point 66 470 288.609 237.061   0.390631 -0.0444575  -0.563034   0.881924  -0.275001   0.879238  -0.395551   0.240183   0.416955   0.777016
point 67 472 324.725 207.912   -0.867532  -0.0412105    0.658936   -0.248926    0.877801   0.0297467    0.671107   -0.738516 -0.00406453   -0.584678
point 68 475 312.868 220.236    -1.0023  0.0572511  0.0689279   0.568151  -0.343574   -0.30511 -0.0700152 -0.0402116  -0.716415  -0.238026
point 69 479 46.7885 198.766   0.716364  -0.621155   0.477397   0.489997  -0.650093   0.371454   0.864482   0.479456   0.970599 0.00688969
point 70 492 255.559 95.0226  0.461783  0.477642  -0.74848 -0.379903 -0.496578  0.696359 -0.480928  0.812628 -0.822647 -0.560185
point 71 497 151.542 198.217   0.506864  -0.426911   0.667201  -0.169242   -0.64195  -0.182309  -0.500326   0.224201  -0.700746 -0.0314245
point 72 508 279.803 84.2217  0.678346  0.645351 -0.160012 -0.111104  -0.76972  0.897104 -0.861844  0.192281 -0.735315 -0.767456
point 73 511 62.8624  165.09 -0.238703 -0.450573   0.59296  0.259603  0.159535 -0.160429  0.395261  0.830119 -0.415263  0.155611
point 74 519 506.015 136.473  0.343374  0.480373  0.608858  0.198182  0.743465  -0.85594 -0.839472  0.911653 -0.354908  0.451421
point 75 522 36.5609 173.041  0.135585  0.731982  0.191708 -0.269399  0.480076   0.94339 -0.145328 -0.242644  0.253994 -0.232752
point 76 528 17.3606 161.105 -0.754186 -0.159523  0.859341  0.702266 -0.134424 -0.339057  0.675879  0.605827 -0.221735 -0.589732
point 77 529 318.175 186.188   0.488129  -0.411652  0.0321575  -0.284915   0.623198 -0.0787473  -0.908176   0.753853  -0.148407  -0.399032
point 78 568  350.61 212.987 -0.976667 -0.596359  0.986044 -0.633553  0.344955   0.53621 -0.984065 -0.865433 -0.737468   0.13067
point 79 573 565.519 140.888   0.90441 -0.276911  0.238678 -0.426949 -0.279387 0.0532002 -0.665865  -1.03577 -0.336137  0.626257
point 80 597 203.976 92.8445 -0.739389  0.661511  0.893904 -0.109494 -0.285836  0.506674  0.834953  0.951458  0.407994 -0.357633
point 81 603 601.882 186.931  0.962445  0.588934  0.759518  0.293982  -0.84517  0.449158 -0.894745   0.79022 -0.603853  0.686482
point 82 617 410.711 173.172 0.0753728 -0.804831  0.298629  0.117974 -0.540897 -0.949748 -0.179141  0.263318 -0.820213 -0.573787
point 83 626 60.5551 164.993   -0.271022 -0.00901906    0.768976    0.626112   -0.813776   -0.152416    0.287536   -0.513197    0.172933   0.0252335
point 84 642 156.305 158.296  0.781351 -0.122713  0.229055   0.64964   0.60295 -0.736743  0.397322  0.524984  0.726762 -0.435404
point 85 655 537.953 224.591 -0.101155  0.706641  0.424912 -0.599488 -0.543999 -0.435102 -0.921048 -0.681217 -0.833614  0.819316
point 86 657 96.0189 213.379  0.197687 -0.968805  0.942197 -0.596682  0.171631  -0.26295  -0.91548 -0.311298  0.181325 -0.520316
point 87 658 521.815 226.761  0.352413  0.116375  -0.14114 -0.315392  0.171103   1.01049  0.647631  0.646445 -0.789368  0.541326
point 88 661 412.983 173.745  0.279012 -0.564746  0.386173  0.408448  0.119859 0.0852687  -0.94151 -0.748602  0.233517  0.456297
point 89 667 523.505 183.675  -0.91546 -0.642403 -0.255647 -0.560143  0.759115 -0.747027 -0.473542  0.773783  0.599398  0.372515
point 90 676 32.9148 229.935  0.375346  0.467255  0.798904  0.191668 -0.395689  0.692233  0.485126 -0.995697  0.408546 -0.976954
point 91 695 363.612  206.48   0.688857  -0.200454   0.359473  -0.457446   0.430429 -0.0664759   0.897963  0.0348731    0.53861   0.846502
point 92 751 94.7711 200.206  -0.343905  0.0550854  -0.374738   0.870141  -0.619354 -0.0472829  0.0393875  -0.895558    0.25087   -0.32681
point 93 752 419.832 173.502  0.859743  0.822144 -0.546285 -0.239931 -0.126167  0.134309  0.333376 -0.629585 -0.660313 -0.431292
point 94 755  225.46 237.656   0.165466    0.17777 -0.0609895   0.804602   0.489857  -0.453073   0.313425  -0.366455  -0.455855   0.537276
point 95 774 183.447 221.925   0.353352 -0.0687567 -0.0807182   0.694841  -0.182685  -0.320259   0.135753   0.170991   0.174093  -0.256846
point 96 776 366.839 156.002  0.890622 -0.100547 -0.153047   -0.5284  0.695301 -0.864911  0.390757 -0.453054   0.75435 -0.821353
point 97 777 504.852  188.37 -0.658673   0.59759 -0.280836 -0.449825  0.600095 -0.261564 -0.312207  0.531763 -0.021367 0.0996261
point 98 783 213.061 222.637  0.982079 -0.412312  0.503224  0.847267  0.840291 -0.592827 -0.987354 -0.404674   0.28123  0.124506
point 99 784 18.4945 171.296 -0.276748 -0.128201  0.822034 -0.302146  0.861356 -0.603115 -0.802104  0.792759 -0.274584  -0.33359
point 100 794 398.084 209.126 -0.423908  0.424115 -0.299041 -0.688386 0.0833893  0.635198  0.473638 -0.502718  0.146841  0.455971
point 101 797 414.349 178.838  -0.765404  -0.716149   0.737126  0.0455377  -0.230492  -0.598985 -0.0295252   0.523816  -0.062452  -0.283096
point 102 815 610.434 53.9764  0.055337 -0.202582   1.01906 -0.320175  0.663227  0.638789 -0.391293 -0.585928  0.755853  0.896996
point 103 819 294.322 184.131 -0.530463  0.423119 -0.792992  0.740943  0.946977 0.0319092  0.293724  0.719931 -0.434212 -0.129085
point 104 821 602.813 91.0796  0.369908  0.307939 -0.673469 -0.894301  0.954076 -0.182003  0.535656 -0.802221  -0.38965  0.467612
point 105 825  128.53 174.927   0.363693   0.699086   0.998421  -0.293785   0.426132  0.0535782 -0.0658255  -0.468671  -0.233464  -0.485633
point 106 840 42.1172 182.272 -0.406795 -0.129526  0.878378 0.0331522  0.140776 -0.705726 -0.920731   1.01608  0.426689  0.814364
point 107 841 388.123 173.208  0.107315  0.929619   -0.9504   0.88604 -0.370549  0.130023 -0.291169 -0.201324  0.231348  0.473244
point 108 843 457.658 162.263 -0.431661 -0.137687 -0.136647  0.408563  0.112976 -0.964991  0.381036  0.221905      1.01  0.944093
point 109 861 249.135 182.305   0.126285   0.615524   0.766752  -0.119254  -0.521254   0.247977     0.1063   0.186265 -0.0770869  -0.468491
point 110 862 331.652 203.738 -0.857453 -0.362404 -0.762411 -0.248935  0.606158 -0.483971 -0.144397  0.412788  -0.98381 0.0601882
point 111 867 589.048 206.234   0.982945    0.12459  0.0856313   0.594472  -0.429209 -0.0070758  -0.723151  -0.404775   0.632352 -0.0372418
point 112 878 517.899  234.72   -0.978151  -0.0226057   -0.932172   0.0325917 -0.00351154    0.428361     0.40245   -0.108057   -0.739638    -0.53663
point 113 884 44.0994 210.973  0.415686 -0.134456 -0.503332 -0.737484 -0.710288 0.0765203 -0.707198 -0.315762 -0.340905  0.689171
point 114 887  158.97 210.428  0.591347  -0.71634 -0.732063 -0.638489 -0.845266 -0.901593 -0.316729  0.021038 0.0942522 -0.832523
point 115 905 598.499 164.128 -0.928254  0.100294  0.447105 -0.365934  0.689061  0.321317 -0.811366  0.635731 0.0752411  0.133479
point 116 908 358.088 165.728  -1.01065 -0.903568  0.995318 -0.713553 -0.658203   1.02167  0.630874 -0.764498 -0.549248  0.245803
point 117 910 579.417 197.806 -0.975943  0.596487  0.438138  0.032146  0.599247  0.492144 0.0651601  0.625892  0.811423   0.35306
point 118 927  473.41 197.813  0.0080651    0.89841   0.590334   0.344384  -0.891862   0.354242 -0.0633764  -0.411926   0.752435   0.935629
point 119 936 316.028 129.454 0.0415753 -0.372592 -0.436902 -0.345783 -0.491286  0.897608 0.0572942 -0.755625 0.0637346  0.160349
point 120 940 48.2265 205.409  0.170558  0.761746 -0.232285  0.230585 0.0902709   0.28668 -0.819676  0.479212 -0.379604  0.144092
point 121 941 57.5047 194.553 -0.0463285  -0.172992   -0.84914   -0.94357   0.493155  -0.231186  -0.653684   0.064377  -0.326894   0.516292
point 122 942 408.625 221.233 -0.758394 -0.328833  0.626841  -0.44364  0.255669 -0.187199 -0.724261 -0.907498   1.01734  0.418837
point 123 965 307.225 156.781   0.936827   0.601263   0.539756 -0.0300242  0.0017534  -0.473636   0.167867   0.577232   0.900636   0.268659
point 124 979 497.619 174.497 0.0406223   0.44947 -0.133408  0.486521  0.251405  0.369894 -0.550303 -0.113055   0.63656  -0.29929
point 125 989 558.293 237.827 -0.681328  0.278725  0.503213 -0.641073 -0.106332 -0.561026 -0.124183  0.504412  0.529215 -0.481496

