seq: 186
gt_pose: -0.542835   2.99012 0.0906284
odom_pose: -0.477117   2.17214  0.106996
point 0 7 324.606 118.228 -0.0926692   0.844431  -0.248016   0.636765   0.361656   0.806724 0.00482462  -0.530626   0.931583   0.801585
point 1 17 499.308 130.507 -0.485694  0.122836  0.407999 -0.769313 -0.066534  0.200359  0.935241 -0.139016 -0.352465  0.696191
point 2 21 310.163 171.759  0.536367 -0.382837 -0.350692 -0.644686  0.994057  -1.00087  0.623427 -0.331769 -0.592633 -0.172931
point 3 31 575.299 121.329  -0.368782   0.786623 -0.0462651  -0.632602   0.185866  0.0952784   0.200388   0.148644  -0.501179   0.703232
point 4 36 346.739 235.041 -0.231002 -0.239961  0.461972  0.590835  0.345481 -0.729512 -0.981893 -0.886418  0.345328 -0.647613
point 5 37 271.995 222.574 -0.960466 -0.979865 -0.421964 -0.499552  0.345265     0.758 -0.618397 -0.364117  0.332843  0.758264
point 6 39 115.091 24.7923 -0.576514   0.82396 0.0623078  0.874654 0.0373804 0.0809666  0.879857  0.560395  0.610358  0.172101
point 7 40 32.1086 163.433  -0.396198    0.74828   0.147151   0.304498    0.55535   0.559537   0.633513  -0.435407   0.253912 -0.0912945
point 8 42 452.837 181.668 -0.00372293   -0.742267   0.0059141  0.00443574   -0.943256    0.639526   -0.254056    0.304338  -0.0817585   -0.687247
point 9 44 399.331 174.527  -0.581154   0.281732   0.892623   0.464569 -0.0952362 -0.0787118   0.715695   0.935982    0.85309   0.844775
point 10 53 287.514 206.042  0.742451  0.253411 -0.320771 -0.917062  0.572346  0.589627  0.438722  0.396479  0.780365 -0.337671
point 11 54 605.556 192.949  -0.67166  0.170391 -0.874234 -0.770585 -0.663542 -0.483071 -0.740329  0.226772 -0.876239  0.730433
point 12 57 598.244 181.828  0.429696 -0.297289  -0.54838  0.537338 -0.508157  0.318779 -0.954559  0.730388  0.737111   0.21988
point 13 59  582.36 217.611  -0.875424  -0.906221  -0.961506 -0.0424828  -0.435574    0.43381   0.656268 -0.0152307 -0.0651373  -0.805517
point 14 64 462.774 201.127   0.842844   0.536545  -0.779691  -0.898183 0.00651259  -0.153356  -0.572949 -0.0807299  -0.633097   -0.42193
point 15 68 487.207 237.199  0.172922  0.363584 -0.892544   0.49976  0.188237 -0.747875 -0.722617 -0.656294  0.519086  0.660351
point 16 77 262.393 231.179  0.102544   -1.0373  -0.49479 -0.618133  0.370759  -0.11531 -0.561388  0.356168 -0.545244 -0.285539
point 17 84 593.398 176.504  -0.39174  0.128321  0.316457  0.879517  0.246253    0.2682 -0.172111  -1.03081  0.948641 -0.313823
point 18 89 269.332  233.54  0.540092 -0.624833 -0.321021 -0.369835  0.235536 -0.668545 -0.526688 -0.951626 -0.754413 -0.164151
point 19 103 32.5429 195.908    0.45341   0.134345   0.482433 -0.0673962  -0.261819   0.151946   0.666956  -0.860952   0.442687  -0.606849
point 20 106 238.553 235.587  -0.239431    1.00247  0.0911447  -0.135702   0.473162   0.132304  -0.154695  -0.921952    0.47271 -0.0745019
point 21 110 519.543 127.592  0.811058  0.937454  -0.60204 -0.282854  0.075909 -0.694901 -0.619211  0.621979  0.689347  0.199996
point 22 113 398.795 200.607 -0.0417119  -0.530246   0.551286  -0.852672   0.551049  -0.346045  -0.880066   0.604724  -0.331791 -0.0296172
point 23 132 436.297 174.842   0.194703   -0.95415  -0.940633 -0.0383976  -0.723179   0.832415  -0.854776   0.270402   0.826268   0.667152
point 24 148 397.186  112.83 -0.134638 -0.283763 -0.176176  0.573282 -0.106822 -0.229303 -0.982364  0.214354  0.889461 -0.627039
point 25 156 494.583 111.893  0.270336  0.549663 -0.693415  0.377997 -0.847633  0.937687  0.105687 -0.767229 -0.947536  -0.13423
point 26 157 215.895 237.724 0.0315904  0.132291  0.631444  0.440785 -0.751268  -1.00845  0.228491  0.605516 -0.728916   0.49782
point 27 158 317.923 156.356  0.522018  0.451137  0.348403 -0.314895 -0.114401 -0.359709 -0.739447  0.239515  0.930854 -0.563347
point 28 159 540.185 167.878  0.229037 -0.979026 -0.909473 -0.187615 0.0107993  0.137671  0.970803 -0.339464 -0.365043  -0.73077
point 29 169 449.284 186.228  -0.587199   0.485793   0.707268  -0.223065 -0.0702257   0.508891   0.378521    0.51181  -0.727116  -0.544493
point 30 176 613.441 132.788  -0.746131   0.787913  -0.182289 -0.0718961   0.386526  -0.444786  -0.951173   0.247474   0.707049  0.0896687
point 31 179  485.34 204.597 -0.0102824  -0.872659   0.116319   0.825873   0.685731   0.415862  -0.336731  -0.773049  -0.235232    0.77937
point 32 180  121.82 166.224 -0.143653 -0.507665 -0.740445 -0.664266   0.12346 -0.979949 -0.117217 -0.158878 -0.149655 -0.215859
point 33 190 109.654 229.842    0.40623   0.642483 -0.0502416   0.819691   0.456589   0.505396  0.0401937  -0.892462   0.398125  -0.459737
point 34 191 145.335 219.755 -0.885756 -0.888061 -0.838176  0.726033 0.0163222 -0.961629 -0.319287 0.0128436 -0.839137  0.616554
point 35 198 629.406  236.01  0.932324  0.592448  -0.36242 -0.535382  0.984405 -0.764184  0.898993 -0.982831 -0.729707  0.285597
point 36 202 475.927 154.684 -0.518798 -0.242696  0.214651  0.353188  0.163693  0.781497  0.658877 -0.248758  0.147262 -0.129291
point 37 214 92.3525 186.142  -0.673915  -0.571628  -0.649151   -0.10638   0.184466 -0.0471481   0.736083  -0.758434 -0.0869277  -0.470115
point 38 239 81.8452 188.852 -0.449733 -0.849471 -0.757494  0.191452  0.636461   0.14726  0.216958   0.24855  0.177514 -0.553121
point 39 240 414.506 98.1371 -0.531564 -0.635896  0.631307  0.826347  0.836013  0.719337 -0.471384 -0.683969 -0.984158  0.663157
point 40 259 532.362 209.655   0.20973  0.666124   0.11722  0.483894  -0.43305 0.0120086 -0.738194  0.446913 -0.837087   -0.5821
point 41 264 48.6407 175.771   0.997505  -0.164985  -0.349277 -0.0851414   0.259787   0.694445  -0.806934   0.886965  -0.830119  -0.814309
point 42 280  471.41 231.438  -0.291495   0.113208   0.591179  -0.118485  -0.285322  -0.352449    0.79112   0.873823 -0.0847942   0.805705
point 43 286 581.791 176.596 -0.762637 -0.506637 -0.459766 -0.252156 0.0891071  0.363508  0.872875 -0.911336 -0.975033  0.707027
point 44 290 483.201 194.971 -0.640782  0.797579 -0.753734 -0.505748 -0.627734   0.52008 -0.871935 -0.817997   0.61768 -0.977778
point 45 296 632.996  115.43 0.0175106 -0.546661 -0.349847  0.315284 -0.185514  0.602762 -0.679015  0.995931 0.0190804 -0.298975
point 46 304 292.437 126.237  0.514405 -0.531274 -0.429049  -0.35117  0.944782 -0.242192  0.698217  0.530673 -0.545155 -0.396559
point 47 313 533.209 128.377  0.148485  0.307504  0.203127   0.10314  0.481604  0.736484 -0.471716 -0.620351 -0.132489  0.447112
point 48 315  336.07 215.179 -0.813765 -0.330101 -0.916646  0.101601 -0.373608  0.158067 -0.516935  0.819783 -0.758896  0.887458
point 49 316 505.653 187.455  -0.576546  -0.721279  -0.980759  -0.540558  -0.468828 -0.0771194  -0.409543  -0.120385  -0.280721  -0.669789
point 50 319 542.234 167.629 -0.939687  0.235114  0.641312 -0.214618 -0.675921  0.163926  0.711047 -0.281914  -0.93894  0.386039
point 51 320 192.415 228.398 -0.0869686   0.678021   0.987029 -0.0125826   0.549508   0.203169  0.0293163   -0.04432    0.20985   0.252104
point 52 324 102.994 184.398     0.068129     0.356746    -0.685602    -0.435089     0.618103 -0.000435888     0.431512     0.121534     0.255613     0.333225
point 53 325 373.548 218.131 -0.210422 -0.247939 -0.608775  0.106013  0.226906 -0.341622 -0.221196 -0.496011 -0.592558 -0.950398
point 54 343 296.735 229.085 -0.0682509   -0.98355  -0.361993  -0.834395  -0.177188 -0.0713831   0.275946  -0.875204   0.595991  -0.469197
point 55 353 406.802 192.416  -0.501391  -0.287632   0.979498  -0.287819  -0.310344   0.285992 -0.0248553  -0.600487  -0.382218  0.0758686
point 56 367  481.36 96.1142  -0.708515  -0.910784   0.848498  -0.400568  -0.455439   0.705863  -0.348455 -0.0294087   -0.50728  -0.753435
point 57 393 19.1012 201.921     0.555931    0.0403068    -0.322469     0.341948     0.956736   -0.0941693    -0.655575     0.186387     0.781747 -0.000484071
point 58 439 70.4189 197.548  0.172812 -0.433281 -0.785747    0.2741  0.337623   0.73567 -0.314219  0.211188  0.142023 -0.136308
point 59 440 129.134 162.449 -0.916004 -0.965171  0.070771  0.881648 -0.587271  0.467914  0.761885 -0.196443  0.414527 -0.518123
point 60 448 502.209 212.323  0.831581 -0.473453 -0.774979 -0.663861 -0.338967  0.704039 -0.422454 -0.690953  0.617639 -0.444719
point 61 450 43.9104 114.592   0.392617   0.224746    0.67064  -0.579716   0.941464   0.540963 -0.0316821    -0.8762   0.894078   0.659895
point 62 454 339.969  114.52 -0.944705   1.01062  0.633897  -0.47004  0.580295  0.726303  0.763708 -0.550911  0.469935  0.395443
point 63 458 128.574  182.18 -0.764047  0.167344 -0.828975  0.360232  0.559519   0.38074  0.812383  0.129438    0.9491 -0.602249
point 64 469 598.168 141.967 -0.0569702   -0.79612   0.977122   0.949631    -0.1478  -0.510688  -0.825656   0.782532   0.165345  -0.945414
point 65 505 9.21984 153.497  -0.626824  -0.260535   0.266065   0.200171  -0.800648  -0.525754  -0.852307   0.932546  -0.431456 -0.0316567
point 66 506 425.797 119.841  0.0688183   0.320586 -0.0330846  -0.574026  -0.968953  -0.679507  -0.670793  -0.615329   0.781909   0.530405
point 67 519 587.099 95.5002  0.399879  0.470599  0.561403  0.153888  0.683111 -0.801399 -0.881146  0.878844 -0.352753  0.495162
point 68 569 101.272 196.975 0.0106552 -0.659606  0.393367  0.224272 -0.260309  0.426659  0.425284 -0.553604  0.918048 -0.396632
point 69 573 541.954  149.66  0.920545 -0.207742  0.218214 -0.482561 -0.285175 0.0522053 -0.687964  -1.02058 -0.279064  0.585476
point 70 578 340.29 113.86 0.0166246 -0.232294  -0.32862  0.205926 -0.701152  0.484082 0.0335824 -0.949812 -0.064077  0.148017
point 71 581 317.994 239.625  -0.709829  -0.519001  -0.309348   0.941269  -0.943646  -0.143949  -0.116623  -0.807821   0.914709 -0.0967746
point 72 588 458.403 233.143 -0.243275 0.0892071 -0.388527 -0.595863  0.607903  0.575548  -0.60176  0.281514 -0.185977 0.0679353
point 73 591 395.511 157.393  0.984399 -0.677936  0.617307 0.0993257 -0.448219 -0.280291  0.977662  0.214998 0.0498285 -0.528107
point 74 603 284.985 177.237   1.02667  0.548136  0.741745  0.235208 -0.829027  0.394761 -0.863957  0.842917 -0.553174  0.649032
point 75 627 232.377 161.988   0.107081   0.870634  -0.582503  -0.527761    -0.7625   0.370668   -0.78655 -0.0132505   0.337174    0.58634
point 76 628 188.575  215.69 -0.733637 -0.157125  0.151842 -0.370659 -0.159349  0.902229  0.640782   -0.3589  0.465355  0.856003
point 77 629 571.993 180.559 -0.439724  0.729989  0.684409 -0.941617  0.928493 -0.317906   1.01214 -0.645389  0.141287 -0.826913
point 78 640 79.8918 217.643 -0.0197321   0.796675   0.880582   0.371494     0.1711  -0.405318   0.578312  -0.265273  -0.204236  -0.192829
point 79 655 399.447 216.479 -0.105106   0.66584   0.43348 -0.556302 -0.557015 -0.478519  -0.93929 -0.677438 -0.901408  0.881631
point 80 658 385.428 215.873     0.3562   0.064442 -0.0500777  -0.347173    0.19024   0.956605   0.596425   0.582256  -0.757405   0.523392
point 81 667 520.728 163.279 -0.950541 -0.554549 -0.252984 -0.559854  0.798051 -0.685568 -0.461498  0.757357   0.53895  0.358655
point 82 678 100.206 133.777 -0.781588 -0.866896 -0.400574 -0.362964 0.0556103 -0.916383 -0.948027 -0.136942  0.270486 -0.364854
point 83 681 493.132 210.465 -0.287167  0.611038  0.194717  0.425794 -0.803965  0.139233  -0.80522  0.409621 -0.139231 -0.873464
point 84 697 540.47 206.07  0.190973 -0.741495 -0.511752  0.901318  0.496431 -0.781145 -0.322424 -0.162234 -0.230563 -0.830999
point 85 709 562.789 214.735  0.922301 -0.851488  -1.00415 -0.970547  0.514776  0.770955   0.77671  0.538213  0.184859  -0.52869
point 86 771 476.162 227.988  0.167291 -0.369743   0.82761  0.972051 -0.660927  0.915094  0.702049 -0.217547 -0.442267 -0.669315
point 87 777 621.812 173.898   -0.664605    0.599203   -0.252108   -0.481951    0.555131    -0.26898   -0.294367    0.519522 -0.00682064    0.105823
point 88 804 356.734 214.745  -0.801212     -0.761  -0.687924  -0.554331   0.555646   0.673128 -0.0815283   0.435472  -0.612591   0.123811
point 89 806 326.442 235.201   0.817085 -0.0516402  -0.560368  0.0605885  -0.662719  -0.329549   0.340136  -0.370644  0.0660862  -0.089889
point 90 815 602.742 130.393  0.119174 -0.237444  0.976982 -0.295972  0.723996  0.624987 -0.428429 -0.640595  0.816196  0.907859
point 91 837 399.474 165.263 -0.0499741  -0.263354  -0.474196  -0.346792  -0.753641   0.177876  -0.441604  -0.357926  -0.808834  -0.433141
point 92 853 65.6259 164.405  -0.460952   0.814747  -0.587883 0.00235877  0.0945463  -0.708124  -0.286253  -0.410248  -0.834718  -0.753105
point 93 867 496.988 210.689    1.04788   0.127805  0.0956129   0.600258  -0.466493  -0.065093  -0.785689  -0.403036   0.649128 -0.0152396
point 94 868 206.091 206.437   0.625062  -0.389498  -0.906231  0.0266783  -0.614473  -0.355703   0.875007  -0.882496 0.00249187   0.509738
point 95 878 364.684  229.61   -0.989225   0.0341643   -0.987785 0.000663165  -0.0689002    0.466763      0.3928   -0.174175   -0.705333   -0.563335
point 96 881 555.607 46.7859   0.29758  0.655527  0.399762   0.64956  0.376286 -0.784934  0.167527 -0.767733  -0.46973 -0.556646
point 97 882 579.599 197.801   -0.4548  0.924028 -0.653432  0.596484  0.430605 -0.171746 -0.926229 -0.792819 -0.563256  0.590236
point 98 885 594.224 158.436   0.888603  -0.631699 -0.0754854 -0.0870836   0.586689   0.701419   0.704671   0.823363   0.666395 -0.0397718
point 99 886 377.521 187.722 -0.405317 -0.867315 -0.493104  0.046321  0.297052   1.00676  0.863519  0.841657 -0.739645 -0.878336
point 100 897 64.0031 160.556   0.270487   0.899326   0.954437   0.616325   0.144287  -0.845911 -0.0818247  -0.246532  -0.842413   0.251764
point 101 905 336.257 155.586 -0.981905  0.143755  0.446269 -0.407149  0.694684  0.234486 -0.863699  0.618086 0.0643382  0.122226
point 102 907 75.7104 218.914  -0.74057 -0.926229 -0.903411  0.585839 -0.759891 -0.858537  -0.32007  0.626784 -0.217358 -0.610565
point 103 910 348.715 188.376   -0.96166   0.644964   0.480396 -0.0142543   0.643942   0.451259  0.0968784   0.581683    0.76439   0.386939
point 104 927 579.454 140.531 -0.00454385    0.897726    0.567673     0.43094    -0.93376    0.337204  -0.0636512   -0.406157    0.717753    0.924451
point 105 928 412.375 203.193  -0.17012  0.917843 -0.867812 -0.866306 -0.262121 -0.622545 -0.703689 -0.404995 -0.496883  0.274485
point 106 929 576.126 60.3052 -0.816769 -0.310346 -0.233836  0.225323  0.256439  0.683564  0.124677 -0.188658  0.104477  0.180987
point 107 935 610.258 230.375      -0.74  -0.921744   0.207827   0.985642  -0.639191   0.475841   0.343544   0.823432  -0.774505 -0.0814889
point 108 939 396.694 214.662 -0.376933 -0.715057  0.615268  0.843394     0.214 -0.917551 -0.771297  0.727513  0.148465  0.753015
point 109 947 70.9351 144.912 -0.376178 -0.940238  0.822922  -0.53546  -0.57008  0.882471  0.588251 -0.795374 -0.829622  0.751037
point 110 963 474.269 198.159 -0.0376792  -0.849997   -0.41438   0.412264  -0.857778   0.280509   0.950312  -0.897113  -0.225281   0.533997
point 111 968 261.582 87.4201   0.106531  -0.423784   0.111048 -0.0361319   0.900636  -0.225981  -0.735343 -0.0660574  -0.669449   -1.02035
point 112 971 518.312 201.062   0.680898 -0.0185297   0.275517  -0.645762   0.963876 -0.0717761   0.320807   0.951915   0.800284  -0.210964
point 113 972  107.48 116.364  -0.745846  -0.576946   0.927196 -0.0314701  -0.989582   -0.51186  -0.705991  -0.339291  -0.684755   0.661129
point 114 979 428.844 93.7968 0.00126843   0.470211  -0.181377   0.493389   0.189847   0.344292  -0.582719  -0.132488   0.639027  -0.292689
point 115 989 418.563 237.282  -0.66233  0.266141  0.512207 -0.622216 -0.117778 -0.606296 -0.118095   0.49167  0.520078 -0.499804
point 116 997 292.977 228.435    0.94039  -0.950763  -0.041224   0.828282  -0.410957 -0.0403323   0.628818  -0.851634  -0.275374    0.58328

