seq: 55
gt_pose:  0.55413  5.69365 -2.34661
odom_pose:  1.13406  5.59254 -2.31689
point 0 6 5.95383 209.094 -0.645508  -0.13508  0.799448  0.669752 -0.335781  -0.49947  0.801923 -0.286087  0.383418  0.958215
point 1 14 65.8316  204.66 -0.802513  0.067454  0.539691 -0.405228  0.960708  0.112985  0.778408  0.508864  0.214563 -0.957374
point 2 29 605.573 204.092  -0.901138 -0.0760724    1.01954   0.386947  -0.538437  -0.101992     0.7093  -0.858708  -0.804328  -0.269144
point 3 30 374.129 193.506  -0.707601  -0.927886  -0.893381 -0.0662764   0.592184   0.337472  -0.103993  -0.766152   0.195786   0.128234
point 4 31 124.697 199.866  -0.400525   0.742166 -0.0200286  -0.694352    0.22036 0.00454712   0.212901   0.166474   -0.51639   0.641411
point 5 38  3.2818 181.917  -0.631604  -0.718886 -0.0355665   0.650389   0.339272   0.855649  -0.625083  -0.194056   0.362895   0.777096
point 6 41 523.119 184.063  0.778007  0.358585  -0.21669  0.205701  0.191847  0.329995 0.0621719 -0.744381  0.142461 -0.982502
point 7 58 374.126 235.565  0.675899 -0.474258 -0.521253 -0.896828 0.0700941  0.796818  0.182576 0.0284458  0.683935  0.943966
point 8 63 289.856 197.369  0.199159 -0.752908 -0.794583  -0.23832 -0.696474  0.300606 -0.768087  0.733674  0.212651 -0.574518
point 9 67 518.442 217.475 -0.274669 -0.775302  0.599431 -0.255455   0.45601  0.899923  0.657235  0.659438  0.469359  0.263517
point 10 68 153.667 239.231  0.155711  0.314076 -0.972616  0.526268  0.176509 -0.762237 -0.730547 -0.621355  0.530962  0.661406
point 11 88 316.897 237.196   -0.2795 0.0279867  0.398165  -1.00822  0.280133  0.228537  0.374024 0.0732331  0.802612 -0.532779
point 12 93 352.224 203.891  0.715141 0.0908838  0.132684 -0.780477  0.945131 -0.376927  0.154784 -0.961189  0.596472 0.0277657
point 13 95 501.783 178.418  0.108978 -0.446973  -0.49136 -0.599278 -0.902246 -0.735875  0.477907  0.197899 -0.599767  0.405819
point 14 97 597.717 221.182  0.854386  0.952469  0.138396  0.466168   0.80928 -0.817787  -1.01137 -0.658156 -0.347662 -0.986255
point 15 100  492.15 173.016  0.0948856   0.575113  -0.152999   0.179071 -0.0595267   0.798101  -0.368965  -0.933307  -0.665578   0.472593
point 16 101 424.905 163.082   0.67347 -0.247668  0.383271 -0.708562 -0.212182  0.860764 -0.328856  0.016659 -0.920878  0.867801
point 17 109 152.962 229.282   -0.475312    0.924064   -0.870081   -0.440851    0.535298  -0.0497967    0.699723    0.584653 0.000807856    0.235853
point 18 111  239.91 231.829 0.0402471  0.987507 -0.892748  -0.89016 -0.104156 -0.375153  0.963263 0.0250901  0.254916  0.431036
point 19 119 19.0928 217.946 -0.380424  -0.41734  0.819815  -0.40073   0.75171  0.436633  0.909482 -0.483558 -0.751074  0.440689
point 20 123 130.659 168.646  0.133729 -0.836198 -0.203367  0.338171  0.858637  0.708911  0.277974  -0.19152  0.412984 -0.639529
point 21 124 534.414 212.882 -0.488826  0.613386  0.803697 -0.475089 -0.848425 -0.571398  -0.97204 -0.723435 -0.671727  0.806693
point 22 142 591.723  196.11  0.360712 -0.196221 0.0031601 -0.207069  0.194574  0.536112  0.619799 -0.227355 -0.305323  0.521503
point 23 156 71.6114 165.155  0.231483  0.517013 -0.729679  0.408723 -0.837714   0.98164  0.154599 -0.748214 -0.930165 -0.095885
point 24 159 28.7117 189.737  0.213086  -0.98247 -0.874614 -0.186865 0.0876991  0.156136  0.993505 -0.301227 -0.370452 -0.760163
point 25 165 81.2033 185.356    0.440656   -0.821377    0.380983    0.581078   -0.689528    0.650403   -0.611012    0.857304    0.406895 -0.00533824
point 26 175 203.929 166.069 -0.359329  0.594709   0.29552 -0.552573  0.742396  0.687121  0.924378  0.926211  0.575024 0.0915464
point 27 176 103.834 198.437  -0.699515   0.883305    -0.1162 -0.0262324   0.341049   -0.43571  -0.902044   0.286018   0.681913   0.109104
point 28 181  438.15 133.915   0.776107   0.553753  -0.190941  -0.177138  -0.108339    0.79846 -0.0492591   0.941241   0.587031  -0.267808
point 29 184 92.1148 217.998 -0.199846  0.537265 -0.377455 0.0495161 -0.571117 -0.297139  0.133847 -0.387884 -0.386803   0.33703
point 30 186 284.875 156.129  -0.367705  -0.400771   0.301623   0.392048   0.852621  -0.929373 -0.0504648  -0.478855  0.0826693    0.27836
point 31 200 138.907 188.221 -0.484444 -0.724414  0.652605  0.356027  0.274179  0.528678 -0.129164   0.93525  0.999327 -0.122955
point 32 208 552.282 166.862 -0.910286 -0.283945 -0.929315 -0.129468 -0.299081  0.855426  0.952481 -0.669553   0.71077 -0.840516
point 33 209 419.386 232.339 -0.242254  0.189952 -0.293337  0.384806 -0.837843 -0.333005  0.594414 -0.863071 -0.292572 -0.656063
point 34 233 302.507 232.331 -0.143277 -0.432479  0.113897  0.244988  0.342055  -0.23622 -0.951205  0.195376 -0.846854  0.406822
point 35 240 15.7643 110.296 -0.491693 -0.597892  0.602296  0.763457  0.846141  0.732503 -0.478021 -0.704725 -0.972951  0.619369
point 36 245 197.134 203.801 -0.663901 -0.433256  0.475186 -0.650859 -0.455163  0.419493  0.929367 -0.691544  0.182941   0.81154
point 37 251 229.834 231.011 0.0318552 -0.499094  0.199257 -0.802558 -0.463842 -0.116237 -0.459351  0.218377 -0.150538  0.367623
point 38 271  549.26 178.138  0.727367  0.537076  0.960748  0.720879 -0.727152  0.922112   0.45514  0.877543  0.845142 0.0207357
point 39 272 590.833 172.054  0.512472 -0.515958  -0.99399 -0.250898  0.383824 -0.399581 -0.729599  -0.54352 -0.197058   0.20465
point 40 281 467.227 222.867  -0.83298  0.368264 -0.247596 0.0511015  0.556414  0.292851  0.737267 -0.230088 -0.456524 -0.476854
point 41 283 487.317 230.545   0.352563   0.322846   0.601435  -0.215789  -0.906182     0.7456  -0.835058 -0.0893866  -0.110358   0.727733
point 42 285 499.535 66.2006 -0.535454 -0.206615 -0.527228  0.995123  0.915445  0.785786  0.292622  0.641117 -0.402828  0.412595
point 43 293  598.22 138.156 -0.916703  0.660372 -0.603073 -0.849004  -0.77367  0.699585  0.954425 -0.432259  0.767565  0.533683
point 44 301    77.6 213.504  0.126121 -0.497227  -1.00701  0.440901  -0.93356 -0.655225 -0.591716  0.462919 -0.766496 0.0739762
point 45 303 175.849 208.012     0.1625  -0.799658  -0.564882  -0.972068  -0.133935   0.566154  -0.434093 -0.0865973 -0.0137925  -0.355275
point 46 307 372.717 225.173   0.177727   0.935843  -0.194188   0.576859   0.728121   0.872941 -0.0727485  -0.463919  -0.908174   0.470274
point 47 321 413.868 129.886  0.128618  -0.68972 0.0301367 -0.905341  0.923344 0.0369635  0.302848   0.58259  0.820026  0.604372
point 48 322 439.691 143.323 -0.279921 -0.153841  0.466154 -0.790993  0.945394 -0.643647  0.945147  0.881078  0.384024  0.496266
point 49 332 614.554  175.22  -0.265231  -0.120827  -0.139143    0.35759   0.773876   0.885696   0.722229 -0.0247962  -0.769583  -0.554002
point 50 346 308.372 128.489  -0.588859    0.90713 0.00739866  -0.739169  -0.207558   0.455279 -0.0246627   0.959801    0.84615  -0.181065
point 51 387 181.927 186.127  0.692892 -0.748883   0.57391  0.987259 -0.795457  -0.20267 0.0223278 -0.914465  0.615309  0.652756
point 52 399 473.458 228.488  0.890125  0.106513  0.362557 -0.115373 -0.178739 0.0876648  0.497493 -0.676104 -0.629988  0.124904
point 53 405  311.04 130.388 -0.128757 -0.934147  0.898997  0.673411 -0.155339  0.100489  0.342293  0.288424  0.517768  0.720954
point 54 406 422.054 164.764 -0.179167   0.86679 -0.715547 -0.547968 -0.813974  0.255011 -0.444029  0.302969  0.830544  0.429929
point 55 425 118.831 239.961 -0.447113 -0.355807  0.343442 -0.472621  -0.61156 -0.682638  -0.11267 -0.978239  0.889075  0.838431
point 56 478 528.485 117.931  0.195752 -0.764973  0.463284  0.819557 -0.422587 -0.377322  0.246454  0.173995  -0.36197  0.822116
point 57 480 623.448  205.82   0.182578  -0.951011  -0.884555  -0.218596   0.439256   0.276952   0.111703 -0.0954729    0.10151    0.63292
point 58 491 155.405 193.275 -0.838259  0.786767 -0.281966  0.568507 -0.466244 -0.109449  0.565401 -0.321411 -0.215337    0.6867
point 59 495  129.39 94.9853   0.240266   0.698586  -0.147344   0.468263  -0.482573  -0.650032    0.98144  -0.638968 -0.0870044  0.0974401
point 60 499 292.723 184.905   0.866899  -0.429716   0.398811  -0.580597   0.190351 -0.0936833 -0.0994482  -0.191244   0.725964    0.24649
point 61 506 92.0034 171.611   0.095292    0.26156 -0.0733986  -0.562982   -0.93826  -0.615267  -0.683585  -0.613514   0.783611    0.53143
point 62 513  541.56 224.689  -0.401712  -0.588103   0.598524 -0.0779024  -0.617388   -0.63464   0.409704   0.994414    0.66873  -0.392337
point 63 524 425.833  223.49 -0.304508  0.735055  0.265087 0.0580333  0.930475 -0.481308 -0.237905  0.183593  0.257353 -0.814709
point 64 530 590.521 181.974  0.962099  0.364989 -0.219869 -0.784215    0.2954 0.0766665 -0.019395  0.244586 -0.275622  0.877833
point 65 539 341.719 153.415  0.837905 0.0942623 -0.903192 -0.636096    0.4662 -0.361471  0.964729 -0.685548  0.271617  0.228287
point 66 541 219.765   234.4  0.325433 -0.764743  0.889608  -0.33271 -0.616295  0.666371  0.729731 -0.637829  -0.93276   0.27028
point 67 544 370.451 172.987  -0.147489  -0.287342   0.647276  -0.141457  -0.742084   0.967738  -0.949105     0.3714  -0.471599 -0.0195994
point 68 578 89.1484 153.339 -0.034998 -0.223715  -0.30495  0.204947 -0.760777  0.517723 0.0786174 -0.900912  -0.12211  0.153988
point 69 583 598.902 187.309 -0.481779 -0.352376 0.0343247   0.85765  0.668485  0.328609 -0.609439 -0.620141  0.305233 -0.577486
point 70 596 253.578 195.375  0.0191548  -0.500899   0.419531   0.108944 -0.0106905  -0.423104   0.682622   0.047951   0.568321   0.923281
point 71 598 557.972 208.702   -0.1285  0.640073   0.45921 -0.913425 0.0102947 -0.452877 -0.338803 -0.587902  0.676555  0.632745
point 72 599 202.064 170.741 -0.388645  0.209456  0.667837  0.112886  0.050274  0.997287 -0.169304 -0.125528 -0.149618  0.529125
point 73 613 384.225 172.665  0.753717    0.8655   1.01976 -0.677512 -0.757062  0.201802 -0.222115 -0.442529  0.116017  0.927299
point 74 614 516.635 161.673  0.485618  0.654206  -0.65254  -0.76909  0.988619 -0.353141  0.778405  0.150848   1.01013  0.119523
point 75 617 142.448 157.446 0.0399306 -0.830962  0.225401  0.167648 -0.535773 -0.926999   -0.2126  0.339109 -0.786251 -0.612845
point 76 622 190.582 45.5459  -0.462552  -0.970195   0.485723  -0.125959  -0.985459 0.00980731   0.676758   0.938768  -0.214251  -0.650496
point 77 631 317.631 233.617  -0.794716  0.0199769  -0.674866 -0.0851054   0.351186  -0.120265    -0.2822 -0.0371498  0.0275884  -0.260829
point 78 644 196.695 166.944 -0.543312 -0.137252 -0.577056 -0.022318 -0.221213 -0.741006  0.875193 -0.921503  0.891334  0.439087
point 79 661 115.659   178.6  0.337642 -0.490644  0.383445  0.437186  0.155807  0.140112 -0.933757 -0.719252  0.216701  0.452432
point 80 662 391.573 211.226  0.336842 -0.336167 -0.374392 -0.783848  -0.30384  0.866509  0.494939  0.981422 -0.700925  0.761472
point 81 669 116.316  171.96   0.458614   0.695631  -0.750316  -0.460868   0.150622  -0.689967 -0.0760205   0.899903   -0.23139  -0.362678
point 82 705 519.511 238.372 -0.0316409  -0.720942 -0.0947476   0.577773  -0.978834  -0.261359   0.877052  -0.594932  -0.374057  -0.387257
point 83 725 328.589 205.333 -0.764682 -0.792012 -0.701563 -0.891356   0.22953  0.431852 -0.848724 -0.787724 -0.491571 -0.248164
point 84 726 268.299 196.831  0.912934  0.506379  0.504769 -0.725755  0.218723  0.605965  -0.79569 -0.896506 -0.898311 -0.815266
point 85 729 450.829 238.892 -0.394781  0.564434   0.42975  0.623819 -0.532999 -0.467224  0.701156 -0.993929 -0.121835 -0.586662
point 86 752 116.734 167.992  0.772993  0.850755  -0.52695 -0.151716 -0.131759 0.0863293  0.362159 -0.665229 -0.646904 -0.513573
point 87 761 527.271 214.428   0.67671  -0.84081   0.11361  0.502619 -0.740685 -0.807614 0.0200547 -0.688742 -0.611974 -0.892082
point 88 793 616.536 160.502 -0.664606  0.998827   0.35166 -0.255855 -0.697904 0.0429164  0.102356 -0.445959  0.483342  0.118249
point 89 794 122.202 215.599 -0.385678   0.47322  -0.31626 -0.670817 0.0637829  0.639746  0.492732 -0.481633  0.156838  0.479644
point 90 797 93.0332 201.014  -0.706044  -0.705981   0.671161  0.0291913  -0.175184  -0.525227 -0.0481581   0.576415 -0.0560509  -0.291571
point 91 798 372.226 169.945 -0.477863  -0.90648  0.933186  0.575588  0.484691  0.561635  0.623325  0.932243 -0.875666 -0.503621
point 92 800 369.088 172.204   0.554298  -0.961201  -0.522316 -0.0412418   0.861258 0.00106958  0.0326963   0.795304  -0.488811  -0.422853
point 93 805 209.883 146.177  0.399564  0.805945   0.48923 -0.147315  -0.80336  0.813329 -0.177582  0.915295 -0.760258  0.250757
point 94 816  550.48 121.199  0.590685 -0.298501 -0.822425  0.433057   0.30488  -0.39183 -0.420845   1.03545  0.468784 -0.233154
point 95 821 14.6099 215.065  0.438358  0.299886 -0.662719 -0.917422  0.913098 -0.216366   0.45858 -0.797827 -0.403056  0.416084
point 96 832 402.244  96.706  0.681479  0.969244 -0.385916  0.682976  0.718827 -0.540039  -0.68294  0.771914 -0.764024 -0.887291
point 97 841  133.79 186.925  0.197066  0.879649  -0.92379  0.936759 -0.354043 0.0590672 -0.257228 -0.199971  0.194403  0.530487
point 98 843 60.5924 143.586 -0.454757 -0.225838 -0.120615  0.453399  0.150799 -0.928067  0.372229  0.263185  0.961107  0.956928
point 99 854 290.777 209.048   0.609585  0.0910331   0.417456  -0.767282  -0.095245   0.957192 -0.0244362  -0.150297   0.230788   0.947318
point 100 856 346.926  178.08  0.022405  0.626424  0.430684 -0.572786 -0.497929 0.0353687  0.482825  0.892009  0.225352 -0.615795
point 101 858 327.263 136.837    0.53648   0.200809  -0.184387  -0.154683    0.74576   0.903707  -0.437388   0.109647  -0.717215 -0.0420326
point 102 859 628.715 227.351  0.441056 -0.845705 -0.342725  0.643722   0.49357  0.815324  0.837056  -0.95988  0.180798  0.862573
point 103 876 184.906 161.501   0.46608 -0.642937  0.938104 -0.211912  0.046662   -0.9431  -1.01126  0.353492  0.909334  0.252598
point 104 880 179.079 194.603 -0.577764 -0.514104 -0.297608  0.609107  0.569202 -0.194343 -0.379208  0.590305   0.77278  0.683351
point 105 881 118.241 168.448   0.33576  0.619761  0.369675  0.648476  0.394694 -0.782831  0.230295  -0.74271 -0.469873 -0.530741
point 106 883 195.507 219.765   -0.22751  -0.215858  -0.717836   0.953942   0.258129   0.559198   0.554382  -0.326811   0.233678 0.00832166
point 107 899 459.872 168.204  -0.47173 -0.508595  0.577276 -0.710589 -0.863037 -0.220363 -0.860212 -0.882723 -0.597773  0.294238
point 108 913 619.011 200.586 -0.824933 0.0523609  -0.80674  0.542435 -0.399419 -0.725302 -0.873311 -0.103489  0.977161 -0.796651
point 109 927 29.5198 174.784 -0.0067436   0.855392   0.541589   0.363462  -0.860351   0.383376 -0.0242741  -0.427637   0.691486   0.888896
point 110 929 88.6739 157.472 -0.805314 -0.291396 -0.237942  0.214965  0.198727   0.68913  0.103606 -0.165803  0.134215  0.182357
point 111 934 561.885 116.298   0.34562 -0.578897  0.760984  0.214308  -1.01029 -0.333096 -0.756032  0.806736  0.618804 0.0815577
point 112 937  266.39 232.666  -0.47843 -0.617705 -0.474516 0.0903188  0.546086 -0.217867  0.133868 -0.264497 -0.253608  0.504292
point 113 942  113.88 224.361 -0.779576 -0.288794  0.669632 -0.527176  0.207268 -0.251247 -0.702974  -0.90553   1.01715  0.420917
point 114 944 211.928 193.743    0.524827   -0.503196   -0.240459   -0.506325    0.669119 -0.00635448    0.162325    0.276015    0.436578   -0.634478
point 115 955 534.393 210.952   0.11087  0.365014 -0.785999  -0.22574  0.444616  0.332516 -0.695956   0.15193  0.650791  0.157574
point 116 967 200.075 168.037   0.209121 -0.0770839    0.46216   0.942863   0.124094   0.292162   0.555962   -0.39897  -0.775201  -0.442631
point 117 980 372.081 212.283  0.505266 -0.201935   0.59644 -0.533094  0.521237  0.372881 -0.871646 -0.228244  0.317634 -0.667277

