seq: 288
gt_pose:   5.9489 -4.25891  -2.2964
odom_pose:  3.95928 -5.23116 -2.46958
point 0 23 555.418  141.45    0.78863   0.738993 -0.0035896   0.178718  -0.694115   -0.41671   0.719647 -0.0472008 -0.0581006   0.715643
point 1 24 539.565 178.527   0.371533   0.439911  -0.677702   0.231279 0.00896548   0.627723    0.40709  -0.633409  -0.536847  0.0169864
point 2 26 481.753 147.851 -0.873591 -0.767973  0.325155 -0.235618  -0.43012 -0.381068 -0.774943 -0.128222  0.828961  0.204764
point 3 35 418.612 131.758  0.067823  0.818498  0.350631  0.632883  0.351331 -0.367069  0.290558 -0.991866 0.0929517  0.651174
point 4 48 466.743 142.969  -0.348435   -1.00165    0.84555   0.160918   0.496641   0.746682   0.826065  -0.690016  -0.071573 0.00418359
point 5 56 341.854 135.761   0.30096 0.0401334 -0.971626  0.877566  -0.35394 -0.550158 0.0659475 -0.154301 -0.380127   0.39047
point 6 62 124.036 169.251  -0.414221  -0.634673   0.835406   0.481735  -0.824598    0.92783   0.709587  -0.286102   0.396664 -0.0908982
point 7 69 283.627 184.617   -0.329847   -0.763228    0.803147   -0.803194 -0.00676196   -0.427808   -0.585925   -0.381323    0.360691    0.891093
point 8 116  608.75 224.048   0.915569   0.616702   0.391878  -0.480742   0.579715 -0.0948681  -0.388957   0.535108   0.358828   0.823983
point 9 118 380.122 162.256   0.934472   0.868597   0.631484   -0.52843 -0.0261663   0.557146  -0.925311  -0.676121  -0.909796   0.722416
point 10 137 230.417 199.111  0.0719879  -0.671634  -0.791422  -0.178258    0.84132   0.678067  -0.741155   0.267802 -0.0235527   0.481865
point 11 138 558.537  226.06  -0.349357  -0.766977  -0.384789  -0.598464  -0.515969   0.141313   0.509533  -0.819271   0.160974 -0.0603079
point 12 141 189.276 131.455  -0.256083   0.105895  -0.383131 -0.0601878  -0.161349   0.461927  -0.931181  -0.941535  -0.572723   0.648803
point 13 146 587.649 164.294   1.00211   -0.5413 -0.672382 0.0957737  -0.64122 -0.158158   0.94766 -0.465466  0.120078 -0.694721
point 14 182 324.598 231.197 -0.938256 -0.909996 -0.726248  0.927173 -0.770182 0.0483509  -0.66187 -0.449929  0.376058  0.509422
point 15 204 113.926 209.687  -0.35292  0.788038 -0.490702  0.692797   1.00653  0.010731 -0.448544  0.236505 -0.673869  0.654899
point 16 234 475.468 163.798  0.118122 -0.202044  0.687452 -0.342429  0.787764 -0.457935  0.346808  0.248204  0.215932  0.431065
point 17 242 539.455 142.626   -0.766529 -0.00995727    0.139986    0.464719   -0.401076    0.635551    0.873291    -0.75234     0.48615    0.621869
point 18 246 247.402 212.434    0.61362  -0.246129  0.0181041 -0.0169081   0.261525  -0.977953  0.0781084  -0.157087   0.688542   0.183368
point 19 252 180.197 37.0779  -0.455207 -0.0200635    0.70641  -0.116242    1.00946   0.835183  -0.132498  -0.172762  -0.881655  0.0620825
point 20 256 291.519 212.276 -0.743273 -0.695426 0.0431242  0.694313   0.51871 -0.875744 -0.492339 -0.673287  0.764367 -0.126418
point 21 261  249.97 137.542   0.908388    0.41715    1.01357  -0.282983  -0.214808   0.222062  -0.666587   0.861935  -0.319643 -0.0974172
point 22 273 159.865 49.4474  0.676533 -0.474762 -0.525821  0.269252 -0.806556 -0.781541 -0.241596 -0.904434  0.883339 0.0696694
point 23 287 146.286 173.991  -0.441098   -0.68153  -0.555579  -0.908368  -0.588819  -0.139414 -0.0642549  -0.127292 -0.0990498   -0.13327
point 24 299 346.483 187.958  -0.702516 -0.0211916   0.456575   0.888933  -0.336106  0.0258996  -0.114504  -0.486395   0.756792   0.995292
point 25 309 599.008  210.15 -0.514595   0.98097 -0.951161  0.816156 -0.161593  0.164434  0.709691  0.529257 -0.210839   0.44424
point 26 326 474.566 186.363  0.412215 -0.544558  0.540892  0.175959 -0.932927 -0.311657 -0.436035 -0.695696  0.206696 -0.849533
point 27 336 171.927 230.294  -0.541422 -0.0272186   0.808769   0.289885  -0.718494   -0.59112   0.907887  -0.778347  -0.211709   0.148417
point 28 350 609.592  179.08 -0.772992 -0.860988  0.944599  0.216383  0.485321  0.879575 -0.748795  0.686249  0.113501  0.651614
point 29 359 635.392 111.261 -0.0303454  -0.285344   0.703795  -0.585017   0.659352  0.0240581   0.253164   0.174423  -0.544476  -0.176025
point 30 374 317.389 173.014  0.579594 -0.334294  0.280413 -0.682247  0.437388 -0.877114 -0.782463  -0.61552 -0.470363 -0.835508
point 31 382 565.397 187.369 -0.673632  0.845802   0.91389 -0.885691 0.0926094  0.577408  0.589877  -0.22721  0.295708 -0.131958
point 32 414 247.077  155.44  0.580329  0.147703 -0.626509  0.440551  0.201846  0.829862  0.242764  0.569496 -0.627872 -0.104024
point 33 429 333.788 181.645  0.509088  0.347726 -0.625031 -0.517095  0.536541 -0.944235 -0.628196 -0.176495 -0.325262  0.301271
point 34 437 73.8239 218.118  0.493683  0.413072   0.91334  0.423962 -0.798361 -0.846635 -0.286099  0.146076 -0.264796  -0.74952
point 35 444 308.576 112.656  0.579128 -0.921405  0.460201 -0.643216 0.0387982  -0.72696  0.977373  0.317843 -0.120845  0.509069
point 36 446 397.339 9.00555   0.551308  -0.781336   0.563705   0.940243  -0.999903   0.173438   0.969056   0.474911    0.48991 -0.0396944
point 37 452 369.597 117.048  -0.873235   0.262622  -0.183434   0.713568   0.569601  -0.777991 -0.0694681   0.183296  -0.389298 -0.0697297
point 38 468  374.15 97.7629  0.494557 -0.283946 -0.495967  0.573413  0.208684  0.480171 -0.372108  -0.26461 -0.794719 -0.294975
point 39 470 621.415 237.438   0.456008 -0.0618536  -0.653348   0.838443  -0.333482   0.882681  -0.394869   0.205229   0.362179   0.774136
point 40 481 227.228 208.193 -0.859637  -0.80238  0.364269 -0.557124 -0.290717  0.126935 -0.234024 -0.869447  -0.38136  0.173732
point 41 482 234.888 167.778  0.465189  0.395601  0.264613  0.184464  -0.36825  -0.51175  0.267392 -0.201293  0.235727 -0.336532
point 42 484 426.598 170.187  0.876161  0.712255  0.956943 -0.725939  -0.59955  0.493133  0.620893  0.604985 -0.366724 -0.740042
point 43 492 568.904 144.766  0.451833  0.539178 -0.751663 -0.415169   -0.5056  0.737273 -0.527526  0.796091 -0.871366 -0.594669
point 44 498 117.683  161.05 -0.465981  0.372325  0.870843  0.829429 -0.653479  0.901662 -0.848691  0.907142  0.155378 -0.937431
point 45 500 92.9937 179.147  0.921077  0.176045 -0.791335 -0.764351 -0.460872  -0.26382  0.691343 -0.690793 -0.450974 -0.973087
point 46 508 579.146 145.441  0.622671  0.584306 -0.214152 -0.106688 -0.733282   0.87485 -0.824642  0.174336 -0.775446 -0.774952
point 47 540 236.744 144.689  0.963324  0.569137  0.718283 -0.518621 -0.299731  0.940251  0.389435  0.894033 -0.905069  0.378889
point 48 560  459.18 195.784  0.949535  0.494507  0.588895  0.762434  0.331278  0.442923 -0.685467 0.0550858 -0.442217  0.340192
point 49 565 430.951 238.523 -0.952045  0.886642  0.426757  0.269764 -0.504284 -0.613917  0.794008  0.791709   0.02464  0.529132
point 50 566 358.147 237.247  0.592222  0.639922 -0.170813 -0.283693  0.104121  0.168321  0.592726 -0.689186   0.64604 -0.557869
point 51 584 324.126 213.876  0.170807 0.0645747 -0.641315 -0.926749  0.480697  0.324772 -0.775305   0.95256  0.352545  0.459907
point 52 597  527.45 160.846 -0.675555  0.730247  0.813457  -0.10612 -0.338584  0.592382  0.873749   0.92632  0.415199 -0.339843
point 53 620 328.856 116.289  0.615945 -0.218745  0.865888  0.806874 -0.326794 -0.340128 -0.787105  0.340518 0.0615004   0.50391
point 54 638 415.072 203.638  -0.27175 -0.842512  0.557855 -0.792841  0.229013  0.401308 -0.079534 -0.360078  0.480042  0.838509
point 55 639 599.148 198.369    -0.75878     0.82095    -0.31029   -0.330373    0.833524    0.626948 -0.00504627    -0.79814    0.125101   -0.638916
point 56 651 477.579 144.411  0.920518   0.61064 -0.503036  0.229693  -0.51612 -0.973875 -0.920785  0.361359 -0.261106  -0.47894
point 57 665 380.559 206.954  0.474386 -0.888848   1.01023  0.275716 -0.110974  0.900773  0.736187 -0.241621  -0.24864 -0.535484
point 58 673 251.301 236.433  -0.498165   0.707595 -0.0272977   -0.29411   0.573201   0.026204   0.394116  -0.530534  -0.429263  0.0904636
point 59 722 429.343 159.585  0.459601 -0.600073 -0.269524 -0.693355 -0.831922 -0.928683 -0.345937  0.627027  0.461751 -0.089425
point 60 731 395.906 202.578 -0.282612  0.397332  0.303099 -0.835959 -0.676224  0.940198  0.704441  0.799508  0.562084 -0.861009
point 61 743 289.123 199.434   0.162516  -0.545872   0.912472   0.260509   0.737505  -0.270035  -0.423615 -0.0915277  -0.222314  -0.468217
point 62 745 362.252 169.229   1.00195 -0.424699  0.117248 -0.717008  0.288176 -0.763541 -0.269851  0.166587   0.60397 -0.515015
point 63 755 566.839 237.856  0.0760138   0.200427 -0.0531378   0.774955   0.454773  -0.452708   0.316744  -0.327069  -0.446836    0.52591
point 64 763 403.917 151.807  0.150269  0.149909 -0.752542 -0.266759 -0.641086  0.912572 -0.172603  0.557756  0.336563  0.129678
point 65 769 625.196 183.669 -0.948729  0.671531 -0.594972 -0.268211  -0.33803  0.321443  0.813691  0.549424  0.689294   0.17711
point 66 775  300.28 170.668 -0.980328 -0.883413  0.983159 -0.723886  -0.63172 -0.916969 -0.821272 -0.948706  0.213104  0.195572
point 67 782 148.362 233.818 -0.422387  0.440629   1.02515 -0.729626 -0.501653  0.951835 0.0393193  0.180971 0.0859625 0.0338533
point 68 791 287.541 134.469   0.70712 -0.639513 -0.813139 -0.627133  0.925094 -0.465141  0.411854  0.632115  0.458825 -0.461114
point 69 801 282.632  190.73  0.496816 -0.358732  0.353381  0.505306 -0.431332  0.667567 -0.456446  0.605813 -0.209349 0.0190218
point 70 818 342.993 200.731 -0.0295051  -0.838012    0.10504  -0.428001  -0.779457  -0.307379   0.332717  -0.627104  -0.897787  -0.382461
point 71 819  631.43 189.452  -0.548844    0.45852  -0.724993    0.78006   0.891766 0.00151132    0.25826   0.749427  -0.414594  -0.112067
point 72 855 361.754 156.392  0.067337  0.930955  0.126281 -0.114695 -0.825595  0.743878 -0.178576 -0.475201 -0.332194  0.916126
point 73 861 596.756 182.943   0.142652   0.631783   0.823265  -0.116314   -0.51035   0.286155  0.0202314   0.204944 -0.0185839  -0.471277
point 74 887 502.045 224.409   0.55386 -0.786971 -0.790812 -0.657077 -0.794106 -0.929245  -0.34874  0.016596 0.0725629 -0.836914
point 75 903 575.462 118.383    0.796641    0.540539    0.972664    0.744743 -0.00222145   -0.727112    0.174945   0.0644742   -0.858037  -0.0278252
point 76 918 515.663 216.707 -0.876011  0.205961  0.569744  0.193976  -0.36054 -0.744213 -0.601609  0.890509 -0.165866 -0.311162
point 77 925 438.116 180.561  0.749579  0.606095 -0.510301 -0.656434 -0.079508 -0.257693  0.399093 -0.316142  0.434179 -0.265562
point 78 931  445.45 166.627  0.747969  0.801861  0.416725 -0.161038  0.390794  0.520642  0.582603 -0.860646  -0.21925 -0.194842
point 79 935 469.734 120.648  -0.757735  -0.882234   0.232338   0.964203  -0.632127   0.547329   0.287787   0.862153  -0.765659 -0.0191877
point 80 943 271.854 231.914  0.906272  0.287104  0.738678  -0.64178   1.01384 -0.326784  0.173527 -0.855544 -0.311232 -0.342437
point 81 949 182.798 232.568 -0.866021   -0.4155 -0.719571  0.802709 -0.674083 -0.066195  0.891297 -0.893018  0.360296  -0.66517
point 82 961 426.788 142.665  -0.349265  -0.458102   0.940331   0.582353   0.515999   0.639078  0.0658542 -0.0773418  -0.767086  -0.180994
point 83 977  445.05 186.321   -0.513965 -0.00427335    0.649936   -0.720272   -0.699496    0.828154    0.708046    0.983472   -0.162014    0.456199

