seq: 157
gt_pose: -6.24858  3.45273 0.208922
odom_pose: -6.17059  2.20028 0.325071
point 0 27 404.554 91.1842 -0.0128293  -0.673964   0.794544   0.265928   0.036282  -0.602614  0.0977269  -0.162357    0.62025  -0.219069
point 1 30 391.025 127.039  -0.729629  -0.885043  -0.916565 -0.0984541   0.559256     0.3833  -0.133248  -0.739045   0.195469   0.198841
point 2 58 368.511 231.954  0.655222 -0.486321 -0.500891 -0.823373 0.0165023  0.771877  0.222815  0.110152  0.653923   0.88738
point 3 63 374.883 212.163  0.187939  -0.76647 -0.806512 -0.278581 -0.687911  0.301565 -0.773959  0.732148  0.181954 -0.570778
point 4 88 429.014  235.93  -0.229465 -0.0223076   0.357618  -0.924478   0.310268   0.255894   0.376058  0.0820047   0.780394    -0.5623
point 5 92 556.576 204.597   0.206413   0.750772  0.0478254   0.913629   0.286584    0.24489   0.982203    0.62647  -0.266715 0.00456937
point 6 93 419.323 164.489  0.776912 0.0583294   0.16566  -0.77126  0.908101  -0.36723   0.11425 -0.959788  0.580436 0.0637906
point 7 100 133.814 74.7289  0.139453  0.570528  -0.22453  0.228966 -0.144849  0.793345 -0.377679 -0.931781 -0.680618  0.531487
point 8 101 294.005 166.531   0.637544  -0.224532    0.37091  -0.739076  -0.232646   0.892926  -0.343316 -0.0149168  -0.925769   0.830632
point 9 105 472.119 5.06251   0.467156     -1.003    0.55075   0.114499  -0.241744   -0.06052   -0.85552  -0.749552   0.836686 -0.0495285
point 10 111 447.544 232.372  0.0261355    1.02869  -0.930952  -0.975803  -0.113076  -0.398679   0.972864 0.00745562   0.232915   0.425596
point 11 160 141.332 168.024 -0.0450587   0.306715   0.163925  -0.674005   0.545461  -0.390172   0.723176  -0.106564   0.307534  -0.348212
point 12 166 509.159 198.583 -0.586525  0.380467 -0.551391 -0.475736 -0.647311  0.233485 -0.687035 0.0703645  0.159893 -0.690053
point 13 181 294.705  201.16  0.832225  0.572259 -0.236602 -0.122816 -0.107489  0.841715 0.0472218  0.953575  0.662866 -0.292799
point 14 186 399.206 169.717  -0.331449  -0.451863   0.330179   0.429187   0.881844  -0.886432 -0.0488687  -0.500677   0.100652   0.298734
point 15 189 253.419 227.606   0.898297 -0.0643351  -0.993218  -0.804487 -0.0548922   0.896426   0.666291  -0.412973  -0.341541   0.182298
point 16 193 131.782 189.957    1.02363  -0.738969    0.96492   0.844261   0.522813  -0.846206   0.970419   0.632826   0.849203 -0.0537615
point 17 208  223.26 192.573   -0.9583 -0.304451 -0.879447 -0.077911 -0.235692  0.773319  0.959222  -0.61507  0.747187 -0.856007
point 18 209 298.724 232.763 -0.200328  0.183985 -0.332873  0.405569  -0.85981 -0.303018  0.659466 -0.846623 -0.368621 -0.620956
point 19 216 535.389 200.211  -0.680546  -0.891967   0.873934  -0.787599  -0.534383  -0.869267  -0.322238  -0.261512 -0.0467453   0.818593
point 20 233 392.381 233.092 -0.108367 -0.494455  0.153229  0.298221  0.297301 -0.204021 -0.908722  0.224543 -0.845333  0.351717
point 21 245 506.788 201.765 -0.650361 -0.365344  0.482414 -0.676855 -0.466489  0.404753  0.833359 -0.637818   0.18465  0.739483
point 22 251 444.284 232.243  0.0206881  -0.520282   0.216078  -0.852446  -0.428766 -0.0912741  -0.467466   0.189727  -0.154913   0.378257
point 23 262 530.269 189.153 0.0318331  0.293276 -0.351305 -0.540224  0.962814  0.955738 -0.983533 -0.371313  0.385697  -0.33635
point 24 267 101.722 173.172 -0.157052 -0.934915  0.627617 0.0524527 -0.148334 -0.114228  0.840907  0.962767 -0.500141 -0.791945
point 25 277 615.25 182.16 -0.542896 -0.822804  0.271718 -0.846899 -0.915391   0.21449  0.166354  0.517106   0.43709 -0.845484
point 26 281 189.188 198.012 -0.865718  0.300784 -0.160062 0.0549708   0.58487  0.338845  0.732989 -0.173498 -0.409587 -0.460112
point 27 285 266.266 156.655  -0.50932 -0.155075 -0.505937  0.994737  0.927708  0.827311  0.254391  0.599364 -0.337076  0.390244
point 28 307 359.187 217.643 0.0860458     0.899 -0.188203  0.605919  0.705532  0.916426 -0.123271 -0.518957 -0.855049  0.529518
point 29 321 302.775 184.831 0.0981818 -0.651667 0.0355373  -0.97625  0.958767 0.0409178  0.327053  0.547319  0.777571  0.606606
point 30 322   284.6 161.676 -0.252331 -0.190078  0.468565 -0.762792  0.947278 -0.626702  0.877312  0.935947  0.296679  0.463304
point 31 332 175.241  193.54  -0.270146  -0.199853  -0.108948    0.35866   0.723909   0.893302   0.766784 -0.0252854  -0.817015  -0.556322
point 32 344 167.937 230.178 -0.459096 -0.257531 0.0808592 -0.680257  0.875424  0.808172 -0.378928 -0.373118  0.640323  -0.07113
point 33 346 349.071 184.885  -0.565803   0.964514    -0.0114  -0.768425  -0.215304   0.476554 -0.0542293   0.903196   0.849621  -0.184344
point 34 352 516.951 214.277  0.529927  0.372198  0.401407  -0.72847  0.566242  0.716771 -0.647445  0.518191 -0.130467  0.830911
point 35 359 612.658 167.412 -0.0910337  -0.286139   0.696685  -0.531449   0.711766  0.0271237   0.208905    0.21716  -0.496519  -0.225107
point 36 380 45.5044 201.169  0.591047  0.455679  0.627752  0.661071  0.316543 0.0464746 -0.713523 -0.329351 -0.542491 0.0973127
point 37 399 195.501  216.22   0.895768   0.147717   0.436741 -0.0729089  -0.257887   0.104818   0.557663  -0.644812  -0.663756  0.0776817
point 38 405 350.303  182.98  -0.175368  -0.928827   0.846236      0.731  -0.179677 0.00389067   0.350847   0.345638    0.53986   0.749646
point 39 406 299.324 204.704 -0.206863  0.891494 -0.677091 -0.529647 -0.855214   0.26485 -0.430085  0.374371  0.857645  0.349308
point 40 428 481.122 108.773 -0.517667  0.119074  0.622677 -0.806309 -0.254982  0.490702  0.254148  -0.41808 -0.140072  0.130783
point 41 430 83.6329 178.546 -0.000729825     0.538893    -0.792108    -0.848719     0.256822    -0.234055     0.223151    -0.198977     -0.11465      1.03129
point 42 453 222.688 235.695   -0.37612   0.373925 -0.0939001  0.0558919   0.302467  -0.533382  -0.823609  -0.284883   0.585722   0.280146
point 43 461 71.8256 217.451  -0.433385  -0.549714   0.999566 -0.0762425   0.163102 -0.0879199   0.385617   0.838151   0.881053  -0.603991
point 44 470 616.331 238.528   0.467386 -0.0701876  -0.630901   0.865882  -0.313848   0.927116  -0.436718   0.197587   0.369388   0.783898
point 45 472 593.488 204.778   -0.88884 -0.0431138   0.648075  -0.193878   0.875274   0.110153   0.727869  -0.739081  0.0022316  -0.603035
point 46 480  101.66 202.925  0.239127 -0.982681 -0.887001 -0.240822  0.380257  0.273431 0.0762511 -0.113251 0.0959797  0.640626
point 47 492 633.211  180.21  0.519179  0.507675 -0.703061 -0.460226 -0.463372  0.674333 -0.472838  0.846917 -0.799419 -0.626691
point 48 494 503.369 137.613  0.405302 -0.133801 -0.281982  -1.02915  0.027343 -0.776176  0.567199  0.370354 -0.183229 -0.931301
point 49 496 416.883 191.526  -0.942113  -0.729632    0.62607   0.276827   0.921446 -0.0646943   -0.88799  -0.439775 -0.0410624    0.24734
point 50 499 360.532 210.445   0.875107   -0.47389   0.332361  -0.647617   0.110702 -0.0579039 -0.0889731  -0.259937   0.715554   0.265036
point 51 514 524.285 186.258  0.369722   -0.8122 -0.885003 -0.422633 -0.934907  -0.51728  0.629662  0.808098  0.106022   0.20837
point 52 524 281.566 203.599    -0.281577     0.731247     0.291954 -5.74525e-05     0.900339    -0.562142    -0.236017     0.123608     0.233365    -0.770619
point 53 527 521.185 228.367  0.826999  0.490901 -0.856016  0.986353 -0.557206 -0.461802 -0.116824  0.732901  0.638269  0.666479
point 54 529 595.423 202.926  0.483787 -0.364533 0.0925798 -0.343824  0.660365 -0.158518 -0.847281  0.768858 -0.164707 -0.353603
point 55 534 168.546 195.698  0.327027  0.421491 -0.297351 -0.987655 -0.173228 -0.146709   0.39515 -0.338296  -0.29719  0.148249
point 56 539  364.29 157.661  0.892024  0.112098 -0.946223 -0.661123  0.504459 -0.316839  0.920621 -0.697626  0.206723  0.254937
point 57 541 508.34 233.35  0.395353 -0.854189  0.846254 -0.295139 -0.666911  0.742441  0.794419 -0.556218  -1.00001  0.233795
point 58 544 319.544  210.71  -0.102983  -0.328072   0.647783  -0.113343  -0.734455   0.954322  -0.900736   0.364834  -0.428272 -0.0777205
point 59 557 67.2714 220.833  0.751003  0.201443  0.549405 -0.363248 -0.753263 -0.192327 -0.945807  0.575976 -0.221138 0.0418079
point 60 561 242.335 226.331 -0.945355  -0.28645   0.71429 -0.133157  -0.94534 -0.757013 -0.135539 -0.977307 -0.419829   0.71781
point 61 568 554.675 219.751 -0.980243 -0.606364   1.02454 -0.650675  0.398163  0.527788 -0.952222 -0.833003 -0.772215  0.111159
point 62 607 558.466 237.475   0.84794  0.376222 -0.294081 0.0907078 -0.369538 -0.366795 -0.367751  0.210241   0.89322  0.812844
point 63 610 516.309 156.926 -0.217788 -0.260454  0.764058  0.652429  0.451651  0.413112  0.666612 -0.647471  0.140365 -0.418165
point 64 613 386.095 35.3236  0.778579  0.897596  0.988875 -0.672953  -0.80287  0.140308 -0.230228 -0.379659 0.0722885  0.899947
point 65 614  235.03 181.582  0.500495  0.670123 -0.680612  -0.70476  0.923895 -0.306447  0.764608  0.103457  0.951705  0.155911
point 66 616 225.306 225.785   0.781677   0.526063   0.524943   0.429885  -0.973649  -0.056988 -0.0176511  -0.658845   0.240224 -0.0329268
point 67 631 461.959 228.241  -0.765546  0.0180252  -0.616509 -0.0423349   0.341008  -0.132404  -0.258639  0.0277567  0.0340559  -0.253625
point 68 662 349.931 174.806  0.309521 -0.256844 -0.316202 -0.839315 -0.258255  0.798093  0.491377    1.0439 -0.762752  0.683463
point 69 663 108.648 219.303   0.934607  -0.567531   0.895893 -0.0769493  -0.283642   0.149174   0.311232  -0.859059  -0.429169  -0.543102
point 70 677 14.7596  205.14    0.38852 -0.0775415  -0.274511   0.295331    0.21775   0.561886   0.133147  -0.097894  -0.173687   0.973237
point 71 689 481.961 111.182  0.826303 -0.496624 -0.524533 0.0199704  0.722022   0.16083 -0.716141 -0.281644  0.918104  0.861604
point 72 691 535.888 200.106    0.585456    0.944617    0.202962   -0.193023   -0.954068   0.0776282    0.247738   -0.432711   -0.934295 -0.00516282
point 73 705 212.004 238.414 -0.021199 -0.680677 -0.161465  0.567118 -0.978644  -0.27126  0.837443 -0.570711 -0.353063 -0.371788
point 74 725 376.215 206.656 -0.789451 -0.809773 -0.774339  -0.92326  0.319281  0.399436 -0.881577 -0.708918 -0.508327 -0.189578
point 75 726 443.729 193.183  0.914948  0.522162   0.58357 -0.710544  0.275614  0.575291 -0.762409 -0.882359 -0.909864 -0.891727
point 76 729 176.849 235.595 -0.368596  0.563323  0.393555  0.583287 -0.544765 -0.503229  0.750723 -0.945303 -0.133619 -0.516101
point 77 750 634.174 234.378  -0.36687 -0.466289  0.561025  0.289239  0.159205  0.590174 -0.661481  0.728652  0.713455 -0.197684
point 78 756 87.5981 146.077 -0.744211  0.266099 -0.853016  0.072954 -0.191101  0.246917 -0.478192  0.568542  0.226399  0.760222
point 79 798 361.141 131.999 -0.505441 -0.900865   0.95406  0.504034  0.455105  0.556323  0.651881  0.877498 -0.955875 -0.517678
point 80 800 366.473 133.768   0.528075  -0.943697  -0.563381    -0.1303   0.843081  -0.013748 0.00259708   0.746586   -0.44089  -0.427463
point 81 816 188.899  127.92  0.608457  -0.22619 -0.822097   0.43709  0.305491 -0.321368  -0.47613   1.02628  0.452492 -0.242329
point 82 819 611.457 211.928  -0.560384   0.455036  -0.729051   0.776586   0.980453  0.0172133   0.322157   0.747461   -0.47081 -0.0485328
point 83 832 306.265 188.941  0.633315  0.932648 -0.336175  0.663628  0.700082 -0.523819 -0.650832   0.78104  -0.80806 -0.865268
point 84 856 345.457  195.83  -0.0162489    0.690966    0.388477   -0.570038   -0.541549 0.000758143    0.566216    0.882576    0.224669   -0.564056
point 85 858 370.174 150.238   0.490075   0.205105  -0.153999 -0.0681006   0.771998   0.853181  -0.434885   0.171766  -0.722063  0.0257231
point 86 862 579.776 207.322  -0.791236  -0.290018  -0.770432  -0.220432     0.6099  -0.522721 -0.0676082   0.345627  -0.948633  0.0258906
point 87 876 485.336 169.716  0.466738 -0.634086  0.862808 -0.253462 0.0582608 -0.962015  -0.98742  0.348481  0.880985  0.275755
point 88 899 254.773 154.046 -0.488474 -0.484287  0.576168 -0.696072 -0.846557 -0.192592 -0.892897 -0.885061 -0.631878  0.228906
point 89 908 531.518 161.489  -0.98589 -0.966805   0.90714 -0.698076 -0.698456   0.99333  0.623357 -0.816926 -0.533919  0.244797
point 90 909 165.738 189.953 -0.301709  -0.67313 -0.253096  -0.40539  0.104719 0.0738172 -0.370678   0.13327 -0.410043 -0.132618
point 91 916 626.055 166.739  -0.372125   0.259202   0.250783  -0.356535  -0.682611  -0.514703   0.646527   0.307791   0.933328 0.00321294
point 92 934 154.306 99.4983  0.386806 -0.579543  0.762248  0.132111 -0.916077  -0.39467 -0.781309  0.856645  0.601268 0.0558779
point 93 936 598.054 163.626 0.0210504 -0.448269 -0.463658  -0.34194 -0.432981  0.959702 0.0698546 -0.751363    0.1457  0.149906
point 94 944 508.643 187.114   0.492419  -0.518814  -0.276154   -0.54418   0.651398 -0.0899864   0.180095   0.308031   0.506236  -0.590985
point 95 958 575.832 145.672 -0.509681 -0.847284 -0.808484 -0.197047  0.100145 -0.348568 -0.153681 -0.241052  0.421747  -0.91953
point 96 965 613.576 173.365   0.937704   0.604245   0.539559 -0.0236288  0.0581568  -0.502704   0.155818   0.605369   0.930236   0.262031
point 97 978 539.398 213.901  0.803284  0.679301  0.224702  0.943212 -0.848789  0.348758  0.137038   0.39394 -0.581031  0.383338
point 98 980 354.349 202.314   0.47447 -0.196221  0.560751 -0.505791  0.496039  0.400782 -0.892027 -0.245927  0.383849 -0.685433

