seq: 305
gt_pose:   2.9121 -4.84163  2.53069
odom_pose: 0.784838 -5.25385  2.35557
point 0 5 364.206  174.97 0.0326844  0.331666 0.0812944 -0.964187 -0.112484  0.841875  0.862885  0.416952 -0.427366  0.434765
point 1 6  593.19 104.157 -0.639452 -0.147777  0.769852  0.674112 -0.369045 -0.492165  0.740792 -0.313895  0.369132  0.942783
point 2 9 31.2484 124.768 -0.838387 -0.797282 0.0275805  0.525942   1.00363  0.827367  0.360761 -0.194544   0.47914 -0.233408
point 3 14 460.299 196.746 -0.799319 0.0988273  0.490071 -0.421928   1.02892  0.191665  0.752914  0.491347   0.22059 -0.977425
point 4 17 610.028 109.987  -0.436491   0.133583   0.412284  -0.810312 -0.0499541   0.179108   0.851661 -0.0870384  -0.297885   0.704186
point 5 23 273.856 82.5084   0.810259   0.782641 0.00567275   0.130065  -0.684812  -0.458668   0.714182  0.0163435 -0.0900866   0.712506
point 6 24 239.716 152.614   0.379167    0.48909   -0.72005   0.242511 -0.0616846   0.672564   0.472521  -0.642426  -0.514043  0.0338379
point 7 36 551.489 237.141  -0.19569  -0.28024  0.465891  0.630433  0.364202 -0.709013 -0.963547 -0.851276  0.417806 -0.674687
point 8 43 172.992 220.747 -0.984667  0.422529  0.182206  0.665699  0.180365 -0.132077 -0.061963  0.940354  -0.92657 -0.835576
point 9 44 582.614  187.09  -0.545778   0.277281   0.846919   0.442357 -0.0712076  -0.119511   0.713949   0.882429   0.852345   0.802974
point 10 53 610.268 213.059  0.742578   0.30084 -0.366782 -0.857616  0.517458  0.615491  0.374709  0.368567  0.788807 -0.400475
point 11 57 602.068 154.107  0.411176 -0.323363 -0.559972  0.507984 -0.483119  0.343129  -0.95364  0.724217  0.680827  0.221514
point 12 72 306.215 216.433 -0.798754 -0.307925  0.725663  0.264969  -0.83452  0.651449  0.502571 -0.182541 -0.299431 -0.203865
point 13 74 40.1213 194.332 -0.0649794 -0.0474011  -0.649955   0.692695  -0.760309  -0.414528  -0.597052  -0.994146   0.755396  -0.458271
point 14 78 378.152 211.005  -0.875224  -0.802704   0.643789   0.742849    1.02151  0.0182582  -0.420636    -0.6275  -0.321798 -0.0852094
point 15 81 62.0134 164.212   0.538998   0.255166  -0.825263 -0.0580223  -0.172692 -0.0455345   0.212525    0.63355   0.131154  -0.569688
point 16 89  628.09 234.502  0.596604 -0.617477 -0.392931 -0.296753  0.229985 -0.656365 -0.528601 -0.912884 -0.693945 -0.176477
point 17 109 411.741 230.701  -0.524042   0.889835  -0.779955  -0.388315   0.536956 -0.0067994   0.674181   0.608581   0.024042   0.233208
point 18 110 511.745  179.84  0.838697  0.988517 -0.586625 -0.356378 0.0838393 -0.729857 -0.525592  0.552523  0.717652  0.228755
point 19 113 556.161 214.008   0.014158  -0.602809    0.56963   -0.84162   0.574849  -0.361761  -0.924935    0.62752  -0.313665 -0.0802036
point 20 116 357.793 214.409  0.915655  0.563709  0.394085 -0.428875  0.539462 -0.105134  -0.33043  0.527173  0.304134  0.784278
point 21 119 527.241 177.041 -0.426354 -0.446737  0.779841 -0.322657  0.785193  0.477108  0.886367 -0.492414 -0.744632  0.412762
point 22 123 398.587 148.631  0.110373  -0.78744 -0.204919  0.339961  0.882613  0.720013  0.263732 -0.266513   0.33255  -0.56383
point 23 132 525.387 205.743   0.200746  -0.893056  -0.954619 -0.0439135  -0.729083   0.834297  -0.831488   0.249987   0.834882    0.66649
point 24 138 448.676 184.746 -0.399118 -0.725169 -0.407874 -0.598315 -0.499685   0.12506  0.517143 -0.785274  0.179027 -0.121576
point 25 139 59.2098 178.515  -0.221288  0.0893335   0.236882 -0.0884811   0.592751  -0.723294   0.334206   0.862608   0.119583  0.0613436
point 26 146 265.533 163.264   1.01422 -0.476292 -0.638374  0.169372 -0.632586 -0.147416   0.90254 -0.543178  0.106887 -0.745283
point 27 148 544.366 164.688  -0.113981  -0.301507  -0.161121   0.508452 -0.0598526  -0.224676  -0.991846    0.27789   0.970549  -0.681674
point 28 158 594.992 176.483  0.530606  0.404822  0.353882 -0.292098  -0.13066 -0.365334 -0.773146  0.167753  0.978886 -0.630924
point 29 159 487.817 212.492  0.200829  -1.00793  -0.92942 -0.172194 0.0109535   0.15841   1.00996 -0.339025 -0.444535 -0.759149
point 30 165  461.92 201.146  0.492869 -0.773688  0.442452  0.605585 -0.699429  0.610712 -0.591124  0.782941  0.340897 0.0156608
point 31 169 563.096 198.447   -0.60823   0.428727   0.775223  -0.304014 -0.0524283   0.473229   0.381269   0.450984  -0.683448  -0.523603
point 32 179 607.521 199.893 0.0129467 -0.790706  0.117741  0.829155  0.683105  0.317439  -0.31271 -0.836514 -0.233217  0.823899
point 33 183 51.3583 182.335   0.41335 0.0547075  0.149676 -0.111278 -0.482305 -0.082038 -0.522712  0.310941  0.769698  0.356543
point 34 184  414.68 200.244   -0.281106    0.495838   -0.368628 -0.00378872   -0.594096   -0.277101   0.0961316   -0.376155    -0.36696    0.312184
point 35 200 397.919 178.758  -0.402175  -0.738732   0.616608   0.370757   0.203683   0.547928 -0.0477935    0.94014   0.990583  -0.133994
point 36 227 37.9438 228.061  0.916883  0.157776 -0.389284    -1.023  0.586302  0.809376 -0.367485 -0.572622  0.160169  0.362379
point 37 234 143.332 70.1831  0.115176 -0.211021  0.638187  -0.33515  0.778736 -0.422273  0.369477  0.231867  0.208167  0.457329
point 38 242 243.223 94.8832  -0.762661 -0.0230176   0.135709   0.480416  -0.330664   0.626439   0.806472   -0.73613   0.434697   0.654603
point 39 247 78.1735 201.066  0.727242   0.50671  0.475174 -0.384489 0.0164565  0.799823  0.279336 -0.506953  -0.89757  0.782135
point 40 277 309.775 146.297 -0.510385 -0.798699  0.303937 -0.790484 -0.979313  0.229987  0.127609  0.477497  0.420192 -0.871014
point 41 292 156.774 212.552  -0.278741   0.146478  -0.230001   0.680004  -0.300808  0.0968784   0.552196 -0.0388198   0.587218   0.817992
point 42 294 18.7044 159.409 -0.0309225  0.0417201   0.142273   0.427833  -0.670493   0.962424  -0.386258   0.024949    0.66022   0.256729
point 43 296 540.374 111.442 0.0228784  -0.60679 -0.399583  0.300481 -0.239122  0.599805 -0.677646  0.972479 0.0533585 -0.396463
point 44 301 451.871 209.603 0.0912003 -0.482205 -0.994375  0.389088 -0.912705  -0.63176 -0.561513  0.501861 -0.723904  0.074679
point 45 309 263.374 213.335 -0.550791   0.93976 -0.998293  0.827009 -0.181002  0.196512  0.729995  0.567914 -0.263448  0.409305
point 46 315 638.673  215.17 -0.833985  -0.32701 -0.924533  0.131645 -0.385321  0.196571 -0.589848   0.80944 -0.743844  0.948824
point 47 326 142.821 128.158  0.463377 -0.509674  0.592253   0.19261 -0.930151 -0.331482 -0.459633 -0.650409  0.196493 -0.785937
point 48 334 311.249 216.095 -0.391197 -0.343626  0.973617 -0.723682  0.261767 -0.369934  0.097481 -0.858964   1.00244 -0.173473
point 49 356 17.4409  174.84  0.327868  0.385687 -0.689614  0.863136 -0.676657  0.557444 -0.401839 -0.781119  0.921851 -0.919416
point 50 359 309.398  112.46 -0.109418 -0.239391  0.607774 -0.512728  0.721956 0.0308127  0.205629  0.213429 -0.592435 -0.233765
point 51 364 381.423  210.45  0.105101  0.739828  0.627442 -0.641604  0.893432 -0.479745 -0.553873 -0.901264 0.0651623 -0.018419
point 52 367 529.028 153.183  -0.692824  -0.851691   0.928453  -0.454427  -0.482799   0.730455  -0.331479 -0.0236484  -0.582026  -0.789764
point 53 378 1.89314  180.85  0.389523 -0.402207  0.386615   0.37375 -0.195195  0.775668  0.572125 -0.530568 -0.572441  0.216348
point 54 382 291.685 154.374 -0.662227  0.828223   1.00105 -0.975424  0.127641  0.523419  0.586947 -0.252577  0.252834 -0.213085
point 55 398 545.934 216.732  -0.82036  0.932653  -0.70664  0.410286 -0.991971  0.586995   0.66978  0.922835  0.270506 -0.701727
point 56 409 183.196  200.74 -0.440245  0.884326  0.255283  0.730545   0.12149  0.573087  0.667166  0.192333  0.291956  0.934844
point 57 415 105.684 184.577 -0.572858  0.716722  -0.90434 -0.245953  0.071325  -0.63549  -0.22222  0.907088 -0.618145  0.870228
point 58 422 162.396 197.741    0.021746    0.525001    0.495856    0.412192     1.00315     0.95935 -0.00332664   -0.896306    0.453779    0.770333
point 59 425 408.754  239.95 -0.404841 -0.355567  0.333641 -0.432709 -0.604175 -0.620398 -0.148324 -0.952461  0.879741  0.820373
point 60 455 105.468 205.399   0.264094   0.270971   0.288419 -0.0733845  -0.748739   0.893935  -0.766308   0.226985  0.0478414   0.637735
point 61 459 100.783 210.968  -0.045318    -0.5064  -0.264553 -0.0509172 -0.0218751  -0.811405  -0.766731  -0.958194  -0.966662  -0.805189
point 62 469 572.226 121.578 -0.0607754  -0.855805   0.906503   0.998371  -0.154686   -0.49546  -0.771919   0.778606   0.201096  -0.937286
point 63 470 304.007 237.306   0.449899 -0.0269179  -0.571447   0.910784  -0.326035   0.929995  -0.371233   0.193301    0.41714   0.781782
point 64 472 337.206 209.165  -0.894396 -0.0923451   0.646253  -0.197038   0.863594  0.0543955   0.758526  -0.728897 -0.0400554  -0.609098
point 65 475 326.186 221.642  -0.975423  0.0736454  0.0690979   0.599698  -0.341636  -0.307397 -0.0533918  0.0233113  -0.717174  -0.277763
point 66 479 94.9543 204.209     0.666909    -0.662646       0.4552     0.532129    -0.562725     0.398223     0.857372     0.491142     0.950486 -3.62687e-05
point 67 492 275.277 110.599  0.478235  0.530664 -0.706541 -0.376134 -0.491668  0.724091 -0.552509  0.804957 -0.785295 -0.567757
point 68 497  181.56 202.602   0.574773  -0.462686   0.676023  -0.201163  -0.646178   -0.17155  -0.534534   0.236597  -0.726463 -0.0663922
point 69 508 297.513 102.618  0.651005  0.570179 -0.236471 -0.160642  -0.80276  0.808014 -0.784612   0.25213 -0.712719 -0.810337
point 70 519 521.047 135.471  0.377065  0.397281  0.598324  0.117969  0.753501 -0.848181 -0.852471  0.844394 -0.307842  0.489587
point 71 522 86.1007 181.896    0.19125   0.769852   0.186785  -0.216077   0.418177    0.91794 -0.0720645  -0.159323   0.308074  -0.197332
point 72 529 331.021 189.228  0.495825  -0.40016 0.0272416 -0.354803  0.655682 -0.157259 -0.895807  0.781708 -0.205553   -0.3444
point 73 546 26.8919 171.086 -0.496252  -0.44754 -0.612796  0.937039  0.180329  0.264497 -0.327453 -0.150513 -0.863019 -0.078671
point 74 560 56.8341 51.6194  0.933307  0.489127  0.520472    0.7828  0.271899  0.421907 -0.697453 0.0134208 -0.487839  0.366999
point 75 568 362.214 214.024   -1.0154 -0.671966   1.00699 -0.689934  0.367082   0.51262 -0.991132 -0.834662 -0.728364  0.132766
point 76 573 583.704 138.982  0.866422 -0.277995  0.202862 -0.494647 -0.280519  0.074333 -0.720456   -1.0219  -0.33546  0.656011
point 77 591 506.698 208.476     1.0016  -0.647633   0.637345   0.119223  -0.401962  -0.220122   0.903977   0.242612 -0.0249545  -0.553406
point 78 597 231.326 111.423  -0.745233   0.667061   0.853252 -0.0483604  -0.350997   0.576728   0.823794   0.910294   0.407379   -0.28255
point 79 603 635.738 183.077    1.0327  0.570997   0.75682  0.307131 -0.813007  0.395248 -0.857979  0.790496 -0.545994  0.696453
point 80 617 423.077 173.538 0.0329984 -0.844821  0.241625  0.105082 -0.490926 -0.969058 -0.242855  0.267212 -0.769925 -0.649791
point 81 639 604.589 75.4306  -0.789388    0.77602   -0.37658  -0.321186   0.746354   0.648244 -0.0115138  -0.835264   0.130372  -0.653203
point 82 642 184.582 166.267  0.750852 -0.129233  0.309338  0.616443  0.609579 -0.724296  0.410215  0.468379  0.739484 -0.464652
point 83 655  559.85 223.978 -0.147789  0.676988  0.455673 -0.603125 -0.586543 -0.454369 -0.943996 -0.687474 -0.848988  0.846657
point 84 658 542.518 226.266   0.390874   0.119835 -0.0761624  -0.263739   0.215938    1.02252   0.619349   0.604343  -0.829538   0.532914
point 85 661 424.578 174.692   0.25243 -0.547269  0.399532  0.361856  0.103749 0.0864826  -0.91134 -0.790667  0.209804   0.40541
point 86 667 541.063 182.484 -0.961975 -0.603149 -0.215656 -0.553348  0.789399 -0.766463 -0.521755  0.726992  0.568484  0.435946
point 87 676 90.8845 231.538  0.370814  0.474801  0.865795  0.252113  -0.43649  0.703959  0.457602 -0.964779   0.37817 -0.944649
point 88 695 374.405 208.097  0.711362 -0.257413  0.309256 -0.421583  0.426879 -0.032804   0.93504 0.0614933  0.530217  0.859866
point 89 734 26.4378 214.586    0.95991  -0.624816 -0.0416149   0.297713  -0.444133  -0.862275 -0.0831188  -0.359712  -0.115856   -0.87104
point 90 738 2.20676 228.667   0.26834 -0.894815  0.701796 -0.599227 -0.575543 -0.417224 -0.517095  0.158017  0.676765 0.0696244
point 91 751  141.3 206.23  -0.284755  0.0601283  -0.454295   0.899031  -0.623621 -0.0676139  0.0841097  -0.908809   0.202342    -0.4215
point 92 752  431.98 174.015  0.827849  0.774067 -0.482177 -0.234906 -0.203087 0.0864771  0.327636 -0.688414 -0.674405 -0.479585
point 93 755 244.871 237.829   0.133729   0.121505 -0.0810769   0.817093   0.449035  -0.524962   0.339897   -0.33449  -0.446452   0.513274
point 94 766 61.6747 194.405 -0.960783  0.393782  0.156712 -0.520679 -0.157313   0.19966 0.0556479 -0.852774  0.438368 0.0118654
point 95 774 207.913 223.527   0.33863 -0.034456   -0.1404  0.676172 -0.206368 -0.386801  0.113912  0.191585  0.127965 -0.295452
point 96 776   378.2 158.596    0.94975 -0.0780364  -0.154625  -0.559247   0.675616  -0.903044   0.368193  -0.431823   0.797206  -0.761825
point 97 777 518.664 188.215 -0.614824  0.685322 -0.251314 -0.507898  0.592511 -0.288701 -0.290354  0.545731 0.0166073  0.125703
point 98 784 72.7283  180.91  -0.324101 -0.0725132   0.874971  -0.297001   0.828629  -0.513524  -0.821383   0.823784   -0.25408  -0.336121
point 99 794 409.174 209.844 -0.443222  0.427239 -0.316561 -0.614303 0.0490475   0.61518  0.500298 -0.446415  0.150796  0.467171
point 100 797 424.501 180.698  -0.709054  -0.712224   0.681858  0.0704887  -0.245555  -0.551284 -0.0385295   0.566539 -0.0626802   -0.28389
point 101 815 623.627 54.3535  0.119368 -0.250164  0.973955 -0.303208   0.72079  0.660955 -0.384735 -0.647645  0.809044  0.924058
point 102 819 309.185 188.644 -0.494711  0.456998 -0.762805  0.759175  0.954939 0.0277539  0.291937  0.754552 -0.382065 -0.126918
point 103 821 580.322 110.486  0.415729  0.316437 -0.667376 -0.903747  0.887524 -0.190973   0.47391 -0.777777 -0.455897  0.405638
point 104 825 161.307 181.901   0.387344    0.69687   0.988865   -0.31524   0.440883 0.00158551 -0.0651149  -0.447363  -0.247173  -0.431731
point 105 841 399.302 174.866  0.174028  0.879971 -0.889614  0.968773 -0.358295 0.0767213 -0.255455 -0.226918  0.256697  0.525481
point 106 843 471.167 161.995 -0.432772 -0.186172 -0.109071  0.470727   0.10414 -0.942096   0.41495  0.231857  0.967128  0.946808
point 107 861 266.592 186.323    0.134519    0.617238    0.850297   -0.144047   -0.522216    0.233482   0.0538406    0.182731 -0.00554546   -0.440301
point 108 862 343.882 205.231 -0.839132  -0.32415 -0.683869 -0.169829  0.627145 -0.493176 -0.118592   0.36949 -0.918609 0.0113425
point 109 867 611.188 205.152   0.991883  0.0886809  0.0883009   0.630987  -0.402955 -0.0132423  -0.763741  -0.344608   0.636138 -0.0207005
point 110 878 538.597 234.518  -0.915268 -0.0105864  -0.913917  0.0790192 -0.0162854   0.445655   0.334383  -0.173291  -0.725879  -0.533156
point 111 884 101.188 215.684  0.478643 -0.102377 -0.461604 -0.695986 -0.699103 0.0392355 -0.774905 -0.378772 -0.321488  0.686664
point 112 887 191.633 214.129  0.579491 -0.787984 -0.770479 -0.647675 -0.880396 -0.913755 -0.332082 0.0453179 0.0422574  -0.74409
point 113 905 629.839 159.242 -0.987433  0.111182  0.447557 -0.406858  0.646376  0.308995 -0.834996  0.624978  0.097686  0.123608
point 114 908 369.897 167.518  -1.01793 -0.918167  0.917527 -0.679103 -0.731304  0.955067  0.628039 -0.805307 -0.578865  0.262385
point 115 910 607.544 195.401 -0.919258  0.655015  0.483075 -0.049585  0.648589  0.501952  0.071267  0.559881  0.745511  0.407172
point 116 927 488.332 197.302 -0.0695128   0.873318   0.555334   0.367258  -0.857876   0.376557  -0.052824  -0.401571   0.763998   0.968626
point 117 936 328.995 135.795 0.0420599 -0.368307 -0.418504  -0.32309 -0.452551  0.942905   0.11338 -0.719725 0.0682232  0.086819
point 118 941 110.089 201.528  -0.13451 -0.175325 -0.791501 -0.920931  0.488628 -0.261588 -0.682566   0.01119 -0.356952  0.546232
point 119 942 419.857 221.593 -0.781275 -0.289917  0.621928 -0.468672  0.189239 -0.238431 -0.723044 -0.979753   0.97825   0.38178
point 120 954 50.7213 209.977  0.557487 -0.292122  0.701038 -0.678051  0.161944  0.421078  0.360308  0.692678 -0.889246  0.049285
point 121 965 320.634 161.452   0.903123   0.571201   0.526288 -0.0787303 -0.0308893  -0.507662     0.1535   0.651816    0.95216   0.222621
point 122 977 46.8013 78.4916  -0.475867 -0.0392232   0.600254  -0.771663  -0.697686   0.813182   0.714719   0.954119    -0.1861   0.473132
point 123 979  515.72 172.649 0.0051054   0.48454 -0.120691  0.414964  0.191741  0.346407 -0.538862 -0.126089  0.649332  -0.27074
point 124 989 581.581 237.736  -0.693408   0.279614   0.514828  -0.559194 -0.0646034  -0.518502  -0.181727   0.501858   0.550701  -0.547321

