seq: 177
gt_pose:  -2.29213   3.32833 -0.370243
odom_pose:  -2.28122   2.35013 -0.250127
point 0 5 482.202 200.852 0.0259681  0.369078  0.103418 -0.970052 -0.100893  0.836779  0.865505  0.448799 -0.476052  0.457342
point 1 7 255.939 169.366  -0.0880509    0.851594   -0.236906    0.648795    0.354276      0.8562 -0.00533442   -0.607963    0.864627    0.835446
point 2 14  413.63 212.833 -0.770181  0.073538  0.551829 -0.374225  0.947699  0.107476   0.73349  0.516391  0.227489 -0.970987
point 3 21 246.184 198.611  0.601104 -0.402675 -0.298914 -0.580724  0.990681 -0.977209  0.617665 -0.361202  -0.65107 -0.158762
point 4 24 563.692 189.751   0.374469   0.410458  -0.699985   0.228551 0.00946179   0.634005   0.455093  -0.639282  -0.587944  0.0177626
point 5 31 337.035 206.985  -0.341937   0.826111 -0.0641969  -0.623627   0.235307  0.0473706   0.278117   0.236503  -0.566039   0.619552
point 6 36  268.12 236.913 -0.246301 -0.309474  0.468236  0.647876  0.311616 -0.691792 -0.924498 -0.904004   0.39974 -0.592522
point 7 37 213.091  227.51  -1.01063  -1.00417  -0.35192 -0.517841  0.267478  0.727331 -0.670922  -0.30396  0.301204  0.742899
point 8 39 122.015 104.376   -0.54972   0.819167  0.0864298   0.883516 -0.0584386   0.154529   0.840811   0.642305    0.67178   0.168196
point 9 53  219.82 213.664  0.731636  0.339208 -0.321616 -0.866213  0.573269  0.608071  0.383334  0.363426   0.82866 -0.409917
point 10 63 292.291 82.2752  0.182812 -0.782643 -0.838858 -0.274576 -0.759665  0.325109 -0.739431  0.744544  0.133584   -0.5301
point 11 68 308.122 239.319  0.175683  0.346409 -0.976859  0.463493  0.168816 -0.755062 -0.761123 -0.626248  0.514771  0.733059
point 12 72 621.141 204.086 -0.787472 -0.385677   0.77916  0.171776   -0.7453  0.641725  0.507424  -0.22019 -0.286677 -0.233251
point 13 77 200.063 233.135 0.0787422 -0.976756 -0.476955 -0.571664  0.417728 -0.109707 -0.526852  0.318812 -0.526414 -0.282239
point 14 78 481.745 211.419 -0.888255 -0.808026   0.59055  0.783026  0.978223 0.0337651 -0.389502 -0.633798 -0.258307 -0.170131
point 15 89 200.805 234.648  0.576889 -0.662331 -0.384857 -0.341261  0.266744 -0.674854  -0.54209 -0.901931 -0.730373 -0.164089
point 16 92 568.416  182.73    0.150263    0.791726 -0.00816059    0.956502    0.342457    0.332154    0.934924    0.582778   -0.214899  -0.0186956
point 17 106 164.332 235.952 -0.254888  0.945545 0.0700799 -0.145266  0.477138  0.118041 -0.165603 -0.938181  0.512324 -0.118768
point 18 109 437.592 227.061  -0.440826    0.85103  -0.801689   -0.46539   0.504034  -0.085824   0.682509    0.63571 -0.0182922   0.275227
point 19 110 348.608 189.377    0.8296  0.941156 -0.614327 -0.330795 0.0303443 -0.731973 -0.591472  0.555122  0.738418  0.264143
point 20 111 480.438 218.899  0.0346666    1.00644  -0.927042  -0.916065 -0.0893968  -0.311695   0.978608  0.0513589   0.256239   0.441509
point 21 113 298.937 217.188 -0.0750539  -0.551948   0.599379  -0.862427   0.540691   -0.38061  -0.859321   0.670353  -0.244052 -0.0794486
point 22 123 458.457 160.164  0.140391 -0.846735 -0.234152  0.382704   0.86252  0.696312  0.199963 -0.183904  0.395003 -0.586709
point 23 132 315.766 206.568   0.261996  -0.882405   -0.93432 -0.0411138  -0.713513   0.846823  -0.784053   0.283913   0.904191   0.692779
point 24 146 627.577 155.496  0.946727 -0.569448 -0.707532  0.143983 -0.628553 -0.107042  0.971356 -0.477484  0.104168 -0.712314
point 25 148 297.575 167.927 -0.0725323  -0.213847  -0.156182   0.530828 -0.0480008  -0.200107  -0.934077   0.274166   0.923885  -0.617243
point 26 156 326.964 192.374  0.276679  0.526844 -0.672893  0.410627 -0.874595   0.95389  0.122072 -0.687673 -0.888685  -0.12495
point 27 157 129.516 237.694 0.0118485  0.178752  0.617707  0.513377 -0.730215  -1.00194  0.271145  0.595586 -0.685438  0.487456
point 28 158 246.245 180.495  0.449901   0.45672  0.307955 -0.367017 -0.151272 -0.441337 -0.762373   0.15093   1.00904 -0.651849
point 29 159 349.602 210.884  0.250248 -0.994498 -0.920793 -0.145882 0.0279575 0.0993882   0.92874  -0.30592  -0.42377 -0.713983
point 30 165 380.745  198.62   0.511384  -0.746849   0.473425   0.563648  -0.712075   0.637749  -0.651725   0.800023   0.422148 -0.0497649
point 31 175 411.874 121.437 -0.363755  0.515548  0.309949 -0.636076  0.679235   0.66857  0.881132  0.962417  0.536931 0.0848772
point 32 176 353.683 207.597 -0.713874  0.882374 -0.134897  -0.08677  0.381101 -0.414149  -0.91933  0.261306  0.698782    0.1385
point 33 191 13.2044 215.305  -0.883769   -0.87083  -0.882368   0.741153 -0.0262369  -0.977423  -0.348708  0.0426823  -0.800275   0.654017
point 34 200 459.273 179.469  -0.420904  -0.771675   0.707174   0.354918   0.195681   0.518821 -0.0638539   0.869713     1.0184 -0.0668518
point 35 216 528.509 176.872 -0.688147 -0.928287  0.878457 -0.770648 -0.556173 -0.882791 -0.321583 -0.206308  0.025215   0.81208
point 36 226 19.2782 7.30123 -0.0117638   0.459181   0.535747   0.588206   0.960366    0.51565  -0.956418  -0.790093 -0.0743501   0.465435
point 37 233 475.666 175.919 -0.125006 -0.497497  0.194705  0.317828  0.375929 -0.233911 -0.888222  0.194561 -0.910081  0.388874
point 38 240  301.01 176.907 -0.536405 -0.599528  0.580145  0.780407  0.792586  0.740505 -0.522297 -0.762441 -0.979688  0.634784
point 39 242 546.518 168.545  -0.828205 -0.0133234   0.184509   0.444447  -0.384173   0.638331   0.814998  -0.738106   0.435551   0.665068
point 40 245 502.136 173.949 -0.606989  -0.42275  0.409994 -0.693891 -0.539845  0.368333  0.883757  -0.60947  0.237221  0.815923
point 41 251 456.254 220.086    0.03129  -0.563633   0.169294  -0.794056  -0.417082 -0.0667996   -0.48215   0.186568  -0.158682   0.313623
point 42 262  516.45 160.527 0.0471711  0.309254 -0.324338 -0.603107  0.973795   1.00861 -0.924908 -0.390838  0.423457 -0.431686
point 43 277 525.216  178.84 -0.562134 -0.867777  0.261842 -0.836429 -0.933125  0.167304  0.132265  0.487148  0.379303 -0.895611
point 44 301 415.131 218.612 0.0868918 -0.466025  -0.96738  0.447543 -0.937393 -0.691706 -0.595554  0.463189 -0.752812 0.0745297
point 45 303 375.618 201.392   0.131743  -0.794358  -0.554661  -0.907568 -0.0707314   0.540776  -0.422162  -0.103152 -0.0111042  -0.408796
point 46 304 229.293  160.99  0.495377 -0.539869 -0.400105 -0.372096  0.945083 -0.223169  0.738812  0.543732 -0.519993 -0.461988
point 47 310 102.252 171.669  0.540841  0.214328 -0.603129 -0.787278  0.653416 -0.197106 -0.899438  -0.38631   0.83146 -0.632642
point 48 320 136.619 230.357  -0.104186    0.62602   0.938808 -0.0307053   0.628109    0.18534  0.0275735 0.00274857   0.146979   0.304605
point 49 326 603.539 184.931  0.476572 -0.515981  0.567383  0.214574 -0.982096 -0.343821  -0.39011 -0.603865  0.285107 -0.807254
point 50 334 620.763  201.57 -0.390414 -0.317152  0.926363 -0.743957  0.272275 -0.325666  0.161244 -0.814934   1.01115 -0.129401
point 51 352 529.929 193.835  0.526603  0.360155  0.430661 -0.763548  0.616973  0.688464 -0.587941  0.591156  -0.16927  0.784392
point 52 359 519.549 164.098 -0.0836702  -0.201098   0.652936  -0.511851   0.682213  0.0240295   0.194167   0.143208  -0.552674  -0.256612
point 53 364 475.086 215.157    0.113563    0.780371    0.631069   -0.580397    0.913702    -0.46561   -0.548398   -0.917232    0.123326 -0.00423111
point 54 367 336.169 169.456   -0.66472   -0.85478   0.856526  -0.448256  -0.514261   0.640023  -0.385561 -0.0831792  -0.517782  -0.818749
point 55 387 404.621 167.605   0.663763  -0.724917   0.511028   0.968826  -0.790674  -0.181591 0.00907543  -0.967424   0.647544   0.687507
point 56 411 73.7203 230.298   0.468218    0.90558   0.814177   0.990353   0.372813  -0.563432   0.871477  -0.258263  -0.807855 -0.0538663
point 57 425 449.045  239.96 -0.440334 -0.381166  0.355311 -0.465677 -0.531543 -0.654556 -0.111859 -0.903448  0.903315  0.855151
point 58 454 264.931 167.671 -0.943163  0.992823  0.688962 -0.477078  0.611016  0.690834   0.81132 -0.590769  0.423643   0.34629
point 59 458 61.0733 186.378 -0.831947  0.244425 -0.762372  0.310128   0.56846  0.455594  0.776529 0.0711775  0.941697  -0.60359
point 60 470 519.772 238.482   0.448026 -0.0894286  -0.584264   0.934027   -0.27531   0.891325  -0.405231   0.195273   0.402507   0.716414
point 61 472 567.812 192.512  -0.933261 -0.0734606   0.674442  -0.183214   0.924914  0.0458435   0.756021  -0.711357 -0.0150106  -0.614233
point 62 475 508.492 228.973  -0.963378   0.123714  0.0301593    0.56759  -0.273873  -0.403171  -0.120381 -0.0206255  -0.734237   -0.32532
point 63 491 383.373 189.278 -0.783689  0.872997 -0.335745  0.577151 -0.435984 -0.178691  0.510712 -0.309215 -0.244846  0.727807
point 64 495 303.181 128.832   0.220659   0.692331  -0.161883   0.419381  -0.464174  -0.642757   0.978049  -0.589156 -0.0294006  0.0744675
point 65 499 210.523 74.2763   0.92148 -0.403734  0.412985 -0.639447  0.118883 -0.061347 -0.101433 -0.218992   0.67744  0.307749
point 66 506 300.991 196.084  0.0535335   0.267605 -0.0259096  -0.558519  -0.923572  -0.637518  -0.648364  -0.553514   0.773556   0.537142
point 67 514 607.226 121.583  0.415028 -0.817974  -0.88858 -0.455062 -0.932748 -0.559347  0.569137  0.853879  0.153616  0.147472
point 68 517 66.2771 183.802  -0.343824 -0.0309744  -0.792739   -0.46477    0.39822   0.175159  -0.043577  -0.806171   0.680173  -0.514832
point 69 529 523.462  197.64  0.495257 -0.349436 0.0459544 -0.316133  0.671746 -0.171056 -0.813592  0.803769 -0.124951  -0.34833
point 70 541 540.753 226.811  0.337134  -0.81415  0.802912 -0.288289 -0.597129  0.695651  0.785555 -0.636276 -0.983232   0.22879
point 71 568 500.018 214.303 -0.998006 -0.648325   1.01081 -0.697421  0.372136  0.565101 -0.921034 -0.871707 -0.783997  0.123096
point 72 578 269.085 190.131 -0.0553499  -0.183305  -0.320092   0.211568  -0.752301   0.529759  0.0655956  -0.958447  -0.104998   0.145901
point 73 591 294.483 198.496  0.958257 -0.636405  0.650186 0.0732248 -0.472373  -0.24492  0.973922  0.248355  0.046676 -0.567426
point 74 596 308.089 149.022 0.00672336  -0.538874   0.460132   0.168634 -0.0943398  -0.389219   0.687947    0.12382   0.619089   0.920203
point 75 597 544.453 182.554 -0.736392  0.747434  0.865358 -0.102991 -0.346563  0.507342  0.821755  0.924993  0.438715 -0.309937
point 76 599  222.96 176.139  -0.372717   0.265842   0.659484    0.17132  0.0880782   0.962168  -0.149199 -0.0770266  -0.155679   0.512456
point 77 603 215.558 189.453   1.02844  0.553957  0.691075  0.259378 -0.759674  0.380877 -0.891213  0.804204 -0.581601  0.625275
point 78 607 631.309 235.125  0.832642  0.372472 -0.361759  0.144961 -0.429498 -0.415995 -0.374363  0.202406  0.980272  0.742659
point 79 610 580.894 61.7304 -0.166233 -0.186565  0.767961  0.715151  0.441077   0.46336   0.63321 -0.568123  0.145972 -0.456116
point 80 617  420.16 149.349 0.0179649   -0.8543  0.260938  0.153633 -0.532136 -0.940115 -0.162472  0.342666 -0.855405  -0.65222
point 81 622 231.051 70.4232  -0.392456  -0.988875   0.471572 -0.0359559   -1.01058  0.0404338   0.625913   0.857038  -0.173547  -0.703261
point 82 627 163.694 171.468 0.0468173  0.936918 -0.579537 -0.576307 -0.775551   0.34146 -0.783807 0.0771056  0.288662  0.584893
point 83 628 90.6053 213.798 -0.708606 -0.122968   0.15095 -0.342716 -0.219697  0.915882  0.577096 -0.413584  0.515657  0.813634
point 84 644 418.258 127.632  -0.516195 -0.0984894  -0.545261 -0.0344376  -0.155067  -0.746297   0.878765  -0.866383    0.90905   0.465867
point 85 655 299.436 226.303 -0.151275  0.655759  0.475732 -0.638622  -0.60405 -0.462659 -0.947039 -0.730891  -0.87123  0.801464
point 86 658 291.082 226.149   0.344352  0.0858383 -0.0559418  -0.308495   0.171474   0.966541   0.613639   0.625815  -0.796238   0.503887
point 87 661 430.774 179.642  0.338543 -0.490899  0.454727  0.413714 0.0619596  0.136873  -0.92247 -0.699807  0.223686  0.387908
point 88 669 28.8293 229.992   0.521076   0.664245  -0.731956  -0.461526   0.199729  -0.648562 -0.0233004   0.919898  -0.223104  -0.342429
point 89 678 13.8736 133.019  -0.813365  -0.871451  -0.334249  -0.433852  0.0157281  -0.981781  -0.918374 -0.0984979    0.30968  -0.289344
point 90 691 546.829 172.551  0.532566   1.02461  0.257183 -0.200602 -0.911761  0.131257  0.291403  -0.36655 -0.895461 0.0660711
point 91 695 476.199 219.581   0.694392  -0.196123   0.355648  -0.434945   0.436484 -0.0672821   0.877378  0.0150947   0.514832   0.833157
point 92 704 87.5379 196.233 -0.378225  0.148134  0.389394 -0.183656 -0.463979  0.876927  0.577321 -0.950975 -0.467214  0.684663
point 93 726 565.048 50.9808  0.947681  0.551462  0.543327 -0.723591  0.297335  0.577355 -0.821827 -0.916973 -0.841638 -0.812311
point 94 751 625.142 221.016   -0.363592   0.0246759   -0.401243    0.866586   -0.572437 -0.00495607    0.117187   -0.915286    0.218601   -0.403807
point 95 752 418.124 170.763  0.794663  0.831364 -0.474178 -0.155597 -0.188128  0.129167  0.370137 -0.601363 -0.676245 -0.440161
point 96 776 482.528 156.915   0.913398 -0.0930796  -0.144312  -0.574949   0.714854   -0.85398   0.351074  -0.379822   0.829226  -0.816481
point 97 794  448.06 214.354 -0.374405  0.481903 -0.356274 -0.637327 0.0437059  0.682181  0.471867 -0.502712  0.135945  0.515774
point 98 797 440.492  204.62  -0.708664  -0.646571   0.717045  0.0734682  -0.194421  -0.543115 -0.0640516    0.54449 -0.0991643  -0.272147
point 99 805 379.03 93.522  0.340114  0.733578  0.541085 -0.139567  -0.88037  0.771251 -0.202248   0.88548 -0.792041  0.204174
point 100 806 260.386  237.67   0.836798 -0.0285853  -0.573981   0.104552  -0.646766  -0.310019   0.360487  -0.382475  0.0554553 -0.0625626
point 101 819 516.948 210.799  -0.574326   0.453589  -0.739095    0.76728    0.93248 -0.0494261   0.255659   0.804828  -0.402111 -0.0622362
point 102 841 457.719 179.758  0.186465  0.865042 -0.869531  0.908023 -0.424351 0.0534014 -0.264979  -0.20301  0.225798  0.466538
point 103 843 385.308 171.844  -0.396745  -0.137643 -0.0904617   0.504954    0.13985  -0.946929    0.39406   0.174301    1.01216    1.03532
point 104 854 160.896 168.916   0.664696   0.092073   0.424579  -0.778269  -0.102852   0.960808 -0.0356832 -0.0904541    0.20897    0.92399
point 105 862 534.502 198.185   -0.80554  -0.290634  -0.741697  -0.216154   0.599911   -0.51706 -0.0882361   0.332732  -0.918585   0.010799
point 106 868  116.21 205.272   0.662291  -0.366124  -0.913787 -0.0596477  -0.638741  -0.391017   0.886029  -0.895603 0.00187225   0.537373
point 107 876 466.596   117.4  0.419183 -0.664116  0.899262 -0.252081 0.0741278  -1.01675 -0.976695  0.332362  0.931371  0.299908
point 108 878 279.202 233.912   -0.945542   0.0234138   -0.965132 -0.00282182  -0.0662898    0.500469    0.373233   -0.107211   -0.697585   -0.597255
point 109 880 442.127 175.115 -0.584042 -0.522009 -0.223415  0.678039  0.558595 -0.221866 -0.346014  0.558134  0.765373  0.691922
point 110 881 334.489 183.317  0.333083  0.610864  0.408733  0.576333  0.391429 -0.824272  0.181079 -0.736726 -0.403062 -0.597188
point 111 883 427.482 208.532  -0.234095  -0.264121  -0.694486    1.00237   0.256855   0.633633   0.596665  -0.289338   0.214818 -0.0244452
point 112 887 608.873 223.686   0.55664 -0.774708 -0.807073 -0.724433 -0.878165 -0.891601 -0.320253 0.0417032 0.0855069 -0.761108
point 113 908  513.86 119.475  -0.99603 -0.929501  0.925822 -0.668322 -0.693887   1.02845  0.550841 -0.768451 -0.535498  0.281832
point 114 927 363.402 200.784   -0.0806763     0.846826     0.543314      0.41288    -0.920491     0.383829 -0.000421095    -0.345494     0.729411      0.89389
point 115 929 348.617 180.472 -0.855937 -0.288535 -0.258087   0.22367  0.240716   0.71278 0.0610323 -0.212208  0.134852  0.156333
point 116 936 525.374 153.109 0.00885727  -0.426707  -0.416448  -0.347997  -0.500169   0.882378   0.061852   -0.74454   0.144552  0.0786579
point 117 937 269.319 224.034 -0.534451 -0.569545 -0.539935 0.0360237  0.543664 -0.243426  0.180026 -0.243066 -0.297023  0.488375
point 118 942 437.816 224.526 -0.753151 -0.282832  0.656575 -0.520897  0.221935 -0.222314 -0.673045 -0.933438  0.999683  0.451483
point 119 944 526.096  140.85   0.570896  -0.462876  -0.323696  -0.572408   0.662532 -0.0787775   0.125822   0.314556   0.458145  -0.648888
point 120 958 632.598 72.6513 -0.456566 -0.885459 -0.814563 -0.178067  0.084107 -0.373994 -0.207019 -0.225289  0.460631 -0.896672
point 121 965 546.202 163.392   0.943429   0.585581   0.531266 -0.0451935  0.0132869  -0.451837  0.0837652   0.601849   0.931664   0.264941
point 122 967 339.148 145.971   0.254698 -0.0909096   0.431436   0.999778   0.131139   0.356903   0.522169  -0.391108  -0.760804  -0.419915
point 123 968 217.221  148.22  0.0782904   -0.34714  0.0510312 -0.0232802   0.958394  -0.167783  -0.759571 -0.0821446   -0.64342  -0.940598
point 124 972 60.7235 134.665   -0.67502  -0.533818   0.927148 -0.0333022   -1.02514  -0.543602  -0.782618  -0.328208  -0.660812   0.732019
point 125 978 596.595 189.226  0.801272  0.702455  0.236465  0.954487  -0.78834  0.421257  0.127499  0.472832 -0.632164  0.414986
point 126 979 311.225 166.556 0.0518992  0.485036 -0.121325  0.484003  0.217523  0.362102 -0.533907  -0.12904   0.64075 -0.317848
point 127 997 239.599 233.627   0.963758  -0.951875 -0.0236939   0.851602  -0.413901  0.0416383   0.620395  -0.831204   -0.28232   0.598801

