seq: 58
gt_pose:  0.25108  5.18091 -1.93895
odom_pose: 0.847506  5.07057 -1.90878
point 0 4 564.446 167.849  -0.29012 -0.863681   -1.0019 -0.127193 -0.846123 -0.508754  0.956018  0.779185  0.676314 -0.473342
point 1 17  90.949 141.244  -0.471923   0.125605   0.465537  -0.816721 -0.0216575   0.210074   0.898601  -0.144383  -0.307715    0.69515
point 2 27 522.886 185.376 -0.0471706  -0.641554   0.726435   0.225104 0.00702616  -0.620236  0.0759198  -0.184426   0.677835  -0.211222
point 3 30  498.91 170.876   -0.69966  -0.916933  -0.935178 -0.0395827   0.549191   0.419815  -0.105207  -0.809574   0.139705   0.191417
point 4 31 221.024 203.658 -0.395899  0.755871 -0.029293 -0.687829  0.204601 0.0544076  0.285375    0.2375 -0.525992  0.676723
point 5 57 139.637 204.895  0.401261 -0.299545 -0.559944  0.523667 -0.525332  0.399753 -0.948318  0.659489  0.750603  0.188809
point 6 58 502.182 233.282  0.715245 -0.466863  -0.47021 -0.826307 0.0564671  0.734414  0.235706 0.0494408  0.599653   0.94123
point 7 63 374.452 185.432  0.172507 -0.737526  -0.88573 -0.204946 -0.701035  0.306638 -0.779109  0.783942  0.146889 -0.529605
point 8 64 43.7668 194.567  0.876127   0.56329 -0.722488  -0.97278 0.0120006 -0.159616 -0.543573 -0.143245 -0.718649  -0.35443
point 9 68 238.421 239.242  0.146364  0.373953 -0.929255  0.467964  0.206906 -0.732503 -0.751256 -0.637826  0.581691  0.656415
point 10 73 453.379 170.995   0.846791  -0.087209   0.782838   0.395133 -0.0412441  -0.061295   -0.43282  -0.571743  -0.539854   0.167749
point 11 86 538.418 183.139  0.828852  0.359075  0.731291 -0.486798  0.103822 -0.666282  0.610462 -0.562372 -0.749408 -0.130392
point 12 88 405.801 236.449  -0.271653 -0.0328212   0.432699  -0.931464   0.269712    0.24095    0.35942  0.0206786   0.813096  -0.468263
point 13 93 459.029 189.913  0.726683 0.0835051  0.215876 -0.832071  0.913286 -0.317738  0.167056  -0.86941  0.538572 0.0675454
point 14 105 515.035 184.191    0.48194   -1.00331   0.519636   0.123385  -0.210099  0.0104117  -0.808582  -0.725979   0.845836 -0.0838631
point 15 109 247.275 230.587  -0.455062   0.896747  -0.815892  -0.399897   0.491585 -0.0213784   0.688872   0.624443 -0.0223228   0.310579
point 16 110 144.087 166.587  0.866656  0.958231 -0.602756 -0.308581  0.103223 -0.743824 -0.577636  0.577133  0.685033  0.236389
point 17 111 316.829 231.364 0.0385381   1.00671 -0.929103 -0.925982 -0.116118 -0.351629  0.958345 0.0297124  0.189711  0.396641
point 18 113 18.0442 183.699 0.00994437  -0.532713   0.600228  -0.891632   0.525419   -0.39221   -0.92408   0.661444  -0.266919 -0.0482386
point 19 125 568.674 214.912  -0.13675  0.953229   -0.6892   0.68985  0.950333  0.547691  0.890162 -0.340023 -0.153605  0.754407
point 20 132 97.7253 177.286  0.184481 -0.935359 -0.961268 -0.120689 -0.776383  0.893154 -0.803563  0.300778  0.828875  0.706741
point 21 148 34.3706 68.2949 -0.0874026  -0.300602   -0.19067   0.526105  -0.060816  -0.244324  -0.990552   0.286252   0.955353  -0.680298
point 22 150 584.247 186.454  -0.916815  -0.527159   0.693915   0.298646  -0.610611  -0.419735  -0.985933   0.221382  -0.836228 -0.0386645
point 23 156 186.757 176.973  0.249093  0.588538 -0.666298  0.356093 -0.792476  0.997614  0.113869 -0.725064 -0.928095  -0.10847
point 24 159 168.979 201.559  0.193282  -1.00778  -0.89584 -0.115701 0.0585575 0.0764997   1.02476 -0.361359 -0.445033 -0.738056
point 25 165  200.51 196.169  0.441885 -0.785809  0.386663  0.612108 -0.693962  0.640248 -0.671062  0.862551  0.366344 0.0282674
point 26 166 330.968 209.709   -0.6453  0.352159 -0.568507  -0.52693 -0.629563  0.286697 -0.678477 0.0807557  0.133599 -0.654644
point 27 169  71.525 182.755  -0.572937   0.476125   0.754435  -0.296377 -0.0975316   0.482545   0.318358   0.454854  -0.696713   -0.53882
point 28 175 284.011 166.395 -0.420772  0.576638  0.305835 -0.620919  0.697951  0.728955  0.941935   0.92773  0.578189 0.0909635
point 29 176 209.906 204.354  -0.762755   0.864055  -0.111115 -0.0881512     0.4098  -0.427205  -0.891092   0.280746   0.740684   0.158966
point 30 179 80.9773 205.839 -0.0204395  -0.845689  0.0784716   0.753932   0.708966   0.400014  -0.342799  -0.763885  -0.242603   0.832889
point 31 186 366.304 138.192  -0.391791  -0.426615   0.329118   0.382416   0.882233  -0.887551 -0.0610044  -0.533231  0.0784672   0.293413
point 32 202   61.31 148.989 -0.569642 -0.197942  0.294545  0.296314  0.130954  0.826216  0.633697 -0.242288  0.138934 -0.148077
point 33 206 18.4992 160.262  0.665677 0.0734447  0.597406  0.923439 -0.731453  -0.65889   0.70378 -0.263708 -0.946851  0.718406
point 34 233 389.006 230.263 -0.186298 -0.464482  0.186647  0.317699  0.346613 -0.209721 -0.908472  0.163298  -0.89284  0.413817
point 35 240 149.501 134.664 -0.528356  -0.58315  0.601399  0.809449  0.831884   0.75669 -0.543563 -0.713278  -1.04034   0.68265
point 36 251 307.254 230.668 -0.0129629  -0.586766   0.180052  -0.853007  -0.407616  -0.121531  -0.451891    0.28216 -0.0975789   0.324536
point 37 259 73.7592 211.761  0.194483   0.69874  0.133209  0.458814 -0.410056 0.0528868 -0.714516  0.418695 -0.837678  -0.62867
point 38 260 620.991 201.163   0.263812   0.620167  -0.265428   0.451043  -0.402581   0.666842 -0.0351179  -0.140765  -0.143196   0.245263
point 39 280 46.8772 230.247 -0.287147  0.142754  0.569056 -0.125486 -0.298744 -0.400355  0.772659  0.842119 -0.122901  0.791473
point 40 290 26.0069 185.469  -0.64418  0.855267 -0.773795 -0.473231  -0.71478  0.473615 -0.915749 -0.759849  0.572544 -0.997823
point 41 296 157.758 176.185 0.0244421 -0.565132 -0.342913  0.323744 -0.207227  0.619776 -0.673154   1.00833 0.0739955 -0.325022
point 42 301 202.536 219.531  0.114716 -0.457241   -1.0206  0.392951 -0.946846 -0.625584 -0.614919  0.502872 -0.734716 0.0786622
point 43 303 260.425 209.295   0.120321  -0.832914  -0.593255  -0.914805 -0.0461051   0.536718  -0.408204  -0.110268 -0.0587242   -0.42072
point 44 307 501.937 217.315   0.132313   0.874091  -0.197559   0.588285   0.729972   0.847288 -0.0502775  -0.540162  -0.896947   0.511559
point 45 313 106.053 151.061   0.152206   0.339709   0.179079  0.0643125   0.487021   0.673428  -0.470738  -0.650805 -0.0503002   0.409316
point 46 316 42.8515 182.245  -0.586996  -0.778404  -0.911906  -0.541705  -0.440402 -0.0160525  -0.379822  -0.165029  -0.339274  -0.663957
point 47 319 108.958 183.914  -0.94424  0.244515  0.621929 -0.228174 -0.692933   0.15233  0.727909 -0.313851 -0.973526  0.409562
point 48 328 636.614 165.084 -0.247263  0.408696  0.266308  0.198897  0.705299 -0.322116  0.720167  0.291647  0.906849  0.773527
point 49 346 405.712 78.7169  -0.584113   0.980426 -0.0407176  -0.745922   -0.12261   0.468375 -0.0176175    0.93927   0.835484  -0.153004
point 50 362 532.683 169.138 -0.200798 -0.960879 -0.835914 -0.348253 -0.397845  0.746055  0.136067  0.458086  0.961447  0.898566
point 51 367 117.915 123.879  -0.665342  -0.865961   0.880844  -0.467314  -0.437943   0.721113  -0.346896 -0.0638613  -0.569887  -0.770476
point 52 387 266.299 188.672   0.707199  -0.718727   0.553095    1.00369  -0.781177  -0.181185 0.00916923  -0.917696   0.582679   0.712953
point 53 398 158.195 229.466 -0.833159  0.859824 -0.689798  0.428378  -1.00462  0.551754  0.679952  0.891437  0.339612 -0.670976
point 54 405 409.011  82.015 -0.130716  -0.94695  0.887619  0.719961 -0.136898 0.0699874  0.371065  0.295527  0.548966  0.708566
point 55 424 622.929 214.124 -0.0672491  -0.822245   0.519853   0.367502   0.584021  -0.473608  -0.146167     0.1368     0.8814  -0.175672
point 56 428 438.215 176.003 -0.480223 0.0316383  0.572371 -0.834558 -0.259235  0.540298  0.313474 -0.443453 -0.189151   0.14084
point 57 441 487.513 185.741  0.835061  0.253442  0.661729  0.793011  0.774984 -0.145372 -0.679397  -1.02441 -0.872164  0.688649
point 58 448 82.7292 214.167  0.831341 -0.451787 -0.843172 -0.620661 -0.267727  0.740119 -0.393428 -0.680282  0.626721 -0.422426
point 59 469 143.765 182.357 -0.055462 -0.788864  0.928877  0.923763 -0.110187 -0.509517 -0.777737   0.78096  0.171264 -0.870123
point 60 486 494.663 216.817  -0.92242  0.526296  0.974363 -0.426254  0.975393  0.870906 -0.735893   1.02576 -0.967316 -0.434459
point 61 491 245.965 197.191  -0.82389   0.81835 -0.308512  0.579757 -0.506439 -0.156349  0.531326 -0.265487 -0.289219  0.751891
point 62 494 410.074 187.268  0.348712  -0.14214  -0.28353  -1.00554 0.0561164 -0.823733  0.514374  0.398726 -0.185521 -0.945334
point 63 495 219.683 101.781   0.256643   0.643492  -0.149439   0.414275  -0.441527  -0.662518   0.941926  -0.581602 -0.0956762  0.0761143
point 64 496 550.871 231.938   -0.869778   -0.713503    0.583039    0.262654    0.882215 0.000608017   -0.801225   -0.392492  -0.0113943      0.1986
point 65 499 380.453 165.987   0.875655  -0.418377   0.351189  -0.643201   0.199114 -0.0825202  -0.061781  -0.223065   0.702771   0.314451
point 66 504 598.142 216.319  0.355494  0.877743 -0.602449  0.346419  0.218534  0.682101 -0.336925 -0.798404 0.0984255 -0.468948
point 67 506 193.779 178.213  0.0765721   0.287399 -0.0102086  -0.613812  -0.910658  -0.675703  -0.647532  -0.562541   0.772294   0.523861
point 68 519 154.191 159.556  0.335937  0.427576  0.522678  0.137463  0.726005 -0.876161  -0.84315  0.874873 -0.343839  0.470876
point 69 524 630.109 209.471  -0.298088   0.745921   0.347907 -0.0207415   0.970495  -0.531429  -0.187707   0.152737   0.294031  -0.801049
point 70 527 464.774 236.282   0.78657  0.468294 -0.848731  0.907679 -0.482374 -0.468399 -0.170069  0.758876  0.615341  0.724635
point 71 539  449.82 115.537  0.833517 0.0656411 -0.965714 -0.669062  0.505808 -0.381964  0.951662 -0.673088  0.223157   0.26183
point 72 544 545.744  109.61  -0.150597   -0.29181   0.674722  -0.183645  -0.721686   0.945317  -0.942183   0.323993  -0.440327 -0.0407713
point 73 573 121.588 174.591  0.906648 -0.214776  0.204818 -0.480399 -0.250234 0.0932999 -0.635414  -0.94469 -0.284284  0.585843
point 74 578 183.728 157.244 0.0327819 -0.265594 -0.265855  0.210205 -0.735623  0.496426 0.0633826 -0.988825 -0.130948  0.190294
point 75 591 104.484 157.666    1.03577  -0.669191   0.601947  0.0818466  -0.461894  -0.233138   0.937693   0.240573 -0.0137112  -0.499608
point 76 596 330.811 187.328  0.0146729  -0.455017   0.465353  0.0966609 -0.0822672  -0.432106   0.629667   0.126017   0.571456   0.932833
point 77 599  273.11 156.459  -0.439359   0.239777   0.736237    0.19536  0.0665685   0.979031  -0.156353 -0.0441231  -0.110938   0.531241
point 78 613 517.914 137.196  0.753586  0.886334   1.00794 -0.763647 -0.726628  0.133846 -0.173856 -0.424916 0.0988527  0.862546
point 79 617 239.574 168.243 0.00738105  -0.787632   0.309978   0.175893  -0.492997  -0.976084  -0.228456   0.358723  -0.851717  -0.608001
point 80 622 262.055  12.013  -0.410362   -0.98375   0.491177 -0.0679641  -0.994186  0.0214057    0.61406   0.926287  -0.218687  -0.647436
point 81 631 405.527 232.029   -0.837637  0.00838005   -0.689792  0.00463813    0.340669   -0.129444   -0.218128  -0.0162099 -0.00824197    -0.28655
point 82 644 278.256  168.69  -0.520128  -0.105632  -0.559446 -0.0145577  -0.181348  -0.780621   0.833868  -0.897493   0.871333   0.432296
point 83 645 534.167 232.821 -0.953855  0.812307 0.0747089  0.284772  0.187569  0.954007  0.361486  -0.48896  -0.29292 -0.275573
point 84 649 618.623 228.283   0.614881  -0.163339 -0.0747081  -0.344855  -0.588827  -0.126827   0.208034  -0.641437   -1.01047  -0.296059
point 85 655 13.6266 205.897 -0.0929394   0.697534   0.425013  -0.628144  -0.539763  -0.442648  -0.941456  -0.702226  -0.881519   0.801848
point 86 658 20.5951 205.017  0.414378   0.07098 -0.111816 -0.276941  0.196878    0.9638  0.582388   0.60126 -0.818855   0.49853
point 87 662 537.488 194.089  0.359764 -0.336398 -0.371504 -0.842977  -0.30438  0.835266  0.505125  0.966181 -0.732923  0.707932
point 88 667 126.945 184.479 -0.915008 -0.638751 -0.202624 -0.537042  0.728779 -0.706651 -0.493726  0.768912  0.513545  0.431443
point 89 681  35.383 205.969 -0.320317  0.524413  0.158048  0.430907 -0.720358  0.209203 -0.792912  0.379191 -0.150258 -0.822605
point 90 683 570.365 141.349   0.260821   0.165082    0.59861    -0.8024   0.718369  -0.672472   0.810979 -0.0773638   0.690084   -1.00441
point 91 689 404.071  162.51   0.892001   -0.42818  -0.504344 -0.0142693   0.753746   0.161524  -0.779368  -0.301352    0.91808   0.894327
point 92 725 427.349 192.462 -0.812795 -0.741154 -0.740371 -0.945685  0.230853  0.376751 -0.888497 -0.736814 -0.478051  -0.23703
point 93 726 345.972 191.448  0.959985  0.509236  0.521605 -0.709387   0.30961  0.627721 -0.806956 -0.862677 -0.841791 -0.875482
point 94 732 540.412 179.852     0.147291     0.722677    -0.977744    -0.306664     0.125132      0.86556    -0.938357 -0.000486425     0.621109     0.665027
point 95 736 438.554 191.976 -0.098271    -1.004 -0.211735  0.108315 -0.316266  -0.20677  0.481734  0.659312  -0.97982  0.960309
point 96 752 223.856 180.384  0.860028  0.836432   -0.5071 -0.214448 -0.193166    0.0942  0.367084 -0.656214 -0.672871 -0.434519
point 97 771 5.26819 224.183  0.227913 -0.417652  0.783117  0.986847 -0.590071  0.893289  0.689572 -0.270147 -0.435648 -0.600557
point 98 777 161.327 206.524  -0.66127  0.639488  -0.33779 -0.447663  0.637594 -0.254071 -0.321336  0.581198 -0.064008 0.0989879
point 99 798 500.564  133.23 -0.421263 -0.893833  0.956139  0.546359  0.482826  0.591536  0.611106  0.894101 -0.865528 -0.550198
point 100 800 493.882 138.025   0.533309   -0.96447  -0.506174 -0.0709895   0.813377  0.0348487  0.0471909   0.741866  -0.498549  -0.429607
point 101 805  288.34 143.522   0.39488  0.737233  0.511369 -0.145465 -0.821384  0.742294 -0.202293  0.861811 -0.747537  0.244927
point 102 806 116.935 234.906     0.8671  0.0111104  -0.510489  0.0597304  -0.714246  -0.357759   0.396685  -0.394904    0.10241 -0.0730022
point 103 815 138.871 173.923  0.123137 -0.186141  0.949338 -0.293689  0.712573   0.62468 -0.378609 -0.665028  0.808726   0.89102
point 104 843 190.529 165.637  -0.389888  -0.180159 -0.0788019   0.420634   0.124474  -0.943781   0.349078   0.266008   0.988401   0.958791
point 105 854 380.427 196.508    0.64129   0.133773   0.438269  -0.773621 -0.0982456   0.953573 -0.0186635  -0.130537   0.234693   0.934646
point 106 856 465.686 144.951 -0.0177861   0.609944   0.383946  -0.618913  -0.518759  0.0682775   0.484623   0.829944   0.302308  -0.564176
point 107 858 426.558 97.2626  0.541022  0.242634 -0.187089 -0.108328   0.75482  0.874679 -0.506747 0.0955563 -0.743419 0.0159038
point 108 867 88.9447 213.218    0.975388   0.0771931   0.0570263    0.563017   -0.435142 -0.00356487   -0.774108   -0.400349      0.6297  -0.0360231
point 109 876 270.448   167.2  0.458342 -0.665692  0.930493 -0.266388 0.0777797 -0.971541 -0.932827  0.386407  0.918829  0.307987
point 110 880 265.479  197.94 -0.593229 -0.500066 -0.300395  0.690939  0.529595  -0.18807 -0.326403   0.58134  0.764963  0.609952
point 111 881 216.451 175.719  0.284731  0.599715  0.401776  0.598124  0.383233 -0.851569  0.177619 -0.749206 -0.433677 -0.565982
point 112 882 119.823 210.681 -0.457056  0.926414 -0.563523    0.5685  0.438527 -0.184579 -0.893084 -0.754164 -0.536963  0.642975
point 113 883 277.545 220.399  -0.225884  -0.257848  -0.729707   0.987256   0.248747   0.616387   0.601501  -0.281779   0.166462 -0.0106756
point 114 900 547.538 169.941   -0.657514   -0.499786    0.564719    0.494379    0.468207    0.430678    0.884853   -0.243428   -0.549784 -0.00548864
point 115 927 172.107 190.939 -0.0547601   0.823234   0.621415    0.35745  -0.897745   0.337184 -0.0571644  -0.398708   0.697707   0.962043
point 116 929 200.274 170.586 -0.900566 -0.277373 -0.274224  0.209569  0.217765  0.725252 0.0484576 -0.235476 0.0955446  0.168491
point 117 937  345.88 230.894 -0.451756 -0.607584 -0.530676 0.0133054  0.465844 -0.193245  0.162688 -0.245063 -0.252169  0.478746
point 118 946 503.813 177.226  0.185208   0.85264 -0.446688 -0.819261  0.509003 -0.866664 -0.302248 -0.758363 -0.391918 -0.602542
point 119 963 53.4162 193.772 -0.0442051   -0.76612  -0.425715   0.429122  -0.899574   0.261772   0.921839  -0.910222  -0.182338    0.52595
point 120 967 278.563 165.379   0.23737 -0.085758  0.417893  0.921093  0.105976  0.322447     0.523 -0.392453  -0.69833 -0.387756
point 121 971 93.8594 206.317   0.667705 -0.0329903   0.227349  -0.687497    0.98842  -0.100238   0.313468    1.00308   0.809924  -0.209909
point 122 979 106.467 103.704 0.0202733   0.42562 -0.103187  0.447566  0.227169  0.345151 -0.515359 -0.200663  0.668451 -0.298044
point 123 980 502.352 197.275   0.55109 -0.183849  0.598871 -0.523222  0.560079  0.393164 -0.800675 -0.252357  0.344955 -0.622986
point 124 989 19.1912  236.26  -0.730112   0.338201   0.445731  -0.638166 -0.0874521  -0.548229  -0.162507   0.514657    0.52931  -0.534577
point 125 997 24.4239 220.202   0.964433  -0.919365 -0.0728821   0.837257  -0.468727  0.0479812   0.680929  -0.917309  -0.195561   0.665418

