seq: 172
gt_pose:   -3.2524   3.59568 -0.126095
odom_pose:   -3.17929    2.54151 -0.0982952
point 0 5 537.424 199.108 0.0354511  0.340332 0.0351926 -0.874493 -0.144994  0.816216  0.910168  0.408524 -0.410605  0.513668
point 1 7 313.087 186.672  -0.117506   0.861254  -0.235257   0.593644   0.343605   0.834336 -0.0622197  -0.524419   0.871997   0.872529
point 2 21  306.03 209.027  0.547804 -0.379124 -0.376339 -0.642327  0.936422 -0.959598  0.643616 -0.374166 -0.643958 -0.170126
point 3 23 577.124 181.013   0.848185   0.787978 0.00805283   0.103278   -0.63752  -0.410681   0.682582   0.020313   -0.11456   0.722116
point 4 31 376.216 214.066  -0.369315   0.788937 -0.0592847  -0.620376   0.245058  0.0642079   0.240226   0.240792  -0.526043   0.683485
point 5 39 239.746 158.459 -0.503091  0.806066  0.120871  0.911889 -0.030101  0.140818  0.906552  0.619211  0.676834  0.146928
point 6 63 346.852 169.202  0.227784 -0.712593 -0.789517 -0.255441 -0.697754  0.354675 -0.791021  0.793125  0.185334 -0.590098
point 7 68 353.266 239.504  0.163615  0.336231 -0.891382  0.555427  0.181946 -0.696732 -0.705867 -0.573295  0.578486  0.651457
point 8 76 21.4779  96.966  0.432589 -0.185128 -0.647205  0.652733 -0.691193  0.344191 -0.389854 -0.327928 0.0318422 -0.124522
point 9 78 528.875 211.472  -0.913455  -0.767747   0.657164   0.741591   0.955465  0.0593102  -0.462954  -0.627488   -0.28296 -0.0830979
point 10 92 609.348 184.493  0.123488  0.706401 0.0111683  0.893717  0.355593  0.303028  0.995307  0.601735 -0.221754 0.0300763
point 11 103 183.671 219.795  0.449618 0.0524093  0.434251  -0.07322   -0.2656   0.11913  0.661531 -0.868182  0.437556 -0.561907
point 12 109 472.443 228.247  -0.468341    0.85219  -0.836458  -0.419238   0.498054 -0.0293468   0.684309   0.627361 0.00150583   0.282175
point 13 111 480.689 224.671   0.0714373    0.972238   -0.865454   -0.901398   -0.149833   -0.343613    0.948768 -0.00129379    0.195125    0.396141
point 14 123 503.017  161.48  0.168611 -0.781536 -0.277399  0.369676  0.871593  0.682492  0.210136 -0.177192  0.408087 -0.561022
point 15 156 368.423 201.829   0.270988   0.549645   -0.73263    0.40547  -0.790203   0.972374   0.153927  -0.771114  -0.955809 -0.0571083
point 16 159 389.053 215.063  0.234253 -0.950932 -0.921784 -0.167545  0.068964  0.123391   1.02811 -0.338985 -0.380394 -0.792942
point 17 165 418.156 203.421  0.454381 -0.795786  0.382912  0.587591 -0.675813  0.656644 -0.594336  0.783051  0.401113  0.010819
point 18 166  637.12 147.871 -0.662546  0.308823 -0.624848 -0.510509 -0.723522  0.232628 -0.687295  0.126855  0.133479 -0.691176
point 19 175 435.148 147.912 -0.374977   0.60325  0.323002 -0.554972   0.69751  0.742747  0.914583  0.922245  0.527723  0.100508
point 20 176 391.193 213.305  -0.739263    0.81685  -0.128678 -0.0370544   0.396449  -0.445399  -0.935915   0.257795   0.719225   0.163162
point 21 181  73.649 94.3923   0.768679   0.584283  -0.227521  -0.166584 -0.0887309   0.782266 0.00938667   0.978307   0.645949  -0.264084
point 22 186 411.439 56.5316  -0.325192  -0.420106   0.342873   0.466182    0.85469  -0.974237 -0.0634466  -0.488127  0.0862964   0.340505
point 23 200 502.08 181.17  -0.414999  -0.705075   0.703601   0.329779   0.211159   0.575038 -0.0373903   0.896112   0.957727 -0.0874114
point 24 216 567.026 179.657  -0.670777  -0.937485   0.834051  -0.787945  -0.522743  -0.887605  -0.304346  -0.254699 -0.0580834   0.864909
point 25 226 213.321 128.656 -0.0498673   0.512198   0.593067   0.570042    0.95393   0.446578  -0.987065  -0.835908 -0.0471635   0.420932
point 26 229 133.331 184.043  0.923773 0.0906062  0.234948 -0.766465  0.932143  0.147231   0.49326 -0.420909  0.202093  0.105156
point 27 233 410.295 219.012 -0.148241 -0.485479  0.129673  0.325735  0.285504 -0.227382 -0.965138  0.219081 -0.886307  0.335275
point 28 240 347.441 190.614 -0.528815 -0.581912  0.566542  0.808777  0.829818  0.753431 -0.509387 -0.685971  -1.01882  0.642392
point 29 242 631.523 157.696  -0.825583 -0.0117044   0.120652   0.420712  -0.400349   0.596983   0.849288  -0.721537   0.408184   0.641886
point 30 245 532.716   179.8 -0.585221 -0.373352   0.39883 -0.737154  -0.48254  0.366743  0.847023 -0.629081  0.160151  0.802963
point 31 251  465.83 225.126 0.0580793 -0.533113   0.17395 -0.780869 -0.458192 -0.124912 -0.456037  0.258367 -0.140324  0.300599
point 32 262  555.16 164.084 0.0265779  0.330234 -0.335743 -0.587557  0.971039  0.981028 -0.950706 -0.359303  0.412445 -0.384851
point 33 275 97.4484 138.299   0.866772 -0.0654867    0.43763    -0.8044 -0.0209258   0.167074  -0.303426   0.437603  -0.564118  -0.131182
point 34 277 594.504 172.932 -0.534164 -0.849235  0.261904 -0.780294 -0.970245   0.17525  0.099321  0.473681   0.36649 -0.897928
point 35 301 456.452 219.609  0.089967 -0.526925 -0.962974  0.432751 -0.958194 -0.667375  -0.64264  0.526148 -0.683718 0.0833555
point 36 303 406.978 209.724   0.129857  -0.845624  -0.625865  -0.929317   -0.10002   0.540114  -0.449037 -0.0439912 -0.0636729   -0.34681
point 37 346 281.332 96.9548  -0.535436    0.93845 -0.0406324   -0.75151  -0.182713   0.532784 -0.0624198   0.946947   0.866341  -0.189248
point 38 352 558.186 197.989  0.605067  0.327036  0.411018 -0.707302  0.592391   0.72394 -0.653202  0.582778 -0.104948  0.811244
point 39 359 588.139 156.781 -0.0858769  -0.288386   0.651615  -0.542835    0.70676  0.0621383   0.175701   0.225616  -0.514782  -0.257945
point 40 364 523.566 214.986   0.142241   0.767203    0.68016  -0.644214   0.876364  -0.556602  -0.613311  -0.907664      0.107 -0.0578495
point 41 387 432.684 181.287    0.700619   -0.704564    0.519579    0.909514   -0.773094   -0.142832 -0.00299263   -0.938514    0.649255    0.712202
point 42 393 160.808 220.659   0.604676  0.0531717  -0.239756   0.285333   0.967341  -0.132773  -0.687813   0.153814   0.761406 -0.0221648
point 43 402 76.4414 202.173   0.330646  -0.278227 -0.0159612   0.977632   0.484951  0.0547374  -0.103366   0.480633    1.02366  -0.370859
point 44 405 284.327 88.5876 -0.105349  -0.97059  0.874472  0.634272 -0.178856  0.098905  0.392966  0.313002  0.511689  0.762875
point 45 406 59.9328 87.3789 -0.208095  0.911556 -0.671564 -0.564645 -0.908988  0.250887 -0.439947  0.311465  0.802106  0.348334
point 46 425 493.227  239.96 -0.449211 -0.334648  0.378199 -0.441186 -0.579756 -0.681698 -0.134418 -0.906746  0.936478  0.827119
point 47 438 87.2176   181.9 -0.639056   0.83192 -0.637542  0.981704 -0.257172  0.648076  0.846317  0.934547  0.364604  0.954266
point 48 450 181.946 179.875    0.417783    0.243299    0.682643   -0.612748    0.997283    0.534217 -0.00726112   -0.846764    0.812603    0.699473
point 49 454 319.383 184.445 -0.885502   0.95776  0.642723 -0.480359  0.597438  0.761958  0.775014 -0.576652  0.440228  0.334909
point 50 458 202.348 207.738 -0.748645  0.195626 -0.730908  0.352742  0.600764  0.440814  0.769678 0.0890878  0.902795 -0.635924
point 51 464 145.396  234.17 -0.0203444  -0.920513  0.0405512   0.069838  -0.455065   0.144176   0.460274    0.42799  -0.581057   0.244916
point 52 470 589.388 238.329   0.460883 -0.0632474  -0.620934   0.857792   -0.29413   0.897964   -0.35239   0.148348   0.390319   0.768004
point 53 472 626.896 190.678  -0.904775 -0.0975654    0.59697  -0.244317   0.935374  0.0273425   0.661302  -0.716915 -0.0395988  -0.612633
point 54 475 572.512  228.09   -1.00822  0.0480243 0.00410921   0.622399  -0.333876  -0.319671  -0.105222 -0.0472919  -0.755271   -0.29521
point 55 478 55.7846 157.063  0.137939 -0.678713  0.541792   0.81153 -0.456295 -0.395238  0.202461 0.0945662 -0.393997  0.838682
point 56 491 415.861 198.371  -0.80832  0.869366 -0.296657  0.581635 -0.506324 -0.153124  0.560171  -0.32193 -0.240618  0.683208
point 57 492 596.452 174.702  0.506573  0.464828 -0.760358 -0.391412 -0.438912  0.698854 -0.511927   0.80149 -0.801563 -0.566249
point 58 495 349.514 157.785   0.257147   0.713853  -0.112146   0.463651  -0.475331  -0.648543   0.958913   -0.57572 -0.0649442   0.142885
point 59 499 310.119 166.625   0.846714  -0.452761   0.392544   -0.57788   0.191599 -0.0504999 -0.0960898   -0.21009   0.659292   0.257414
point 60 505 151.798 195.029 -0.633993 -0.203965  0.184577  0.274866 -0.797168  -0.51708 -0.872908  0.868176 -0.473195 0.0309716
point 61 506 347.697 206.793  0.0795633   0.280049 0.00421019  -0.614115  -0.904917  -0.646824  -0.665089   -0.62858   0.701761    0.51375
point 62 514 615.184 137.973  0.464327  -0.80595  -0.86111 -0.434945 -0.946328 -0.509313  0.618623  0.839386 0.0935232  0.215428
point 63 520 142.846 153.839 -0.257814 -0.857642  0.372102  0.420599  0.853626  0.373789  0.375651  0.148069  0.243746 -0.173531
point 64 529 586.738 194.686   0.460942  -0.340632   0.119023  -0.320329   0.624954 -0.0793327  -0.827094   0.840252  -0.208294  -0.333626
point 65 541 560.302 228.444  0.350226 -0.848194   0.82964 -0.347727 -0.611056  0.708799   0.77615 -0.600716 -0.984576  0.259292
point 66 544 185.528  146.95  -0.145175  -0.322479   0.652324  -0.107296  -0.755651   0.992149  -0.894279   0.321454  -0.466799 -0.0685574
point 67 568 551.624 213.791  -1.01626  -0.61324  0.930405 -0.599007  0.360282  0.505305 -0.922277 -0.772749 -0.777135 0.0988801
point 68 578 324.773 204.201  0.0334035  -0.230311  -0.315333   0.208271  -0.745503   0.454897    0.12474  -0.995878 -0.0940502   0.146481
point 69 591 342.087 207.134   0.992515  -0.626872   0.627466   0.116189  -0.443227  -0.241584   0.918867   0.207145 -0.0246956  -0.544906
point 70 596 353.662 186.636   0.053459  -0.528497   0.417737   0.134961 -0.0855486  -0.443469   0.694479   0.031368   0.563796   0.933598
point 71 597 629.977  173.62  -0.75306  0.680895  0.831747   -0.1149 -0.316399  0.580528  0.834985  0.914302  0.474471  -0.28576
point 72 599 300.174 200.644 -0.382828  0.235856  0.693194   0.13849  0.101056   1.02502 -0.178692 -0.119104 -0.134032   0.51159
point 73 610 592.098 86.4014 -0.181355    -0.186  0.722476   0.70156  0.420955  0.443128  0.619274   -0.6667  0.166207 -0.450952
point 74 617 454.736 158.955 0.0693983 -0.804502  0.278166  0.101564 -0.489939 -0.966912 -0.170772  0.293266 -0.792373 -0.613221
point 75 622 304.074 133.044   -0.47401  -0.967875   0.482036 -0.0746551   -0.93518  0.0467522   0.653362   0.862954  -0.268321  -0.631228
point 76 644 442.695 150.152  -0.521344 -0.0983082   -0.53899   0.025409  -0.175566   -0.82325   0.811736  -0.904617   0.830431   0.453416
point 77 661 470.902 182.817  0.338806 -0.496865   0.41385    0.4162  0.146121   0.12832 -0.879721 -0.726927  0.254329  0.417842
point 78 669 207.779 234.856   0.458698   0.697731  -0.760251  -0.508303   0.185499  -0.608955 -0.0265603   0.901663  -0.281298  -0.273761
point 79 678 182.222 178.741   -0.752755   -0.915691   -0.358941   -0.390693 -0.00827022   -0.999184   -0.895518   -0.142915    0.284237     -0.3106
point 80 691 581.287 176.528  0.548619  0.999427  0.229961 -0.225426 -0.934453 0.0881974  0.258025 -0.446493 -0.965642 0.0633367
point 81 695 528.955 218.925   0.744382   -0.22868     0.3864   -0.41325    0.45715 -0.0507606   0.938681  0.0325001   0.513119   0.836267
point 82 725 385.162 103.851 -0.777431 -0.778939 -0.768244 -0.966952  0.321653  0.378583  -0.88451 -0.734991 -0.435683 -0.191274
point 83 726 511.557 125.854  0.951337  0.557969  0.536685 -0.647156  0.279018   0.64802 -0.788452 -0.868667 -0.850917 -0.849116
point 84 752 455.904 176.182  0.823657  0.806238 -0.474096 -0.204153 -0.186902 0.0832773  0.354002 -0.604846 -0.621202 -0.503983
point 85 776 529.139 157.321  0.918301  -0.13395 -0.165882 -0.508684  0.659676 -0.859172  0.346778 -0.426339  0.764902  -0.73917
point 86 780 92.221 239.22  -1.00259 -0.214981 -0.282667  0.168441  0.964776  0.550136  0.504514 -0.785759  0.252341  0.955966
point 87 794 491.311 215.015 -0.420747  0.474985 -0.282142 -0.653032  0.013111  0.618721  0.507464 -0.540462  0.196196  0.520079
point 88 797 486.365 204.845  -0.755282  -0.659501   0.676131  0.0768794  -0.221661  -0.567866  -0.108555    0.53781 -0.0637739  -0.339653
point 89 805 406.03  132.9  0.344448  0.747646  0.554233 -0.217711 -0.894267  0.741488 -0.181187  0.914283  -0.83134  0.272746
point 90 806 317.681 238.294   0.799021 -0.0142258  -0.512327  0.0409081  -0.648112   -0.37896   0.333382  -0.348223  0.0487638  -0.129416
point 91 819 585.221 207.986   -0.53577   0.400279  -0.718878   0.764923   0.982581 -0.0564505   0.328551   0.710427  -0.415815 -0.0539542
point 92 822 67.5159 223.097  0.709652 -0.179285  0.831677 -0.272693   0.25001 -0.864849  0.672164 0.0383812 -0.268934   0.16969
point 93 832 141.411  75.439  0.700555   1.00844 -0.348266  0.677019  0.769092 -0.513247 -0.668211   0.76328 -0.829552 -0.834982
point 94 841 501.311 181.141  0.130862  0.930699 -0.945691  0.869533 -0.401819 0.0482871 -0.338898 -0.233827  0.184138  0.508286
point 95 843 423.917 178.259  -0.466717  -0.206928 -0.0869071   0.427192  0.0940043  -0.915755   0.356213   0.192573   0.990446    0.96163
point 96 847 156.723 188.676  0.098867  0.479384  0.330512  0.993167 -0.800945 -0.773616 -0.361519 -0.827765 -0.846854  0.196775
point 97 854 285.738  207.59   0.645384   0.137548   0.370309  -0.739318  -0.115941   0.990757 -0.0102725  -0.115711    0.26705   0.981321
point 98 856  262.68 73.2404 -0.00384228    0.679645    0.370084   -0.568434   -0.592215   0.0148658    0.552969    0.842824    0.269204   -0.592449
point 99 862 591.427 196.617  -0.807122  -0.309624  -0.682541  -0.191946   0.631471  -0.550952 -0.0635237   0.313487  -0.924487  0.0106722
point 100 876 496.623 130.679  0.435115  -0.66179  0.902376 -0.190419 0.0154052  -1.02673 -0.985084   0.29905   0.89614  0.349599
point 101 877 170.019 173.731  -0.655038   0.915653   0.776746   -1.00074 -0.0984153  -0.958501   0.838424  -0.607227   0.376619   0.461678
point 102 880 471.246 183.683 -0.658631 -0.487308 -0.271678   0.69552  0.559079 -0.271065 -0.285763  0.584623  0.773737   0.67381
point 103 881 374.205 195.418  0.317211   0.63516  0.392948  0.563576  0.377387 -0.798781  0.158348 -0.759157 -0.410882 -0.555151
point 104 883 451.825 214.408  -0.206835  -0.247923  -0.720955   0.964958   0.274409   0.581723   0.561456  -0.282689    0.25199 -0.0377339
point 105 897  150.49 191.068  0.247393  0.900268  0.961522   0.53678  0.174594 -0.792143 -0.143026 -0.179404 -0.904934  0.253361
point 106 908 553.724 124.238 -0.973828 -0.896988  0.911901 -0.661905 -0.674132   1.00048   0.58275 -0.771427 -0.585892  0.205921
point 107 927  402.39 205.452 -0.0416151   0.823692   0.583601   0.425472  -0.881035   0.341669 -0.0397385  -0.341247     0.6939   0.891744
point 108 929 387.011 190.855  -0.86498 -0.273167 -0.297649  0.236039  0.258701  0.753281 0.0952969 -0.240805  0.115668  0.238982
point 109 936 589.403 146.817 0.0420428 -0.423688 -0.401286 -0.328733 -0.490733  0.917295 0.0531532 -0.703196 0.0764922  0.119565
point 110 937 332.514 231.387 -0.469019 -0.598543 -0.522163  0.041743  0.527258 -0.286197  0.143585 -0.198789 -0.235548  0.516423
point 111 942 479.809 225.086  -0.81102 -0.330401  0.599992 -0.518328  0.186736 -0.260913 -0.729975 -0.934372  0.932487  0.475369
point 112 944 550.597 151.602    0.55261  -0.496886  -0.296792  -0.575532   0.647786 -0.0424374   0.157614    0.29111    0.43583  -0.685156
point 113 947  162.16 183.903 -0.313661 -0.894805  0.847071 -0.597187 -0.556212  0.894511  0.605794 -0.723431 -0.883003  0.696383
point 114 953 47.0305 94.9304  0.0175908   0.542815   0.772197  -0.602849  -0.113684 -0.0494139  -0.439083   0.782054  -0.693945   0.785313
point 115 965 614.531 157.079   0.921774   0.644521   0.491342 -0.0155499 -0.0163064  -0.525708   0.130108   0.674936    0.91191    0.26295
point 116 967  375.77 173.149  0.161793 -0.118331  0.439854  0.976864 0.0931027  0.368297  0.516895 -0.346001 -0.721479 -0.443042
point 117 968 288.108 175.299    0.10458    -0.4307   0.113515 -0.0810707   0.941587  -0.224115  -0.774348 -0.0804916  -0.687542  -0.989786
point 118 972 206.054 178.247 -0.682559 -0.499595    0.9369 0.0192353 -0.961274 -0.563443 -0.703952 -0.317998 -0.707566  0.690931
point 119 978 619.612 193.852  0.809491  0.662795  0.267956  0.971123 -0.850914  0.414712  0.155529  0.404985 -0.593603   0.38234
point 120 984 112.182 161.063 -0.408007 -0.820544 -0.930716 -0.543524  0.514005  0.552386 0.0888338  0.497267 -0.555041 -0.604445
point 121 993 97.6175 146.406  -0.155209   0.910519  -0.462496    0.70285 -0.0535622    0.36609  -0.260217   0.178936   0.413883  -0.348096
point 122 997 302.954 235.401   0.927255  -0.898819 -0.0427293   0.851659  -0.402893  0.0260437    0.64056   -0.85403  -0.190908   0.676649

