seq: 35
gt_pose: 3.48894 4.16463 1.75686
odom_pose: 3.96318 3.95293 1.67219
point 0 15 492.628 85.7775  0.699107  0.635131  0.980685  0.526938  0.832784   1.00659  0.347984 0.0292018 -0.698073  0.645796
point 1 76 95.9604 143.824   0.435114  -0.204222  -0.656048   0.664678   -0.73864   0.314877  -0.362202  -0.320422   0.112758 -0.0609302
point 2 83 637.011 148.235  0.606815  0.983129 0.0160973 -0.980324 -0.650141  -0.42291  0.235932  -0.50111  0.499204  -0.90839
point 3 103 148.726 201.395   0.401233  0.0991321   0.522575 -0.0655972  -0.256323    0.13412   0.711658  -0.907124   0.409551  -0.604603
point 4 106 429.585 219.157  -0.215644   0.942678  0.0557887  -0.120895   0.437975   0.150753  -0.164894  -0.929187   0.524291 -0.0935294
point 5 130 467.479 111.698  0.802546   0.30222 0.0274505  0.959708  0.498696 -0.253281  0.982274 -0.877527 -0.511945 -0.560809
point 6 135 541.263 179.236 0.486914 0.435208 0.486429 0.297959 0.197921 0.948631 0.554084 0.357188 0.331674 0.703971
point 7 136 543.455 145.544 -0.463227  0.166133  0.717896  -1.00108  0.345257 -0.650222  0.142751 -0.153978 -0.802463 -0.187618
point 8 157 446.787 233.572 0.0148538  0.170026  0.642256  0.452886 -0.785403  -1.00775  0.205187   0.62945   -0.6859  0.464482
point 9 173  203.44 166.488 -0.512807  0.493815 -0.781795  0.874523  0.242358  0.152616  0.603663 -0.782434   0.19516 -0.346201
point 10 180 340.382 152.404 -0.145197 -0.508729 -0.661398 -0.720891 0.0808701  -1.04667 -0.114907 -0.105344 -0.120157 -0.210747
point 11 189 27.5869 218.503     0.9528 -0.0478725  -0.935469   -0.89126 -0.0767208    0.87874   0.667775  -0.414621  -0.392047   0.121177
point 12 190 334.663 228.777   0.410612   0.680226 -0.0889229   0.766052   0.445308   0.487645  0.0977975  -0.827359   0.330447  -0.490274
point 13 191 385.646 212.707 -0.931874 -0.835079 -0.916722  0.779942 0.0259337 -0.960133 -0.261813 0.0302392 -0.815383  0.639243
point 14 193 32.3058 203.478   0.979526   -0.73538   0.967223   0.765011   0.549629  -0.855353   0.988274   0.577918   0.855019 -0.0855807
point 15 214 350.086 186.908  -0.748886  -0.546637  -0.672863  -0.140247   0.201067 -0.0509757   0.791818   -0.78541 -0.0372271  -0.408458
point 16 229 138.024 171.467  0.919477 0.0972188  0.277636 -0.746564  0.983572  0.157706   0.47991 -0.374058  0.115623  0.104244
point 17 239 323.058 191.182 -0.455986 -0.902289 -0.774934  0.184706  0.607988  0.180117  0.218614  0.249435  0.218585 -0.619962
point 18 248 554.188 171.263 0.0606091  0.732216   0.55402  0.200663 0.0811113  0.122763  -1.02095 -0.962707 -0.888772  0.342849
point 19 264 338.389 188.445   0.933225  -0.143716   -0.35611 -0.0833856   0.241616   0.664063  -0.791388   0.880003  -0.847871  -0.834909
point 20 275 184.342 138.886   0.860658  -0.023822   0.502094  -0.751848 -0.0322752   0.123982  -0.301624    0.45338  -0.546548  -0.156002
point 21 310 435.312 99.7472  0.619675  0.167638 -0.662828 -0.845746  0.674807 -0.165596 -0.886514 -0.313729  0.780054 -0.601009
point 22 320 147.896 209.844  -0.113908   0.666808   0.954714 -0.0695334   0.575023   0.200848 -0.0573638  0.0200602   0.154937   0.305684
point 23 324 327.346  180.58 0.0444202  0.333456 -0.718728 -0.383574  0.569145 0.0524515   0.40738   0.10042  0.290307  0.323407
point 24 344 87.0414  231.04  -0.425163  -0.261799   0.107332  -0.704079   0.867628   0.754747  -0.371684  -0.344643   0.725048 -0.0690565
point 25 349 587.601 148.565   0.62771 -0.259355  0.635081  -0.88601  -0.79039 0.0742491  0.491246 -0.487325 -0.375417 -0.604565
point 26 361 539.581 187.005    0.80876   0.695019  -0.285412  -0.475704   0.676704    0.63933    0.25248   0.368003  -0.947199 -0.0976138
point 27 376 462.193 182.521 -0.658928 -0.863785  0.619451 -0.354725  0.667546  0.254794  0.305202 -0.115186  0.580252 -0.266684
point 28 377 211.529 227.597   0.584801   -1.04052   0.121015  -0.493174  -0.774965    0.79875  -0.400185   -1.01779 0.00370591   0.731891
point 29 379 637.429 90.4019  0.276805 -0.551151 0.0885212 0.0723261  0.562581 -0.307802 0.0705858 -0.222493   0.13339  0.229778
point 30 380 52.7697 219.669  0.602698  0.529078  0.671831  0.741272  0.256569  0.062895 -0.665876 -0.264601 -0.535098  0.127856
point 31 386  415.18 219.524 -0.0793227  -0.278928   0.310637    0.40197    1.03859  -0.137187  -0.429959  -0.663385  0.0677749   0.101368
point 32 392 498.423 231.788   0.905442 -0.0875804  -0.403224   0.249826   -1.02289   0.932799  -0.689162    0.30339  -0.671037   0.661508
point 33 393 206.549 209.811  0.509602  0.116831 -0.248085  0.313009  0.976974 -0.180269 -0.704099  0.148802  0.788329 0.0298043
point 34 402 78.0611  207.74   0.261108  -0.221351  0.0165948    1.00126   0.434208   0.074821 -0.0549712   0.499266   0.959634  -0.336106
point 35 404 65.0091 148.828 -0.00300231   -0.942833    0.211759   -0.431821   -0.150038   -0.482855    0.359692    0.811799   -0.524098   -0.253338
point 36 411 446.723 224.408    0.434827    0.933651    0.897807    0.922861     0.37945   -0.556016    0.816945   -0.309641   -0.858288 -0.00635245
point 37 438 254.198 183.935 -0.726154  0.792458 -0.618758   1.00843 -0.328345    0.7411  0.852426  0.965902  0.406892   1.01779
point 38 439 339.189 202.301  0.199162  -0.41516 -0.811858  0.209041  0.325795  0.723093 -0.318618  0.304052 0.0553905 -0.179727
point 39 440 365.634 145.442  -0.92151 -0.958415  0.145369  0.959682 -0.566832  0.393347  0.730297  -0.20814   0.41308 -0.529835
point 40 449 481.396 31.7827  -0.040185  -0.369171   0.772175  -0.557781 -0.0789644   -0.59113   0.580158   0.031456  -0.377132  -0.181858
point 41 450 167.731 126.435    0.458747    0.218058    0.672444   -0.539697    0.969717    0.530938 -0.00424065   -0.852347    0.876917    0.700705
point 42 453 8.57304 234.533  -0.360691   0.362911 -0.0463163  0.0979497   0.336435   -0.61242  -0.912669  -0.274178   0.548972   0.292425
point 43 458 218.411 160.341  -0.75198  0.213736  -0.79754  0.390894  0.568842  0.444078  0.809934  0.105848   0.93639 -0.537735
point 44 464 205.198  231.99 -0.0303686  -0.945954  0.0135001  0.0496144  -0.507456   0.189558   0.436772    0.47862  -0.641258   0.185727
point 45 477 166.039 155.625  0.887459 -0.705512  0.033291 -0.434404  0.231077  0.109677  0.668396 -0.718749  -0.29833 -0.601104
point 46 487 460.536 122.657 -0.814448   1.01736 -0.737628 -0.865125 0.0425274  0.681736 -0.319498 -0.888382  0.344175 -0.202205
point 47 502 452.212 215.847   0.309688   0.229115  0.0173255   0.399782   0.798333 -0.0930226   -0.37892  -0.953671   0.248749  0.0616559
point 48 505  219.16 174.645   -0.6747 -0.267748  0.209318  0.226756 -0.821727 -0.496583 -0.894684  0.907791 -0.495636 0.0256314
point 49 516 459.498 201.837    0.126103   -0.540083      -0.782   -0.833181   -0.100974    0.600776   -0.630676 -0.00288603   -0.791022   -0.500705
point 50 517 425.278 154.407  -0.424673 -0.0361561   -0.87079  -0.548926   0.360783  0.0955623 -0.0981255  -0.783989   0.743306  -0.517877
point 51 520 82.0452 129.312 -0.266884 -0.899595  0.333151  0.336269  0.863564  0.410278  0.411819   0.13623  0.319851 -0.159805
point 52 534 32.8441 200.776   0.271688    0.34645  -0.227896    -1.0102  -0.128167 -0.0794751   0.395197  -0.286425  -0.264311   0.107699
point 53 561  22.114 219.018  -0.863039  -0.304028   0.795065 -0.0970527  -0.910722  -0.745603  -0.183734  -0.895592  -0.346721   0.646378
point 54 569 347.051  195.27 0.0575932 -0.695057  0.322721    0.1946 -0.183616  0.456645  0.438439 -0.571968  0.925355 -0.384626
point 55 592 514.355 175.143  0.787656  0.991084  0.677206  0.339192 -0.821863 -0.866166  0.377792  0.788385   0.59657 -0.705783
point 56 616 8.10519 221.547   0.808009   0.588609   0.551332   0.358427  -0.947992  -0.021277  0.0308738  -0.582252    0.24636 -0.0233112
point 57 628 407.784 191.595 -0.734978 -0.162756  0.126078 -0.389587  -0.20419  0.912809  0.560835  -0.42654  0.456489  0.818678
point 58 640 341.858 219.225  0.038576  0.719743  0.853823  0.399359  0.119775 -0.344926  0.541673 -0.231661  -0.14285 -0.222338
point 59 663 72.9128 226.051  0.978495 -0.575778  0.902596 -0.106672 -0.263347  0.181535   0.31722 -0.790239 -0.420215 -0.530977
point 60 674 177.001 232.923  0.828363 -0.792808  0.377187  0.713208 -0.405081  -0.47679 -0.743701   0.17453 -0.104656  0.229551
point 61 675 415.637 178.294   -0.13919   0.814979   0.735797   0.158426  -0.127223    -0.7266 -0.0898014   0.779346 -0.0177401  -0.547123
point 62 678 247.142 120.413 -0.779253 -0.936329 -0.347668 -0.439985 0.0639521  -1.00839 -0.914057  -0.17265  0.299154 -0.304499
point 63 704  422.29 161.313 -0.351482 0.0802014   0.34177 -0.140451 -0.521922  0.849624  0.549316 -0.935699 -0.510389  0.632875
point 64 714 527.559 146.747  0.752042  0.429258  0.772692   0.48178 -0.525002 -0.306873  0.734191  0.954051 -0.518856 -0.828303
point 65 718 494.037 179.577      -0.4699 -0.000970149     0.896717     0.553016     0.800805     0.830897    -0.462662    -0.652978     0.684427      0.49973
point 66 723 489.878 236.376   0.125521  -0.933486 0.00852656   0.149767  -0.392421  -0.444511  -0.390984    0.74434   0.159169  -0.636046
point 67 780 178.595 239.249 -0.946792  -0.19727 -0.345426  0.126331  0.930499  0.587137  0.505695 -0.855387  0.265339   1.00545
point 68 785 619.619 148.909 -0.0690858  -0.101738  -0.464796   0.514762   -0.87525   -0.56778    -0.8494   0.646867  -0.627335   0.964271
point 69 822 281.465 225.091    0.70504  -0.245365   0.904952  -0.264226   0.318973  -0.866594   0.685816 -0.0348211  -0.259657   0.258359
point 70 826 206.899 196.615  0.556168 -0.177263  0.240278  0.498128  0.915623 -0.407202 0.0321194 -0.707891  0.817345  0.605237
point 71 831 556.134 233.106 -0.0770895   0.451908   0.738443    0.13196    0.38037  -0.898944 -0.0166178   0.577873  -0.689358 -0.0656437
point 72 835 19.3634 206.568 -0.277274  0.915735 -0.537118 0.0152466  -0.96867   0.51673 -0.689532  0.839877 -0.603082 -0.361399
point 73 847 1.49338 168.658  0.165458  0.511763   0.38053  0.969706 -0.721821  -0.69594 -0.350221 -0.824804 -0.797581   0.18639
point 74 853 334.579 174.146 -0.450714  0.861135 -0.569106 0.0632968 0.0907145 -0.685529 -0.357058  -0.44977 -0.814053 -0.688887
point 75 868 428.926 157.545   0.688911  -0.421821  -0.843673 0.00288082  -0.619667  -0.402479    0.88105  -0.863587 -0.0133956   0.538791
point 76 869 175.723 234.853  0.432674  0.757529 -0.785039 -0.578744 -0.023166 -0.796958   0.51481   -0.8912  0.782034 -0.863955
point 77 872 540.622 98.0343  0.477946  0.818921 0.0454409  0.548191 -0.463505  0.777267 -0.461593 -0.291827  -0.84913 -0.880244
point 78 877 114.987 131.346  -0.713619   0.852413   0.709224  -0.999452 -0.0837673  -0.941323   0.863843  -0.613374   0.429285   0.389154
point 79 897 280.295 168.021  0.188413  0.836901  0.974276  0.559725  0.139056  -0.82409  -0.11418 -0.202019  -0.92103  0.272253
point 80 907 342.478 220.831 -0.754946 -0.967757 -0.863472  0.572081 -0.844596 -0.910833 -0.359376  0.706171  -0.24803 -0.634176
point 81 909 24.7104 196.619 -0.273067 -0.660214 -0.187515 -0.378633  0.108814 0.0680902 -0.311771  0.166787 -0.421119 -0.145826
point 82 914 530.241 233.894   0.248313  0.0428901 0.00882158   0.424611   0.345524    0.44019  -0.652095  -0.116737   0.157222    0.83392
point 83 924 247.092 224.378  -0.417271  -0.523915   0.290214  -0.390168 -0.0864298  -0.075322  -0.961053 -0.0798436   0.824845  -0.231049
point 84 932  621.88 169.271 -0.0889871  0.0402643   0.837747 -0.0321383  -0.144051   0.740772 -0.0551254  -0.938215  -0.273784    0.55506
point 85 947 262.063 149.528 -0.369334 -0.922465  0.782487 -0.606647 -0.527503  0.936203  0.637024 -0.700037 -0.907286  0.738629
point 86 953 115.025 130.687 0.0431848  0.594585  0.722236 -0.628529  -0.11488 -0.102036 -0.481488  0.733451 -0.703248  0.808404
point 87 964 543.956 178.695  0.927463 -0.246838  0.201029 -0.241206 -0.854278 -0.951381  0.477775 -0.933609 -0.783115  0.693571
point 88 966 187.952 217.067    0.716192    0.347028 -0.00750291    0.582325    0.768759  -0.0185919   -0.728789  -0.0570824    0.747903   -0.579361
point 89 972 151.743 83.3079 -0.666173 -0.550376  0.956497 0.0319533  -0.98352 -0.508144 -0.798815 -0.283729 -0.723584  0.676753
point 90 984 241.359 152.539 -0.429071 -0.781845 -0.978122 -0.505475  0.455123  0.595589 0.0801517  0.464246 -0.536173 -0.687385
point 91 993 184.745 146.842 -0.167287  0.919948 -0.472922  0.687357  -0.05305  0.341416 -0.245866  0.132578  0.379112 -0.303036

