seq: 105
gt_pose: -2.43811 -2.06297 -3.09151
odom_pose: -1.27622 -2.48016 -2.84911
point 0 4 625.349 153.459 -0.295965 -0.827563  -1.00058 -0.123176 -0.870786  -0.52904  0.970353  0.800573  0.730671 -0.492847
point 1 28 229.321 175.067  0.231944   0.94088 -0.352063   0.79343 -0.688138 -0.222715 -0.999667  0.520011  0.562468 -0.376025
point 2 34 334.232 200.338 -0.0996933   -0.51232  -0.248387   0.110156  -0.665936   0.159346   -1.00884  -0.273595  -0.220688  -0.394174
point 3 60 420.212 151.669 -0.865279 -0.859952 -0.521179  0.380019  0.205129 -0.772157   0.92484   0.69667 -0.679529 -0.067565
point 4 70 470.875 168.644  0.858251 -0.722844 -0.409066  0.129019  0.330268  0.738272  -0.52159  0.328737   0.25361  0.641518
point 5 80 326.832  210.94  0.032047  0.467197  0.892182  0.914986 -0.851299  -0.93227 -0.897824  0.779417  0.841731 -0.959559
point 6 86 573.518 169.265   0.879418   0.392009   0.722338  -0.480467   0.143375  -0.674717   0.617135  -0.554405  -0.747566 -0.0964632
point 7 90  316.25 175.975 -0.710494  -1.01151 -0.669015  0.472219 0.0802729  0.079812 -0.482666 -0.568831 0.0465519  0.762356
point 8 114 276.095 161.283   0.520577  -0.916201   0.980129  -0.529644   0.185313 0.00473331  -0.334756   0.379282  0.0311144   0.225767
point 9 125 570.854 212.731 -0.159651  0.997785 -0.669396  0.743013  0.951287  0.487522  0.890521 -0.375298 -0.106136   0.71986
point 10 126 35.4401 199.468  0.729506 -0.488673  -0.19419  0.333243  0.903578  0.336334 -0.042178  0.662563  0.804383  0.151624
point 11 131 364.417 150.513  -0.917062  0.0896821  -0.532419   -0.33833 -0.0879007 -0.0856284  -0.478022  -0.100038   0.246155   0.714625
point 12 167 139.228 204.642  0.720678 -0.443074 -0.429983 -0.206786  0.159326 -0.957613 0.0319221 -0.480152  0.648782   0.27727
point 13 197 99.0886 102.229 -0.842505  0.611663  0.101479 -0.256579  0.808771 -0.572886  0.751144 -0.388595  0.544761  0.373504
point 14 203 13.3897 217.313  -0.667989 -0.0231067  -0.189246   -0.80895    0.95965   0.242823   0.449049 -0.0787012  -0.845801  -0.785474
point 15 210 603.466 161.694 -0.287887  0.638689 -0.441248 -0.727021 -0.777658 -0.396398 0.0462296 -0.724381  0.498943  0.744273
point 16 218 409.462 228.232 -0.171718  0.667071 -0.968636  0.719049 -0.778457 -0.669352  0.833166 -0.997635 -0.472816 -0.728646
point 17 223 33.8298 151.586 0.0241406  0.159175  0.902629  0.516349 -0.826059 -0.596731   -0.7738  0.317058  0.989027  0.941921
point 18 254 580.799 220.706  0.193399 -0.270047 -0.175442  0.560569 -0.639228  0.382821 -0.447336 -0.970533 -0.741295   -0.4453
point 19 260 602.943 203.439   0.300649   0.594017  -0.319922   0.419569   -0.47127   0.612541 -0.0113439 -0.0888448  -0.144106   0.207156
point 20 263 165.313 201.458   0.133738   0.648386  0.0694461   0.538969  -0.829635 -0.0711497 -0.0302812  -0.882221   0.570077   0.843553
point 21 266 339.484 202.157   0.818605  -0.391081  -0.216498    0.71014  -0.652088  -0.221588   -0.38606 -0.0474774   0.681002   0.811233
point 22 291 54.2262 197.946  0.231679  0.767855 -0.639918 -0.942914  0.545557 -0.734466 -0.412889 -0.133149 -0.809092 -0.326915
point 23 302 571.537 154.726 -0.793295  0.116552  0.589138  0.676398 -0.158144 -0.575733 -0.980694  0.203986  0.145244 -0.148977
point 24 306 145.806 120.646   0.487253   0.204816   0.498741  -0.131353   0.327547 -0.0171845   0.353544   0.884227   0.632773   0.308796
point 25 308 215.231 179.354 -0.515893  0.963999 0.0442589 0.0178657 -0.804128 -0.490726 -0.809971   0.78955  0.420791  0.443339
point 26 328 637.713 169.529 -0.198632  0.421878  0.311377  0.269744  0.665626 -0.328937  0.737402  0.294382  0.938694  0.821896
point 27 330 264.637 230.805 -0.0466684  -0.541832   0.235046   -0.61905  -0.287044   -1.01035   0.800731   0.974355   0.282889   0.441087
point 28 351 35.6064 141.399  0.402456 -0.723963  0.766963  0.294898 -0.825114   0.41209  0.986775  0.887969  0.497991 -0.813467
point 29 358 306.199 158.578   0.664453  -0.261305 -0.0651152   0.940377   0.158979  -0.857836   0.351057   0.483797   -0.93936   0.769422
point 30 362 585.148  147.82 -0.164962 -0.991205 -0.785277 -0.436853 -0.410728  0.665366  0.142075  0.441218   0.95898  0.840528
point 31 378  7.1233 165.563  0.435998 -0.405014  0.403348  0.384986  -0.18758  0.759819  0.502609 -0.509033 -0.580387  0.203026
point 32 389 311.679 184.165   0.363598   0.822855  -0.398562  -0.523697   0.349075  -0.676301  -0.229094 -0.0901668  -0.739137  0.0744456
point 33 397 504.267  127.06  0.730669  -0.32847  0.615416  0.186994   0.60413  0.897543 -0.691151  0.612519   0.81579 -0.747215
point 34 413 69.0441  200.89  -0.763157   -1.04563  -0.192485  -0.958166   0.126391  -0.694726   0.937244 0.00147851  -0.745791   0.301776
point 35 424 540.923 218.017    -0.1332  -0.839667   0.553721   0.360984   0.584035  -0.497638 -0.0647086   0.144328   0.854407  -0.174157
point 36 431 36.7531 200.842   0.236407   0.312147   0.956326   0.557534   0.702072   0.420733 -0.0823262  -0.948131   0.861791  -0.490177
point 37 434 151.509 184.696 -0.855955 -0.137389 -0.601424 -0.530386 -0.819158  0.197328 -0.858078 -0.894647  0.774094  0.382472
point 38 460 560.298 171.529   0.802558  -0.514448  -0.364964   0.392153 0.00257822 -0.0973514  -0.355846   0.305743  -0.769315   -0.86659
point 39 474 370.572 226.536  -0.171161   0.690093  -0.941767   0.745862  -0.658234  -0.818228  -0.346978    1.00691 -0.0095015  -0.427785
point 40 486 635.404 200.392 -0.913711  0.538087  0.980478 -0.399622   1.00835  0.793364 -0.735012  0.955247 -0.942017 -0.431334
point 41 488 435.636 159.031  0.981435  0.595555 -0.457686  0.137521 -0.764704 -0.445665 -0.252014 -0.698155  0.109726 -0.303477
point 42 501 294.029 168.403  0.417221 -0.321697 -0.181526 -0.230392  0.371033 -0.346133  0.363181 -0.294395 0.0147837 -0.428647
point 43 504 600.367 215.954  0.374255  0.878877  -0.65572  0.397632  0.193734  0.606312 -0.318289 -0.844559 0.0721657 -0.546852
point 44 511 42.5417  121.86 -0.290267 -0.504923  0.614584  0.279148  0.132657 -0.173836  0.381896  0.802857 -0.394366  0.196792
point 45 528 3.82238 126.733 -0.764964 -0.161478  0.894687  0.671043 -0.138775 -0.361312  0.646318  0.575097 -0.225558  -0.58659
point 46 543 446.778 173.384 -0.368067 -0.773808  0.621707  0.680871  0.275873 0.0124566  0.873241  0.205666  0.723225 -0.749399
point 47 545 288.213  184.62   0.836928   0.513695  -0.883959  -0.274275  -0.732455  -0.205675 -0.0316314    0.82333  -0.530643  -0.624898
point 48 552  506.71 122.552  0.877018 -0.159094  0.871785 -0.140296  0.471381 0.0321847  0.813797  0.708871  -0.39527 -0.543785
point 49 559 292.166 146.975 -0.500104   1.02131  0.970721 -0.691807 -0.178558  0.735097  0.597456 -0.699351 -0.586671  0.887407
point 50 563 583.193  180.26 -0.0700275   -0.46308   0.329793  -0.428077    0.71861   0.401585   0.278759   0.490259  -0.718187   0.384452
point 51 574 256.139 175.857  0.850438  0.382349 -0.700075 -0.191648 -0.523332 -0.701787 -0.614899  0.817589 -0.289649  0.220965
point 52 575 96.2807 152.358 0.0590739 -0.939871  0.493487  0.959681  0.782334  0.328482 -0.249189 0.0330167  0.880421  0.494166
point 53 577 463.184 191.137  0.318631  -1.00228  0.487355  0.720149 -0.800585  -0.45363  0.807463  0.709394 -0.407439  0.527403
point 54 587 592.575 147.326  0.777692 -0.412963 -0.343643  0.732925   0.25953 -0.264014  0.322877 -0.914305 -0.487989 -0.424652
point 55 600 290.085 181.109  0.895761  0.394656  0.688207  0.622241  0.976527  -0.53104  0.157294  0.509844 -0.367119 -0.851803
point 56 606 38.0931 233.545  -0.26245  0.702205 -0.114167  0.480407 -0.437241 -0.772903  0.515782 -0.361692  0.691923  0.861966
point 57 623 503.834 107.316  0.539163 -0.541452  0.626107 -0.499588 -0.270444  0.443503  0.439461 -0.164789 -0.747468 -0.391848
point 58 626 3.97996 110.948  -0.315301 -0.0547866   0.796826   0.660464  -0.799818  -0.168009   0.227649  -0.528836    0.15877 0.00142114
point 59 634 157.348 183.535    0.27751 0.00265115    0.95767  -0.683286  -0.905477  -0.079502   0.482799  -0.194795   0.126791    0.94151
point 60 635 131.713 238.764 -0.307389  0.340635 0.0416661 -0.424934  0.121354 -0.264159 -0.348751  0.532341  0.581029  0.779811
point 61 645 586.046 230.714  -0.927978   0.865947 0.00281376   0.346291   0.167924   0.969929   0.336796  -0.423814  -0.323438  -0.295503
point 62 648 256.584 206.377 0.0833245  0.390907 -0.760336  -0.94997 -0.798259 -0.115787   0.65902 -0.958903 -0.242164 0.0395308
point 63 649 593.563 229.036   0.570855 -0.0822159 -0.0661475  -0.293385   -0.54113  -0.172182   0.205192   -0.57766  -0.932686  -0.293348
point 64 650 492.661 217.753  0.791484  0.230332   0.62522  -0.50659   0.94672 -0.287244  0.861067 -0.739911 -0.158749  -0.82438
point 65 653 636.281 216.839  0.124292  0.681414  0.857114   0.55715  0.780368  0.735087  0.135144 -0.733407 0.0415008  0.583698
point 66 654 480.128 238.645  0.106783  0.657045  0.149379 0.0762765 -0.316815  0.430173   0.82167 -0.900124  -0.32369  0.693987
point 67 657 26.4614 188.231  0.184886  -1.00523  0.871348 -0.575068  0.264334 -0.217585 -0.874938 -0.347298  0.159009  -0.47751
point 68 670 500.305 196.856  0.743368 -0.374088 -0.960104 0.0625625 -0.150234 -0.494527 -0.103444 0.0866878 0.0267501  0.378403
point 69 679 255.628 173.643  0.982304 -0.289829  0.193985  0.711647  0.941968 -0.446154  -0.35458 -0.387932   0.83365  0.896259
point 70 687 507.067 218.748  -0.39772  0.251874 0.0193963 -0.246801  0.629917  0.437145  0.612391 -0.410195  0.244669 -0.550418
point 71 708 172.512 168.149  -0.108639 -0.0590142  -0.746024   0.556299  -0.372194  -0.748312   0.188642   0.678575   0.984636   0.204875
point 72 710 347.224 124.036 -0.0201434  -0.548312  -0.640999     0.3258  -0.418278   0.297686  -0.679253 -0.0947822  -0.156152 -0.0608357
point 73 715 316.066 238.421 -0.775772  0.566201  0.130764 -0.681737  0.306789  0.947599  0.338579 -0.871516 -0.187033 0.0195963
point 74 719 466.352 93.6813 -0.766617 -0.323258  0.684593  0.722982 -0.643227  0.720248  0.406656  -0.57944 -0.611882 -0.994275
point 75 727 479.891 216.039 0.0473906 -0.877487   0.59699  -0.63232 -0.291564  0.793214 -0.340183 0.0271311  0.868201  0.923116
point 76 732  536.25 170.132   0.168443   0.731418  -0.901885  -0.328735   0.120724   0.813574  -0.918725 -0.0216303   0.677879   0.626366
point 77 735 414.958 227.525 -0.914403 -0.464849 -0.174188 -0.567345 -0.267076  0.523805 -0.270426 -0.699698 -0.311924  0.804809
point 78 748 229.453 196.294 -0.997268 0.0629472 -0.403605 -0.851923 -0.534629  0.143127 -0.181417  0.957417  0.779483 -0.365092
point 79 767 87.7002  233.56 -0.0723517  0.0336826  -0.126483  -0.739006   0.363935 -0.0815294   0.122941 -0.0321527     0.3002   0.700397
point 80 770 310.212 129.392  0.747089 -0.489191  0.699135 -0.370351 0.0252017  -0.25065  0.412197 -0.779593 -0.900637  0.777604
point 81 810 127.019 205.547  0.972517 -0.662505  0.487658 -0.736196 -0.822531   1.01471  0.804099 0.0450972  0.742204 -0.661652
point 82 836 241.601 192.417  -0.715266   -0.67243  -0.162864 -0.0104736   0.589143   0.246484  -0.367124     0.6511   0.183747   -0.99346
point 83 840  26.398 153.405 -0.380557 -0.174481  0.816259  0.111283  0.210242 -0.660047 -0.904543  0.932549  0.409266  0.801588
point 84 844 278.087 221.734   0.500218  -0.809873  -0.318061   0.652326 -0.0960411  -0.717162 -0.0251294   -0.81114  -0.860548   0.883475
point 85 848 527.364 121.575 -0.455398 -0.249339 -0.869058  0.820985  0.864831  0.558055  0.136172  0.280956   0.71126  0.224946
point 86 850 280.971 186.863 -0.623034  0.891831 -0.164691   0.31186  -0.47859  0.385733 -0.924533 -0.421102  0.246754  0.971729
point 87 852 110.724  68.593  -0.383028  -0.308863   0.951988   0.255691 -0.0249094    -0.5972  0.0863621   0.848666   0.733079   0.625154
point 88 871 279.455 204.908  0.275058 -0.770633 -0.737501  0.080391  0.176638  0.736856 -0.133052  0.350188 -0.850281  0.925013
point 89 890 154.824 167.076  0.434803 -0.424948  -0.10912  -0.79624 -0.365676  0.205827   0.94641 -0.896015 -0.244536  0.251114
point 90 895 134.251 215.829  -0.783064   0.299612   0.620986   0.985707   -0.57242  -0.238877 -0.0219165   0.648095  -0.689282   0.281881
point 91 896 533.194 209.828   0.394366  -0.520379   0.386443  -0.847749   0.904433  -0.871301  -0.361875 -0.0742657   0.894439  0.0225877
point 92 900 524.301 162.736   -0.62505  -0.489064   0.555402   0.549183    0.43149   0.407937   0.885917  -0.309376  -0.512672 -0.0709667
point 93 915 138.014 192.431    0.1675  0.643854  0.166219 -0.104297 -0.738772  0.336051   1.02592 -0.497135 -0.101875 -0.350065
point 94 919 189.021 143.741 -0.749608  0.543823  -0.31904 -0.482109  0.363391  -0.36211 -0.399269  0.896277  0.118761  0.367784
point 95 921 146.537 176.688  0.238606  0.146441  -0.26451  0.746351  0.138566 0.0173814  0.186344  0.894381  0.529509 -0.428852
point 96 923 244.458 214.756  -0.771415 -0.0093006   0.738419  -0.297205   0.367791 -0.0934711   0.797803  -0.918895  -0.393349 -0.0841395
point 97 940 42.0369 188.856  0.141849  0.782492 -0.217185  0.188598  0.086783  0.310018 -0.874777  0.513396 -0.453436  0.122547
point 98 952 286.283 185.622  0.737026  0.105468 -0.407272 -0.214148  0.686611 -0.248582  0.479373 -0.699563 -0.383581  0.761695
point 99 957 409.465 173.676  -0.449342     1.0042  -0.178493  -0.880067   0.280277   0.860869   0.470413    0.57308  -0.340068 -0.0984342
point 100 973 316.641 142.947  0.182361  0.152083  0.553553 -0.936906 -0.437486  0.245387 0.0883378  0.844523  0.547741 0.0979953
point 101 991 393.807 236.032   -0.192772  0.00403971   -0.773276   -0.940505    0.978458   -0.491677    0.307516    0.439615 0.000990336   -0.726062
point 102 998 106.023 121.473  -0.444133   0.122229   -1.00559   0.371022   -0.15136    0.27577 -0.0665141  -0.705876     0.1872   -0.41364

