seq: 146
gt_pose: -7.82539  2.03939  1.19522
odom_pose:  -7.5198 0.545287  1.39872
point 0 4 448.009 59.0266  -0.258253  -0.893629   -1.00373 -0.0999062  -0.847591  -0.488063   0.903117   0.795067   0.693316  -0.455772
point 1 13  197.67 169.967 -0.956165  0.847463  0.144385 -0.682324 -0.670612 -0.166964  0.830273  0.670893 -0.309171  0.119578
point 2 27 544.265 146.071 -0.067136  -0.66732  0.762685  0.290919 0.0273083 -0.604991  0.148013 -0.163955  0.703933 -0.249298
point 3 29 250.877 206.489  -0.861041 -0.0637734   0.962888    0.46268  -0.605528 -0.0860408   0.762601  -0.827605  -0.794059  -0.260494
point 4 30 575.834 140.768 -0.691143 -0.904649 -0.868117 -0.132516  0.561003  0.362317 -0.163171 -0.808292  0.138939  0.131617
point 5 41 304.181 171.342  0.764137  0.296505 -0.132552  0.188667  0.151062  0.275564 0.0711403  -0.66316   0.17605 -0.945991
point 6 58 561.583 232.539  0.648082 -0.490939 -0.511446 -0.861494 0.0342666  0.778431  0.231028 0.0498059  0.676022  0.882942
point 7 67 351.879 217.985  -0.22477 -0.776206  0.623281 -0.238862   0.52542  0.824991    0.7132  0.695499  0.388978  0.294731
point 8 95 310.269  151.61 0.0707374 -0.388929 -0.462076 -0.563467 -0.893873 -0.726423  0.438317   0.21873 -0.537008  0.308095
point 9 97 273.008 223.316  0.890456   1.00441  0.124997  0.368353  0.797466 -0.805685 -0.999979 -0.648403 -0.380817 -0.953406
point 10 100 388.634 175.921 0.0852753   0.56666 -0.214797  0.212716 -0.101751  0.823807 -0.354255   -0.9627 -0.659349   0.52534
point 11 101 480.696 180.468   0.676079   -0.17968   0.394063   -0.67667  -0.208383   0.879928  -0.287511 -0.0191315  -0.880883   0.871905
point 12 105 566.957 113.076   0.441209  -0.981615   0.542619   0.101882  -0.198717 0.00855469  -0.787482  -0.767888    0.89405 -0.0838763
point 13 124 286.181 206.779 -0.540341  0.687079  0.798136 -0.453428 -0.810307 -0.606295 -0.990167 -0.781522 -0.727358    0.7857
point 14 125 401.601 152.332 -0.183997   0.93936  -0.67843  0.745522   0.85768  0.562426  0.880152 -0.296948 -0.165237  0.721824
point 15 142 277.627 200.669  0.393277 -0.221063 0.0614689 -0.262492  0.134132  0.542435  0.631855 -0.140319 -0.341561  0.441357
point 16 150 429.597 137.535  -0.905813  -0.558854   0.746428   0.271545  -0.595916  -0.404459  -0.977434   0.157751  -0.833545 -0.0203063
point 17 172 330.989 119.131   -0.361961    0.986494     0.42239    0.989252 -0.00913831   -0.443691   -0.364587   -0.757732    0.676302    -0.56919
point 18 178 128.499 165.247    0.743945   -0.454295    0.764368   -0.137948    0.870793     1.03248   -0.362827   -0.247248 -0.00791566   -0.931325
point 19 181 489.897 203.117    0.80279   0.543869   -0.16985   -0.15437    -0.1422   0.799857 -0.0359993   0.964149    0.61843  -0.345147
point 20 209 486.081 233.993 -0.270579   0.21661 -0.284538  0.396266 -0.867978 -0.272632  0.634949 -0.918357 -0.317301 -0.680702
point 21 210 324.053 81.6538  -0.277204   0.639033  -0.441281  -0.695125    -0.8307  -0.334327 0.00630076  -0.709465   0.506794   0.723327
point 22 211 121.262 56.4866    0.80998   0.671478  -0.165837   0.336382   -0.43763   0.639501  -0.559486   0.242673 -0.0396447  -0.380232
point 23 228  219.19 119.103   0.470258  -0.843282 0.00726451 -0.0413569  -0.970112   0.935851   -0.60258    0.54131   0.560014  -0.620817
point 24 254 286.724 194.865  0.157151 -0.194301 -0.196266  0.524289 -0.631585  0.408955 -0.421546 -0.902819 -0.800245 -0.511658
point 25 260 351.455 161.973   0.247417   0.604663  -0.337535   0.454399    -0.4815   0.662339 -0.0180031  -0.127084  -0.140671   0.222686
point 26 271 327.623 184.387   0.716833   0.538674   0.937243   0.739907  -0.662621   0.964974   0.437236   0.880792   0.750044 -0.0362455
point 27 272 225.916 165.132  0.585472 -0.458733 -0.968526 -0.223526  0.348439 -0.418064 -0.802617 -0.594245 -0.143937  0.215182
point 28 281 408.828 221.474 -0.842203  0.368693 -0.203306 0.0810443  0.554223  0.347826  0.692678 -0.236256 -0.498098 -0.397366
point 29 283 354.164 227.725  0.310877  0.270739  0.682522  -0.18098 -0.839262  0.791216 -0.857386 -0.140371 -0.161492  0.710306
point 30 307 557.055 218.463   0.118286   0.904857  -0.199064   0.633008   0.720173   0.868115 -0.0979074  -0.489323  -0.822763   0.532085
point 31 321 498.351 187.397   0.156041  -0.695867 0.00601223  -0.961634   0.940641 -0.0192537   0.250649   0.588882   0.754641   0.541691
point 32 322 472.273 176.977 -0.248022 -0.140938  0.458767  -0.74284  0.900002 -0.664009  0.963979  0.911155  0.314815  0.496316
point 33 328 364.886 121.654 -0.223205  0.428583  0.287732  0.236495  0.682324 -0.308121  0.772066  0.305139  0.979149  0.824081
point 34 335 144.269 162.663 -0.750458 -0.781721 -0.227416 -0.790522 -0.390756  0.010278  0.688143  0.764187 -0.830425  0.944643
point 35 338 352.333 216.653 -0.460796  0.374954 -0.288826 -0.314124 -0.668824  0.203208  0.689557 -0.880768 -0.505875  0.900774
point 36 346 582.976 170.187   -0.490677    0.902131 -0.00222131   -0.758551   -0.158993    0.456398  -0.0726325    0.941089    0.837378    -0.21305
point 37 360  184.15 201.433   0.489446  -0.474998 -0.0921472  -0.734058  -0.278211  -0.464882 -0.0264139   0.548003  -0.452218  -0.796179
point 38 370 233.025 157.175   -0.361901    0.896092   -0.920215 -0.00413551   -0.137972    0.585726   -0.947144    0.706115  0.00978342    0.193133
point 39 399 410.41 228.76  0.894211  0.179574  0.398162 -0.138758 -0.211412 0.0841364  0.504987 -0.630208 -0.646254  0.141007
point 40 405 584.457 167.861 -0.109491  -0.92057  0.830959  0.689155 -0.172293 0.0858812  0.356899  0.342396  0.534818  0.782811
point 41 406 494.262 206.651 -0.188922  0.892188 -0.702512 -0.554404 -0.906874  0.285347 -0.441471  0.364991  0.891254  0.394031
point 42 424 243.154 158.048  -0.140822  -0.850488   0.525456    0.38259   0.570213  -0.527193 -0.0787996    0.12545   0.913612  -0.154207
point 43 473 226.624 169.949   0.595626   0.345238  -0.746052   0.654522   0.794384   0.176665  -0.652614   0.615982 -0.0658245  -0.224823
point 44 489 16.6772 136.337  -0.812217     1.0011  -0.795074   0.847535  -0.777742  -0.623506   0.914837  -0.531151  -0.553627 -0.0639671
point 45 496 492.746 224.498  -0.941004   -0.71342    0.54588   0.289206   0.883934 -0.0141313  -0.891791  -0.457165 -0.0467256   0.279458
point 46 499 610.022 199.978   0.857037  -0.411314   0.389108  -0.625197    0.13366 -0.0489069  -0.126876   -0.18439   0.721456   0.285654
point 47 504 376.863 185.167  0.356034  0.887423 -0.680735  0.406873  0.226464  0.614139  -0.34453 -0.804987  0.123026 -0.548558
point 48 513 353.221  227.55  -0.415344  -0.550728   0.653954 -0.0902009  -0.571162  -0.684711   0.401408   0.999327   0.616647  -0.421349
point 49 524 459.698 218.321 -0.236431  0.773109  0.354477 0.0164064  0.923928 -0.548608 -0.234756  0.149619  0.296907 -0.816067
point 50 530 288.135 190.059   0.967289   0.325685  -0.188834  -0.774621   0.364456 0.00382354  0.0295643   0.209596  -0.232253   0.902545
point 51 539 592.763 142.237  0.859957 0.0239991 -0.941104 -0.658614  0.483639 -0.353158   0.99214 -0.676404  0.184842  0.203615
point 52 544 525.518  208.72 -0.0753305  -0.268469   0.643694   -0.10181  -0.761197   0.967723  -0.977527   0.337434   -0.42104 -0.0732393
point 53 554 134.845 106.726 -0.905886  0.908309 -0.629892  0.100142  0.741819 -0.784386  0.916547  0.567129  0.144258  0.306308
point 54 583 259.761 190.946  -0.444857  -0.368711 0.00118256   0.861769   0.692743   0.370588  -0.597377  -0.611813   0.302583  -0.550385
point 55 598 248.011 201.685 -0.119067  0.586628  0.499428 -0.827544 0.0172444 -0.430033 -0.386647 -0.622081  0.653248  0.630687
point 56 599  619.71 210.405  -0.458047   0.296119   0.672743   0.120076  0.0109029   0.979766  -0.172523 -0.0976015 -0.0978713   0.555672
point 57 613 549.344  88.302  0.725247  0.890693   1.02001 -0.719395 -0.808189  0.186461 -0.261079 -0.368883 0.0385195  0.869835
point 58 614 429.968 201.027  0.476773  0.586142 -0.663448 -0.737716   1.00644   -0.3571  0.732622  0.120822  0.971988  0.150434
point 59 622 626.767  156.53  -0.469422  -0.988121   0.428382 -0.0905177  -0.973841 0.00294526   0.692241   0.930462  -0.190626  -0.656188
point 60 625  203.47 65.5763 -0.0345034   0.701166  -0.200533    0.93004   0.462328  -0.639857  -0.554475  0.0843626  -0.141011   0.200166
point 61 633 185.195 186.518   0.607746   -0.83867  -0.604934  -0.165088 0.00899376  -0.411991   0.887863   0.358071    0.57838   0.270178
point 62 636 198.822 222.074   0.796777  -0.294213   0.345331  -0.934219 0.00163275  -0.321933   0.139754 -0.0230514 -0.0685412   0.185698
point 63 641 192.791 207.473   0.560604    0.63886  -0.325642  -0.813045  -0.621141  -0.128339    1.02666 0.00743914    0.49335   0.724167
point 64 645 519.625 209.923 -0.972679  0.806703 0.0754837  0.274371  0.145213  0.943119  0.295869 -0.493617 -0.340696 -0.266135
point 65 649 344.377 214.851   0.616656  -0.153649 -0.0465238  -0.257078  -0.563164  -0.140268   0.247247  -0.562449  -0.962722   -0.26017
point 66 653 282.921 206.261  0.0517277   0.602512    0.92194   0.614533   0.829112   0.714395   0.118945  -0.707659 -0.0321652    0.58364
point 67 662 522.888 190.515  0.376538 -0.325834 -0.369986 -0.788851 -0.287775  0.873884  0.584408  0.978142 -0.696795  0.722939
point 68 682 48.7539 200.968   0.905499   0.417541  0.0081848 -0.0980582  -0.775186    0.93548   0.874476  -0.798734    -0.3367  -0.269086
point 69 683 471.865 92.5005  0.339949 0.0732228  0.520566 -0.772926  0.766483 -0.673513  0.801151 -0.046396  0.747665   -0.9499
point 70 690 163.739 141.279   0.371111   0.964668   0.213982   0.404598 -0.0854905   -0.76545  -0.766198  -0.351562   0.518525  -0.455075
point 71 705 415.625 239.065 -0.0237099  -0.756944  -0.157831   0.547126   -0.94382  -0.276415   0.901679  -0.656782  -0.366056  -0.409998
point 72 725 622.156 197.209 -0.718862 -0.736423 -0.723684 -0.966133  0.274018  0.375269 -0.807035 -0.774922 -0.510715 -0.216724
point 73 729 408.351 238.423  -0.438838   0.645032   0.397395   0.578228  -0.617438  -0.503323   0.675555    -1.0205 -0.0937142  -0.539574
point 74 761 342.547 215.324  0.705411 -0.858854  0.150148  0.449663 -0.722368 -0.804116  0.115505 -0.639456 -0.652073 -0.852853
point 75 793 273.393 175.686  -0.647491    1.00263   0.359212  -0.219374  -0.640826 0.00977567  0.0928322  -0.444324   0.445474  0.0688822
point 76 798 559.148 135.892 -0.490892 -0.864894  0.916179  0.522422  0.486017  0.545768  0.670176  0.933242 -0.941632 -0.559478
point 77 800 567.529 135.375  0.560346 -0.923481 -0.515816 -0.108416  0.793788 0.0279943 0.0884358  0.754508 -0.459461  -0.46774
point 78 814 161.628 204.263  -0.47442  0.137738 -0.333244 -0.211332 -0.792305  0.674005  0.885219  0.783576 0.0578294  -0.72686
point 79 816 403.063 178.239  0.639257 -0.262215 -0.858837  0.464622     0.288 -0.326916 -0.405148  0.965419  0.434697 -0.283422
point 80 832 506.409  188.21  0.683937  0.926358 -0.393544  0.661815  0.715676 -0.530481 -0.710903  0.782473   -0.8068 -0.843909
point 81 854 590.051 222.267    0.65839   0.127301   0.390171  -0.734013 -0.0744161    1.03658 -0.0418112  -0.125733   0.256858   0.969587
point 82 856 563.675 189.545 0.0101759     0.643  0.373829 -0.580353 -0.561982 0.0686196  0.550352  0.833124   0.23167 -0.597715
point 83 858 612.487 125.686    0.49953   0.250639   -0.16072  -0.110217   0.695713   0.898842  -0.433823    0.13357  -0.783042 -0.0352117
point 84 859 230.625 228.544  0.422584 -0.762728 -0.299636  0.697966  0.509816  0.779242  0.870689 -0.961009   0.16928  0.822276
point 85 875  200.79 239.358 -0.780498  0.808681   0.53197  0.365826  0.553954 -0.120562  0.903422  0.681211 -0.206109  0.709457
point 86 899 443.812 183.635  -0.48091 -0.493141  0.602399 -0.695228 -0.897529 -0.142646 -0.846392 -0.934971 -0.620128  0.314433
point 87 933 193.781  173.37 -0.747151  0.356971  0.504393   -0.3227  0.622261   0.20415 -0.498577 0.0792683 -0.999387  0.854605
point 88 934 388.599 171.955  0.298402 -0.612528  0.792269   0.20252 -0.981346 -0.392549 -0.764975  0.806249  0.566767  0.115264
point 89 945 199.206  193.81 -0.928605  0.204163   0.80051 -0.803364 -0.911454  0.782099  0.484009  0.818233 -0.932552   0.51574
point 90 946 596.683 87.2859  0.172165  0.888683 -0.451201 -0.834271  0.519778  -0.88221 -0.254799 -0.705147 -0.450927 -0.556966
point 91 955 354.807 215.394 0.0866186  0.317153 -0.784644 -0.251254  0.390732  0.285528 -0.672592  0.228736  0.710526  0.226828
point 92 960 407.549 179.082 0.0916424 -0.750927 -0.696553  0.984646 -0.674995 -0.115855 -0.908318 -0.467681  0.585414  0.153884
point 93 968 617.776 180.207   0.108642  -0.418963   0.124405  -0.115398   0.907526  -0.228959  -0.726552 -0.0840222  -0.672826  -0.942208
point 94 980 554.171 203.068  0.458592 -0.182155  0.528608 -0.560144  0.487304  0.387466 -0.850122 -0.175344  0.305692 -0.697668

