seq: 127
gt_pose: -6.68211  -1.4828  2.29969
odom_pose: -5.62195 -2.75187  2.45987
point 0 4  533.95 146.061 -0.293639  -0.83791 -0.957793 -0.126984 -0.902493 -0.538001  0.939561  0.776675  0.699553 -0.512768
point 1 19 37.3036  130.49  0.300956  0.319937 -0.271605 -0.580925  0.252729  0.224423  0.441091    -0.338  0.508706 -0.580465
point 2 67 548.088 219.773   -0.2022 -0.827784  0.612922  -0.19197  0.514429  0.832891  0.736522  0.634887  0.401978  0.252306
point 3 86 510.421 150.791  0.872819  0.383079  0.705751  -0.47401  0.134748 -0.702635  0.666904 -0.566449 -0.764957 -0.137263
point 4 100 607.103 171.087   0.119999   0.613853  -0.224866    0.17424 -0.0912215    0.81739  -0.379253  -0.887196   -0.69309   0.468056
point 5 108 50.2531 210.724  0.904292  0.722018 -0.489358  0.388904 -0.240943  0.271149  0.382399  0.913541 -0.828473 -0.158929
point 6 125 482.029  208.15 -0.165509  0.933133 -0.666594  0.720569  0.893091  0.481696  0.940159 -0.283724 -0.124006  0.752108
point 7 144 339.838 145.523 -0.508856 -0.148216 -0.890908 -0.807439 -0.710029  0.557847 0.0817602  0.372608 -0.682304 -0.796415
point 8 150 543.546 178.264  -0.864427  -0.547867   0.710019   0.301256  -0.641454  -0.390615   -0.94113    0.17725  -0.852233 -0.0717053
point 9 172 491.716 165.366  -0.329852   0.986295   0.364764   0.933198 -0.0342908  -0.465906  -0.401371  -0.822878   0.667311  -0.564742
point 10 210 471.142 163.689  -0.276537   0.642411  -0.431327  -0.676724  -0.793785  -0.345301 0.00046048  -0.692149   0.504925   0.787166
point 11 219 382.044 237.038  0.217098 0.0266235 -0.342182  0.934485  0.133054  0.295613  0.213463   0.10992 -0.448633  -0.60667
point 12 235 329.527 217.546 -0.827817 -0.986656    1.0247  0.463378 0.0905107 -0.189208   1.03795 -0.741537 -0.878318   0.31799
point 13 249 324.729 157.133   0.684232  -0.678648  -0.394518    1.01911  -0.119106  -0.644075   0.524401  -0.755384 -0.0179021  -0.422991
point 14 254 449.881 220.763   0.12377 -0.261102 -0.239574  0.550315 -0.587964  0.395065 -0.456433 -0.966966 -0.740725 -0.525104
point 15 260 482.011 202.968   0.256655    0.66955  -0.309442   0.402023  -0.467566   0.676677 -0.0300051  -0.144883  -0.140425   0.212884
point 16 281 634.417 219.367 -0.845657  0.348417 -0.203801 0.0617766  0.533754  0.328414   0.67329 -0.184378 -0.423256 -0.420484
point 17 283 536.197 229.848  0.308395  0.258054  0.687283 -0.192411 -0.905027  0.818633 -0.782592 -0.061737 -0.111836  0.760245
point 18 295 346.944 164.638   0.721891 0.00503143  -0.290547   0.341549   0.103697  -0.324307  0.0270556   0.594723  -0.110096   0.278431
point 19 312  96.139 124.656 -0.224576 -0.696189 0.0791547 -0.477707  -0.81942 -0.412667  0.651075 -0.440736 -0.166038  0.385808
point 20 328 501.684 173.556 -0.247822   0.38419  0.215372  0.213776  0.712199 -0.310729   0.78059  0.295045  0.892644  0.840672
point 21 338  515.85 223.668 -0.464395  0.461144   -0.2877 -0.372497 -0.698569  0.229055  0.611234 -0.892176 -0.522057  0.921111
point 22 362 528.834 123.672 -0.129776 -0.948953 -0.828286  -0.35327 -0.476763  0.728115  0.103675  0.414675  0.960543  0.887776
point 23 363 215.426 180.986 -0.431402  0.180589  0.283945 -0.472271 -0.259107 0.0732949 -0.735013  0.414522  0.535849  0.967211
point 24 375 161.762 111.311 -0.427414 -0.869107  0.826459  0.202078  0.107477 -0.679563 0.0749382  -0.89445 0.0260611 -0.459673
point 25 388 352.501 154.761 -0.439995 -0.150776  0.814864 -0.468595 -0.889821 -0.216812  0.356037  0.418335 -0.751531  0.289547
point 26 410  248.82 53.3111  -0.25342  0.459713 0.0307426 -0.267614   0.34653  0.648493 -0.475977  -1.02194  0.755944  0.702444
point 27 424 426.716 215.503 -0.0713062  -0.852454   0.499726   0.376285    0.56715  -0.466096 -0.0909126   0.161925   0.868813   -0.17869
point 28 467 356.328  189.36 -0.374904 -0.748444   -0.1041 -0.362415  0.925232  0.280604  0.502261 -0.104545 -0.657665 -0.703444
point 29 474   255.9 149.753 -0.168204  0.695411 -0.856626  0.678926 -0.685429  -0.79123 -0.365905  0.931535 -0.002044 -0.425304
point 30 480 615.444 220.395   0.270529  -0.946944  -0.930465  -0.233005    0.37074   0.276113  0.0368538 -0.0686146  0.0745806     0.6743
point 31 488 445.975  5.1618  0.949987  0.542896 -0.542228  0.127703 -0.718087 -0.365174 -0.269524 -0.748599  0.163388 -0.272839
point 32 490 310.826 239.984  0.390005   0.90807  0.337448 -0.571143  0.971737  0.211331 -0.957454 -0.590042 -0.603896 -0.718034
point 33 496 616.061  228.52  -0.961975  -0.761543   0.587402     0.2135   0.897353 -0.0128792  -0.848634  -0.403265 -0.0446105   0.265297
point 34 504 490.749 214.673  0.369628  0.925011 -0.685593  0.361578  0.251663  0.665398 -0.374636 -0.800044  0.150617 -0.479544
point 35 513 558.943 227.751  -0.42427 -0.634045  0.608934 -0.125126 -0.627835 -0.685555  0.432664  0.991534  0.635279 -0.374714
point 36 572 224.087 215.986   -0.97305   0.584678    0.31687  -0.625163  -0.195855  -0.427429   0.736053 -0.0223839  -0.440284   0.679711
point 37 580 258.643 236.199  -0.332513  -0.434137   -1.00108   0.875058   0.219315  0.0720975  -0.291052   0.861271  -0.744089 -0.0367716
point 38 589 360.163 133.802  0.152426 -0.137334 -0.319215 -0.725298 -0.450264 -0.504321 -0.105198  0.194186 -0.846687  -0.92871
point 39 625  416.06 186.873  0.0167534   0.701272  -0.127181   0.901613   0.447878  -0.609109  -0.579094  0.0618702 -0.0880361   0.182727
point 40 643 364.374 213.309 -0.0277426  -0.971146   0.382687  -0.292393   0.420049 -0.0754596  -0.705833  -0.948588  0.0995854  -0.357322
point 41 645 527.989 228.356 -0.891051  0.795158  0.047017  0.325282  0.144626  0.974334  0.330749 -0.474343 -0.321787 -0.209005
point 42 647 299.058 183.617   0.917087  -0.440602   0.928632   0.188413   0.475555  -0.936658 -0.0140049  -0.532488   0.338702  -0.799243
point 43 649 475.406 228.697  0.554511 -0.160105 -0.103079 -0.305268 -0.500885 -0.127226  0.239746 -0.584616  -1.01022 -0.295722
point 44 654 484.365 237.189 0.0915999  0.646035  0.197054 0.0614175 -0.322343  0.366664  0.808539 -0.972574 -0.334192  0.657704
point 45 656 362.651 175.181  0.0379579 -0.0368855   -0.60652  -0.811783   0.894529   0.547074   0.868511  0.0825985  -0.434574  -0.419496
point 46 660 78.9621  52.277  0.148251  0.345018  0.286024 -0.590233 -0.783463 -0.344232  0.474813 0.0688488  0.301651 -0.327263
point 47 663 637.562 226.221  0.974369  -0.48903  0.894922 -0.129308 -0.264094  0.148385  0.349098 -0.870266 -0.442481 -0.515691
point 48 670 412.075 181.539  0.763691 -0.369593 -0.941946 0.0808011 -0.129465 -0.481233 -0.119916  0.103188 0.0201895  0.402519
point 49 677 576.652 226.367   0.347765 -0.0653367  -0.361545   0.336013   0.215908   0.620328   0.141454 -0.0308673  -0.258536    1.03265
point 50 680 335.872 203.347 -0.0459127  0.0383634  -0.930978  -0.351944  -0.217706  -0.803288  -0.259242   0.462822  -0.208619   0.771202
point 51 683 626.502  116.74   0.322665   0.137021   0.580708  -0.807517   0.723175  -0.760532   0.756488 -0.0436103   0.730398  -0.979839
point 52 693 55.2829 150.223  0.603079  0.356329  0.609898 -0.444257  0.877833  0.141531 -0.473521  0.163129  0.875304 -0.374368
point 53 694 400.916 215.951  -0.676717  -0.790158 -0.0544998  -0.374481     1.0059  -0.380719  -0.245414   0.838698   0.722202   0.430301
point 54 716 218.642 204.289   0.976369 -0.0205696  -0.551496   0.840521  0.0173712  -0.812387   0.269783  -0.279084   0.649455    0.77892
point 55 729 603.912 238.481  -0.376513    0.60114   0.438898   0.621071  -0.531522  -0.456853   0.732366  -0.998192 -0.0779033  -0.523571
point 56 732 467.481 146.941  0.210438  0.736503 -0.985521 -0.345977  0.172065  0.851376  -0.87165 0.0264282  0.700595  0.636227
point 57 756 608.635 192.159 -0.732141  0.257971 -0.853837 0.0917847 -0.181579  0.273487 -0.433399  0.561951  0.211555  0.780373
point 58 757 281.536 191.226  0.370808  0.779831 -0.807273  0.957814 -0.242305  0.401971  0.114305  0.672575  0.131588 -0.444461
point 59 761 536.536 217.997   0.62567 -0.813065  0.148538  0.439817 -0.819043 -0.801928 0.0986645 -0.612578 -0.664922 -0.854146
point 60 796 297.834 180.134    0.623343   -0.874009   -0.566566   -0.484859   -0.155395   0.0490824    0.948361    0.472532    0.386753 -0.00394409
point 61 896 495.839 195.086   0.385258  -0.505166   0.408237  -0.862141   0.945522  -0.803372  -0.336497 -0.0441291   0.848498 -0.0472019
point 62 900 447.501  137.18  -0.562599  -0.515576    0.56021   0.536691   0.423939   0.376996   0.884474  -0.227239  -0.595095 0.00163805
point 63 902 310.408 156.096 -0.413157 -0.716618  -0.19139  0.814718 -0.700926  0.190961  -0.66644  0.951933 -0.258379   0.86544
point 64 950 240.273 184.262 -0.817305 -0.340887 -0.414036  0.896712 -0.760731 -0.333213 0.0587788 -0.677181 -0.954402  0.911043
point 65 955   559.3 215.963  0.057246  0.295836 -0.715761 -0.268609  0.379317  0.332879 -0.700464  0.188855  0.720356  0.181804
point 66 959 158.301 235.809  0.628653  0.504056  0.424923 -0.353766  0.847368  0.844125  -0.40566 -0.455014     1.015  0.890018
point 67 960 573.177 190.528 0.0177536 -0.755031 -0.701433  0.985841 -0.613149 -0.156385 -0.879601 -0.449038  0.630513  0.195501
point 68 986 358.896 222.035  -0.331249  -0.275449   -1.04038  -0.506676 -0.0909116  -0.468918  -0.319021 -0.0941799  0.0321225  -0.841323
point 69 991 543.688 204.109  -0.119693  0.0218999  -0.789951  -0.956466   0.987874  -0.485716   0.359347   0.405471 -0.0676192  -0.741359

