seq: 293
gt_pose:  5.17365 -4.88424  -2.6394
odom_pose:  3.02804 -5.75514 -2.80126
point 0 5 623.899 164.733 0.0724817  0.326409  0.062712 -0.953624 -0.151992  0.859626  0.825593  0.423556 -0.404285  0.486014
point 1 11 353.831 200.394  0.626761  0.513207  0.292969  0.889793  0.312695  0.549663 -0.792524 -0.727398 0.0898361 -0.892838
point 2 23 480.339 145.793   0.795011   0.755634 0.00183166   0.151159  -0.681539  -0.494734   0.700069  0.0333719 -0.0749663   0.735944
point 3 24 459.329 183.438   0.358829   0.450221  -0.742862   0.246189 -0.0022214   0.678021   0.434431  -0.616677  -0.522664 -0.0398943
point 4 26 432.439 135.254 -0.869056 -0.769733  0.255368 -0.257108 -0.403908 -0.292497 -0.821813 -0.155276  0.866518  0.162446
point 5 48 408.598 136.543  -0.321551    -0.9586   0.800366   0.249163   0.513385   0.770323   0.820299  -0.660946  -0.109534 -0.0230954
point 6 66 353.166 173.317 -0.799966 -0.189033  0.238966  0.286825  0.425625 0.0883456  -0.22501  0.605724  0.141784  0.888267
point 7 69 113.543   106.8  -0.400093  -0.766567   0.786602  -0.810653 -0.0524691   -0.48007   -0.62094  -0.390661   0.334644   0.921143
point 8 72 545.259 214.419 -0.819457 -0.388454  0.739274  0.197354 -0.835218  0.633986   0.52752 -0.242262 -0.301074 -0.238938
point 9 102 299.702  169.65 -0.314049 -0.779272 -0.394247 -0.779222  -0.53033  0.809202  0.781846  0.304532 0.0186563 -0.285082
point 10 107 187.468  183.75 -0.261819  0.104065 -0.912718 -0.908402  0.551506   0.59906 -0.974694  0.110967 -0.343013 -0.119142
point 11 116 536.235 224.352   0.902563   0.614982   0.412758  -0.488425   0.545617 -0.0685226  -0.312647   0.608402   0.401632   0.860091
point 12 118 326.153 120.257   0.849688     0.8917   0.645182  -0.515631 -0.0548403   0.545129  -0.945618  -0.656084  -0.884548    0.73375
point 13 137 47.0447 160.153   0.100132  -0.627313  -0.838401  -0.199934   0.816286   0.699591  -0.679944   0.280415 -0.0134332   0.495974
point 14 138 516.385  224.26  -0.412205  -0.769863  -0.472401  -0.640431  -0.526539   0.119603   0.593912   -0.75353   0.112559 -0.0331246
point 15 146 485.988  176.07   1.03841 -0.557751 -0.677086  0.117438 -0.678146 -0.123669  0.977332 -0.521911 0.0468843 -0.732162
point 16 182 246.124 227.291 -0.916247 -0.983783 -0.789499  0.865747 -0.778974  0.115255  -0.69827 -0.391133  0.369959  0.465431
point 17 187  263.21 152.913  0.787829  0.577125  0.658857 -0.258612  0.498694 -0.247058  0.174236  0.969637 -0.920363  0.912009
point 18 220 283.296 196.663  -0.771052   -0.54902  -0.949934  0.0859206   0.565598  -0.182951  -0.268846   0.560711  -0.387191 -0.0707735
point 19 234 409.411 164.495 0.0754031 -0.160021  0.638219 -0.312049  0.853435  -0.45905  0.325253  0.259047  0.224145  0.470188
point 20 242 461.268 149.255 -0.800394 0.0216926   0.17694   0.48326 -0.333601  0.628369  0.833668 -0.770748  0.419212  0.589823
point 21 246 93.2183 189.513    0.560913   -0.245641 -0.00451654  -0.0371127    0.279726   -0.975601   0.0700069   -0.199562    0.619398    0.146663
point 22 256 180.144 192.346 -0.691299 -0.716705 0.0348885  0.738542   0.47883 -0.814359 -0.564647 -0.664863  0.758972 -0.156468
point 23 277 531.159 156.412 -0.526412 -0.879297  0.245443 -0.861779 -0.999668  0.144047  0.128892  0.524991  0.409803  -0.86295
point 24 299 278.201 168.613  -0.640429 -0.0280487   0.475847    0.94034  -0.350449 -0.0476879  -0.203516  -0.555935   0.713406   0.953663
point 25 323 336.966 200.016 -0.754807  0.577474  0.339397  0.797154  0.316758 -0.533432  -0.92915 -0.681646  -0.53041  -1.00045
point 26 326 407.103 187.558  0.438803 -0.482794  0.582071  0.227618 -0.903846 -0.321872 -0.407836 -0.664232  0.218755 -0.839997
point 27 331 620.262 222.618  -0.415461   -0.26464   -0.25577   0.176839 -0.0621584   0.868573   0.900195  -0.527756   0.728562   0.855864
point 28 334 555.276 213.019  -0.389334  -0.391411   0.950635  -0.664692   0.210475    -0.3653   0.156784  -0.821645   0.963358 -0.0847213
point 29 359 527.979 130.054 -0.122058 -0.214187  0.679697 -0.535551  0.682168 0.0290404  0.192416  0.225438 -0.508031 -0.224716
point 30 374 221.718 121.971  0.540145 -0.315516  0.305869 -0.619017  0.457772 -0.926105 -0.730896 -0.567118 -0.482812 -0.765146
point 31 382  491.41 189.226 -0.740598  0.828265  0.920832 -0.911238 0.0799817  0.528275  0.513956 -0.202538  0.199415  -0.16331
point 32 414 99.3275 90.1191   0.619138  0.0596977  -0.686704   0.455262   0.263307   0.892484   0.262458   0.570208  -0.614235 -0.0478852
point 33 429 257.266 152.007   0.46111  0.421914 -0.650114 -0.539617   0.57396 -0.948933 -0.599708  -0.18751 -0.381559   0.31731
point 34 452 312.815 2.12226  -0.935054   0.229856  -0.190766   0.687649   0.535829  -0.750673 -0.0598926    0.21445  -0.354559  -0.090422
point 35 470 519.708 237.777  0.470957 -0.109741 -0.578771  0.864571 -0.318459  0.881624 -0.445069  0.181038  0.392678  0.790783
point 36 472 611.038 199.152  -0.920902 -0.0520103   0.656254  -0.185625   0.929347  0.0513158   0.700797  -0.739182 -0.0191646  -0.585572
point 37 475 551.954 222.794  -0.976772   0.141401 0.00777425   0.560863  -0.325186  -0.372603  -0.137113 -0.0669716  -0.698028  -0.276506
point 38 484  379.67 151.021  0.872779  0.675238   1.00326 -0.754744 -0.610439  0.454475  0.591031  0.643897 -0.329574 -0.739404
point 39 492 485.788  152.35  0.507391  0.517905 -0.677689 -0.436978 -0.493015  0.718696 -0.516433  0.845881 -0.800975  -0.61079
point 40 503 582.153 208.249  0.303371 -0.110653  0.675818 -0.982181 -0.150027  0.176583 -0.228775  0.675467  0.988026 -0.936874
point 41 508 499.634 150.903  0.612677  0.589743   -0.2392 -0.080537 -0.721845  0.899275 -0.778498  0.246024 -0.701302 -0.790478
point 42 529   573.7 185.102  0.429736 -0.385099   0.11236 -0.340651  0.684716 -0.138457 -0.821563  0.771722 -0.199233 -0.369394
point 43 540 1.18826  9.1929  0.952179  0.588197  0.749622 -0.494572 -0.328729  0.975355  0.343847  0.886127 -0.935876  0.376843
point 44 560 402.001 192.249  0.910755  0.491995  0.527009  0.755764  0.303379  0.392394 -0.770915 0.0631416 -0.511252  0.414876
point 45 565 375.907 238.322 -0.870883  0.899737  0.417132  0.302758 -0.535085 -0.629659   0.79142  0.798435 0.0138722  0.540751
point 46 566 294.143 236.389  0.606867  0.718009 -0.240134 -0.237708  0.106257  0.170002  0.573815 -0.632639  0.639815 -0.507587
point 47 584 249.455 205.025  0.125309 0.0195698 -0.593545 -0.934133  0.429022  0.344642 -0.733218  0.915437  0.380472  0.432958
point 48 597 452.851 164.991  -0.737994   0.739335   0.899603 -0.0781844  -0.296502   0.547728   0.885942   0.865813   0.477272  -0.338417
point 49 602 261.702 174.366 -0.909677  0.749599 -0.312106 -0.150648  0.187391 -0.349684 -0.765042 -0.191953 -0.809346 -0.773832
point 50 620  246.04 38.8598   0.518075   -0.24312   0.887565    0.77408  -0.333459  -0.343358  -0.761226   0.334175 -0.0177385   0.503355
point 51 638  358.49 198.522 -0.247272 -0.884352  0.590089 -0.786625  0.188393  0.334545 -0.136097 -0.341855  0.443711   0.90199
point 52 639 567.045 191.946  -0.80931  0.844676 -0.347394 -0.374788  0.791561  0.621227 0.0265584 -0.869798 0.0708787 -0.694815
point 53 651 421.781 136.477  0.872924  0.558548  -0.48331  0.203777 -0.501006 -0.960815 -0.849932  0.402352 -0.254389 -0.387326
point 54 665 322.013 198.371  0.514823 -0.957652      0.96  0.248388 -0.073562  0.909927  0.742096 -0.160772 -0.221262 -0.465906
point 55 673 51.7003 231.885  -0.453835   0.684442 -0.0339937  -0.286885   0.605634 -0.0224553    0.39562  -0.466496   -0.44958   0.137747
point 56 707 192.386 204.557   0.758035   0.768231   -1.01645   0.329377  -0.237516 -0.0679132   0.640266   0.604153  -0.538818    0.71241
point 57 722 370.788  152.77    0.50483  -0.565835  -0.208533  -0.693238  -0.817105  -0.878311  -0.323532   0.571859   0.449107 -0.0602505
point 58 724 350.911 182.631    -0.8668   0.876547  -0.185812  -0.503831   0.914642  -0.691077 -0.0732067  -0.284637  -0.431582  0.0939062
point 59 731 384.174  142.48 -0.286488  0.339133  0.339688 -0.898526 -0.660961  0.912516  0.733562  0.824563   0.59036 -0.830461
point 60 741 264.244 220.558  -0.129203   0.232716    0.17982  -0.972864   -1.01414   0.256819   0.152757  -0.418226  -0.817524 -0.0408298
point 61 743 148.027 154.521   0.113153  -0.605881    0.90137   0.270283   0.713063  -0.299915   -0.46244 -0.0960727  -0.285606  -0.439282
point 62 745 299.358  142.52  0.941022 -0.415277  0.130487  -0.65919  0.316734  -0.68463 -0.205592  0.119103  0.582452 -0.532221
point 63 763 351.313 127.766  0.156647 0.0977552 -0.746683 -0.242587 -0.561227    0.8422   -0.1093   0.47237  0.369362  0.131349
point 64 775 213.174 141.481 -0.935736 -0.821984   1.00242 -0.762218  -0.66086 -0.879359 -0.818235 -0.903505   0.23713  0.277646
point 65 801 175.141 161.535  0.512548 -0.381495  0.391362  0.517602 -0.380585  0.671564 -0.465168  0.672957 -0.280573 0.0177879
point 66 818 275.349 189.796 -0.00057008   -0.864653    0.113213   -0.399177   -0.746173   -0.286688    0.363431   -0.629784   -0.845899   -0.403816
point 67 819 526.366 196.504 -0.500571  0.432174 -0.707051  0.783352  0.909977 0.0192766  0.263546  0.808286 -0.441405 -0.115932
point 68 855 298.71  126.4  0.0807395   0.919876  0.0996531 -0.0633118  -0.824378   0.667998  -0.223196  -0.482706   -0.24093   0.900283
point 69 861 489.031 192.936   0.133913   0.651982   0.780781   -0.11688  -0.461327   0.276954  0.0403569    0.18468 -0.0304652  -0.499263
point 70 862 618.274 194.543 -0.802214 -0.332321 -0.700878 -0.215208   0.59437  -0.46043 -0.110161  0.373326 -0.917446 0.0759993
point 71 887 428.485 225.319  0.631218 -0.725688 -0.818321 -0.709411 -0.836594 -0.867462 -0.347099 0.0918422 0.0455485 -0.796285
point 72 903 609.408 59.1688  0.789395  0.525863   1.01815  0.787282 0.0286355 -0.681903  0.178023 0.0377901 -0.922666 0.0354035
point 73 918  490.87 210.289 -0.851659  0.211628  0.562287  0.134611 -0.365663 -0.763049 -0.636326  0.913153 -0.192841 -0.234652
point 74 925 378.085 177.154   0.803297   0.556479  -0.472507  -0.630225 -0.0814589  -0.262387   0.387085  -0.316452   0.404731  -0.204584
point 75 931 391.358 157.244  0.688289  0.765167  0.363026 -0.175234  0.396639    0.4978  0.613616 -0.951723 -0.268775 -0.228458
point 76 936 569.892 128.645 0.0794272 -0.401018  -0.46236 -0.370692 -0.449158  0.922301  0.113928 -0.703647 0.0838499  0.169899
point 77 943 158.514 227.137  0.963527  0.330395  0.707945 -0.646732  0.983338 -0.359467  0.163881 -0.798052 -0.344226 -0.381531
point 78 961  373.84 125.418 -0.321501 -0.498924   1.01982  0.589697  0.533821  0.661795 0.0933821 -0.101792 -0.725762 -0.172553
point 79 962 570.439 205.052  -0.214178  -0.237496     0.9151  -0.781105  -0.765491 -0.0561774  -0.539145  -0.481683  -0.101407  -0.153431
point 80 965  560.17 156.153   0.921649   0.628948   0.506655 -0.0428646 -0.0328327  -0.474353  0.0792285   0.627249   0.929439   0.195718
point 81 974 599.085 234.897 -0.528801  0.739134  -0.78801 -0.859027  0.473042 -0.455583 -0.397778  0.436134  0.558754 -0.392911
point 82 977 382.772 184.907  -0.491054 -0.0201023   0.650951  -0.747883   -0.70082   0.848947   0.765912    1.02717  -0.202806   0.391569

