seq: 158
gt_pose: -6.05092  3.48428 0.107334
odom_pose: -5.97722  2.25391 0.216365
point 0 24 622.444 193.193    0.327755    0.461251   -0.702608    0.171087 -0.00412934     0.71814    0.476606    -0.66841   -0.507015  -0.0179012
point 1 27   392.9 71.6184 -0.00271335    -0.64269    0.725769    0.230159   0.0303617   -0.588472     0.16204   -0.146007    0.625026   -0.172737
point 2 30 375.188 118.907  -0.716746  -0.869787  -0.886419 -0.0694094   0.522191   0.391562 -0.0861656  -0.713138   0.227492   0.151742
point 3 58 351.168 231.426   0.702131  -0.541963  -0.536921  -0.878123 0.00124952   0.791276   0.190101  0.0126523   0.679487   0.884247
point 4 63 356.619 211.642  0.186619  -0.73079 -0.878371 -0.248675 -0.688001  0.323786 -0.729911  0.796371  0.120525 -0.621955
point 5 72 604.517  213.78 -0.775137 -0.323102  0.772395  0.195428 -0.801017  0.655548  0.537075 -0.233101 -0.223798 -0.175667
point 6 88 410.427 235.892  -0.228581 0.00241108   0.431654  -0.949561   0.324277   0.204896   0.363478  0.0816618   0.757251  -0.554251
point 7 92 520.959 207.161  0.130832  0.754043 0.0518748  0.910493  0.355028  0.299288  0.990847  0.636092 -0.225398 0.0575771
point 8 93 402.824 161.591  0.773388 0.0361835  0.170565 -0.772226  0.900758 -0.309867  0.175444 -0.926617  0.536365 0.0505391
point 9 100 50.7893 22.5923  0.100984  0.627341 -0.213063  0.164534  -0.11312  0.818822  -0.39311 -0.912632 -0.655484  0.492914
point 10 101 271.307 159.933  0.664743 -0.174979  0.335607 -0.707828 -0.286229  0.926067 -0.357669 0.0401439 -0.883005  0.857596
point 11 111 426.027 232.527 0.0658598   1.01888 -0.855954 -0.986458 -0.124762   -0.3832  0.992328 0.0209151   0.23784  0.402759
point 12 160 87.9908 154.987 0.0464693   0.38207  0.179268 -0.704577  0.616591 -0.392198  0.815587 -0.129568  0.351989 -0.320451
point 13 166   482.2 200.347 -0.591071  0.360817 -0.579046 -0.450551 -0.705974  0.287791 -0.690941 0.0976919  0.155755 -0.637824
point 14 181 273.289 198.584  0.834769  0.607845 -0.194189 -0.145274 -0.182558  0.772441 0.0402434   0.99797  0.607051 -0.294852
point 15 186 380.618 169.124 -0.409891 -0.416149   0.30348  0.466089  0.886986 -0.942001 -0.113993 -0.503123  0.122079  0.278065
point 16 189 227.415 226.477   0.923611 -0.0474538  -0.933537  -0.806828  -0.112826   0.897444   0.718255  -0.474813  -0.413196   0.130124
point 17 193 69.2151 179.109    1.01402   -0.80808   0.948333   0.777061   0.531244  -0.937862   0.933946   0.634279   0.801942 -0.0460492
point 18 208 189.389  186.15 -0.958902 -0.330154 -0.936021 -0.105211 -0.224493  0.821887  0.976353 -0.668995  0.693309 -0.817449
point 19 209 276.596 232.143 -0.274923   0.15542 -0.377433  0.390655 -0.890716 -0.305512   0.64557 -0.825565 -0.332955 -0.706508
point 20 216 502.773 202.822  -0.711662  -0.965914   0.819272  -0.835302   -0.57553  -0.815499  -0.361597  -0.239132 0.00847567   0.831972
point 21 233 374.109 232.986 -0.178276 -0.439836  0.140906  0.271738   0.32462 -0.205145 -0.886635  0.168993 -0.900383  0.419924
point 22 245 478.306 203.793 -0.567352 -0.394988  0.422057 -0.738407 -0.511047   0.41349  0.869312 -0.696273  0.214444  0.811102
point 23 251 422.848 232.401 -0.0233182  -0.521604   0.213749  -0.851115  -0.377791   -0.13475  -0.512367   0.201342 -0.0760093   0.388577
point 24 262 498.283  192.42 0.0568282  0.302272 -0.286365 -0.527551  0.945328  0.947997 -0.971985 -0.366713  0.422406 -0.379851
point 25 267 32.4701 158.535  -0.184244  -0.915196   0.554472  0.0649033 -0.0901678  -0.131931   0.862094   0.956887  -0.476298  -0.840963
point 26 281 132.566  187.36 -0.815071  0.352814 -0.171432 0.0835024  0.592407  0.355066  0.651155 -0.147111 -0.411344 -0.388437
point 27 285 241.143 148.917 -0.491633 -0.177706 -0.569327   1.01375  0.924178  0.796501   0.34536  0.587823 -0.346602  0.427479
point 28 307 341.281  216.28  0.170351  0.902287 -0.257356  0.659945  0.663405   0.92361 -0.108037 -0.505903 -0.898198  0.508558
point 29 321  281.85 181.225   0.127603   -0.74417 -0.0333942  -0.958198   0.994796 -0.0204763   0.261325   0.601514   0.742564   0.539121
point 30 322 261.058 154.511 -0.226461 -0.107397  0.478449 -0.700312  0.948973 -0.620347  0.908983  0.928612  0.291492  0.485448
point 31 331  627.58 204.929  -0.411218  -0.192695  -0.265725   0.131746 -0.0509463   0.931359   0.844587   -0.59251   0.731368   0.861014
point 32 332 127.581 185.111  -0.265723  -0.144567 -0.0889821    0.29388   0.681232   0.854918   0.713969 -0.0652897  -0.793814  -0.560906
point 33 334 597.621  212.68 -0.361223 -0.392291  0.907866 -0.664538  0.210454 -0.336529  0.143196 -0.841496  0.944854 -0.130128
point 34 344 121.974 228.558  -0.43075 -0.264934  0.100588 -0.688313  0.884642  0.758895 -0.389732 -0.407738  0.661977 -0.110281
point 35 346 330.613 183.165  -0.527286   0.911321 0.00713906  -0.814063   -0.18318   0.545616 -0.0200386     0.9438   0.783763  -0.120399
point 36 352 487.393 215.709  0.582893  0.358265  0.378484 -0.697581  0.556133  0.659223 -0.626666  0.587355 -0.095632  0.859102
point 37 399 144.359 210.813    0.89289   0.159709   0.363518 -0.0749974  -0.255796    0.16137   0.489508  -0.669318    -0.6095   0.091838
point 38 404 226.608 183.478 -0.0381215  -0.922681   0.198822  -0.424613  -0.140166  -0.466032   0.300922    0.80759  -0.530945   -0.21399
point 39 405  331.87 181.197 -0.159689 -0.984174  0.909364  0.674229 -0.208478 0.0314146  0.373509  0.339965  0.460961  0.762232
point 40 406 278.143 202.348 -0.182694  0.898909 -0.710537 -0.518292 -0.887224  0.270729 -0.463356   0.30354  0.889719  0.368824
point 41 428 463.442  106.61 -0.473252 0.0671257  0.634119 -0.888158 -0.245886  0.553177  0.239745 -0.445549 -0.105842   0.12472
point 42 430 3.96641 163.515 -0.00237737    0.488802   -0.753518   -0.787239     0.24996   -0.224265    0.312155   -0.183177   -0.110533    0.941396
point 43 453 190.257 235.164  -0.347735   0.302211 -0.0763805  0.0508315   0.342108  -0.547873   -0.82279  -0.278512     0.6004   0.313039
point 44 472 550.451 207.964  -0.888535 -0.0632206   0.629743  -0.235479   0.933801  0.0485413   0.661632   -0.66301 -0.0462519  -0.558071
point 45 478 259.097 213.185  0.157898 -0.758194  0.464728  0.777039 -0.392926 -0.382436  0.199193  0.153825 -0.452322  0.869133
point 46 480 19.0783 192.776  0.245877 -0.897566 -0.841041 -0.237639  0.396719  0.294415  0.120688 -0.105131  0.108653   0.70298
point 47 494 482.052 138.429   0.35845 -0.134424 -0.316305 -0.994335 0.0851187 -0.851972  0.540403  0.361893 -0.182954  -1.00658
point 48 496 425.376 171.969 -0.905609 -0.749648   0.54672  0.278817  0.909076 0.0136991 -0.857131  -0.38277 -0.014346  0.219288
point 49 499 342.225 209.717   0.886298  -0.454755   0.355251  -0.617683    0.14627 -0.0797797  -0.119071  -0.226341   0.730209   0.334009
point 50 514  494.65 189.125  0.389102 -0.744398 -0.916653 -0.437576 -0.932289 -0.491154  0.638923  0.783921  0.123686  0.217905
point 51 524 253.776 198.037 -0.281034  0.785415  0.281474  0.021135  0.956497 -0.484992 -0.236431  0.210625   0.26752 -0.744317
point 52 527 508.605 227.846  0.785964  0.436247 -0.910578  0.968208 -0.481926 -0.480797 -0.156845  0.678083  0.652871  0.641112
point 53 534 120.794 187.921   0.325866    0.33984  -0.292775   -1.01104  -0.110729 -0.0955603     0.4322  -0.325512  -0.235767  0.0820424
point 54 539 346.238 154.636  0.828397  0.028116 -0.911273 -0.662478  0.481149 -0.338049  0.941115  -0.65767  0.219887  0.179824
point 55 541 480.241 233.683  0.377902 -0.788629  0.835693 -0.280688 -0.655898  0.669919  0.737224 -0.579244 -0.991373  0.298149
point 56 544 299.944 209.233 -0.0864723  -0.320595   0.730485 -0.0922561   -0.75036   0.999522  -0.928501   0.385979  -0.470288 -0.0440628
point 57 561 214.292 224.935 -0.951254 -0.325385  0.751994 -0.098673 -0.885115 -0.696062 -0.154074 -0.948726 -0.366384  0.716609
point 58 596   363.5 214.929  0.0490228  -0.506181   0.452442   0.167934 -0.0938251  -0.388583    0.63831  0.0416683   0.584636   0.898055
point 59 607 523.521 237.648  0.814469  0.347172 -0.298178 0.0607603 -0.404127 -0.349848 -0.397598  0.263431  0.984249  0.793641
point 60 610  487.56 161.167 -0.225871 -0.175324  0.705919   0.68205  0.471266  0.415198  0.657184 -0.646391  0.171032 -0.474148
point 61 613 371.025 14.8634  0.778458  0.836541  0.986327  -0.71986 -0.727031   0.18523 -0.229942 -0.356811 0.0931619  0.935788
point 62 614  203.27 174.014   0.44611  0.657525 -0.673821 -0.763242   0.98135 -0.334245  0.723073  0.131065  0.977097  0.205405
point 63 616 193.479  224.07     0.79008    0.543372    0.559568     0.38015    -1.02672 -0.00274872   0.0346991   -0.621342    0.295543  -0.0499097
point 64 631 442.319 228.238  -0.784027  0.0732234  -0.694547 -0.0633628   0.349299  -0.134602  -0.234745  0.0363345  -0.045295  -0.308858
point 65 662 331.649 168.433  0.353939  -0.29058 -0.384033 -0.788105 -0.250473  0.887716  0.514789   1.01015 -0.745521  0.732266
point 66 663  37.907 214.514  0.950347 -0.541896  0.862005 -0.126584 -0.207742  0.162217  0.315837 -0.830809 -0.378624 -0.583178
point 67 689 461.315 111.935   0.875645   -0.46773  -0.536578 0.00336478   0.744054   0.140712  -0.728627  -0.287456   0.879082   0.942083
point 68 691  503.54 202.658   0.614737    1.02579   0.212445  -0.286148  -0.889116   0.139194   0.345828  -0.356849  -0.922262 0.00356499
point 69 705 173.488 238.161 -0.0431888   -0.75532  -0.119104   0.558307  -0.948636  -0.303071   0.916147  -0.572697  -0.353279  -0.418201
point 70 725 358.244 205.701 -0.814874 -0.760646 -0.691857 -0.960727  0.251802  0.403951 -0.839162 -0.788883 -0.509625 -0.186185
point 71 726 423.028 193.785  0.915461  0.550144  0.568135 -0.700548  0.310471  0.624807 -0.790847 -0.849412 -0.884485 -0.808132
point 72 729 100.255 234.035 -0.426921  0.566712  0.402507  0.667322 -0.550187  -0.46427  0.702946 -0.972022 -0.096646 -0.564094
point 73 750 589.925 234.831 -0.440002 -0.454738  0.562159   0.29859  0.233288  0.523829 -0.647615   0.74515  0.667144 -0.185117
point 74 798  343.33 125.432 -0.475577 -0.867281  0.959996  0.508343  0.519023  0.577724  0.667517  0.881249 -0.921203 -0.579523
point 75 800 348.872 127.631  0.534969 -0.962974 -0.572725 -0.105553  0.833101 0.0454015 0.0147238   0.74597 -0.453269 -0.433943
point 76 816 143.884 107.823  0.608125 -0.246248 -0.847806  0.426886   0.27526 -0.387437 -0.427956  0.942747  0.440655 -0.283417
point 77 832  285.86 186.017   0.68446  0.917447 -0.349476  0.628627   0.68563 -0.517245 -0.682598  0.827085 -0.784639 -0.825337
point 78 854 332.117 226.066  0.670714   0.17445  0.398775 -0.801531 -0.144857  0.947569 -0.077856 -0.141554  0.206817  0.961764
point 79 856 326.903 193.989 -0.0187952   0.661827   0.381973  -0.598294  -0.580891  0.0640233   0.571891   0.891406   0.304402  -0.570218
point 80 858 352.116 147.577   0.457817   0.223895  -0.142134  -0.107863   0.735781   0.887383  -0.418233   0.101943  -0.749889 0.00253985
point 81 862 538.752 210.187  -0.859993  -0.341716  -0.726556  -0.207399   0.624987  -0.487038 -0.0827663   0.386647  -0.909017  0.0819261
point 82 899 225.111 142.695 -0.476807 -0.549866  0.565841 -0.717444 -0.846641 -0.185175 -0.885922 -0.874475 -0.621353   0.23398
point 83 908 499.261 166.611 -0.997238 -0.930754  0.961458 -0.746559  -0.75018  0.961891  0.623287 -0.849851  -0.58288  0.239185
point 84 909 116.654 180.925 -0.292414 -0.699681  -0.19077 -0.462186 0.0237088 0.0267152 -0.326759  0.193906 -0.440731 -0.133961
point 85 916 584.187 172.193 -0.358568  0.240181  0.283859 -0.353305 -0.723004 -0.481711  0.657175  0.274374  0.876907 0.0243851
point 86 934 95.3778 68.3331  0.358463 -0.547312  0.719471  0.158087  -0.93233 -0.389171 -0.786772  0.840323  0.573842  0.101455
point 87 937 352.976 236.099 -0.537502  -0.57422   -0.5474 0.0956254   0.47187 -0.264616  0.119922 -0.201125 -0.233792  0.501088
point 88 944 480.285 189.838   0.560067  -0.506607  -0.232573  -0.543456   0.666835 -0.0867978   0.113813   0.334115   0.476008  -0.613689
point 89 958 537.705 152.892 -0.462424 -0.905855 -0.798957 -0.192567 0.0675497 -0.355294 -0.143703  -0.27911  0.398699 -0.936978
point 90 962 620.257 192.952  -0.162132  -0.309915   0.852697  -0.811332  -0.768765 -0.0773297  -0.493955  -0.535742  -0.101284  -0.147742
point 91 965 565.334 180.203   0.910199   0.638801   0.563854 -0.0629061  0.0100496  -0.534147   0.138391   0.657491   0.946475   0.211412
point 92 974 630.612 231.051 -0.475748  0.726654 -0.767738 -0.947291  0.540068   -0.5113 -0.438991  0.503833  0.487235 -0.426232
point 93 978 507.246 215.508  0.819058   0.63959  0.275822  0.928966 -0.831575  0.379312  0.143785   0.45737  -0.57436  0.413946
point 94 980 336.188 200.089  0.480285 -0.232993  0.587279 -0.563915  0.543427  0.381916 -0.886043 -0.224052  0.298224   -0.6304

