seq: 187
gt_pose: -0.34419  3.01486 0.157366
odom_pose: -0.259305   2.20476  0.176816
point 0 7 339.038 104.923 -0.0724089   0.880359  -0.223388   0.602357   0.365248    0.78098 0.00421858  -0.593481   0.893071    0.86896
point 1 17 540.733 113.661  -0.441971  0.0600617   0.408926  -0.762273 -0.0988284   0.176402     0.9007    -0.1195  -0.321411   0.701912
point 2 21  322.99 165.127  0.518885 -0.441783 -0.366471 -0.612112   1.00828 -0.957718  0.607954 -0.349996 -0.588442 -0.171641
point 3 36 362.845  234.57 -0.158863 -0.242064  0.475519  0.573252  0.312075 -0.709653  -0.95572 -0.827191  0.380908 -0.603707
point 4 37 282.428  221.54 -0.973358  -1.03117 -0.350614 -0.432079  0.329311  0.762224 -0.651575 -0.336652  0.310459  0.800008
point 5 39 115.074 9.85292   -0.49658    0.84628  0.0763333   0.828266 -0.0596718  0.0681346   0.924809   0.553977   0.628321   0.220701
point 6 40 59.5031 167.459  -0.390866   0.738382   0.193648   0.323378   0.527869   0.572628   0.572252  -0.436715    0.22623 -0.0169758
point 7 42 480.981 175.166  0.0388748  -0.782841  0.0289244  0.0183833  -0.916357   0.646582  -0.235885   0.298059 -0.0472372  -0.691459
point 8 44 421.425 167.466  -0.545689   0.296186   0.810731   0.514059 -0.0271694  -0.157657   0.652353   0.949002   0.867727   0.799396
point 9 45  611.41 234.016  -0.536344 -0.0649408   0.940627 -0.0769445   0.746429   0.934762  -0.669966 -0.0736973   0.548372   0.562871
point 10 53 298.969  204.44  0.780807  0.340124 -0.345196 -0.898239  0.527788  0.615143   0.36673  0.403028  0.789603 -0.406298
point 11 64 494.491 196.184   0.896205   0.582375  -0.802305  -0.900004  0.0640177  -0.250752  -0.538183 -0.0593744  -0.635351  -0.424915
point 12 68 615.912 235.415  0.144175  0.363391 -0.952499  0.489427  0.159841 -0.705657 -0.684372 -0.635274  0.531387  0.654231
point 13 77 272.894 230.789 0.0351852 -0.959627 -0.500262 -0.641995  0.366852  -0.10505 -0.494053  0.305589 -0.565751 -0.336896
point 14 89 280.404 233.312  0.593701 -0.690987 -0.389227 -0.311208  0.304979 -0.591429 -0.491536 -0.932996 -0.693882 -0.148939
point 15 103 43.5669  195.54  0.458843 0.0611604  0.466344 -0.141255 -0.256074  0.112266  0.712942 -0.893354  0.425943 -0.600743
point 16 106 249.755 235.506 -0.221978   1.00067  0.103092 -0.121826  0.482009  0.126229 -0.226651  -0.94202  0.513998 -0.107076
point 17 110 575.786  104.17  0.896723   0.93235 -0.600769 -0.365394  0.029432 -0.724185 -0.524636  0.610653  0.678692  0.255102
point 18 113 421.758  195.98 -0.0378252  -0.535467   0.633208  -0.864874   0.571969  -0.358378  -0.931948    0.67163  -0.276527 0.00175696
point 19 115 417.069 181.056  -0.677706  -0.712292   0.465366   0.515703 -0.0603524  -0.567261   0.965315   -0.46608  -0.479154   0.456787
point 20 132 468.462 164.761    0.18914  -0.946627  -0.885539 -0.0604459  -0.746985   0.904016  -0.862275   0.267244   0.873642   0.640001
point 21 134 304.094   182.7 -0.354507 0.0620894  0.472034  0.816726  0.729406 -0.299484  0.926182  0.727838  0.602592 -0.847554
point 22 148  420.47 97.2225 -0.159721 -0.263146 -0.239107  0.554393 -0.100868 -0.194524  -1.00833  0.204895  0.892208 -0.629624
point 23 156 561.366 74.7715  0.292217  0.522311 -0.649496  0.374946  -0.79846  0.943813  0.143585 -0.689761  -0.91543 -0.133987
point 24 157 228.002 237.714 0.0569833  0.167593   0.61535  0.522215 -0.691959  -1.00007  0.274965  0.605488 -0.751957  0.487535
point 25 158 330.956 150.914   0.498975   0.403013   0.358736   -0.30087 -0.0814143  -0.443423  -0.790642   0.146535   0.937681  -0.611796
point 26 159 611.937 149.407  0.233472 -0.950317 -0.885273 -0.139261 0.0364565  0.111043   1.02528 -0.275909 -0.414203 -0.744184
point 27 169 481.204 178.711 -0.623401  0.462026  0.729157 -0.275361 -0.112562   0.49009  0.334609  0.515947 -0.645946 -0.511446
point 28 174 582.379 198.808   0.670182   0.138435   0.915988   0.122623 0.00886029  -0.457639  0.0704195  -0.561764  -0.468699  -0.935597
point 29 179  523.37 199.405 -0.0377745  -0.843295  0.0723271   0.822581   0.663449   0.397528  -0.366651   -0.84085  -0.190012    0.80029
point 30 180 138.304 167.711 -0.124868 -0.498647 -0.643292 -0.723593 0.0801816  -1.02513 -0.095346 -0.146068 -0.190701 -0.212818
point 31 190 127.004 230.077   0.352087    0.69529 -0.0890741    0.75047   0.513582   0.538716  0.0888818  -0.914997   0.352401   -0.48612
point 32 191 161.354 220.177   -0.88099  -0.861278  -0.935195   0.786807 -0.0601865   -0.98093  -0.276847 0.00641479   -0.82624   0.604214
point 33 202 510.686 143.128 -0.506295 -0.151059   0.22207  0.386961  0.105761  0.782253  0.578292 -0.257477  0.176985 -0.168465
point 34 206 532.105 166.769  0.737345 0.0101849  0.688159  0.890984 -0.788495 -0.648361  0.759951 -0.287863 -0.915453  0.689483
point 35 214 112.301 187.935  -0.708763   -0.55418  -0.676338  -0.138247   0.162688 -0.0508431   0.784915  -0.737772 -0.0970515  -0.408386
point 36 239 101.359 190.362 -0.441412 -0.945104 -0.764083  0.196451  0.652473  0.113026  0.175358  0.231023  0.137505 -0.528512
point 37 240 448.508 69.7362 -0.523675 -0.578637  0.567983  0.812458  0.751706   0.69886 -0.550057 -0.676522   -1.0131  0.697165
point 38 259 576.499 205.278  0.163208  0.702333 0.0686754  0.510185 -0.428707 0.0416859 -0.715599  0.400087 -0.886748 -0.569628
point 39 264 73.2344 178.675   0.912408  -0.106325  -0.332438 -0.0768283   0.223446   0.727297  -0.732856   0.909023  -0.814794  -0.780239
point 40 280  504.43 230.337  -0.244827   0.136421   0.582507  -0.135141  -0.275998  -0.345427   0.853988   0.804474 -0.0703249   0.739629
point 41 290 516.191  189.55 -0.710819  0.876569 -0.722045 -0.504405 -0.642107  0.506714 -0.858124 -0.788259  0.587034 -0.989267
point 42 304 303.914 118.602  0.471504  -0.55265 -0.437759 -0.349662  0.988286 -0.185909  0.701786  0.523489 -0.560682 -0.435834
point 43 313 582.886 109.647 0.0994976  0.356996  0.188558 0.0674045  0.447989  0.719741 -0.380243 -0.645132 -0.046422   0.42848
point 44 315 350.178 213.579 -0.871495 -0.405814 -0.925667 0.0768616 -0.372519   0.17354 -0.549517  0.771321  -0.67753  0.876632
point 45 316 542.667 180.758  -0.591751  -0.782815   -0.91296  -0.464472  -0.428856 -0.0658167  -0.377175  -0.176844  -0.276602  -0.652947
point 46 319 594.163 155.248 -0.935421  0.290245  0.607646 -0.224921 -0.756525  0.196646  0.684002 -0.371046 -0.931002   0.34506
point 47 320 201.941 228.076 -0.0947324   0.628228   0.970338 -0.0293678   0.574976   0.187566  0.0280044   0.048566   0.145785   0.332158
point 48 324 120.621  185.71 0.0501891  0.377476 -0.667084  -0.38523  0.614918 0.0580547  0.392674 0.0507175  0.257644  0.398505
point 49 325 390.166 216.638 -0.164397 -0.341642 -0.588364  0.118372    0.2229 -0.301815 -0.276117 -0.427063 -0.541882 -0.997382
point 50 343 308.642 228.693 -0.0402817  -0.940638  -0.358768  -0.823118  -0.251061 -0.0426902   0.271621   -0.95039    0.61757  -0.437588
point 51 353 427.872 188.101  -0.496523  -0.283993   0.931838  -0.264432  -0.356846   0.335146 -0.0429784  -0.585827   -0.40388   0.159777
point 52 367 523.731 71.0633 -0.728575 -0.886421  0.938703 -0.400217 -0.518716  0.692062 -0.308297 -0.047607 -0.552133 -0.762602
point 53 393 35.4994 202.337   0.590749   0.123423  -0.288725   0.279991   0.951129  -0.134299  -0.688839   0.176455   0.766432 -0.0121689
point 54 396 369.807 176.141  0.230709 -0.737528  0.835205   0.71109 -0.414386 -0.356206 -0.823094 -0.456774  0.362552  0.660471
point 55 439 92.2734 199.161   0.25088 -0.432081 -0.771566  0.282243  0.365989  0.713132 -0.367287   0.23391 0.0599031 -0.128258
point 56 440 145.959 164.247 -0.926177 -0.892038  0.124958  0.910379  -0.56658  0.394981  0.772851 -0.186955  0.363323 -0.551953
point 57 448 543.005 208.212  0.878132 -0.437785 -0.763151 -0.697503 -0.252285  0.694872 -0.418442 -0.751323  0.610733 -0.359739
point 58 450 55.9623 114.025   0.487692   0.195908   0.656819  -0.570461   0.920769   0.555507 -0.0449651  -0.849963   0.831343   0.664493
point 59 454 356.124 100.415 -0.910417  0.937717  0.611627 -0.481565  0.636118  0.724725   0.77925 -0.584123  0.477845  0.359781
point 60 458 140.162 181.761 -0.831088  0.221804  -0.82897  0.305018  0.580338  0.467427  0.748002  0.054269  0.875417 -0.573535
point 61 505  27.496 154.954  -0.599117  -0.273401   0.252307    0.23776  -0.789407  -0.444853  -0.864434   0.930491  -0.500767 -0.0129385
point 62 506 472.949 85.1131  0.0978659    0.31134 -0.0121287  -0.634658  -0.924741  -0.651176  -0.703844  -0.629874   0.782623   0.508933
point 63 509 639.414 210.734  0.325463 -0.954426 -0.356231  0.712963  0.768235   0.88081 -0.417568 -0.339023 -0.268697  0.961297
point 64 569 120.073 198.233 -0.0312049  -0.663448   0.384767   0.268654  -0.226562     0.4293   0.450567  -0.531984   0.918634  -0.340659
point 65 571 618.538 162.177  0.768009  0.750139  0.303097  0.675255  0.244404 -0.705788  0.900871 -0.370024  0.542571 -0.317562
point 66 573 596.802 133.084  0.936809 -0.264025  0.222051 -0.505813 -0.233394  0.031289 -0.629913 -0.974049 -0.289113  0.649662
point 67 578 361.318 83.6819 -0.0157744  -0.202762   -0.24849   0.215987  -0.732163   0.476146   0.116751  -0.962186 -0.0495457   0.121657
point 68 581 330.774 239.607  -0.698149  -0.534204  -0.323275    1.01671  -0.913691   -0.14575  -0.149246  -0.801995   0.923146 -0.0937387
point 69 588 485.954  232.43 -0.264074  0.113908 -0.441774 -0.612826  0.609352  0.574082 -0.539639  0.341014  -0.14091  0.120007
point 70 591 421.741 144.465    1.00808  -0.665268   0.598911   0.103141   -0.42549  -0.229698   0.973542   0.220896 -0.0119536  -0.517695
point 71 603 296.439 174.668   1.00621  0.598034  0.736953  0.300819  -0.80369  0.419925 -0.900147  0.835631 -0.522184   0.62128
point 72 627 243.131 160.159  0.102831  0.880825 -0.585555 -0.585258 -0.769271  0.369065 -0.845511 0.0420997  0.295072  0.572445
point 73 628 201.727 215.815 -0.726214 -0.175542  0.150616 -0.381633  -0.17395  0.923732    0.5804 -0.377622  0.492755   0.83384
point 74 629 628.391 170.494 -0.448034  0.736928  0.612144 -0.954718   1.00104 -0.264835   1.02421  -0.70903  0.187073  -0.78386
point 75 640 100.788 218.436 -0.0111251   0.738211   0.933827   0.377049   0.155139  -0.358844   0.582265  -0.240196  -0.202412  -0.230979
point 76 646  487.67 226.536 -0.318402  0.612101   0.80584  0.732625  0.393252 -0.719939 -0.286016   0.86249  0.240791  0.492032
point 77 655 422.355 213.748 -0.111964  0.686579   0.46603 -0.586844 -0.581273 -0.449568 -0.981644 -0.715643 -0.842012  0.872084
point 78 658 406.951 213.021  0.405871   0.10385 -0.123908 -0.295574  0.220937   1.00621  0.597102  0.637845 -0.816931   0.53348
point 79 667 572.584 148.922 -0.969837 -0.555238 -0.210753 -0.539971  0.794088 -0.733759 -0.503695  0.767845  0.549115  0.411695
point 80 678 114.187 134.315 -0.805344 -0.863589 -0.326795 -0.454169 0.0283752 -0.966863 -0.910281 -0.106531  0.281802 -0.367712
point 81 681 527.978 206.799 -0.266303  0.572024  0.231267  0.472829 -0.791381   0.20648  -0.80858  0.422882 -0.116396 -0.836349
point 82 697  586.31 201.093  0.214322 -0.737956 -0.475326  0.966897  0.519853 -0.748682 -0.305036 -0.181008 -0.187612 -0.803446
point 83 709 616.959 210.527  0.956566 -0.832292 -0.973287 -0.962503  0.542767  0.774579  0.734274  0.503949  0.218896 -0.459811
point 84 771 507.111 226.627   0.23017 -0.414843  0.757476  0.971478 -0.658992  0.857544  0.668723 -0.218972 -0.386557 -0.679805
point 85 804 371.978 213.162  -0.806382  -0.689183  -0.650813  -0.621819   0.540139   0.711289 -0.0972259   0.485519  -0.546445    0.10547
point 86 806 342.289 234.436   0.823454 -0.0204633  -0.576926   0.129775  -0.727666  -0.374104   0.322097   -0.40417   0.102103 -0.0486614
point 87 837 418.828 159.323 -0.0523672  -0.246517  -0.513785  -0.373274  -0.745975   0.198885  -0.445365  -0.384648  -0.838504  -0.454707
point 88 846 349.488 233.774   0.459584    0.32476   0.381376  -0.881992  -0.887652 -0.0213011  -0.664101  -0.270516  -0.369808   0.235159
point 89 853 87.7448 167.297 -0.396303  0.900297 -0.664937 0.0504492  0.149283 -0.750125 -0.282717 -0.373551 -0.810245 -0.713553
point 90 867 537.776 206.223    1.02581  0.0784796   0.135029   0.567488  -0.457769 0.00461939  -0.708414  -0.435233   0.635026  -0.066619
point 91 868 218.51 206.41    0.665688    -0.35325   -0.891435   0.0119452   -0.690762    -0.44222    0.889407   -0.933163 -0.00103578     0.50332
point 92 878 383.405 228.457  -0.948122 -0.0047144   -1.00865  0.0647128 -0.0596884   0.500631    0.41485  -0.161428  -0.734767  -0.616813
point 93 886 394.746 183.906 -0.332116 -0.853712 -0.486173 0.0831648   0.34646   1.00982   0.92646  0.876043 -0.698605 -0.883019
point 94 897 82.5415 162.371  0.284001  0.835805   1.01818  0.545895 0.0981975 -0.876461 -0.140808 -0.188752 -0.925008  0.299294
point 95 905 350.43 150.01 -0.931022  0.149889  0.444126 -0.345183  0.670776  0.262161 -0.818345  0.629845 0.0627148  0.131371
point 96 907 97.1437 219.697 -0.754699 -0.954651 -0.880663  0.578642 -0.851469 -0.886381 -0.324213  0.698146 -0.210817 -0.673667
point 97 910  364.14 184.426 -0.894981  0.665018  0.453773 0.0161654  0.593565  0.478547  0.096748  0.572323  0.749458  0.404213
point 98 928 434.227 199.753 -0.192524  0.849969 -0.807581  -0.91365 -0.319752 -0.612407 -0.672977 -0.344417 -0.465958   0.27445
point 99 939 415.595 212.714  -0.38369 -0.713001  0.557778  0.894998  0.203089 -0.927572 -0.696966  0.723466  0.111251  0.800929
point 100 947 87.7015 146.431 -0.374153 -0.979616  0.822394 -0.560817 -0.496038  0.907699  0.592644 -0.732328 -0.830828  0.717306
point 101 963 508.155 192.651 -0.018328 -0.762526 -0.379844  0.387233  -0.90778  0.271156  0.925401 -0.866599 -0.216318   0.51413
point 102 968 270.046 73.0546  0.0341944  -0.421578  0.0932368 -0.0659589   0.954446  -0.254703  -0.675191 -0.0379169  -0.602218  -0.997414
point 103 971  563.25 194.947   0.656952 -0.0492725   0.259076  -0.670235    1.00778  -0.114175   0.321562    1.00021   0.820931  -0.211414
point 104 972 117.173 114.296 -0.731284 -0.536948   1.01422  0.017628 -0.974615 -0.574841 -0.766246 -0.349235 -0.717221  0.709838
point 105 979 460.604 70.3561 0.0714576  0.465408 -0.130461  0.445767  0.255217  0.349018 -0.559063 -0.106966  0.671893 -0.301801
point 106 989 443.794 236.962  -0.713871   0.275061   0.472352  -0.590198 -0.0333299  -0.602251  -0.128476   0.476874   0.572416  -0.489539
point 107 997 304.023 227.059   0.925144  -0.983864 -0.0909609   0.800057   -0.39496  0.0248971   0.637612  -0.895891  -0.220089   0.659608

