seq: 211
gt_pose:  4.26976  4.36018 0.289141
odom_pose:  4.54026  3.38723 0.149484
point 0 20 411.352 209.268  -0.47542  0.107792 -0.782925  -0.48403  0.753518  0.354151 -0.843724 -0.790075  -0.25532  0.152035
point 1 50 542.057 167.691   0.81963 -0.587486 -0.391212 -0.653097 -0.621476  0.223491 -0.634998 -0.724795 -0.570604   0.93951
point 2 71 276.179  72.204  0.197789  0.218446  0.568293  0.524016 -0.434527 -0.893416  0.793919 -0.682129   -0.6244 -0.327969
point 3 75 586.928 131.016 -0.683358 -0.932866  0.964803  0.507719  -0.75142   0.71665 -0.595982   1.02984  0.103723  0.296799
point 4 79 435.468 150.057 -0.237301 -0.767278 -0.191526 -0.808897  0.215429  0.913323 -0.775971  0.715321  -0.63155  0.635063
point 5 83 217.033 180.771   0.614654   0.953565 -0.0192658   -1.02698  -0.581576   -0.41559    0.22168  -0.450399   0.529815  -0.892737
point 6 96 317.734 204.844  0.481981 -0.339751  0.253235 -0.668059 -0.863863  0.603577  0.686661 -0.359229 -0.210749  0.783916
point 7 112 619.774 234.839 0.00932427  -0.815679  -0.800743   -0.89554  -0.431696  -0.883537  -0.918608 -0.0850578  -0.176344   0.156512
point 8 135 143.816 177.542 0.521692 0.421433 0.468096   0.3542 0.207063 0.978497 0.602631 0.402925 0.329417 0.682566
point 9 136 149.646 145.626 -0.437259 0.0984403  0.681052  -1.00244  0.400531 -0.633607 0.0847597 -0.149197 -0.732979 -0.245971
point 10 213 552.275 163.575    0.545873   -0.199977   -0.780346 0.000304852   -0.118648   -0.883149   -0.407406    0.795628    0.424135    0.146606
point 11 222 339.362 233.549 -0.625281  0.960288 -0.893964 -0.463886  0.500859 -0.661763 0.0350323  0.490016  0.387773 -0.511123
point 12 232 290.424 237.198   -0.103588   -0.325705    0.373834   -0.364428   -0.932067 -0.00748827    0.824652    0.725648   -0.914729  -0.0537921
point 13 244 476.963 148.383  0.040456 -0.863582   0.54868  0.640406 -0.832451  0.761916  -0.38043  0.291718  0.198726  0.214718
point 14 255 525.847 208.756  -0.933375  -0.782071  -0.918856  -0.910599 -0.0418144   0.875101   0.188636  -0.346938  -0.136046    0.33231
point 15 270 454.052 224.638  -0.508932   0.411273   0.100359  -0.705741 -0.0353506   0.213791   0.466853  -0.194798  -0.924565  -0.848893
point 16 297 306.925 187.861   0.591986  -0.059961   0.787819  -0.245417   0.136481   0.548202   0.788366   0.857918   -0.15633 -0.0983117
point 17 341 566.938 203.779  -0.772073  0.0886937   0.309401  -0.315266   0.313943  -0.355095  -0.860613  -0.687015   0.865922 0.00357571
point 18 349 196.232  170.53  0.624481 -0.281361  0.689613 -0.930594  -0.76067  0.105471  0.451206 -0.517042  -0.35286 -0.621116
point 19 357 299.327 231.506   0.389957  -0.232782   0.470389    0.47221   0.536118 -0.0695933   0.360801   0.692345   0.466905  -0.270651
point 20 361 167.333 191.325   0.866922   0.734011  -0.337856  -0.507244   0.692976   0.561469   0.222361   0.355931  -0.944372 -0.0868229
point 21 366 230.528  178.66  0.395106  0.810085  0.195008 -0.699236 0.0190782 -0.715888 -0.926414 -0.305173 -0.302681  0.938623
point 22 376 67.4476 156.154  -0.66792 -0.873541  0.665904 -0.376165  0.617766  0.180886  0.352676 -0.107037  0.545209 -0.240735
point 23 379 201.112 132.926  0.221767 -0.584203  0.128578 0.0648437  0.597989 -0.351474 0.0852422 -0.217204  0.177647  0.247261
point 24 383 326.983 192.835 -0.657803 -0.301224  -1.01342 -0.709461 -0.720491 -0.138571   0.50535  0.525787  0.463142 -0.233954
point 25 390 472.781 224.381   0.354635 0.00190919   0.249178  -0.547327   0.328533   0.882998   0.330948   0.148445  -0.546485   0.392672
point 26 392 114.835 230.178  0.901886 -0.104346 -0.420771  0.286326 -0.947133   0.95066 -0.696334  0.293798 -0.647888  0.598593
point 27 395 354.024 234.522 -0.741143 0.0835382  -0.98442  0.952843  0.886057  0.643442 0.0868824 -0.347305 -0.112138 0.0060552
point 28 401 552.735 190.423 0.0438638  0.498461  0.321546 -0.500571 -0.556388  0.173253  0.604263  0.828632 -0.889107 -0.540963
point 29 407 559.096 212.889   -0.69142     0.9877  -0.958524   0.704584  -0.803345 -0.0101672    0.72332  -0.976983  -0.359701  -0.505384
point 30 426 298.335 189.549  0.933782  0.146215  0.845504  0.299605  0.793278 -0.227076  0.438967  0.400706 -0.875445 0.0374652
point 31 445 293.108 152.396 -0.911462 -0.289096 -0.717462 -0.847374 -0.302858   0.74121 -0.291828  0.155722  -0.46922  0.568917
point 32 447 336.048 157.803  -0.344793  0.0200912  -0.962393  -0.760316   0.221717  -0.825683 -0.0504658    0.58738  -0.651005   0.577279
point 33 502 43.8175 201.697   0.248571   0.250621 0.00332156   0.425546   0.851838  -0.023717  -0.383002  -0.963603   0.238617   0.070237
point 34 516 13.8527 174.114   0.118006  -0.614108     -0.776  -0.835058  -0.133925   0.612583  -0.621399 -0.0358245  -0.862218   -0.58929
point 35 521 241.776 97.8071 -0.784476 -0.287602  0.616185  0.136219 -0.215735 0.0215086 -0.344292 -0.693558 -0.832287 -0.644118
point 36 526 357.774 172.597 -0.263196  0.955863 -0.354834 -0.860341 -0.209175  0.452464  0.967411 -0.909169 -0.546275  0.893131
point 37 549 222.881 233.094   0.806775  -0.401321   0.929015   0.932274 -0.0952473   0.293744 0.00149956   0.478283    0.43913   0.734782
point 38 550 571.618 205.697   0.259008 -0.0646421   -0.70953   0.575072  -0.316389  -0.473998  -0.862077   0.237695 -0.0466932  -0.819902
point 39 556 468.763 207.775   1.02128   1.00087 -0.300551  0.591711  0.955621 -0.242511  0.493992 -0.645429  0.953538  0.217059
point 40 564  616.71 168.783 -0.657068 -0.111953  0.284274 -0.501593 -0.114962  0.541144  -0.44117 -0.940205 -0.779113   1.00024
point 41 579 243.798 177.025   -0.885739  -0.0594961   -0.807644 -0.00887687     1.04024    0.524593   0.0128898    0.525447    0.220028    0.256942
point 42 586 246.748 174.928 0.0137872 -0.973375  0.783139  0.262599 -0.331498 -0.120764 -0.750497 0.0424225 -0.108329  0.695119
point 43 592 134.733 169.376  0.818119  0.964632  0.705546   0.28056 -0.834143 -0.833827  0.332031  0.816728  0.605493 -0.662408
point 44 605 552.516 194.037   0.875414   0.445077  -0.385413    0.34361   0.171196  -0.398738  -0.113127 -0.0966772   0.914606   0.127337
point 45 630 447.233 196.092 -0.0871436 -0.0311914  -0.305195  -0.296665   0.634737 -0.0636183   0.510431  -0.179625   0.572411  -0.679451
point 46 668 550.602  47.985 -0.565037  0.826142 -0.819558 -0.435611 -0.456894 -0.155181  0.200642 -0.536211 -0.928082 -0.591295
point 47 712 220.482 237.063 -0.0292526  -0.754781   0.465118   0.745087  -0.585046  -0.531446  -0.710529  -0.172701   0.780377  -0.152654
point 48 714 150.435 146.237  0.694454  0.411733  0.813756  0.460929 -0.559302 -0.305806  0.770811  0.987013 -0.487338 -0.800581
point 49 718 121.944 169.602 -0.432537  0.013764  0.866561  0.524529  0.843881  0.803046 -0.525112 -0.667748  0.655027  0.455599
point 50 723 92.8039 235.254  0.138933 -0.974606 -0.037229  0.176002 -0.397649  -0.46622 -0.370331  0.762431  0.153309 -0.627556
point 51 730 344.613 201.221  0.768292  0.351944  0.804667  0.819396   0.51457 -0.230982 -0.326512 -0.471281 -0.144657  0.966019
point 52 739 499.976 219.626  0.984688  0.189289 -0.437154 0.0221837   0.75229  0.168912 -0.833324 -0.185861  -0.19818 -0.674306
point 53 749 548.515 194.363 -0.676534  0.205468  0.636621 -0.707159  0.491598   0.02274  0.726539   0.14335  -0.26383 -0.204686
point 54 759 226.671 169.819 0.0576621  0.542609 -0.908771  -0.85456 0.0511267  0.460653  0.932231  0.256696   0.40854 -0.369502
point 55 765 420.105 175.648 -0.984608 -0.166202   0.60693 -0.518822 -0.418085 -0.311053  0.596804 -0.218273  0.395153   0.95236
point 56 785 207.941 176.889 -0.0712284  -0.136209  -0.484299   0.585836  -0.856967  -0.502557   -0.86828   0.615741  -0.677926   0.937205
point 57 803 365.432 147.576 -0.784222   1.00101  0.720479 -0.562256 -0.609617  0.239307   0.14291  0.840593  -0.24026  0.648575
point 58 813 310.446 234.335   0.604699    0.90626  -0.296327  -0.858985   0.231188  -0.804582   0.803366  -0.773909 -0.0332026   0.151211
point 59 817 562.337 121.588  -0.252952   0.562268   0.843022   0.590535   0.657662 -0.0933908  -0.650862   0.583033   0.606727  -0.910413
point 60 823 450.459 120.258  0.0471217  -0.732376  0.0386478   0.749802   0.533252  -0.553477  0.0327176   0.893888  -0.487573 -0.0552378
point 61 831 162.696 233.585   -0.12092    0.44181   0.709944  0.0702206   0.357928  -0.852466 -0.0849142   0.627048  -0.665985 -0.0835881
point 62 865 303.521  201.39   0.878688  -0.339872  -0.949235  -0.333114  -0.344263  -0.215438  -0.981786   0.582411  -0.758531 -0.0853914
point 63 872 134.195 87.6069  0.471334  0.798221  0.091414   0.46519 -0.416182  0.818712 -0.487481 -0.331519 -0.900203  -0.89972
point 64 874 411.621 215.836 -0.896665  0.238439 -0.722871  0.898555  0.255852   0.75921  0.719643  -0.65648  0.257581 -0.725118
point 65 889 585.492  227.87  -0.852456   0.203038   0.783268   -0.28882  -0.964854   0.387342 -0.0236777  -0.770943    0.73939  0.0974702
point 66 911  508.62 56.6163   -1.00473  -0.394973  -0.802621   0.762537  -0.919413 -0.0439053  -0.942618  -0.193874   0.535224   0.129403
point 67 914 159.666 234.137   0.291092  0.0346097   -0.06897   0.346512   0.288064   0.456188  -0.608068 -0.0715448   0.176847   0.842297
point 68 932 208.984 191.392  -0.144627  0.0215697     0.8384  -0.067084  -0.108782   0.714482 -0.0594138  -0.927527  -0.217891   0.564403
point 69 951 458.358 178.189  0.205131 -0.877292 -0.147978  0.345624   0.17913 0.0333884   -1.0466  0.524419 -0.137493 -0.616168
point 70 964 160.941 182.011  0.966519 -0.270779  0.191739 -0.281012 -0.825603  -1.00083  0.515452 -0.955707 -0.810365  0.729626

