seq: 196
gt_pose:  1.38954  3.50343 0.289141
odom_pose:  1.49489  2.65499 0.314502
point 0 3 574.77 171.19 -0.170539  0.805259 -0.476777 -0.285308  0.618255  0.804462 -0.829135   0.86356 0.0662502  -0.80387
point 1 15 232.043 165.677   0.782856   0.650841   0.995014   0.454298   0.766802   0.926036   0.304444 -0.0447583  -0.633116   0.669223
point 2 36 613.252 215.924 -0.177695 -0.289049  0.394817  0.581071  0.350651 -0.715396 -0.966897 -0.831307  0.356966 -0.642363
point 3 37 279.726 185.254 -0.993517  -1.02406 -0.434918 -0.466033  0.335038   0.72252 -0.610443 -0.311635  0.356997  0.749513
point 4 40 13.2269 145.135  -0.371243   0.757249   0.208573   0.241362   0.543953   0.591172   0.564485  -0.428442   0.159812 -0.0952584
point 5 49 410.912 154.518   -0.684139    -0.39228    0.764664   -0.255674    0.848082    0.540558 -0.00726556   -0.487488    0.930135   -0.778703
point 6 53 325.743 167.437  0.777628   0.28451 -0.325864 -0.896119  0.485314  0.572134  0.358381   0.39299  0.829503 -0.340849
point 7 61 279.754 150.915  0.127866  0.423727  0.479355  0.796045 -0.840568  0.542492  0.934101 -0.805751 -0.487011 -0.479073
point 8 75 397.914  208.19 -0.644272 -0.892157  0.933659  0.505272 -0.793417  0.735976 -0.635047   0.96017  0.102212   0.37311
point 9 77 268.586 219.439 0.0807023  -1.00939 -0.484252 -0.577145   0.41921 -0.131514 -0.572213  0.349598 -0.602252 -0.275155
point 10 82 378.355 167.667   0.951798 -0.0695931  -0.203982  -0.314932   0.842689   0.877326  -0.807709   0.774004   0.736121  -0.617457
point 11 87 480.438 233.997  0.678148  0.858837 -0.259278  0.940945 -0.606758 -0.626575 -0.513495 -0.234261  0.854606  0.227912
point 12 89 291.644 227.837  0.609166 -0.678448 -0.348569 -0.370886  0.233646 -0.652448 -0.521571 -0.987947 -0.746801 -0.163862
point 13 106 246.217 232.789   -0.17027   0.932633  0.0973956  -0.105487   0.407821   0.121401  -0.173444  -0.963632   0.481966 -0.0648964
point 14 115 538.313 132.664  -0.756484  -0.762253   0.486736   0.467722 -0.0813501  -0.547373   0.948674  -0.451424  -0.443535   0.443847
point 15 120 457.482 161.522 -0.934886  0.167628  0.698332 -0.553677  0.649201  0.595559 -0.638457  0.242364 -0.875025  0.265415
point 16 130 219.325 169.239  0.796242  0.281227 -0.028005  0.985794  0.483578 -0.309835   0.96752 -0.863819  -0.43555 -0.493329
point 17 134 332.507 149.186 -0.279703  0.146889  0.418715  0.880528   0.66196 -0.322113  0.929974  0.810313  0.571488 -0.830083
point 18 140 360.223  177.45 -0.500591 -0.127343  0.668871  0.145064  0.838769 -0.752658  0.389607 -0.614255 -0.342794   0.88104
point 19 157 222.705 236.708 0.00669301   0.107822    0.60369    0.48927   -0.72152  -0.961433   0.285017   0.578579  -0.725875   0.520707
point 20 158 403.735 23.9376  0.447651  0.419806  0.336249  -0.32657 -0.152539 -0.369549 -0.811716   0.20738  0.991275 -0.613587
point 21 161 279.025 157.625   0.500283   0.892949 0.00729976  -0.400137  -0.447562   -0.81061  -0.432219  -0.285241  0.0797091   0.577112
point 22 170 382.966 236.137 0.0884583 -0.372717  0.211708  0.106798  0.814551 -0.246088 -0.849751  0.747797  0.409512   0.68386
point 23 177 615.758 195.052 -0.736705 -0.159296 -0.494268  0.466813  0.153301    0.1386 0.0106815 -0.563793  0.517824 -0.295663
point 24 180 89.2208 133.374 -0.171318 -0.542409 -0.682903 -0.656935 0.0877037 -0.986953 -0.145975 -0.143545 -0.185038  -0.28579
point 25 185 562.106 159.498 0.0952093 -0.598989 -0.546292  0.378066 -0.259582  0.831309 -0.612996  0.870853 -0.196889 -0.175589
point 26 190 71.6614 225.302   0.379344   0.641059 -0.0793156   0.748519   0.534023   0.493371   0.086597   -0.84601   0.330879  -0.527892
point 27 191 140.573  213.38  -0.909864  -0.860768   -0.88802   0.780446 -0.0357997  -0.924598  -0.301593  0.0374372  -0.818048   0.634581
point 28 214 69.8709  168.54   -0.695692   -0.492672   -0.730992   -0.196415    0.227513  -0.0591467    0.723667   -0.750112 -0.00827589   -0.418908
point 29 239 29.9922 165.445 -0.480535 -0.902146 -0.767409  0.183144  0.606852  0.184087  0.253129  0.242869  0.181886 -0.530169
point 30 244 382.578 203.475  0.036221  -0.87021  0.494999  0.666125 -0.846647  0.733984 -0.356191  0.266253  0.135571  0.290346
point 31 264 18.9191 156.441   0.994382 -0.0943039  -0.325159 -0.0670794   0.170226   0.724475  -0.759702   0.863933  -0.850196  -0.814588
point 32 276 440.577 239.619   0.569884  -0.679861  0.0314143 -0.0599263   0.210647 -0.0393453    0.28447  -0.600795  -0.411927   0.777423
point 33 289 592.067  184.98  0.904645 -0.507918   0.35982  0.907444 -0.871525  0.872988 -0.688806  -0.40047  0.987237 -0.361141
point 34 310 204.378  152.41  0.609436  0.153049 -0.698376 -0.816112   0.62419 -0.259635  -0.89056 -0.308545  0.759373 -0.603437
point 35 315 434.483 183.547 -0.848597 -0.410001 -0.974685  0.108889 -0.347542   0.14807 -0.600674  0.751277 -0.761079   0.95606
point 36 320 93.0671 211.019 -0.0685725   0.695415   0.963204 -0.0064116   0.630802   0.160352  0.0268933  0.0175119   0.171798   0.274645
point 37 324 57.4691 158.083  0.105244  0.311353 -0.706157 -0.405524   0.61511 0.0511322  0.449327   0.11017  0.294361  0.403164
point 38 325 493.208 196.591 -0.222735  -0.33938  -0.58056  0.120864  0.215294 -0.335244 -0.235272 -0.462423 -0.568481 -0.943757
point 39 340 433.821 163.418   0.438816  -0.370968  -0.662521 -0.0630606   0.780922  -0.116536  -0.699944  -0.474794   0.520924  -0.346058
point 40 343 340.086 221.686 -0.013903  -1.00017 -0.340594 -0.876227 -0.178996    -0.112  0.317098 -0.894896  0.615388 -0.438776
point 41 348 550.969 211.436  0.855879 0.0562713 -0.751786   0.21925   0.36609 -0.335715  0.216039 -0.685583  -0.05154  -0.98576
point 42 353 620.546 120.566  -0.550319  -0.261498   0.947268  -0.337109    -0.3407    0.33233 -0.0288867  -0.552567  -0.388123  0.0877607
point 43 372 624.558 222.658  -0.227589   0.881111 -0.0427721   -0.48567   0.962468   0.573523  -0.679457   -1.00352  -0.384766   0.192457
point 44 396 445.294 130.448  0.281244 -0.767689  0.838558  0.696238 -0.391308 -0.382015 -0.799041 -0.405184  0.364402  0.581214
point 45 401 411.142 220.585 -0.0328991    0.58427   0.268737  -0.491459  -0.623666   0.195049   0.605551    0.86039  -0.950768   -0.53491
point 46 411 196.436 229.271    0.41887   0.914057    0.85157   0.951522   0.388022  -0.521852     0.8489  -0.293935  -0.844747 -0.0834764
point 47 418 487.189 230.946  -0.90606 -0.046118  0.274181  -0.59591  0.899293  0.794096   1.01946 -0.717268 -0.648582  0.618513
point 48 439 38.7609 183.167  0.160147 -0.444159 -0.778036   0.23664   0.41013   0.69909 -0.312555  0.206126 0.0837302 -0.217414
point 49 440 114.733 135.552 -0.831621 -0.946033 0.0880876  0.903333 -0.525788  0.444637  0.708112 -0.235141  0.380077 -0.538479
point 50 449 236.483 147.914 -0.0443098  -0.338749   0.850362  -0.518099 -0.0307488  -0.561646   0.503813  0.0244813  -0.353492  -0.213887
point 51 456 474.025 182.516   0.19112 -0.609407  0.588199 -0.469164 -0.335988  0.683662 -0.555203  -0.69199 -0.761704 -0.900434
point 52 487 213.198 171.038   -0.818422     1.02807   -0.764662     -0.9603 -0.00158654    0.657206   -0.314316   -0.898384    0.365285   -0.238548
point 53 512 470.336 169.208 -0.668214  0.107687   0.70085 -0.299964  0.568202 -0.865414 -0.273493    0.2164 0.0829323 -0.440046
point 54 516 200.135 214.203   0.122786  -0.612038  -0.762037  -0.868332  -0.186592    0.61817  -0.572097 -0.0299794  -0.878451  -0.511283
point 55 517 184.433 176.217   -0.43209 -0.0221592  -0.800853  -0.541857   0.377238    0.17649 -0.0308445  -0.781966   0.692908  -0.456169
point 56 521 294.016 192.764 -0.808926 -0.314892  0.640368  0.184746  -0.21912 0.0625357 -0.379565 -0.624021 -0.823133 -0.685478
point 57 569 74.9551 181.359 0.0162488 -0.692777  0.367338  0.218086 -0.188074  0.464098   0.46315 -0.526941  0.927373  -0.34902
point 58 581 381.594 239.295 -0.672568 -0.500434 -0.283932  0.953375 -0.954634 -0.147957   -0.1559 -0.781231  0.917285   -0.1077
point 59 582 555.086 191.149 -0.0734236  -0.810543  -0.530778    0.98886   0.127851  0.0565255  -0.439387   0.237108 -0.0260711   0.707033
point 60 603 320.564 118.997  0.964079  0.594173  0.748642  0.310798 -0.767793  0.411525 -0.840003  0.819821 -0.576022  0.620884
point 61 605 412.475  221.72    0.93796   0.522236  -0.391227    0.31283   0.153893  -0.442293 -0.0638706   -0.10468   0.864965   0.112953
point 62 619 537.212 188.504 0.00991817   0.920742   0.408571  -0.925286  -0.988111  -0.639583  -0.739109    0.33741   0.579234  -0.276723
point 63 627 225.901 97.0062  0.109773  0.953423 -0.634048  -0.51078 -0.759263  0.323997 -0.826168 0.0468714  0.246998  0.642496
point 64 628  187.84 205.847  -0.66657  -0.12623  0.184875 -0.401563 -0.253917  0.919148  0.572512 -0.376703  0.492251  0.841905
point 65 630 369.997 222.747 -0.0836004  0.0195497  -0.392635  -0.294954   0.671929 -0.0727888   0.456624   -0.17245   0.627531  -0.673343
point 66 632 524.318  237.71 -0.0961895   0.224119  -0.279413  -0.687748  -0.560236   0.667003   0.229922   0.133969  -0.711735  -0.105003
point 67 640 50.3081 209.969 0.0356136  0.789455  0.851894  0.398989  0.121385 -0.415233  0.518947 -0.274099 -0.155915 -0.201391
point 68 668 395.838 176.854 -0.525865  0.834018 -0.770811 -0.385779 -0.480151 -0.198859  0.113025 -0.478107 -0.851444 -0.512557
point 69 675 156.501 183.592 -0.102099  0.797947  0.739905  0.161733 -0.190603 -0.780015  -0.10419  0.787451 0.0467685 -0.520081
point 70 698 630.784 222.463  0.347446 -0.444766  0.456953  0.416426  0.513744  0.586495 -0.882155 -0.426853 -0.146693 -0.995388
point 71 704 192.355 185.643 -0.338531 0.0881253  0.426377 -0.174484 -0.551947  0.841181  0.582244 -0.980089 -0.520558  0.674018
point 72 717 307.213 167.348   1.02143  0.684988 -0.885108 -0.251717 -0.313943 -0.674819 -0.633767  0.741397 -0.429164  0.673843
point 73 754 593.898 191.715 0.0480599  0.449668  -0.32905 -0.989085  0.168008 -0.523075  0.811113  0.704326  0.299412 -0.321088
point 74 778 475.727 224.537 -0.0947932  -0.653508   -0.76792   0.758696  -0.495978  -0.851766  -0.390921   0.318802  -0.374706  -0.682343
point 75 779 120.534 229.178   0.222834  -0.768045  -0.909008  -0.754317   0.598134  -0.533338   0.872567  -0.732175 -0.0310204   0.473172
point 76 789 626.445 195.563  -0.644055  0.0386231   0.597765 -0.0672727  0.0949363  -0.622771  -0.755413  0.0422852 -0.0476948   0.365006
point 77 804 458.906 190.419  -0.835838  -0.682876  -0.728454  -0.542438   0.555854   0.750689 -0.0964803   0.427082  -0.555563    0.14628
point 78 809 447.709 181.125 -0.211526 -0.876812 -0.954511 -0.281677 -0.510898 -0.242097  0.878363  0.791308 -0.276485 -0.258576
point 79 817 399.286  201.26  -0.294078   0.567626    0.85207   0.604055    0.57786 -0.0311721  -0.579099   0.578759   0.612604  -0.969056
point 80 837  557.59 82.4104 -0.143251 -0.222017 -0.471872 -0.380599 -0.800411  0.180409 -0.497849 -0.419647 -0.814691 -0.432358
point 81 839 633.042 215.713 0.0177367 -0.212829 -0.824383 -0.895694 -0.260384 0.0573309 -0.123781  0.324223  0.767764   0.10044
point 82 846 406.971 229.762   0.416693   0.256948   0.381357  -0.828891  -0.898001 -0.0729433   -0.67106  -0.246346  -0.361584   0.204619
point 83 853  28.674 137.473 -0.391069  0.877717 -0.578821  0.027155  0.146505 -0.730737 -0.364997 -0.372009 -0.802895 -0.694525
point 84 866 391.688 175.525 -0.532539 -0.152229  0.758455 -0.651016  0.632105 -0.251086 -0.153501  0.381936 -0.454047  0.892159
point 85 868 209.838 191.914    0.69068  -0.393709  -0.873929 -0.0630823  -0.678122  -0.435064   0.862738  -0.927481  0.0302905   0.584874
point 86 886 512.605 129.485   -0.3699 -0.826275 -0.458565 0.0357821  0.313315  0.970925  0.915043  0.863841 -0.756478  -0.79347
point 87 892 614.486 124.052    0.29403  -0.871258   -0.66633   0.733812  -0.688772   0.656026  -0.716522   0.133206   0.862239 -0.0336063
point 88 898 524.636 231.889  0.811085 -0.624013  0.309634 0.0738427 0.0634768 -0.331023  0.485352 -0.493769 -0.135786   0.49264
point 89 901 104.114 203.689 -0.664255  0.454382 -0.911665  0.796143  0.743747 -0.350327 -0.682213  0.379954 -0.134446 -0.537732
point 90 905 438.487 41.9179 -0.953577  0.136719   0.48856 -0.369105  0.658718  0.273653 -0.801058  0.650764   0.08222  0.148381
point 91 907 47.3085 211.934 -0.691987 -0.967543 -0.865168  0.601813 -0.855643 -0.889427 -0.354871  0.624478 -0.292948 -0.650018
point 92 910 490.447 99.5036   -0.882475    0.660334    0.422661 -0.00117215     0.60388    0.443203   0.0629481     0.62394    0.808789    0.394304
point 93 911 370.667 190.742  -0.962723  -0.385771   -0.78442   0.694357  -0.962976 -0.0579011  -0.953924  -0.102543   0.464531   0.084066
point 94 920  409.92 201.417 -0.913635  0.673626 -0.337377 -0.379023 -0.456501 -0.171395  0.813447 -0.863852   1.01046 -0.544595
point 95 926 418.972 225.577  -0.725945  -0.782373   0.881385  -0.838879 -0.0313571  -0.560172  -0.433064  -0.715752  0.0129865   0.613168
point 96 939 544.756 188.216 -0.431293 -0.707159  0.567414  0.926185  0.171039 -0.910183 -0.713504  0.723241  0.146551  0.827514
point 97 951 373.224 216.223    0.153797   -0.787827   -0.150322    0.423587    0.189083 -0.00614182    -1.00514    0.491295   -0.149611    -0.71192

