seq: 72
gt_pose: -0.309482   2.46661  -1.49301
odom_pose: 0.373904  2.36864  -1.4632
point 0 0 73.4595 198.559  0.549917   0.81585 -0.637736 -0.329397  0.511805 -0.447576 0.0724043 -0.032373  0.231703 -0.256971
point 1 5 293.346 201.237 0.0394081  0.332382  0.104877 -0.959065 -0.148759  0.890748   0.86502  0.464805 -0.392843  0.476586
point 2 14 232.641 199.759 -0.796303 0.0699498  0.529601 -0.404185    1.0004  0.199289  0.748302  0.516174  0.232171 -0.884849
point 3 17 74.2538 92.7532  -0.399202  0.0696016   0.425401  -0.815563  -0.029488    0.19729   0.893386 -0.0561554  -0.352255   0.724079
point 4 34 605.675 204.964 -0.126513 -0.498628 -0.252858 0.0628262 -0.738798  0.112406 -0.996629 -0.234416 -0.261155 -0.426402
point 5 57 175.415   194.3  0.361044 -0.305288 -0.549836  0.538101 -0.517624  0.354207 -0.952614  0.699473  0.662436  0.240908
point 6 72 367.109 216.978 -0.795092 -0.300249   0.70565  0.255601 -0.835448  0.655893  0.502048 -0.191495 -0.230083 -0.183869
point 7 78 306.228 210.142 -0.909403 -0.819566  0.635744  0.773335   1.01222 0.0613099  -0.46452 -0.676586 -0.307564 -0.130588
point 8 80 486.624 232.168 0.0406073  0.468631  0.910443  0.964547 -0.774645 -0.972472 -0.909755  0.809096  0.844781 -0.928854
point 9 90 573.126 191.495 -0.737961 -0.974402 -0.720067  0.509791 0.0507801 0.0437348 -0.492223 -0.508427 0.0406837  0.794233
point 10 92 377.906 193.175  0.193013  0.748726 0.0716149   0.93061  0.269691   0.31987  0.925721  0.576503  -0.17668 0.0107684
point 11 109 291.494  221.26  -0.455711   0.856074  -0.818489  -0.374705    0.46541 -0.0452575   0.698566    0.61033 -0.0133138   0.243623
point 12 110 72.0561 87.8857  0.895348  0.971657 -0.586518 -0.337148 0.0674621 -0.749426  -0.54471  0.541073  0.677885  0.262334
point 13 111 520.474 199.587  0.0704999    1.01136  -0.898569  -0.941889  -0.173815  -0.362631    0.92512 0.00513971   0.250875   0.417567
point 14 119 231.448 220.998 -0.398802 -0.438834  0.811782 -0.409084  0.770405   0.46748  0.924907 -0.477973 -0.820603  0.427115
point 15 123  286.88 147.103   0.19528 -0.863888 -0.232183  0.365402  0.839014  0.735399  0.265209 -0.260648  0.320041 -0.581996
point 16 159 80.0847 145.785    0.166347   -0.979317   -0.900678   -0.168566 8.80107e-05    0.120516     1.00807    -0.33151   -0.376836   -0.757231
point 17 165 191.555 149.786   0.483282  -0.805102   0.477676    0.55014  -0.743034   0.618315   -0.61564   0.861807   0.427159 0.00981603
point 18 166 513.809 145.361 -0.598281  0.375639 -0.570681 -0.504101  -0.68388  0.228419 -0.746196 0.0788766  0.136804 -0.677525
point 19 176 112.798 120.011  -0.696938    0.81329 -0.0993143 -0.0497189   0.389332  -0.406436  -0.861151   0.248869   0.680906   0.143613
point 20 177 38.0496 200.347  -0.670778  -0.106315  -0.549894   0.467633   0.161492  0.0996682 -0.0365735   -0.60424   0.502571  -0.319057
point 21 179 46.3149 186.924 -0.0270975  -0.793818  0.0480683   0.843063   0.676153   0.373615  -0.386484  -0.801669  -0.190858   0.766323
point 22 184 266.147 216.497 -0.223002  0.505569  -0.38348 0.0391074 -0.550103 -0.313652 0.0954548 -0.324431 -0.392922  0.375202
point 23 198 194.581 237.286  0.926287  0.589106 -0.331656 -0.542652  0.989745 -0.803244  0.853654  -0.90394 -0.666911  0.300748
point 24 200 291.822 168.642  -0.486981  -0.777845    0.63251   0.316277   0.278478   0.556877 -0.0460977   0.941162    1.03438 -0.0899389
point 25 202 32.1611 105.364 -0.574443 -0.178155   0.21321  0.375215  0.107356  0.760083  0.561382 -0.187623 0.0958979 -0.144912
point 26 206 102.178  161.81   0.70165 0.0816442  0.615261  0.873317 -0.749323  -0.64222  0.713401 -0.220244 -0.928981  0.697425
point 27 216 358.462 180.906  -0.622579  -0.902838   0.841164  -0.828887  -0.604269  -0.878233  -0.315337  -0.210851 -0.0267747   0.868199
point 28 218 636.659   230.1   -0.1721  0.680088  -1.00931  0.771254 -0.819845 -0.657181   0.85609 -0.964535 -0.488852 -0.690967
point 29 245 357.705 168.071 -0.658694 -0.377291  0.452957 -0.714179 -0.473449  0.373462  0.835738  -0.68888  0.244883  0.798454
point 30 251 469.309 198.656 0.0164585 -0.502082  0.164177 -0.789446 -0.451854 -0.113061 -0.513432  0.273539 -0.126039  0.352262
point 31 259 136.889  209.64  0.196476  0.693532 0.0548741  0.509396 -0.437967 0.0474977  -0.73813   0.39175 -0.832917 -0.576063
point 32 262 350.167 162.519  0.100473  0.298085 -0.335395 -0.553338  0.936173  0.921379  -0.90195 -0.362193  0.370417  -0.35344
point 33 280 26.9259 226.237  -0.281293   0.156362   0.579247  -0.135507  -0.321575  -0.334404   0.871109   0.857747 -0.0655708   0.761462
point 34 286 172.716 189.167 -0.787984 -0.500668   -0.4766 -0.239849 0.0205772  0.341757  0.920671 -0.879801 -0.951947  0.758993
point 35 290 69.4306 178.138  -0.70321  0.819953 -0.722938 -0.492605 -0.628053  0.498949 -0.895046 -0.750684  0.607866  -0.95672
point 36 296 190.164 152.374 0.00488152  -0.546273  -0.385634   0.290723  -0.202148   0.630722  -0.685531   0.959286   0.030964  -0.386268
point 37 301 237.451 208.193  0.143498 -0.483015 -0.995874  0.466654  -1.00163 -0.653077 -0.623091  0.536396 -0.758226 0.0979618
point 38 303 256.097 99.8483  0.179298 -0.815454  -0.60927 -0.904971 -0.048019  0.507429 -0.473037 -0.091478 0.0211533  -0.35023
point 39 313 125.173 121.265  0.0763321   0.342606   0.183473  0.0938986   0.516685   0.661329  -0.458523  -0.628422 -0.0804436   0.419787
point 40 316 108.278 179.093  -0.614563  -0.756602  -0.959824    -0.4599  -0.501873 -0.0573406  -0.378739  -0.172901  -0.314303  -0.657304
point 41 319 135.581 167.174 -0.988589  0.200138  0.573049 -0.237533 -0.681496  0.128059    0.7138 -0.279219 -0.965523  0.381774
point 42 331 548.496 204.116 -0.340219 -0.209196 -0.298601  0.151891 -0.121934  0.892344  0.882837 -0.577621  0.773013    0.8459
point 43 334  369.35 215.162 -0.305749 -0.325162  0.963233 -0.726053  0.273689  -0.32319  0.148147 -0.865467  0.951697 -0.100291
point 44 350 426.052  183.34 -0.772427 -0.895341   1.02008  0.174768  0.416455  0.861107 -0.721067  0.731871 0.0861048  0.586007
point 45 352 378.319 194.409   0.54223  0.358764  0.451357 -0.723611  0.533699  0.628876 -0.598296  0.591829 -0.155095  0.818062
point 46 358 585.011 170.583  0.681542 -0.287754 -0.132141   1.02824  0.172993 -0.857019  0.409455  0.496412 -0.962204  0.699386
point 47 364 297.057 213.686     0.1296   0.782801   0.669768  -0.606026   0.948873  -0.501503  -0.581756  -0.896091  0.0735052 -0.0573482
point 48 387 305.704 69.4221  0.704427 -0.700896  0.551808  0.953661 -0.785735 -0.169294 0.0460907 -0.996249  0.631844  0.711139
point 49 389 611.904 184.867   0.38903  0.831534  -0.31798  -0.46529  0.345618 -0.681705  -0.16987 -0.135226 -0.731925 0.0108266
point 50 398 194.307 225.827 -0.841766   0.84106 -0.641283  0.461269 -0.953324  0.589824  0.683583    0.8427  0.340638 -0.687944
point 51 400 611.921 220.425  -0.975704 -0.0840706   0.974749 -0.0366908   0.820334  -0.834879  -0.186529  -0.888151   0.589723  -0.109355
point 52 403 80.7655 223.396   0.16596   0.62728 -0.494901   -0.5795 -0.565273  0.471999  0.999923  0.695613 -0.976692 -0.547283
point 53 425 276.666 239.951 -0.407334  -0.41526  0.419964 -0.475836 -0.612475 -0.634072 -0.173086 -0.936472  0.921521  0.896005
point 54 448 85.2898 204.452  0.829342  -0.39189 -0.817623 -0.637961 -0.283853  0.704581 -0.430587  -0.76054  0.667019 -0.357997
point 55 463 199.941 165.577  0.598599 -0.102709 -0.275684  0.553957 -0.821277  0.303512  0.987929 -0.766946  -0.76029 0.0740401
point 56 469 173.501 161.979  -0.060645  -0.856469   0.955769   0.984824 -0.0984778  -0.454493   -0.79914   0.810052   0.158051  -0.922728
point 57 472 357.231 203.477   -0.861554  -0.0749682     0.61283   -0.258094    0.869104    0.110846    0.714245   -0.717218 0.000905339   -0.612849
point 58 491 241.186 102.021 -0.853466  0.859206 -0.316544  0.531086 -0.489649 -0.112311  0.590538 -0.320892 -0.235372  0.712699
point 59 501  602.07 168.908  0.490639 -0.266206 -0.166052 -0.205167  0.317429 -0.314828  0.331724 -0.264257  0.043201 -0.498081
point 60 503 476.726 190.048  0.261987 -0.138782  0.718506  -1.01704 -0.196269  0.187511 -0.310111  0.673058   1.02134 -0.995419
point 61 514 439.984 142.085  0.382459 -0.833191 -0.842224 -0.437068 -0.955971 -0.538387  0.608854  0.785066  0.138824  0.167787
point 62 519 158.587 113.266  0.393304  0.415388  0.605328  0.134759  0.723553 -0.846599 -0.857751  0.900742 -0.364144   0.42641
point 63 523  632.27 169.024  0.524553  0.502208  0.431401 0.0305177  0.942528  0.632402  0.666683  0.586714 -0.222189 -0.570202
point 64 529  321.18 204.063  0.485965 -0.407104 0.0342981 -0.298866  0.703359 -0.137864 -0.823431  0.791042 -0.167085 -0.396951
point 65 532 206.716 205.178  -0.82382  0.337811  0.810267   0.86087  0.710612  0.719186  0.261602 -0.508651  0.974119 -0.493587
point 66 533 33.4619 163.662  -0.714016  -0.176183    0.60166  -0.278942  -0.766828   -0.76885   0.615702  -0.285916   0.717753 0.00137809
point 67 541 401.716 226.829  0.339446 -0.786643  0.799759 -0.309329 -0.654407  0.738939  0.800884 -0.619864 -0.981328  0.237882
point 68 543 567.884 206.422 -0.339292 -0.792194  0.604371  0.628134  0.352332 0.0100139  0.839927  0.198426  0.630021 -0.814326
point 69 545 567.987 195.346  0.830845  0.508314 -0.790995 -0.225128 -0.737153 -0.223928 0.0296524   0.84172 -0.538316 -0.660634
point 70 555 528.662 227.996   0.252324   0.356928   0.297944   -0.99958 0.00774825   -0.45801  -0.029348  -0.153308   0.804178  -0.344993
point 71 559 493.502 207.841 -0.541582    1.0044   1.02331  -0.65062 -0.148201  0.764144  0.536201 -0.702308 -0.564864  0.832947
point 72 568 315.926  215.41 -0.983415 -0.636115   1.00287 -0.668531  0.350547  0.531931 -0.977592 -0.794403 -0.706865    0.1619
point 73 573 128.764 145.763  0.884777 -0.192861  0.230872 -0.431436 -0.312986 0.0292018 -0.668601  -1.00623 -0.259389  0.611022
point 74 577 495.816 229.258  0.374846  -1.01571  0.491217  0.717379  -0.76786 -0.420312  0.757557  0.747078  -0.41751  0.595809
point 75 588 19.4466 228.678 -0.262422 0.0516531 -0.437079 -0.656425  0.573185  0.588455  -0.56809  0.352664 -0.215129  0.102609
point 76 600 535.945 204.306  0.924685  0.417539  0.654082   0.61406  0.962114 -0.487396  0.168219  0.501589  -0.32779 -0.858823
point 77 607 420.241  236.49   0.83976  0.391399 -0.344994  0.101337 -0.387657 -0.367757  -0.43919  0.251282  0.961393  0.726623
point 78 610 429.517 80.5758 -0.199014 -0.262291  0.714496  0.693399  0.404304  0.475728  0.610876 -0.597086  0.184073  -0.48124
point 79 617  272.33 91.3464 -0.00445181   -0.838351    0.271655    0.134377   -0.566837   -0.900717   -0.162408    0.297665   -0.795846   -0.595932
point 80 629 167.615 190.654 -0.423725  0.824435  0.651442  -0.88497  0.947718 -0.236099   1.00059 -0.658075  0.196812 -0.825268
point 81 646 28.7289 220.446 -0.315839  0.592876  0.762357  0.733831  0.405432 -0.728671  -0.30072  0.847639  0.241903  0.498985
point 82 661 264.428 156.052  0.335006 -0.561239  0.456713  0.405889   0.11456 0.0942855 -0.923836 -0.750125  0.224693  0.370253
point 83 667 91.6681 144.341 -0.971087 -0.648636 -0.284595  -0.56205  0.774875 -0.737351 -0.484491  0.701688   0.50869    0.3836
point 84 679 490.544 214.822  0.985247 -0.219891  0.174165  0.726179  0.970999 -0.451367 -0.369338 -0.363663  0.833092  0.856284
point 85 681 87.7167  202.41 -0.309954  0.618183  0.187945  0.397494 -0.760826  0.132219  -0.83684  0.464097 -0.120538 -0.843766
point 86 691 375.784 179.387  0.620148    1.0102  0.237661 -0.194814 -0.917642 0.0832311  0.287851 -0.450984 -0.912414 0.0194515
point 87 695 290.873 219.077    0.713852   -0.252071    0.325876    -0.41149    0.499239   0.0132745    0.962317 0.000792138     0.53022    0.856074
point 88 697 145.41 207.65  0.164366 -0.747795 -0.451076  0.990498  0.522184 -0.772593 -0.319351 -0.108056 -0.218694 -0.806825
point 89 709 160.243 217.999  0.936039 -0.913143 -0.996151   -1.0163  0.457054  0.841112  0.777157  0.504957  0.212442 -0.513908
point 90 710 586.998 152.501 0.00719105  -0.532943   -0.60933    0.31442  -0.392325    0.27446  -0.719745  -0.110967  -0.203904  -0.048702
point 91 715 581.146 238.733 -0.770484  0.644768 0.0723106 -0.664674  0.338495  0.947384  0.421562 -0.824983  -0.19524 0.0301761
point 92 720 429.217 179.789  0.351026 -0.574106  0.434667  0.375714 -0.761384 -0.988178 -0.598784 -0.923822  0.475851 -0.781355
point 93 750 550.74 233.74 -0.406207 -0.521469  0.525524  0.278383  0.172642   0.54791 -0.696205  0.735787  0.658856 -0.194199
point 94 752 255.305 132.052  0.761598  0.761686 -0.535966 -0.206948 -0.138002 0.0514287  0.332345 -0.623716 -0.611255 -0.464193
point 95 754 16.7905 192.972  0.080664  0.440113 -0.355539  -1.00074  0.185013 -0.482859  0.857887  0.722741  0.335356 -0.293426
point 96 768  37.723 197.776 0.0399902 -0.213689  0.251998  0.412003 -0.682701  0.216395 -0.222546  0.478294  0.720882  0.673441
point 97 769 473.328 178.049 -0.920075  0.704529 -0.579633 -0.258014 -0.277661  0.337612  0.820069  0.535173  0.599608  0.184953
point 98 770 563.436 160.493   0.794375   -0.46873    0.68742  -0.328916 -0.0100928  -0.224171   0.455544  -0.814975   -0.86637   0.710461
point 99 771 59.6666 222.844  0.260672 -0.393878   0.77835  0.996015 -0.630256  0.852266   0.71783  -0.19549 -0.439601 -0.650367
point 100 776 307.939 153.128   0.918233 -0.0816559   -0.13651  -0.553203   0.688962  -0.847444   0.407939  -0.416512   0.843538  -0.747007
point 101 777 181.393 190.337  -0.611527   0.674141  -0.266354  -0.416741   0.612744  -0.302178  -0.293342   0.527926 -0.0618635  0.0410536
point 102 794 277.751 208.425   -0.41667   0.405486  -0.298061  -0.599699 -0.0123951   0.640692   0.450661  -0.445667   0.124876    0.50824
point 103 797 261.671  196.27  -0.738553  -0.630888   0.716586  0.0229809  -0.237568  -0.598125 -0.0507252   0.583064 -0.0842049  -0.303187
point 104 815 178.983 156.038  0.124681 -0.244575  0.953756 -0.304711  0.682076  0.659374 -0.370365 -0.581491  0.758988   0.91088
point 105 820 537.586 170.852 -0.663018  0.040461  0.763136 -0.451236  0.499137  -0.22965 -0.400453 -0.383055  0.374946 -0.113158
point 106 841 288.249 169.053  0.155287  0.891189 -0.939153  0.965904 -0.388675 0.0834805 -0.343932 -0.251269  0.212444  0.514061
point 107 843 194.136  105.28 -0.414627 -0.224955 -0.149654  0.501155    0.1381 -0.971531  0.410008  0.189949  0.931748  0.946859
point 108 848  560.01 192.847  -0.40151 -0.169314 -0.859992  0.896089  0.885136  0.558468  0.187168  0.289699  0.679251  0.260173
point 109 862 336.984 204.672 -0.866205 -0.325626 -0.755972 -0.246441    0.6228 -0.495659 -0.088445  0.376668 -0.945443 0.0972362
point 110 863 500.913 150.485  -0.257201   0.290328  -0.051355   0.413665 -0.0776064    1.00423   0.096276  -0.269959   -0.10648    0.60517
point 111 867 70.3053 199.942    0.96507   0.128198    0.11234   0.630448  -0.434434 -0.0452444  -0.794443  -0.381504   0.615016 -0.0858952
point 112 876 335.353 80.2163  0.426109 -0.693822   0.92969 -0.204094 0.0267765  -0.98978 -0.990284  0.389018  0.837684  0.335432
point 113 880 320.747  139.76 -0.568784  -0.52715 -0.312786  0.692423  0.585721 -0.259777 -0.334256  0.592925  0.794869  0.616704
point 114 882 168.766 205.262 -0.485403  0.964282 -0.564857  0.534377  0.461085 -0.209197 -0.939348 -0.800093 -0.600099  0.629237
point 115 883 344.611     178   -0.208324   -0.242325   -0.694621    0.964714     0.23948    0.562528    0.618475   -0.324485    0.172535 0.000764643
point 116 888  441.71 161.518  -0.693055   0.691158   0.447577   0.513874   0.435426  -0.932199   0.698682   0.913915   0.171349 -0.0291347
point 117 894 431.678 206.615    -0.235429    -0.528876 -0.000376324     0.742566    -0.591193    -0.646865     0.807868    -0.361574    -0.984427    -0.896601
point 118 908  346.29 122.219 -0.937808 -0.957854  0.993715 -0.676754 -0.684615  0.959974  0.628402 -0.794581 -0.553925  0.202043
point 119 916 585.029  152.04   -0.355842    0.279434    0.193204   -0.359748   -0.706915   -0.457609     0.71146    0.320721    0.868866 0.000784796
point 120 927 135.826 140.508 -0.0829131    0.91651   0.570253   0.389559  -0.883289    0.35891 -0.0135697  -0.359617   0.759002   0.972101
point 121 929 80.7199 6.94506 -0.903318 -0.272867 -0.293401  0.257968  0.221771   0.74008 0.0461017 -0.215934 0.0791125  0.223521
point 122 936 321.931 166.862 0.0250287 -0.372072 -0.400148 -0.354538  -0.44736  0.872924 0.0642504 -0.708037 0.0502254  0.133643
point 123 942 268.163 219.746  -0.80046   -0.3617  0.635023 -0.472936  0.239757 -0.250749 -0.744955 -0.989981   1.00789  0.454873
point 124 944 384.711  138.12  0.504438 -0.465788 -0.286784 -0.577134  0.716397 -0.016775 0.0920983  0.356726  0.422799 -0.637738
point 125 952     553 200.851   0.77291 0.0548559 -0.455788 -0.275148  0.691015 -0.284124   0.43428 -0.688392 -0.355516  0.718876
point 126 958 408.397 123.826 -0.450916 -0.846062 -0.811687 -0.247749 0.0644693 -0.391003  -0.21483  -0.22888  0.410589 -0.956735
point 127 962  412.37 198.659  -0.221879  -0.288462   0.920286  -0.756088  -0.804044 -0.0409901  -0.484852  -0.485795 -0.0636423   -0.12369
point 128 963 32.0125 173.923 -0.0566648  -0.838883  -0.431858   0.421708  -0.883051   0.289958   0.954313  -0.870354  -0.165295   0.472582
point 129 965 333.751 179.683   0.888304   0.585562   0.510687 -0.0377924  0.0123282  -0.457114   0.153829   0.654648   0.915894   0.278486
point 130 970 618.523 199.076 -0.486465  0.287528 -0.340562  0.881778   0.45491  0.785956 -0.538673 -0.504111 -0.316782 -0.551041
point 131 971  108.84 195.058   0.703354 0.00652446   0.241299  -0.669162   0.962992 -0.0606616   0.347207    1.00667   0.803857  -0.192724
point 132 973 559.235 174.017  0.119542  0.132076  0.579481 -0.887973 -0.429255  0.212952 0.0912393   0.82577  0.598085  0.128219
point 133 974 481.887 231.693 -0.477826  0.768948 -0.767204 -0.882554  0.483602  -0.52053 -0.434419  0.487579  0.473943 -0.380583
point 134 978 414.034 199.119  0.869759  0.703485   0.27779  0.973657 -0.812426  0.410768  0.131793  0.379029 -0.573232   0.35285

