seq: 152
gt_pose: -7.13482   3.0103 0.716867
odom_pose:  -7.0178  1.63456 0.858962
point 0 8 107.536 204.931 -0.148636  0.258106 -0.475468  0.580842 -0.433969   -0.1151 -0.566661 -0.627031 -0.412982  0.110533
point 1 27 472.341 132.364 -0.0507634  -0.714517   0.754349   0.245072  0.0128702   -0.55601  0.0982457  -0.111757   0.648246  -0.243831
point 2 29 23.2618 167.504  -0.896032 -0.0747526   0.932616   0.455039  -0.619824 -0.0950737   0.772788  -0.805192   -0.83994  -0.249499
point 3 30 476.801 142.269  -0.764846  -0.898586  -0.939534  -0.100406   0.518972    0.33889 -0.0898837  -0.773417   0.181913   0.166814
point 4 31  537.33 219.717  -0.355423    0.80447  -0.016348  -0.686077   0.190223 0.00941768   0.190436   0.196281   -0.48892   0.650569
point 5 41 156.399 112.572  0.767324   0.32824 -0.207045  0.254925   0.18243  0.267604  0.115215 -0.722258  0.191413 -0.885031
point 6 52 220.809 229.997 -0.602815 -0.975448 -0.138873  0.647196  0.496048 -0.282558   1.02007 -0.964389 0.0901331  -0.62134
point 7 58 457.756  232.89   0.719823  -0.470537  -0.533755  -0.849223 -0.0179106   0.754179   0.235051  0.0179752   0.671104    0.92391
point 8 63 480.321 210.087  0.197847 -0.740325 -0.882062 -0.229153 -0.745401  0.313795 -0.729828  0.730154  0.189997  -0.55365
point 9 67 251.968 207.729 -0.268394 -0.814155  0.645661 -0.210084  0.454807  0.837388   0.66849  0.697302  0.412167  0.233391
point 10 88 550.033 235.389  -0.281257 -0.0392031   0.430208  -0.999071   0.311563    0.28429   0.376871  0.0138969   0.741968  -0.549241
point 11 93 518.929 165.469   0.758045  0.0655465   0.186229  -0.765676   0.864746  -0.304151   0.132064  -0.959013   0.541521 -0.0103529
point 12 95 163.272  70.703  0.142668  -0.43218 -0.509008 -0.604277 -0.986558 -0.770367  0.482172  0.201964  -0.58673  0.317246
point 13 97 93.4274 207.832  0.848591   0.96375 0.0826334  0.392416  0.829706  -0.74212  -1.02937 -0.734882 -0.431331 -0.964898
point 14 100 302.364 156.522   0.101697   0.634348  -0.156979   0.239428 -0.0854914   0.813735  -0.335834  -0.881992  -0.647767   0.450773
point 15 101 388.219 180.506   0.586666  -0.196167   0.376245  -0.713015  -0.265679   0.869425  -0.367801 -0.0325734  -0.908152   0.841894
point 16 105  513.11 83.3845   0.436918  -0.950749   0.571949  0.0552275  -0.243788 -0.0298742  -0.870571  -0.742352   0.869142  -0.117479
point 17 111 606.993 229.736 0.0767843   1.02339 -0.835083 -0.957603 -0.107915 -0.343452  0.911454 0.0544629  0.237932  0.397038
point 18 124 110.898 173.398 -0.515966  0.654853  0.803891 -0.499883  -0.86043 -0.527572  -0.98809 -0.800851 -0.662704  0.773909
point 19 142 105.202 165.457    0.388269   -0.239208 -0.00117433   -0.238169    0.169333     0.53472    0.617749   -0.188207    -0.32374    0.502344
point 20 150 380.359 48.9206 -0.887304  -0.52699  0.698928  0.324139 -0.592189 -0.433732 -0.974496  0.223267 -0.826172 0.0136842
point 21 153 32.0664 174.052  -0.618671  -0.164242  -0.531765  -0.502295  0.0705613  -0.606887 -0.0029098    0.34204  -0.809859  -0.647525
point 22 165 618.273 202.196  0.479074 -0.809948   0.42731  0.615162 -0.709199  0.671488 -0.578321  0.835583  0.367128 0.0089358
point 23 175 587.336 170.246 -0.400209  0.512674  0.228983 -0.557449  0.731576   0.74057  0.876778  0.981112  0.580074 0.0831322
point 24 176 562.316 216.933  -0.712787   0.824626  -0.112568 -0.0662115   0.418835  -0.444827  -0.880736   0.244095   0.743999   0.114284
point 25 186 514.543 160.318 -0.335584 -0.411688   0.33562  0.405442  0.845504 -0.946192  -0.11052 -0.546558  0.151274  0.329285
point 26 208 335.224 206.415  -0.904286  -0.312448  -0.887548 -0.0806796  -0.313762   0.782205   0.938173  -0.660986   0.690536  -0.867715
point 27 209 392.322 234.059 -0.265345  0.196637  -0.33533   0.39952 -0.822997 -0.298953  0.613965 -0.844021 -0.295162 -0.674581
point 28 230  197.57 200.837  0.519938  0.149818  0.656521  0.143637  0.164173  0.119195  0.204422 -0.833408 -0.930995  0.215745
point 29 233 502.262 232.438  -0.15372 -0.461744  0.151459  0.244767  0.327244  -0.18386 -0.953288  0.133437 -0.871088  0.350498
point 30 251 602.544 229.553 -0.0177868  -0.507535    0.12964  -0.813442  -0.389542  -0.151167  -0.531294   0.208456 -0.0726727    0.37987
point 31 268 79.5865 169.609 -0.897661  0.142157  0.780724 -0.100643 -0.345306  0.580593  0.505836  0.501797  0.322929  0.820982
point 32 269 110.497 225.577  0.969092   0.79427   0.53741  0.809056  0.526286 -0.685237    0.9308 0.0516898  0.359545 -0.212315
point 33 271 212.868 153.006   0.743033   0.483705   0.943361   0.703795  -0.721035   0.986886   0.483794   0.792613   0.766767 -0.0326825
point 34 281 326.402 216.688 -0.817105  0.375519 -0.202826 0.0261151  0.522794  0.340736  0.689947 -0.221327 -0.407747  -0.41413
point 35 283 252.813 220.835  0.301151  0.307361  0.637866 -0.223928 -0.879587  0.761169  -0.84769 -0.129047 -0.183441  0.748532
point 36 293 232.878 146.254 -0.976246  0.712526 -0.606412 -0.801546 -0.829129    0.6619  0.983185 -0.430261  0.723589  0.533825
point 37 303 564.807 216.525    0.19221  -0.843533  -0.587249  -0.935054 -0.0995638   0.540526   -0.47482  -0.046317 -0.0020104  -0.432885
point 38 307 450.081 219.924  0.138377  0.882246 -0.226606  0.661492  0.676806  0.837269 -0.125458 -0.500917 -0.884552  0.470211
point 39 321 396.486 191.448 0.0891235 -0.684091 0.0348072 -0.970418  0.924669 0.0735981  0.290366  0.572662   0.79273  0.602168
point 40 322 380.229 176.949 -0.278614 -0.151426  0.520076 -0.712051  0.984823 -0.655354   0.89846   0.87978  0.312597  0.461362
point 41 332 308.439 210.513   -0.344139   -0.131604   -0.127645    0.346264    0.747731     0.84588     0.77523 -0.00364983   -0.746398   -0.577379
point 42 338 244.066 198.285  -0.47707  0.365143 -0.229684 -0.363616 -0.698534  0.270878  0.614316 -0.860768 -0.505539  0.953813
point 43 342 18.2003 223.691  -0.32452 -0.627927 -0.265688  0.880661 -0.714667 -0.844387 -0.474183 -0.371193 0.0567918 -0.652775
point 44 346 447.345 184.215   -0.584997    0.908305 -0.00463677   -0.810436   -0.133812     0.50034  -0.0254505     0.95443    0.800126   -0.178396
point 45 380 255.955 220.478  0.612598  0.487545  0.641637  0.683674  0.303419 0.0867201 -0.728617 -0.250521 -0.539509  0.152396
point 46 387 598.096   191.4  0.701896 -0.667271  0.558585  0.975799 -0.774448 -0.206166 0.0750872 -0.998453  0.604996  0.722476
point 47 399 327.464 226.183    0.85956   0.113398   0.361801 -0.0758245  -0.229474   0.172957   0.511862  -0.701088  -0.644093    0.11063
point 48 405 448.652 182.294 -0.145716 -0.978696  0.820263  0.708139 -0.152557 0.0805936  0.342864  0.362168  0.513519  0.787244
point 49 412 104.714 152.676  0.558499  0.720827 -0.679917 -0.523586  0.741472 0.0324045  0.994527 -0.215952   0.80353  0.364744
point 50 423 154.335 179.523 -0.017184 -0.678732   0.58841  0.563766 0.0238399   0.82417  0.746078  0.764045 -0.912154  0.479371
point 51 428 605.126 96.0425 -0.458228 0.0210308  0.593687 -0.822993 -0.255639  0.508359  0.289511 -0.443453 -0.188707 0.0907349
point 52 441 624.021 27.5198  0.829902  0.268465  0.669648  0.793307  0.732538 -0.131464 -0.732936 -0.980069 -0.914752  0.655141
point 53 480 279.104  220.14  0.226475 -0.934321 -0.888204 -0.194732  0.394806  0.273933  0.052565  -0.03848 0.0952947  0.702466
point 54 491 585.697 204.503 -0.856194  0.811527 -0.277721  0.582165 -0.512448 -0.130654  0.578151 -0.269378 -0.226539   0.76354
point 55 496 447.054 217.737  -0.961534  -0.694453   0.598099   0.255728   0.929423 0.00120973  -0.816395  -0.376866 -0.0253147   0.259693
point 56 499 461.845 209.153   0.834712  -0.385126   0.358901  -0.616432   0.158806 -0.0780436 -0.0383026  -0.181927   0.698597    0.30142
point 57 504 281.868  65.156  0.413755  0.909727 -0.605449  0.381621  0.198698  0.608259 -0.378582 -0.840095  0.132791 -0.554898
point 58 513 255.295 222.445  -0.443767  -0.561493    0.56658 -0.0664058  -0.615406  -0.626596   0.440545   0.930479   0.655061  -0.360802
point 59 519 639.016 172.175  0.417544  0.482567   0.59412  0.126782  0.707764 -0.845026 -0.849354   0.88011 -0.371567  0.460496
point 60 524 379.053 215.221 -0.305881  0.776454  0.269512 0.0684652   0.93623  -0.52966 -0.172343  0.176816  0.254109 -0.751319
point 61 527 620.591 228.726  0.824698  0.464822 -0.856391  0.978907 -0.534337 -0.440376 -0.118533  0.759024  0.663878  0.672104
point 62 530 132.967 150.235  0.969913  0.391068 -0.207782 -0.805304   0.36821  0.073847 0.0223765  0.241366 -0.265749  0.836771
point 63 539 461.857 158.531  0.815798 0.0582108 -0.920173 -0.687038  0.458574 -0.367217  0.971887 -0.716157   0.25691  0.197185
point 64 583 52.2057 138.332 -0.434267 -0.334022 0.0835063  0.869959  0.646479  0.336899 -0.635829 -0.580915  0.292017 -0.604328
point 65 596 492.657 212.215   0.040959  -0.458286   0.407457   0.158832 -0.0580245  -0.377213   0.689016  0.0544825   0.609366   0.950184
point 66 613 464.827 78.3915  0.709368   0.92891   0.96583 -0.756844 -0.790333  0.189221 -0.235407 -0.362276  0.104443  0.856193
point 67 614 343.324 197.969  0.422015  0.660771 -0.638214 -0.769537  0.941187  -0.30287  0.743171  0.170159   1.01422  0.139022
point 68 631 599.997  225.98   -0.848266   -0.016436   -0.702777  -0.0738608    0.385958  -0.0924324   -0.300317 0.000301123   0.0258017   -0.265887
point 69 644 602.792 167.972 -0.521493 -0.159032  -0.52665  0.016458 -0.202997  -0.82009  0.810195 -0.912351   0.92608  0.376876
point 70 649 163.307   145.8   0.593488  -0.163778 -0.0529424   -0.33707  -0.577526  -0.203859    0.28048  -0.598747  -0.935151  -0.299711
point 71 653 50.5483   152.8    0.1173  0.690026  0.898253  0.635339  0.760609  0.749259  0.155389 -0.761196  0.037263  0.582392
point 72 662 434.936 188.301   0.30075 -0.325801 -0.380347 -0.777262 -0.228972  0.835782  0.586245  0.950495 -0.686519  0.773486
point 73 672 134.757 181.061   0.0488025   -0.448985   -0.462679   -0.605733  -0.0364725   -0.673431    0.080653 -0.00564573    0.443017    0.958173
point 74 677 252.312 223.981   0.437595 -0.0301752  -0.280166   0.303674   0.208069   0.534969   0.167907 -0.0227913  -0.245762    0.99928
point 75 683 411.493 39.4816   0.344088   0.103512   0.591114  -0.827976   0.722514   -0.70456   0.785919 -0.0920997   0.742311  -0.983069
point 76 689 633.967 80.7311   0.842818  -0.447131  -0.450189 -0.0330694   0.724899    0.13927   -0.73496  -0.285007   0.941488   0.912352
point 77 705 330.278 238.942 -0.0665842  -0.688157  -0.173343   0.516078  -0.977781  -0.292819   0.859487  -0.635087   -0.39952   -0.42182
point 78 725 477.551 205.781 -0.727785 -0.765747 -0.705216 -0.904508  0.289645  0.349767 -0.876458 -0.774528 -0.481921 -0.191499
point 79 726 591.749 179.885  0.989598  0.514666  0.535905 -0.670012  0.310086  0.667834 -0.807597 -0.870106 -0.895852  -0.89347
point 80 729 328.167  237.88 -0.415588   0.63195  0.484332  0.624416 -0.527178  -0.51159  0.670292  -1.00567 -0.106357 -0.542989
point 81 747 109.643 177.551  0.374935  0.429837  0.566175  0.714123 0.0591287  0.602707 -0.736243 -0.802492  0.850342  0.565262
point 82 756 273.547 190.726 -0.733334  0.262641 -0.825055  0.136166 -0.154027   0.20935 -0.422437  0.560428  0.201085  0.729989
point 83 761 237.311 202.786  0.714155 -0.869127  0.144547   0.51976    -0.733 -0.782808 0.0363502 -0.696477 -0.613715 -0.857218
point 84 781 107.397 214.519  -0.101373  -0.802622  -0.312787  -0.121486 0.00637654   0.953058  0.0476743   0.142679  -0.808572  -0.345981
point 85 793 98.6765 118.847 -0.629676   1.04091   0.36256 -0.227056 -0.638877 0.0196519 0.0844411 -0.471583  0.507664 0.0617666
point 86 798 451.986 142.934 -0.471323 -0.822121  0.957334  0.513261  0.509176  0.569226  0.697952  0.952489 -0.915496 -0.503783
point 87 800 457.871 143.393   0.585782   -1.00478  -0.543574 -0.0461442   0.783874  0.0087556  0.0306299   0.814166  -0.484226  -0.510595
point 88 805 549.967 166.737  0.357921  0.785034  0.483966 -0.229549 -0.863877  0.789831  -0.22475  0.892427 -0.740833  0.202403
point 89 807 131.411 190.386   -0.23415   0.090291   0.289022   0.999554 -0.0573254  -0.277785   0.707489  -0.530341    0.52728   0.898412
point 90 816 317.214 168.492  0.585173 -0.250756 -0.805877  0.460308  0.268786 -0.320032 -0.458237   1.01108   0.44032 -0.231114
point 91 827 127.074 135.603  0.0905208 -0.0101943  -0.215453   0.550643   0.267624  -0.805821   0.184738   0.285988  -0.145804  -0.361353
point 92 828 127.654 223.171  0.127353 -0.590638 -0.816706 -0.041335 -0.126646  0.648683  0.734545 -0.871629  0.226335  0.656922
point 93 835 230.244 202.956  -0.298223   0.915175  -0.624882 0.00203572  -0.985146   0.488717  -0.721807   0.748099  -0.669668  -0.415424
point 94 843 639.355  171.22 -0.402218 -0.221939 -0.104016  0.409222  0.168718 -0.919162  0.386165  0.205355  0.957177   1.01765
point 95 854 449.789 226.093   0.653436   0.105974   0.386466  -0.775225  -0.155438    1.04052 -0.0376192 -0.0881969    0.28668   0.900287
point 96 856 440.985 197.266  0.011951  0.657583  0.444292 -0.608049 -0.574955 0.0368675  0.486659  0.878598   0.27735  -0.59723
point 97 858 470.591 148.348   0.458219   0.205345  -0.161923  -0.116345    0.70612    0.84409  -0.490146   0.183943  -0.734662 0.00127989
point 98 881 535.724 205.033  0.344217  0.607963  0.442979  0.576334  0.414336 -0.766636  0.169202  -0.79452 -0.399955 -0.612543
point 99 883 617.329  218.76  -0.235749  -0.285903   -0.70819    0.94072    0.28677    0.63007   0.602681  -0.289942   0.217533 -0.0632777
point 100 893 167.609 231.974   0.070485   0.062583    0.29443   0.533735  -0.765235  -0.304137 -0.0961391   0.395153   0.126962   0.294044
point 101 899 358.449 178.488 -0.516285 -0.509693  0.538459 -0.700741 -0.856687 -0.141421 -0.856412 -0.865308 -0.627496  0.255765
point 102 913 194.972 199.843 -0.791799 0.0997337 -0.782041  0.534403 -0.410558 -0.792943 -0.869247  -0.11504  0.900093 -0.738128
point 103 927 597.961 204.528 -0.0778742   0.845517   0.572324   0.391932   -0.84522   0.381025 -0.0245358  -0.336262   0.783577   0.894764
point 104 929 558.674 197.292 -0.841239  -0.24386 -0.233172  0.240224   0.25611   0.70025  0.107807 -0.204619 0.0627492  0.156835
point 105 934 301.555 157.708  0.368331 -0.617227  0.782835  0.161717 -0.956656 -0.322384 -0.776263  0.864438  0.617964 0.0842584
point 106 937 477.144 235.838 -0.462205 -0.589675  -0.48169 0.0372797  0.502586 -0.209909  0.178478 -0.208258 -0.254275  0.540993
point 107 946 535.728 60.8154  0.162614  0.885054  -0.39109  -0.76337  0.493389 -0.874332 -0.317289 -0.709243 -0.389545  -0.60369
point 108 955 257.375 205.236 0.0389613  0.348463 -0.736068 -0.208346   0.38124  0.258794 -0.659518  0.207956  0.641981  0.191098
point 109 960 330.832 149.558 0.0398571 -0.678234  -0.71072  0.956752 -0.690526 -0.132745  -0.94817 -0.409443  0.633301  0.183668
point 110 967 522.322 196.046  0.233158 -0.075142  0.381078  0.951137 0.0929123  0.299746  0.505856 -0.352155  -0.77475 -0.389933
point 111 980  445.91 205.924  0.458613  -0.23414  0.574653 -0.511546  0.478226  0.424018 -0.828259 -0.171348  0.321465 -0.644349

