seq: 97
gt_pose: -0.840784  -1.96163  -2.90103
odom_pose: 0.268006 -2.10399 -2.81656
point 0 4 627.132 164.416 -0.264919 -0.917732 -0.966915 -0.109127 -0.882938 -0.550802  0.991253  0.770248  0.653772 -0.436446
point 1 10 200.561 223.952 -0.528434 -0.661843  0.490371  -0.73303  0.631631 -0.657108   0.50087 -0.862587  0.914756 -0.895284
point 2 28 300.944 201.702  0.243615   1.00365 -0.324757  0.763309 -0.737202 -0.208541  -1.00645  0.522913  0.523426 -0.369615
point 3 34 365.429 212.395 -0.168339 -0.576059 -0.181549 0.0723745 -0.703135   0.09862 -0.941521 -0.252168 -0.232009 -0.357931
point 4 60 431.988 173.688  -0.945585  -0.794781  -0.495653   0.466408     0.2249  -0.804963   0.931518   0.698083  -0.620139 -0.0751702
point 5 70 466.616 188.395    0.8855 -0.751783 -0.453906 0.0835735  0.271208  0.744368 -0.552862   0.36289  0.262608  0.671205
point 6 74  120.49 196.832 -0.0317631 -0.0107355  -0.596984   0.722612  -0.759009  -0.458195  -0.588141   -1.04081   0.794408  -0.426136
point 7 80 358.751 227.926 0.0994722  0.500506  0.922842  0.916925 -0.818755 -0.923808 -0.935115  0.758342  0.847362 -0.964154
point 8 86 579.119 178.722  0.836268   0.36251  0.710496  -0.45583  0.118126 -0.687037  0.697186 -0.599922 -0.806721 -0.100806
point 9 90 352.797 197.003 -0.730456 -0.948295 -0.748743  0.468571 0.0413666  0.033071 -0.522297 -0.577747 0.0726022  0.820698
point 10 125 583.131 215.693 -0.125268  0.942308  -0.65273  0.677922  0.927462  0.560446  0.945726 -0.300275 -0.170276  0.796774
point 11 129 258.985 133.781  -0.492644   0.782588   0.947463   -0.73329   0.223679  -0.698854   0.965019 -0.0674206  -0.998685 -0.0768756
point 12 131 387.263 176.901  -0.973205  0.0932304   -0.55028  -0.328534  -0.116479 -0.0511353  -0.499717  -0.131995   0.179677   0.631325
point 13 139 140.698 180.734   -0.22958  0.0940907   0.174639 -0.0412532   0.666336  -0.692099   0.291651    0.85415   0.123375   0.107744
point 14 155 196.315     227 -0.599853  0.785949  0.390369 -0.712192 -0.723312  0.718868  0.025616 -0.292467 -0.814575   -0.9116
point 15 183 141.473 186.135   0.368084   0.021606    0.13271 -0.0662682  -0.444743 -0.0602244  -0.520555   0.326002   0.824802    0.35431
point 16 195 196.865  122.08   0.349327 -0.0272315  -0.234383  0.0934776   0.614896  -0.263655   0.318842   0.556131  -0.390166  -0.199816
point 17 197 254.268 177.958 -0.789784  0.626419 0.0674289  -0.23086   0.77567 -0.608792  0.762446 -0.432491  0.495068  0.410204
point 18 210 624.236 167.083 -0.245515  0.647973 -0.437543 -0.723862 -0.823464 -0.379082  0.025014 -0.659095  0.560285  0.737352
point 19 218 414.785 232.346 -0.155831  0.665362 -0.994182  0.714195 -0.838556 -0.700455  0.806405  -1.00731 -0.487466 -0.764574
point 20 227  4.8982 225.644  0.894398  0.238867 -0.349618 -0.959214   0.60299  0.833779 -0.312408 -0.572131  0.102167  0.335963
point 21 247 164.468  202.02  0.716806  0.517173   0.38672 -0.352997 0.0225624  0.807191  0.290317 -0.583391 -0.892224  0.787665
point 22 254 605.345 221.841  0.156295 -0.190577 -0.233082  0.524078 -0.576547  0.365852 -0.494886 -0.965546  -0.78573 -0.496999
point 23 260 619.383  206.51   0.266165   0.666875  -0.323049   0.460371  -0.415169   0.683705 -0.0283576 -0.0854064 -0.0873474   0.288431
point 24 278 53.6519 193.541  0.0390643 -0.0189697   0.141827   -0.74269   0.909273  -0.270815  -0.382221  0.0557464   0.565757   0.811069
point 25 288 51.6044 190.564  0.270365  0.603742  0.851805 -0.941663  0.930054  -0.90878  -0.39711 -0.495805 -0.111651  0.586401
point 26 292 55.4848 188.741 -0.275271  0.157791 -0.314501    0.6929 -0.305627 0.0955504  0.511476 -0.014822  0.581893  0.823566
point 27 302 540.036 178.621 -0.758469  0.114837   0.57659  0.646535  -0.16398 -0.567604  -1.01252  0.241661  0.184147 -0.224358
point 28 306 261.394 176.723   0.542037   0.227568   0.542705 -0.0799896   0.276509 0.00963351   0.264168   0.842429   0.694895   0.283667
point 29 308 288.474 202.007  -0.592887   0.909727  0.0488926 -0.0214648  -0.777923  -0.515528  -0.855538   0.767399    0.34954   0.494975
point 30 309 201.198 142.876 -0.542199  0.946171 -0.970692  0.787525 -0.195861   0.17172  0.695855  0.583295 -0.229629  0.464498
point 31 331 571.419 186.147 -0.349753 -0.253086 -0.233437   0.13793 -0.104149  0.898218   0.87984 -0.567778  0.763517  0.881064
point 32 339 183.431 169.564  0.333039   0.53165 0.0632422  0.221075 -0.159539  0.848099   1.01166 -0.851507 -0.522718 -0.474059
point 33 350 277.501 96.3774 -0.737942 -0.908934   0.97197  0.231901  0.508745  0.872677 -0.725992  0.695837  0.060641  0.655627
point 34 356 33.9359 170.958  0.277128  0.363184 -0.765122  0.834749 -0.627396   0.58112  -0.37434 -0.777726  0.914483 -0.877851
point 35 362 587.063 160.946 -0.217281   -0.9432 -0.794649 -0.366268 -0.469093  0.694323  0.182338  0.404364  0.931445  0.857349
point 36 369 200.208 227.911   0.376893  -0.450811  -0.823976  -0.467649  -0.387223  -0.515651  -0.381855  -0.541853 -0.0226648  0.0800515
point 37 397 475.828 167.685  0.766976 -0.360776   0.55484  0.176007  0.587015  0.915081 -0.661525  0.603042  0.808721 -0.778444
point 38 409 132.442 166.876 -0.460557  0.868261  0.338514  0.758912 0.0565893  0.554515  0.645957  0.229182  0.238735   0.86072
point 39 415 150.943 176.813 -0.568881  0.711912 -0.837232 -0.241139 0.0434336 -0.664242 -0.251993  0.862415 -0.659554  0.904341
point 40 455 138.392 199.288  0.287855  0.225672  0.373318 -0.036319 -0.718332  0.951193 -0.705336   0.25762 0.0412531  0.641235
point 41 459 58.2889 199.735 -0.0873301  -0.587682  -0.273768  -0.108017  -0.025253  -0.799513  -0.747971  -0.898992  -0.986167  -0.778271
point 42 460 533.737 190.165    0.858599   -0.515603   -0.327417    0.445686 -0.00331841   -0.146934   -0.419078    0.240128   -0.755403   -0.826441
point 43 479 158.015 201.846   0.731738   -0.65311   0.502392   0.501718  -0.643201   0.347879   0.794203   0.505268   0.943772 -0.0346122
point 44 486  612.59 208.317 -0.872438  0.532053  0.945515 -0.485456   1.01073  0.865348 -0.780297  0.937945 -0.916055 -0.397147
point 45 497 85.7924 163.087  0.557722 -0.452448    0.6155 -0.236134 -0.628064 -0.148604 -0.539729  0.277787 -0.670866 -0.049674
point 46 503 484.105 132.772  0.267412 -0.105283  0.703234  -1.04125 -0.216661  0.172156 -0.291201  0.622216  0.957479 -0.944759
point 47 504 613.377 218.278   0.38138  0.849927 -0.694059  0.369794  0.178949  0.670354 -0.374143 -0.804629  0.118906 -0.476744
point 48 543 424.505 204.537 -0.384417 -0.770768  0.607882  0.656945  0.333714 0.0130644  0.883958   0.13333  0.673666 -0.792328
point 49 552 492.223 155.584   0.847327  -0.183695   0.863052 -0.0828887    0.44704   0.115176   0.771195   0.694987  -0.429219  -0.563551
point 50 555  497.36 222.048   0.297596   0.345285   0.336786  -0.957293 0.00148547  -0.445178 -0.0169209  -0.208427    0.74209  -0.307469
point 51 559 341.933 194.844  -0.53958  0.997191  0.982259 -0.645107 -0.126604  0.704477  0.544764 -0.636679 -0.589627  0.885156
point 52 563 565.799 193.147 -0.0502854  -0.435726   0.357721  -0.426685   0.723993    0.43004    0.33788   0.522407  -0.701392    0.31527
point 53 577 406.921 222.965   0.33369  -1.01527  0.530998  0.676357 -0.755564  -0.46094  0.743775  0.750971 -0.447352  0.573823
point 54 587 569.476 168.602  0.842942 -0.395839  -0.34592  0.668977  0.188466 -0.199356  0.298094 -0.886444 -0.454575 -0.412141
point 55 600 336.205 202.882  0.926746  0.456738  0.632249  0.549817   1.02934 -0.479447  0.214206  0.507612 -0.370257 -0.868565
point 56 623 472.537 157.192  0.593074 -0.495729   0.57986 -0.500619 -0.289095  0.472332  0.448415 -0.221741 -0.761603 -0.358996
point 57 642 157.778 110.113  0.818053 -0.143874  0.212742  0.689712   0.63381  -0.74412  0.432536  0.461321   0.74149 -0.437931
point 58 645  588.15 232.026 -0.905378  0.844417 0.0184573  0.350455  0.178066  0.959335  0.328288 -0.452454 -0.373566 -0.221147
point 59 648 315.181 219.073    0.11513    0.38141   -0.71061   -0.93273  -0.759752 -0.0276419   0.678627  -0.997054  -0.311745  0.0292373
point 60 649  610.88 229.946   0.594863  -0.166634 -0.0484633   -0.28822   -0.59683  -0.137871   0.275525  -0.561065    -1.0219  -0.280681
point 61 650 486.554 223.418  0.757737  0.263715  0.616357 -0.524694  0.984267 -0.285965  0.832369 -0.810871  -0.18611 -0.903205
point 62 654 490.252 238.879  0.116707  0.738418  0.162279 0.0963254 -0.329747  0.429753  0.791681 -0.885994 -0.269422  0.700123
point 63 657 200.109 213.118  0.153785 -0.960421  0.848943 -0.558077  0.178783  -0.26115 -0.883339 -0.282815   0.22515 -0.457311
point 64 679 321.514 205.512  0.998988 -0.275307    0.1877  0.740307  0.984466 -0.458806 -0.291689  -0.33073   0.84525  0.868278
point 65 687 504.491 223.375  -0.400744   0.211297 -0.0184434  -0.246598   0.677697   0.459616   0.537043    -0.4838   0.234214   -0.55352
point 66 701 75.1446 189.738  0.434767 -0.849865 -0.625139  0.894609 0.0514049 -0.606187  0.919912  0.402641  0.180654  0.357757
point 67 710 373.628 163.895 -0.0602505    -0.5338    -0.6263   0.379407  -0.475106   0.254882  -0.638297  -0.188719  -0.241754   -0.10828
point 68 715 352.594 238.919  -0.79769  0.577576 0.0427437 -0.641495  0.318368   1.00736  0.401292 -0.835286 -0.100878 0.0718541
point 69 719 445.891 151.436 -0.733489 -0.378149  0.708407  0.699227 -0.682481  0.665335  0.321028 -0.576826 -0.537638 -0.982076
point 70 720 327.801 75.2445  0.339123 -0.596795  0.470142  0.350604  -0.81488 -0.958819  -0.59115 -0.936348  0.555038 -0.754064
point 71 727 472.581 222.773 0.0291871 -0.938781  0.637852 -0.647961 -0.294948   0.83103 -0.337373  0.049896  0.883608  0.930276
point 72 732 548.992 178.573  0.199726  0.659322 -0.898339 -0.337666  0.140841  0.783137  -0.89961 -0.015135  0.639524  0.633384
point 73 735 424.063 231.147  -0.962882  -0.418913 -0.0992097  -0.574832  -0.328817   0.553049  -0.292887  -0.684212  -0.307605   0.844315
point 74 736 617.834  149.85 -0.0417468   -1.02166  -0.196661   0.109379  -0.338674    -0.1822   0.499451   0.618808  -0.923535   0.966994
point 75 738 106.507 230.235   0.21129 -0.942151  0.630481 -0.639385 -0.578771 -0.378386 -0.609338  0.160511  0.678212  0.112559
point 76 748 300.116 213.802 -0.931567 0.0630165  -0.48644 -0.851555 -0.492908  0.163371 -0.201471  0.967464  0.715475 -0.399664
point 77 750 636.648 229.807 -0.442408 -0.437186   0.52163  0.277707  0.188816  0.580883 -0.636721  0.737087  0.631664 -0.188976
point 78 755  169.04 233.398  0.121012  0.131523 -0.111546  0.833062  0.418894  -0.45866  0.294704 -0.356874 -0.477655  0.569528
point 79 760 227.081 161.908  0.826856  0.224613 -0.368988 -0.703473 -0.531948  0.424752  -0.75539 -0.738884  0.867137 -0.320263
point 80 766 83.2362 189.095  -0.939082   0.403719   0.131755  -0.554737  -0.171275   0.204593 -0.0281375  -0.848995   0.507276 -0.0730886
point 81 767 261.032 237.423 -0.0665575  0.0640736  -0.168012  -0.717646   0.347038  -0.132753  0.0798006 -0.0405882    0.32986   0.683654
point 82 769 329.189  139.72 -0.920992  0.683913 -0.552709 -0.310096 -0.260313  0.351259  0.733808  0.514359  0.659007  0.137033
point 83 770 348.768 166.734  0.761796 -0.534628  0.734015 -0.335687 0.0166271 -0.287597  0.448248  -0.76419 -0.831872  0.720957
point 84 774 157.053 204.988   0.329788   -0.11432 -0.0602236   0.700858   -0.16005  -0.377751   0.123607    0.20043   0.115342  -0.266576
point 85 783  222.91 203.785    1.0043 -0.415472  0.482456  0.896847  0.879255 -0.645482 -0.965467 -0.395983  0.207513  0.149566
point 86 784 161.412 183.146  -0.313603 -0.0808192   0.817219  -0.311324   0.833071  -0.521866  -0.849961   0.853837  -0.255059  -0.402212
point 87 810 243.254 220.352   0.958508  -0.676721   0.493483  -0.754294  -0.910831     1.0175    0.79321 0.00657695   0.761302  -0.657773
point 88 820 522.675 137.747  -0.730298 -0.0082511   0.676376  -0.491538   0.531514  -0.238881  -0.372652  -0.452789   0.358936  -0.097797
point 89 825 152.141 151.138   0.333034   0.639954   0.956543  -0.294623    0.45727  0.0583468 -0.0603503  -0.449154  -0.212752   -0.44644
point 90 829 78.4094 154.037 -0.548308  0.885502 -0.740876 -0.873313  0.945591  0.330517  0.221061 -0.196041 -0.209461 -0.553035
point 91 836 307.138  211.24   -0.74317  -0.662049  -0.205424 0.00682604   0.610673   0.243182  -0.346568   0.649352   0.206486   -1.01787
point 92 848 453.576 185.262 -0.436233 -0.222793 -0.892231  0.881219  0.902313  0.618485  0.139739  0.226641  0.728879   0.17751
point 93 852 258.932 162.267  -0.379915  -0.282711   0.942934    0.26451 -0.0150238  -0.605869   0.112587   0.845078   0.713906   0.630264
point 94 863 375.241 112.078   -0.250457    0.312266   -0.102109    0.449974 -0.00436283     0.98103    0.126942   -0.253694   -0.131536    0.562075
point 95 873 583.006 142.641  0.308318 -0.577831 -0.915583   1.01398  0.938768  0.350805 -0.794038 -0.810186 -0.514922  0.303035
point 96 888 330.052 59.6481 -0.683236  0.737085  0.481831  0.518927  0.352469  -0.93234  0.707511  0.940111  0.150013 0.0524502
point 97 894 315.508  154.64 -0.241101 -0.529363 -0.026299  0.690394  -0.61516 -0.720835  0.829972 -0.333601 -0.981935 -0.840266
point 98 896  540.71 214.247   0.478309  -0.463953   0.358515  -0.789705   0.935833  -0.798301  -0.392249   -0.10746   0.871933 -0.0505174
point 99 900 540.225 171.339   -0.605222   -0.454511    0.612927    0.475683    0.421878    0.435777    0.878833   -0.236585   -0.562363 -0.00840064
point 100 915 263.736 216.443   0.220821    0.67392    0.17176  -0.040867  -0.693604   0.310416   0.952849  -0.542118 -0.0911205  -0.364857
point 101 917 27.5363 134.926  0.893561 -0.894114 -0.527733 -0.509051 -0.163862   0.64332 -0.885979  0.932007 -0.414309 -0.600591
point 102 954 6.88772 202.343   0.55981 -0.369051  0.619146 -0.665502  0.144121  0.386111   0.37156   0.73515 -0.890374 0.0783184
point 103 957 425.022  189.27 -0.486425   1.02108 -0.191049  -0.92008  0.320923  0.894662  0.441294  0.601461 -0.416172 -0.134045
point 104 962 443.473 43.4369  -0.188683  -0.274056   0.874659  -0.803063  -0.791589 -0.0954538  -0.483271  -0.466422  -0.099317  -0.169379
point 105 973 353.198 177.251  0.126563  0.169347  0.564365 -0.898377 -0.485641  0.289629  0.116302  0.845459  0.575267  0.114158
point 106 974 530.762 221.581 -0.460201  0.717719 -0.783959 -0.901795  0.481729 -0.513563 -0.449104  0.502066  0.471787 -0.421991
point 107 998 234.638 174.346  -0.423749   0.112202  -0.948549   0.437523  -0.198225   0.267395 -0.0369636  -0.681251   0.197588  -0.458237

