seq: 287
gt_pose:  6.07794 -4.10587 -2.24638
odom_pose:  4.10675 -5.11627 -2.47249
point 0 23 564.802 141.543   0.772273    0.72196  0.0285266   0.129442  -0.650709  -0.487021   0.702445 0.00779469  -0.111959   0.706433
point 1 24 551.047  177.98    0.332438    0.426957   -0.748561    0.188937 -0.00749957    0.723401     0.41454   -0.611756   -0.602685  -0.0198047
point 2 26 486.998 150.291 -0.860508 -0.762446  0.245194 -0.260498 -0.410784 -0.384785 -0.813422 -0.146273  0.873297  0.172192
point 3 35 414.008 147.662 0.0612037  0.846476  0.401027   0.65838  0.430034 -0.373268  0.245744  -1.03037 0.0417477  0.652502
point 4 48 474.155 144.309  -0.296144  -0.991944   0.833924    0.24235   0.564001    0.81859   0.903176  -0.615206 -0.0780114   0.015456
point 5 56 349.122 146.549  0.238979 0.0467785 -0.954827  0.835625 -0.272175 -0.614023 0.0202895 -0.211015 -0.362043  0.389148
point 6 62 156.122 177.546  -0.403507  -0.623208   0.862063   0.542843  -0.787637    0.93319   0.664496  -0.293954   0.363525 -0.0871932
point 7 69 296.313 189.703  -0.336371  -0.744076   0.816554  -0.821344 -0.0061779  -0.447042  -0.632167  -0.403629   0.316268   0.938413
point 8 116 615.222 224.231   0.904536   0.610298   0.345842  -0.474975   0.631369 -0.0591387  -0.347057   0.541105   0.337843   0.783968
point 9 118 385.952 166.905  0.939146  0.858325  0.602933 -0.497099 0.0246706  0.565557  -0.88862 -0.670376 -0.909237  0.725967
point 10 137 245.908 202.016  0.0814388    -0.6776  -0.768718  -0.155401   0.817203   0.701355  -0.737531   0.297444 -0.0225704   0.541066
point 11 138 560.523 226.513 -0.372396 -0.677028 -0.431993 -0.567538 -0.520254  0.145764  0.576189 -0.781654  0.171421 -0.114638
point 12 141 210.424 141.432 -0.258482  0.121016 -0.347733 0.0088631 -0.114896  0.448162 -0.953719 -0.958391 -0.580742  0.626825
point 13 146 603.735 162.457   0.98881 -0.539868 -0.700326  0.105173  -0.61693 -0.110219  0.980347 -0.537552 0.0976584 -0.761052
point 14 152 322.232 23.2767  0.0989748   0.442952  -0.651541  -0.599064   0.893426  -0.533001 -0.0682672   0.671407   0.747725   0.285476
point 15 182  333.62 231.611 -0.936144 -0.889174 -0.816194  0.876199 -0.711996 0.0337368 -0.611886 -0.446076  0.388703   0.46767
point 16 204 148.875 213.485   -0.315859    0.752931   -0.447769    0.756904    0.974701 -0.00551937   -0.449375    0.211225   -0.646467    0.646492
point 17 225 33.5841 155.998  0.137872   -0.3271   -0.2068  0.325987 -0.326332  0.817803 -0.604652 -0.403997  0.285071 -0.466018
point 18 234 484.798 163.836 0.0988985 -0.154208  0.625584 -0.315248    0.7697 -0.404707  0.340536  0.161697  0.223545  0.404215
point 19 242 550.332 142.033 -0.795506 0.0390357  0.144299  0.418799 -0.372142  0.642622  0.780124 -0.793678   0.47073  0.669222
point 20 246  261.38 214.269   0.610716  -0.228967 0.00726237  -0.100004   0.326228  -0.928121  0.0737244  -0.157224   0.598841    0.17609
point 21 252 215.092  73.874  -0.381613 -0.0289889   0.646967  -0.104516   0.927719   0.857677 -0.0675445  -0.160779  -0.945668  0.0346485
point 22 256 302.581 214.052  -0.658139  -0.688415 -0.0353169   0.683759   0.479801   -0.82525   -0.49582  -0.705362   0.773523   -0.14532
point 23 261 267.959 150.091   0.823665   0.423401    1.01183  -0.278547  -0.191653   0.185026  -0.612319   0.880707  -0.356815 -0.0328509
point 24 273 190.404 74.7623  0.688026 -0.538341  -0.57018  0.321303 -0.858409 -0.807645 -0.267052 -0.891334  0.869219  0.080201
point 25 287 171.683 180.205  -0.455432  -0.710517  -0.638036  -0.901143  -0.628358   -0.16078  -0.106536  -0.170314  -0.152491 -0.0663947
point 26 299 354.631 190.162  -0.664439 -0.0593556   0.429702    0.92527  -0.369835  0.0221816  -0.115202  -0.465855   0.671846   0.957421
point 27 309 618.073 209.136  -0.52949   1.00752  -0.95261  0.756903 -0.182996  0.211132  0.724334  0.582398 -0.251041  0.444763
point 28 314 36.3813 140.783 -0.0687281  -0.876494  -0.670671   0.784038   0.651352  0.0641913  -0.939427  -0.310727   0.574867  -0.836865
point 29 326 484.319 186.237  0.396329 -0.488178  0.568412  0.207079 -0.976474 -0.336095 -0.453593 -0.693413  0.230987 -0.829801
point 30 336 194.285 231.165  -0.531024 -0.0426529   0.743626   0.207784  -0.712494  -0.544922   0.937997  -0.799995  -0.285087    0.10062
point 31 350  630.79 176.638 -0.687793 -0.852087   1.00392  0.214582  0.494783  0.866156 -0.696958   0.73404  0.107576  0.654706
point 32 374 326.887 177.623  0.610767 -0.318582  0.296046 -0.682829   0.40351 -0.898092 -0.748529 -0.602706  -0.42865  -0.84652
point 33 382 574.099 187.571 -0.699072  0.812336  0.943039 -0.922839 0.0825144  0.587464  0.519617 -0.267236  0.201314 -0.182188
point 34 414 260.825 160.796   0.570168   0.149382  -0.693038   0.505721   0.271134    0.82825   0.235955    0.53839  -0.604718 -0.0724047
point 35 429 342.342 184.751  0.466562  0.402053 -0.677699 -0.443988  0.590287 -0.930781 -0.576067 -0.188816 -0.398994  0.295114
point 36 437  111.27 220.648   0.47035  0.413901  0.873717  0.429777  -0.83468 -0.896353 -0.270228  0.139497 -0.254541 -0.728043
point 37 444  318.95 123.736   0.622318  -0.921309   0.483358  -0.666555 0.00406393  -0.734515   0.952422   0.276299 -0.0595061   0.507272
point 38 446 398.387 34.8146  0.541383 -0.762522  0.616235  0.877651  -1.00798  0.179714   1.01992  0.518961  0.483864 0.0374357
point 39 452 375.031 127.121 -0.935341  0.233242 -0.205475  0.711839  0.546037 -0.736351 -0.120915  0.275603 -0.354238 -0.110921
point 40 468 379.253 109.327  0.508341 -0.305695 -0.537064  0.510354  0.163596  0.504341 -0.342722 -0.234649 -0.812093  -0.30425
point 41 470 635.417 237.402   0.384172 -0.0891523  -0.643809   0.919138  -0.323374    0.88414  -0.407899   0.166199   0.407688    0.75506
point 42 481 246.028 211.461 -0.921537 -0.818977  0.415814 -0.541065 -0.309043 0.0549155 -0.176325 -0.839221 -0.461073  0.166491
point 43 482 255.431 177.218  0.554224  0.429672  0.235623  0.132403 -0.397238 -0.485828    0.2395 -0.200895  0.291611 -0.381798
point 44 484 431.856 172.931  0.867285  0.696302  0.984378 -0.725276 -0.634807  0.530676  0.623015  0.656698  -0.36821  -0.69241
point 45 492 579.987 144.204   0.48447  0.475792 -0.720628 -0.430987 -0.452927  0.749982 -0.515364  0.806463 -0.828431  -0.56222
point 46 498 156.384 172.548 -0.462851  0.404295  0.837364  0.903569  -0.67357  0.939195 -0.848628  0.959159   0.19331 -0.981485
point 47 500 129.802 186.584  0.927827  0.105101 -0.851342 -0.730165 -0.531154 -0.259084  0.663072 -0.658952 -0.394526  -1.00284
point 48 508 588.751 145.463   0.602143   0.573391  -0.207295 -0.0961809  -0.760014    0.83438  -0.801426   0.159765  -0.705544  -0.808801
point 49 540 253.334 153.122  0.981203  0.542169  0.716405 -0.534222 -0.352558  0.918281  0.411369  0.941268 -0.875022  0.338754
point 50 548  48.573 86.3421  -0.838457  -0.434119  -0.425281  -0.482433  -0.892149  0.0858529  0.0412635  -0.514278 -0.0217732  -0.819883
point 51 560 466.461 196.466  0.940554  0.462283  0.555787  0.817467  0.258023  0.483002 -0.774107 0.0948574 -0.506903  0.407442
point 52 565 437.936 238.555 -0.957491  0.953445  0.392607  0.283697 -0.582096 -0.610154  0.839013  0.847992 0.0013085  0.565507
point 53 566 366.003 237.349  0.537068  0.702405 -0.180682 -0.233458 0.0939295  0.150931  0.594743 -0.617119    0.6782 -0.505836
point 54 597  537.73 160.556  -0.760243   0.729725   0.837673 -0.0973622  -0.319293    0.55706    0.84922   0.924953   0.443553  -0.312229
point 55 620 337.625 123.887   0.563823  -0.260563   0.863523   0.777028  -0.340663  -0.388073  -0.747502   0.332628 -0.0100911   0.460198
point 56 638 422.437 204.394 -0.243613 -0.877884  0.634008  -0.79188  0.218782  0.340502 -0.134765 -0.426527  0.430188  0.869799
point 57 639 597.895 200.027 -0.730965  0.786408 -0.379522 -0.378341   0.80774  0.677006 0.0116629 -0.848452 0.0737926 -0.693852
point 58 651 484.275 146.101  0.897818   0.60721  -0.49979  0.204628 -0.549395 -0.984499 -0.893795  0.367687  -0.27962 -0.423541
point 59 665  387.85 208.057  0.537002 -0.879225  0.930252  0.314485  -0.10039  0.910569   0.71415 -0.186269 -0.205293 -0.507375
point 60 673 266.397 236.737   -0.511523    0.678756   -0.033731   -0.276701    0.596394 -0.00601305    0.361583   -0.490631   -0.411792    0.106623
point 61 722 437.228 160.659   0.544567  -0.605302  -0.256794  -0.705144  -0.862215  -0.849229   -0.26835   0.623723   0.447534 -0.0303515
point 62 731 397.517 206.547 -0.330517   0.34573  0.371795 -0.863838 -0.689057  0.919478  0.786358  0.764638  0.596715 -0.835745
point 63 743 300.983 202.777   0.155754  -0.524599   0.908898   0.247314   0.676188  -0.250416  -0.469027 -0.0853778  -0.262793  -0.396158
point 64 745 369.695 172.365  0.924256 -0.480212 0.0840779 -0.681969  0.320875 -0.727005 -0.255358  0.176873  0.537203 -0.514738
point 65 751 483.433 223.189  -0.301652  0.0825705  -0.456155   0.860852  -0.622662 -0.0862424   0.124504   -0.88854   0.230877  -0.352765
point 66 755 583.429 237.795   0.091557   0.204689 -0.0492699   0.764569   0.500353  -0.434518   0.326658  -0.343377  -0.434986   0.520556
point 67 763 410.194 155.072  0.115644  0.106815 -0.804207 -0.271922 -0.558852  0.868962 -0.172077  0.497143  0.335591 0.0869941
point 68 782 172.586 234.366 -0.420119  0.415002   1.02563 -0.709312 -0.517785  0.945192 0.0892067  0.152932  0.170596 0.0909337
point 69 791 299.783 143.896  0.676595 -0.647964 -0.778373 -0.548073  0.957352 -0.456173  0.463826  0.555548  0.553924 -0.462433
point 70 801 293.865 193.443  0.447388 -0.372132  0.393182  0.527357 -0.395591  0.673473 -0.512067  0.667634 -0.267019  0.019329
point 71 855 369.288  159.94 -0.00318807    0.931464    0.103056   -0.128064   -0.838912    0.651776   -0.258033   -0.506831   -0.279528    0.858896
point 72 861 614.459 181.272  0.056802  0.694614  0.791094 -0.100612 -0.470084  0.275851 0.0511588  0.206827 -0.025616 -0.472937
point 73 887 512.862 224.291   0.550564  -0.801254  -0.756385  -0.646563  -0.808398  -0.926702  -0.329349  0.0890067 0.00691443  -0.761999
point 74 903 566.871 127.201    0.778506    0.504365    0.948089    0.803383  -0.0517636   -0.665005    0.241483   0.0354759   -0.927559 -0.00862168
point 75 918  516.07 217.813  -0.86224  0.150588  0.551779  0.175577 -0.400211 -0.821913 -0.630313  0.881765 -0.141683 -0.246898
point 76 925 446.345 181.126   0.839175   0.626982   -0.46032  -0.632412 -0.0481076  -0.222004   0.425659   -0.36535   0.442279  -0.204644
point 77 931 452.142 168.223  0.673676  0.791825  0.441469 -0.159907  0.339399  0.495844  0.545841 -0.945504 -0.273046 -0.201126
point 78 935 433.348 158.165   -0.72339  -0.922258   0.270681   0.980583  -0.590551   0.546001   0.326468   0.875026  -0.775732 -0.0563242
point 79 943 283.599  232.35  0.983409  0.266627  0.722428 -0.614662   1.01738 -0.311633  0.136334 -0.825432  -0.34529 -0.371531
point 80 949 205.506 233.302 -0.874991 -0.423851   -0.7587  0.818483 -0.681303  -0.05672  0.882273 -0.836999  0.384912  -0.62799
point 81 961 433.289 145.304  -0.299531   -0.49914   0.937486   0.570431   0.591341   0.577809  0.0526036 -0.0633186  -0.815482  -0.104318
point 82 977 453.835 186.563 -0.537078 0.0244676  0.606136 -0.759635 -0.743637    0.8879  0.683834   1.00214 -0.172156  0.397929

