seq: 38
gt_pose: 3.31629 4.73865 1.98825
odom_pose: 3.85464 4.50562 1.91799
point 0 1 282.323 179.741  0.293295  0.423575 -0.719483  0.172022 -0.990562 -0.483736  -0.74461  0.561614 -0.710436 -0.173827
point 1 40 395.924 171.694 -0.315332  0.747989  0.224368  0.272503  0.514291  0.568793  0.559156 -0.446963   0.24329 -0.069556
point 2 41 3.42136 186.535  0.700446  0.361768 -0.131582  0.238901  0.187603  0.335013  0.119975 -0.654808  0.172914 -0.891892
point 3 67 2.12984 219.217 -0.250331 -0.818276   0.59708 -0.192149  0.489381  0.876361  0.712239  0.688677  0.440122   0.31031
point 4 76 150.653 148.792   0.423849  -0.192621  -0.623743   0.672064  -0.646774   0.382211  -0.388254  -0.342466  0.0774106 -0.0369454
point 5 103 177.249 196.947  0.434856  0.111505  0.512416 -0.110338 -0.268326 0.0917145  0.671328 -0.890489  0.380969 -0.604051
point 6 173 244.768 164.698 -0.588783  0.515663 -0.783924  0.855135  0.204628  0.175008  0.523972 -0.866975  0.192949 -0.290888
point 7 180  397.59 125.872 -0.102753 -0.565299 -0.729219 -0.715806  0.126713  -1.04135 -0.153954  -0.13036 -0.190641 -0.208974
point 8 189  103.93 221.055    0.96505 -0.0208413  -0.955574  -0.850176  -0.121062   0.886093   0.729904  -0.422228  -0.432689   0.120368
point 9 190 389.067 225.659    0.39379   0.663608 -0.0678835   0.747101   0.509302   0.470955   0.101238  -0.843056   0.329216  -0.489045
point 10 191  463.35 202.282  -0.892258  -0.893867  -0.872062   0.751737 -0.0277689   -0.96963  -0.284703  0.0374889  -0.749896   0.645868
point 11 193 118.975 209.412    0.98855  -0.757643    1.00088   0.853929   0.468451  -0.866037   0.984545   0.658869   0.836729 -0.0299517
point 12 208 45.3088 194.779 -0.884433 -0.335819 -0.935572 -0.104953 -0.313074  0.842869  0.945563 -0.578366  0.741021 -0.804337
point 13 214 407.286 173.166  -0.713996  -0.485029  -0.661668  -0.180347   0.196769  -0.103756   0.754115  -0.811547 -0.0188903  -0.462841
point 14 229 177.794 169.327  0.928353 0.0578932  0.223152 -0.697761  0.954611  0.124587  0.475782  -0.41357  0.121605  0.109149
point 15 239 372.886 179.781 -0.391318 -0.937202 -0.755753  0.230107   0.62324  0.207472  0.251954  0.244573  0.229898 -0.588538
point 16 264 390.227 177.698   0.911068  -0.145776     -0.372 -0.0810685   0.234821    0.74689  -0.818301   0.858976  -0.889217  -0.783801
point 17 271 33.9108 190.482    0.746427    0.460437    0.951836     0.69983   -0.636236    0.944537    0.490637    0.824834    0.808373 0.000956853
point 18 275 223.281 134.188   0.881711 -0.0514129   0.499579  -0.811613 -0.0144642   0.136719  -0.334033   0.404531  -0.538673  -0.177097
point 19 285 9.01389 119.469 -0.516463  -0.13045 -0.509488    1.0416  0.972412  0.774146  0.335286  0.627092 -0.403743  0.462147
point 20 320 112.522 192.284  -0.104518   0.680441   0.953125    0.01607   0.548192   0.119535 -0.0245067  0.0196447   0.189773   0.246284
point 21 324 379.303 164.908  0.0764031   0.389345  -0.705719  -0.454106    0.56527 -0.0167292   0.449585  0.0641362   0.272277   0.373487
point 22 332 79.0166  206.78  -0.316587   -0.21007 -0.0980444     0.3793   0.769756   0.826577   0.723061 -0.0104265  -0.744352  -0.522362
point 23 344 155.084 232.085  -0.444256  -0.247384  0.0906387  -0.644687   0.850995   0.778324  -0.300633  -0.339162   0.639427 -0.0807687
point 24 376 587.282 153.983  -0.657127  -0.852844   0.613391  -0.346358   0.672701   0.195022   0.301217 -0.0610173   0.566527  -0.232057
point 25 377 252.417  227.21  0.537368 -0.961102  0.202401  -0.51498  -0.75737  0.819153 -0.366821  -1.02377 0.0382093  0.723059
point 26 386 502.954 211.796 -0.0252737  -0.264176   0.265649   0.387135   0.958471  -0.111823  -0.457986  -0.687707  0.0537849  0.0657902
point 27 393 239.561 205.883   0.577323  0.0516687  -0.313072   0.342541   0.952621 -0.0874949  -0.687637   0.181918   0.768073  0.0487794
point 28 402 133.355 209.314   0.324546  -0.241931 0.00763602   0.988415   0.457856  0.0513906  -0.116965   0.423765    1.00542  -0.287591
point 29 404 130.119 157.032 -0.012341  -0.93985  0.159328 -0.371495 -0.168711 -0.521515  0.313119  0.869512 -0.521216 -0.186862
point 30 411 583.253 214.811   0.466967   0.904253   0.899121   0.990014   0.379585  -0.579056   0.876871  -0.293045  -0.848212 -0.0666814
point 31 435 302.577 224.666  -0.787853   0.269612 0.00293751  -0.405115   0.550651   0.982757  0.0493925  -0.816596   0.194917   -1.01096
point 32 438 293.346 177.998 -0.641281  0.794275 -0.637909  0.935636 -0.304174  0.649848  0.841853  0.937791  0.415512  0.945112
point 33 439 392.211 193.689  0.204778 -0.442244 -0.793258   0.23079  0.336312  0.705686 -0.337601  0.291866 0.0603732 -0.123768
point 34 440 432.084 114.242 -0.917602 -0.936952 0.0501548  0.877146 -0.543439  0.434748  0.726645 -0.235318  0.411769 -0.599011
point 35 450 196.243 111.533  0.419399  0.224588  0.649297 -0.527092  0.971006  0.526019 0.0416445 -0.794957  0.843651  0.737583
point 36 453 97.0208 235.373  -0.344321   0.367774 -0.0863051  0.0439048   0.280741  -0.562123  -0.836995  -0.213469   0.549482   0.314415
point 37 458 243.628 139.157 -0.764792   0.20413 -0.793663  0.378076  0.568211  0.456454   0.75778 0.0569316  0.960448 -0.630551
point 38 464 239.934 231.135 -0.0603321  -0.961244  0.0272135  0.0965044   -0.51014   0.104561   0.378742    0.42182  -0.668865   0.194432
point 39 477 212.854 157.693  0.867537 -0.716749 0.0468598 -0.394314  0.165795 0.0675518  0.658784 -0.808357 -0.379746 -0.610206
point 40 478 45.7606 187.464  0.214974 -0.683533  0.464903  0.787834 -0.403787 -0.374521  0.203515 0.0933919 -0.362483  0.806504
point 41 480 83.2937 221.844   0.186115  -0.985886  -0.886748  -0.194576    0.42775    0.29953  0.0976291 -0.0541964   0.119765   0.688258
point 42 487 639.717 26.7742 -0.860781   1.03594 -0.690412 -0.922273 0.0216498  0.591816 -0.321912 -0.894397   0.30048 -0.169991
point 43 502 567.982 204.537   0.260903   0.237614 -0.0116433   0.421989   0.836242 -0.0851829  -0.472187  -0.965513   0.185664   0.127407
point 44 505 253.625 166.176 -0.605032 -0.252135  0.268886  0.234158 -0.754656 -0.470967 -0.893053  0.924747 -0.494188 0.0231532
point 45 513 28.3656 227.725 -0.410035 -0.589193  0.641026 -0.124077 -0.546299  -0.69121  0.413756  0.993445  0.658336 -0.412937
point 46 516 604.947 178.037   0.158488  -0.543705  -0.793583  -0.871284  -0.180021   0.571998  -0.645682 -0.0555866  -0.810319  -0.552114
point 47 517 540.531 107.123   -0.43195 -0.0260632  -0.796204  -0.545755   0.305848   0.153359 -0.0470888  -0.830112   0.682244  -0.518734
point 48 520 128.743  130.13 -0.252319 -0.841932   0.37018  0.391938  0.909018  0.415441  0.460197  0.103809  0.244301 -0.160864
point 49 534  117.59 206.861   0.288986   0.403285  -0.232577   -1.00448  -0.109434 -0.0632041   0.372135  -0.282699  -0.300741    0.16534
point 50 561 102.703 221.793  -0.910721  -0.347734   0.762799  -0.170149  -0.951257  -0.732804 -0.0990329   -0.98509  -0.380045   0.670017
point 51 569 404.189 183.194 -0.0327626  -0.713815   0.304023   0.241274  -0.246705   0.383401   0.390275  -0.586679    0.91969  -0.408339
point 52 585 280.848 212.342  -0.904737   0.656936 -0.0734747   0.787654   0.306373   0.413744  -0.549857  -0.634583   0.270852   -0.86347
point 53 614 15.8332 182.156   0.48833  0.585468 -0.595334 -0.738117  0.928191 -0.350515  0.805674  0.107738  0.977645    0.1513
point 54 616  96.364 224.366   0.821423   0.528119   0.558388    0.39863  -0.941212 -0.0715831  0.0365427  -0.671481    0.21781  0.0158086
point 55 628 522.448 161.341 -0.700021 -0.193213  0.179519  -0.38574 -0.181067  0.874862  0.554141 -0.403232  0.490155  0.845234
point 56 640 396.057 214.243 -0.0202931   0.730079   0.915525   0.373293   0.177889  -0.331883   0.529657  -0.251278  -0.219865  -0.209664
point 57 674 223.143  233.08   0.900356  -0.776804   0.470534   0.765579  -0.464632  -0.441474  -0.674041   0.166181 -0.0755356   0.201791
point 58 675 506.458 153.605  -0.102002   0.814192   0.694846   0.152784  -0.124796  -0.701192  -0.120923   0.836843 -0.0301539  -0.609438
point 59 678 281.038 93.5348 -0.811105 -0.927174 -0.389249 -0.453284 0.0103601  -1.00958 -0.874001  -0.11384  0.270824 -0.291584
point 60 704 546.959 111.364 -0.394619  0.123864  0.370688  -0.19024 -0.525889  0.818992  0.534843 -0.970005 -0.549371  0.647522
point 61 705 14.8457 238.739 -0.0732652   -0.72323  -0.128313   0.534359  -0.958162   -0.32319    0.86499  -0.647908   -0.44036  -0.417202
point 62 756 92.4996 195.737 -0.740214  0.222336 -0.778907  0.116381 -0.164524  0.197215 -0.436389  0.517957  0.287759  0.729512
point 63 761  11.985 217.324  0.651467 -0.878775  0.119192   0.49972  -0.75876 -0.771008 0.0251786 -0.610749 -0.698911 -0.921289
point 64 779   464.5 227.184   0.224086   -0.82097  -0.902367  -0.763317   0.629472  -0.564361   0.819122  -0.737751 -0.0164418   0.424674
point 65 780 218.21 239.22  -0.97797 -0.221586 -0.294821  0.126283   1.01213  0.521072  0.504972 -0.828799  0.285753  0.960227
point 66 816 41.4067 159.938  0.605806 -0.216771 -0.822676  0.382091  0.275935 -0.378605 -0.409343  0.996445  0.401384 -0.291446
point 67 822 322.948 223.266  0.763167 -0.220284  0.866964 -0.327618  0.273632 -0.856365  0.718531 0.0123923 -0.317475  0.241695
point 68 826 248.728 195.819  0.560759  -0.16626  0.199298  0.553324  0.926578 -0.466545 0.0212511 -0.697659  0.784589  0.614782
point 69 847 63.8234 172.691  0.108849  0.444116  0.341744  0.920387 -0.793401  -0.70612 -0.340705 -0.897025 -0.830078  0.230463
point 70 853 386.315 159.552 -0.447661  0.825374 -0.626997 0.0295342  0.117651 -0.680044 -0.291148 -0.356308  -0.79735 -0.753018
point 71 868  590.54 85.8302   0.696375  -0.403431  -0.893889 -0.0600561  -0.610335  -0.396672   0.856232  -0.859398 -0.0132236   0.582583
point 72 877 150.489 125.435 -0.729294  0.915452  0.704878 -0.959655 -0.175972  -1.01328  0.832789 -0.604526  0.394795  0.449063
point 73 897 321.193 153.925   0.234236   0.864616    1.00026   0.614745   0.110805  -0.862799 -0.0999297  -0.247479  -0.917082   0.222341
point 74 901 450.202 200.965 -0.700658  0.480853 -0.928913  0.819735  0.747689 -0.400528 -0.739377  0.351813 -0.151236 -0.566217
point 75 907 396.575 216.317 -0.760097  -0.94508  -0.89698  0.548859 -0.775636 -0.858707 -0.301827  0.623759 -0.280332 -0.689614
point 76 909 112.411 203.617 -0.293711 -0.679913  -0.21202 -0.439581 0.0725716   0.06738 -0.352542  0.146288 -0.361011 -0.141731
point 77 924 287.286 223.396   -0.471772   -0.532504    0.290548   -0.384104 0.000506726  -0.0788243    -1.01888  -0.0884245    0.772855   -0.218797
point 78 934 48.6485  157.86  0.354243 -0.576979  0.759824  0.141349 -0.926003 -0.369697 -0.769269  0.829388  0.595203 0.0988256
point 79 947 299.754 131.906 -0.326398 -0.975408   0.81614 -0.600198 -0.531406  0.951017  0.578735 -0.793609 -0.897061  0.770141
point 80 953 164.968 134.081  0.0638915   0.550311    0.74516  -0.607488  -0.153091 -0.0921766   -0.46395   0.737413   -0.70197   0.773951
point 81 955 21.1933  215.81 0.0977178  0.365186 -0.694815 -0.272601  0.477595  0.330699 -0.671086  0.211304  0.678837  0.156769
point 82 972 169.647 52.3785 -0.708231 -0.480003  0.948268 0.0277389    -1.022 -0.522719 -0.718588 -0.332857 -0.659549  0.749242
point 83 984 279.173 142.895 -0.464402 -0.783341 -0.953819 -0.549205  0.461736  0.589001 0.0668197  0.474015 -0.500902 -0.614298
point 84 993 223.651 142.472  -0.162246   0.952524  -0.465527   0.770076 -0.0674795   0.382699  -0.250823   0.138436   0.361306  -0.339634

