seq: 86
gt_pose:  0.311506 -0.241282  -1.64645
odom_pose:   1.20063 -0.300424  -1.54229
point 0 5 261.595 146.869 -0.00671322    0.352154   0.0644602   -0.919339   -0.138643    0.867583    0.882601    0.399495   -0.426758    0.443203
point 1 6 108.351 180.741 -0.644928 -0.166873  0.732806  0.683898 -0.318341 -0.542485  0.765296 -0.318779  0.391271  0.879152
point 2 23 272.599 157.958   0.797869   0.783636 -0.0132191   0.142396  -0.664982  -0.488203   0.727584 -0.0505822  -0.075993   0.719487
point 3 24 324.468 178.751   0.387303   0.469999  -0.733575   0.176411  -0.048158   0.700658    0.47261  -0.605605  -0.524088 -0.0241873
point 4 26 226.007 180.597 -0.900796 -0.779198  0.276095 -0.296033  -0.44286 -0.384564 -0.791354 -0.136193  0.852155   0.16142
point 5 28 590.306 191.993  0.302676  0.981438 -0.343557  0.760981 -0.776105 -0.138962  -1.00935  0.566735  0.502855 -0.386127
point 6 35  105.53 213.077 0.0764063  0.862211  0.363389  0.629653  0.438919 -0.367684  0.276251 -0.970662  0.062314  0.654273
point 7 38 143.815 149.896  -0.58138 -0.685213 0.0284805  0.635685  0.378587    0.7605 -0.637342  -0.20733  0.423445  0.751448
point 8 43 383.537 225.898   -0.91718   0.421872   0.122792   0.603759   0.167903   -0.12942 -0.0779501     1.0227  -0.855287   -0.88007
point 9 48  268.22 165.033  -0.303427  -0.932813   0.891823    0.15316   0.550494   0.812055   0.875266  -0.610276 -0.0990473  -0.069443
point 10 54 40.8069 171.075 -0.661825  0.183301 -0.887497 -0.765485 -0.656599 -0.528799 -0.693893  0.137523 -0.847365  0.774184
point 11 56 142.081 204.001  0.290056  0.110788 -0.934943  0.911271 -0.342606 -0.604277 0.0205872   -0.2184 -0.418996  0.312404
point 12 72 430.469 189.138  -0.79759 -0.323019  0.690515  0.210678 -0.765787  0.622336  0.482576 -0.217863 -0.262055 -0.173394
point 13 78 307.999 130.515 -0.909365  -0.79696  0.607918  0.803352  0.969294   0.01058  -0.45321 -0.659955 -0.304163 -0.157259
point 14 91 32.3643 226.259   0.503783 -0.0960703  -0.765814 -0.0665109   0.930951   0.722951   0.321096  -0.493365  -0.579388  -0.486424
point 15 116 219.833 229.168   0.870014   0.629676   0.414129  -0.469734   0.573636 -0.0977203  -0.305606   0.591477   0.396834   0.806151
point 16 118 187.777 201.844   0.898306   0.864953   0.609325  -0.435365 -0.0444949   0.548954    -0.9298  -0.635262  -0.869034   0.683533
point 17 119 90.5779 189.373 -0.373955 -0.425559   0.81281 -0.343358  0.749405  0.450023  0.945516 -0.535466 -0.765313  0.368906
point 18 129 508.361 151.711 -0.567882   0.83564  0.916354 -0.645793  0.162355 -0.664997  0.958947 -0.129903 -0.998166 -0.106826
point 19 138 191.326 232.186 -0.387793 -0.690899 -0.397063 -0.590237 -0.458789  0.113918   0.50946 -0.751344  0.175998 -0.032638
point 20 146 382.175 147.131  0.987044 -0.533011 -0.678461  0.166431 -0.700467 -0.128535  0.918826 -0.462299  0.111675 -0.692456
point 21 152 129.169 165.273  0.0231648   0.502458   -0.58735  -0.606559   0.966706  -0.567973 -0.0651805   0.619882    0.75504   0.249517
point 22 184 179.748 172.364 -0.206024  0.513025 -0.348292 0.0538344 -0.621279  -0.25994  0.130117 -0.381436  -0.38446  0.351389
point 23 188 13.9839 180.581  -0.41689  0.228579 -0.319156  0.893743   0.49292  0.326881 -0.541336 -0.262126 -0.252606 -0.679361
point 24 195 455.179 166.458   0.310155 -0.0250264  -0.250285   0.113959   0.589076  -0.273519   0.246084   0.564259  -0.425902  -0.238661
point 25 197 507.504 185.483 -0.827523  0.628157  0.126374 -0.270882  0.750388 -0.601034  0.819446 -0.393364  0.503643  0.389766
point 26 234 318.001 168.697 0.0951005  -0.12959  0.696291 -0.337307  0.838467 -0.423264  0.311043  0.205125  0.283287  0.403049
point 27 242 310.614 147.473  -0.762959 -0.0324613   0.144687   0.396661  -0.422773   0.652657   0.794668   -0.80586   0.486745   0.643664
point 28 252 106.931  195.12  -0.441887 -0.0549793   0.649745   -0.18323   0.970159   0.856781   -0.12205  -0.183904  -0.955119   0.101258
point 29 277 310.075 138.898 -0.559381 -0.836381  0.318083 -0.781376 -0.919151  0.203864  0.135726  0.479224  0.367326 -0.887776
point 30 284 605.172 205.174  -0.219072   0.149872  0.0703325  -0.271718   0.791557   0.505999  -0.976253   0.895722 -0.0213821  -0.743301
point 31 306 520.704 178.286    0.543031    0.145044    0.535582   -0.176993    0.271249 -0.00666377    0.281273    0.897939    0.654524    0.287558
point 32 308 572.491 193.207   -0.554643    0.974807  -0.0462089 -0.00227535   -0.762214   -0.453046   -0.854334    0.715713    0.341702    0.445277
point 33 309 455.988 195.478  -0.55472  0.993248    -1.009  0.751829 -0.195781  0.126215  0.741853  0.617562 -0.234313  0.431114
point 34 326 332.979 187.276   0.42626  -0.53322  0.609272  0.271415 -0.956994 -0.373797 -0.456869 -0.643175  0.264026 -0.786334
point 35 327  71.425 200.961 -0.292243  -0.99345 -0.270638  0.910084  0.335727  0.576307 -0.391013  0.718503 -0.295471  0.736245
point 36 334 443.236 182.646 -0.305916 -0.363973  0.963509 -0.649107  0.266241 -0.394822   0.10176 -0.842632  0.927199 -0.140059
point 37 347 17.4659 201.325  0.369312  0.372808  -0.68745  0.624836 -0.128325 -0.735633 -0.985171  0.829662  0.548802  0.424067
point 38 350 514.298 136.103 -0.774414 -0.906303  0.944289  0.180591  0.451126  0.872657 -0.750517  0.685861 0.0777337  0.585551
point 39 359 301.195 113.804 -0.104584 -0.250372  0.675484 -0.499121  0.690056 0.0135931  0.179522  0.183194 -0.500695  -0.26543
point 40 364 272.472 153.925   0.150393   0.746369   0.659067  -0.606582   0.871752  -0.480881  -0.559211  -0.923741  0.0686075 -0.0531693
point 41 369 457.197 232.541   0.422898  -0.482779  -0.863928  -0.549325    -0.3705  -0.513221  -0.363551  -0.449655 -0.0302118   0.115448
point 42 382  257.98 198.497 -0.746545  0.845187   1.00628 -0.902924  0.108481  0.545043  0.520739 -0.232749  0.295138 -0.201669
point 43 394 22.3963 185.471 -0.198587 -0.455481  0.969035  -0.26472  0.420524  0.916622  0.644866  -1.01562  0.201656  0.686197
point 44 409 422.207 203.646 -0.447189  0.878878  0.262676  0.770344 0.0951265  0.625415  0.712364  0.172821  0.282802  0.923021
point 45 422 384.683 210.216  0.0143255   0.577567   0.510026   0.399772   0.994715   0.971183 -0.0223139  -0.819872   0.511365   0.727589
point 46 425 179.049 239.778  -0.474277   -0.39052   0.339659  -0.480955  -0.593454  -0.626941 -0.0935014  -0.902549   0.938632   0.832643
point 47 446 128.659 167.017  0.548031 -0.775045  0.606288  0.953494  -1.03476  0.135975   1.01133  0.500998  0.533789 0.0024102
point 48 452 159.815  190.32  -0.901708   0.220058  -0.214409   0.729918   0.532979  -0.799278 -0.0924228   0.220252  -0.370035  -0.137529
point 49 468  159.78 182.389  0.504521 -0.293844 -0.489044  0.552885  0.199602  0.527879 -0.369587 -0.250276 -0.813059 -0.333831
point 50 470 298.856 237.534    0.48197 -0.0834709  -0.585913    0.90699  -0.341849   0.915263  -0.363786   0.239133   0.420848   0.749098
point 51 472 453.619 133.272   -0.88647 -0.0951511   0.666019   -0.27445   0.868444    0.11419   0.687339  -0.704559 -0.0592185  -0.597625
point 52 475 292.488 219.819  -0.974009   0.132781  0.0937949   0.543234  -0.298184  -0.317722 -0.0570134 -0.0554631  -0.707699   -0.27863
point 53 484 213.839 199.134  0.861995  0.676581   1.02741 -0.772671 -0.666677  0.455231  0.606743   0.56894 -0.270722 -0.695522
point 54 492 292.608 153.548   0.49075  0.511188 -0.676948 -0.443853 -0.488556  0.658534 -0.560434  0.836882 -0.826514 -0.594845
point 55 497 407.303  207.91    0.518171   -0.502491    0.608071   -0.233067   -0.642447  -0.0960499   -0.576763    0.236706   -0.729737 0.000853007
point 56 508 263.918 162.831  0.650247  0.624794  -0.22768  -0.11882 -0.804721  0.854556 -0.816025   0.17886 -0.720977 -0.769153
point 57 509 23.6136 200.798  0.257225 -0.946279  -0.36002  0.642583  0.791047  0.848272 -0.481092 -0.342486 -0.335492  0.933403
point 58 529 326.841 158.879   0.478822  -0.367147  0.0821062  -0.265643   0.706559 -0.0861517  -0.822115   0.758344  -0.214654  -0.334422
point 59 532 11.7899 143.168 -0.815446  0.401859  0.820059   0.80398  0.700897  0.773332  0.224171  -0.43613  0.887271 -0.487778
point 60 560 266.094 206.296  0.960113   0.42339  0.547537   0.79661  0.242186  0.452175  -0.77101 0.0106295 -0.505377  0.364912
point 61 568 330.767 165.906 -0.955609 -0.606506  0.937917 -0.675276  0.421702  0.494422  -1.00537  -0.80635 -0.769926  0.109431
point 62 574 637.251 169.298  0.860792  0.286459 -0.667597 -0.207717 -0.536267  -0.73526 -0.657641  0.888365 -0.353513  0.134492
point 63 597  306.47 166.453  -0.76458  0.724426  0.814426  -0.10995  -0.34545  0.517976  0.805806  0.901894  0.420241 -0.354117
point 64 639  170.32 219.045 -0.748573  0.845037 -0.316227 -0.318275   0.73868  0.666723 0.0261478 -0.854742 0.0690391 -0.705631
point 65 642 432.987 167.989  0.767083  -0.11719  0.228516  0.633464  0.561576 -0.737126  0.410188  0.465355  0.656424 -0.408567
point 66 648 629.073 210.286   0.101674   0.381893  -0.739051  -0.949021  -0.758865 -0.0499353   0.694878  -0.967997  -0.330622  0.0900464
point 67 651 251.255 170.827  0.883874  0.612309 -0.524819   0.25005 -0.517373 -0.932045 -0.912026  0.396958 -0.212533 -0.425563
point 68 664 97.9947 196.771 -0.415718 -0.934715  0.304556   0.85994 -0.265312 -0.330918 -0.398368   0.34135 -0.222732  0.349476
point 69 679 618.956 196.028   1.01756 -0.256271  0.191718  0.679832  0.975484 -0.470227 -0.385477 -0.388001  0.881644  0.836916
point 70 695 254.592 185.711   0.692023  -0.256622   0.311132   -0.41398   0.472195 0.00512141   0.902334  0.0774307   0.542022   0.771778
point 71 720 556.605 113.815   0.35153 -0.560783  0.417556  0.394188 -0.748797  -0.97453 -0.582436 -0.922073  0.538929 -0.745008
point 72 731 133.147 227.676 -0.300282  0.370374   0.30819 -0.882311 -0.614585   0.98996  0.725418  0.825976  0.547017 -0.797985
point 73 748 590.409  206.89 -0.923777 0.0896929 -0.413861  -0.82167 -0.575803  0.177808 -0.174737  0.956101  0.727989 -0.398844
point 74 751 342.665 223.035  -0.325637  0.0998235  -0.451911    0.87739  -0.547329 -0.0110229  0.0781389  -0.921681    0.20402  -0.415396
point 75 755 441.241 236.978   0.102375   0.190987 -0.0563278   0.806407   0.498981  -0.494259   0.297959  -0.361884  -0.461919   0.592059
point 76 760 477.887 183.279  0.851101   0.14814  -0.41978  -0.70665 -0.578535  0.391064  -0.74413 -0.658738  0.922086  -0.29649
point 77 764 52.9451 206.011 -0.965848 -0.458666  0.254698  -0.71873  0.926675  -0.51978  0.168005 -0.971556 -0.634524 -0.556443
point 78 767 512.171 237.782 -0.0225578  0.0361352  -0.160272  -0.718428   0.392444  -0.144927    0.14342 -0.0919269   0.312676   0.763009
point 79 769 613.283 123.257   -0.9498  0.690973 -0.649826 -0.289697  -0.35643  0.307554  0.820519  0.529502  0.595449  0.178693
point 80 774 433.847  221.94   0.351169 -0.0785511  -0.114123   0.648979   -0.20044  -0.338259   0.167127   0.200895   0.141233  -0.291627
point 81 783 472.331 216.446  0.950552 -0.457465  0.560316  0.873966  0.845001  -0.58854 -0.918977 -0.466452  0.281708  0.067399
point 82 794 172.006 75.2032 -0.451673  0.395721 -0.335418 -0.678754 0.0411552  0.648342  0.444701 -0.489712  0.167128  0.471208
point 83 797 140.655  81.654  -0.727497  -0.656231   0.748197  0.0962743  -0.253716  -0.517592 -0.0707806   0.566701 -0.0999899  -0.282414
point 84 819 297.078 191.323  -0.550344   0.446819  -0.707181    0.72688   0.917574 -0.0347896   0.310199    0.71193  -0.421107 -0.0728201
point 85 821 131.451 194.967  0.362385  0.327097 -0.613379 -0.928482  0.955764 -0.192844   0.53489 -0.863391 -0.380247  0.445507
point 86 836 606.088  201.99  -0.747666  -0.690058  -0.207237 -0.0284958    0.53715   0.258042  -0.381359    0.69098   0.182243  -0.979756
point 87 852 512.854 170.298  -0.421062  -0.278153   0.968587   0.224514 0.00278677  -0.579847   0.109927   0.860876   0.762451   0.546782
point 88 861 413.488 163.404  0.0587387   0.679973   0.838919 -0.0929997  -0.523113   0.270911    0.02676   0.160891 -0.0408024   -0.50922
point 89 862 386.781 141.396  -0.776723  -0.296463  -0.742007  -0.245992   0.665259  -0.508838 -0.0931751   0.412955   -1.00582  0.0709636
point 90 887 342.969 223.901  0.600345 -0.766933 -0.804788 -0.649213 -0.824886 -0.878775 -0.353144 0.0132323  0.027727 -0.743203
point 91 888 575.593 79.7123  -0.704463   0.723391   0.486619   0.566832   0.363856  -0.848173   0.678058   0.912636   0.130365 -0.0290363
point 92 894 549.663 172.939 -0.256335 -0.604035 0.0356852  0.759392 -0.646671 -0.650702  0.809679  -0.30709 -0.938444 -0.908222
point 93 903 137.805 193.216   0.809816   0.543393   0.986712   0.806827 -0.0325183  -0.744206   0.218008  0.0857863  -0.921179  0.0309243
point 94 915 521.173 217.604  0.218607   0.62823  0.114162 -0.102711 -0.751829  0.307714  0.967249 -0.493651 -0.119129 -0.376397
point 95 918 177.185 228.381 -0.798068  0.127702  0.601732  0.206999 -0.327928 -0.817965 -0.565064  0.830622 -0.117964  -0.26275
point 96 923  615.84 212.693  -0.765328  0.0286693   0.677813  -0.293696   0.340159 -0.0773926   0.859944  -0.890779  -0.389254 -0.0785929
point 97 931 251.721 187.846  0.716192  0.795153  0.419137 -0.128247  0.313357  0.503017   0.61133 -0.909438 -0.200094 -0.189917
point 98 935 59.126 226.98  -0.763416  -0.885135   0.259004   0.990511  -0.622005   0.506607   0.340344   0.808821  -0.766268 -0.0187294
point 99 936 327.983 76.5201 0.0924055 -0.394943 -0.438319  -0.38119 -0.470813  0.925419 0.0799627 -0.729636 0.0780633  0.121149
point 100 942 73.2725 100.257 -0.755199 -0.287247  0.599579 -0.502263  0.213283 -0.227845 -0.699719 -0.983667   1.00882  0.423516
point 101 962 596.339 127.342  -0.180945  -0.229894   0.855168  -0.793258  -0.796275 -0.0214483  -0.458947   -0.50577  -0.100755  -0.163414
point 102 965 354.554 106.307   0.879137   0.567426   0.573113  -0.056857 -0.0179132  -0.506983  0.0883068   0.639407   0.947684   0.226883

