seq: 108
gt_pose: -3.03783 -2.09303 -3.09151
odom_pose: -1.84001 -2.63582 -2.90253
point 0 2 97.2142 159.244   -0.546855   -0.018282    0.628796    0.227891   -0.390971     0.25606   0.0452936 -0.00956366    0.898767   -0.450651
point 1 25 127.452 218.105  -0.327402   0.857891   0.849188   0.216089   0.667114   0.623098 -0.0232457  -0.364312  -0.230185   0.342257
point 2 28  201.29 154.995  0.238737  0.999335 -0.288639  0.799117 -0.729094 -0.150716  -1.01554  0.583311  0.595709 -0.415754
point 3 34 337.345 191.664 -0.104156  -0.52444 -0.225761 0.0940904 -0.724374 0.0805045  -1.01149 -0.226673 -0.212686 -0.426613
point 4 60 441.325  133.06  -0.885997  -0.835215  -0.503612   0.432142   0.240343  -0.864153   0.969405   0.687405  -0.701937 -0.0706694
point 5 70 511.888 149.248   0.89976  -0.73846 -0.453716  0.133952  0.320339  0.752666 -0.544658  0.302934  0.231304  0.651691
point 6 80 335.085 175.848  0.066515  0.440429  0.890234  0.872081 -0.794132 -0.992655  -0.91957  0.833931  0.828268 -0.873303
point 7 86 624.606 155.011   0.801493   0.357829   0.733331  -0.440825  0.0613174  -0.728509    0.66478  -0.591897  -0.810624 -0.0712259
point 8 90 315.358  160.74 -0.751091 -0.933062 -0.759393  0.486973  0.063657 0.0795053 -0.553518 -0.508516  0.120442  0.769199
point 9 114 269.447 149.363  0.491065 -0.907843  0.960204 -0.561104  0.150766 -0.058025 -0.326601  0.422988  0.122871  0.220459
point 10 125 616.606 207.758 -0.129689   1.01162 -0.608884  0.683968   0.90476  0.565975  0.877684 -0.374179 -0.165175  0.743966
point 11 131 374.466 130.266  -0.907164  0.0580321  -0.581152  -0.273143 -0.0332751 -0.0597174  -0.497891 -0.0800116   0.240326    0.68099
point 12 167 111.157 199.152  0.736001 -0.355068 -0.404212 -0.186374  0.109084 -0.985628 0.0383051 -0.417193  0.581372   0.30815
point 13 218 438.996 224.347 -0.119787  0.686646  -1.00184  0.789553 -0.788395 -0.621911  0.858043 -0.915998 -0.415821 -0.690675
point 14 219 484.502  237.87  0.145111 0.0830798 -0.316115  0.923694  0.134339  0.298995  0.207209  0.117342 -0.483841 -0.513378
point 15 228  630.84 162.381   0.480269  -0.873616  0.0274749 -0.0403331  -0.939857   0.927069  -0.534747   0.559742    0.61718  -0.707784
point 16 254 621.697 217.681  0.194125 -0.205902 -0.173009   0.55425 -0.616515  0.376086 -0.486171 -0.953876 -0.784189 -0.516639
point 17 263 142.581 195.794   0.12924  0.617538 0.0673328  0.553448 -0.901915  -0.10513 0.0137477 -0.890255  0.606079   0.84604
point 18 266 342.189 196.904   0.795026  -0.370259  -0.186445   0.712548  -0.701735  -0.233631  -0.415072 -0.0556085   0.700095    0.79244
point 19 284 227.643 203.037   -0.241789    0.132066   0.0177338   -0.258289    0.795756    0.505235    -0.99119    0.900181 -0.00232042    -0.71648
point 20 291 9.32064  190.84  0.254429  0.752513 -0.674746 -0.959251  0.540582 -0.786302 -0.391423  -0.14326 -0.800954 -0.254104
point 21 306 79.5863 75.2729  0.477295  0.134413   0.50438 -0.111258  0.259552 0.0388086  0.261596   0.88722  0.680635   0.33594
point 22 308 190.245 164.891 -0.531693  0.916727 0.0188839 0.0454242 -0.713964 -0.473436   -0.8064  0.739784  0.423371  0.480455
point 23 330 256.093 229.386 -0.092929 -0.592856  0.249491 -0.665607 -0.248026  -1.02568  0.789727   1.01095  0.244965  0.468497
point 24 358 303.515 142.741   0.70968  -0.22589 -0.119921   1.02244  0.182634 -0.801394  0.378544  0.455793 -0.981796  0.723073
point 25 388 447.994  190.38   -0.39991 -0.0905435   0.806817  -0.484345  -0.834077  -0.241404   0.344533    0.41939   -0.77597   0.331905
point 26 389 310.279  174.77  0.428503   0.82261 -0.395276 -0.491201  0.374777 -0.717721 -0.179542 -0.113531 -0.687399 0.0165923
point 27 397 581.574 79.6787  0.774954  -0.38412  0.530035  0.207958  0.526208  0.878253 -0.713526  0.632732  0.790652 -0.794314
point 28 400 286.476 219.233  -0.914381 -0.0841787   0.956907 -0.0988612   0.779836  -0.890448  -0.181844  -0.899142   0.561622  -0.191555
point 29 413 10.4567 191.759  -0.817092   -1.02554  -0.129201   -1.01474   0.157142  -0.670886   0.913046 -0.0107794  -0.740676   0.291798
point 30 424 572.058 214.919 -0.0937635  -0.855625    0.50319   0.387531   0.592198  -0.506662  -0.127397   0.133054   0.914377  -0.154086
point 31 434 126.831 176.595 -0.769609  -0.13854 -0.580689 -0.536001 -0.801103   0.13479 -0.905185 -0.892819  0.794637  0.350389
point 32 460 638.828 149.153   0.792865  -0.504646  -0.317118   0.370694 0.00492494   -0.13708   -0.36337   0.259214  -0.747066  -0.883543
point 33 467 432.742 216.704 -0.404303 -0.761674 -0.116631 -0.297951   0.85668  0.305559  0.454037 -0.143924 -0.599825 -0.744849
point 34 474 377.837 224.602  -0.117298   0.722935  -0.944466   0.686997  -0.669813  -0.747126  -0.350407   0.981152 -0.0461584  -0.472259
point 35 488 454.624 145.735  0.890146  0.566935 -0.550257  0.194078 -0.714783 -0.435889 -0.335186 -0.755759  0.172972 -0.264399
point 36 501 290.183 157.798  0.442664 -0.302117 -0.216075 -0.187046  0.294159 -0.335565   0.38025 -0.298432 0.0699225  -0.50441
point 37 523  298.18 169.992  0.527519  0.481558    0.4769 0.0805925  0.920371  0.608143  0.740498   0.50907 -0.164583 -0.475439
point 38 543 529.002  130.18  -0.370178  -0.741081   0.606963   0.645582   0.303682 -0.0734706   0.855236   0.153433   0.657223  -0.819324
point 39 545 282.244 174.221  0.845811  0.540422 -0.841901  -0.24201 -0.784324 -0.171215 0.0262707  0.875515 -0.554527 -0.700051
point 40 551 33.7479  214.24   0.291478  -0.810511    -0.6782 -0.0890956   0.334663  -0.879249   0.508821   0.203679  -0.965219  -0.669987
point 41 552 562.924 87.1908   0.88084 -0.248337  0.860015 -0.145904  0.407835 0.0477765  0.760557  0.773529 -0.382044 -0.572264
point 42 553 311.207 191.938   0.162358 0.00198937   0.834546   0.239535   0.610414   0.115421   0.439953    1.01448  -0.990595  -0.253574
point 43 559 273.559 84.7861 -0.538119   1.04516  0.979568 -0.657018 -0.183358  0.729217  0.518696 -0.627143 -0.608539  0.885827
point 44 574 245.783 165.455  0.896624  0.360808  -0.66528 -0.157232  -0.45048 -0.730537 -0.564891  0.837201 -0.353742  0.184199
point 45 575 46.4484 132.836 0.0502067 -0.944346  0.461285  0.950191   0.82055  0.372929 -0.246559 0.0871413  0.898948  0.488412
point 46 589 449.574 179.772  0.0819824  -0.157189  -0.328528  -0.712211  -0.441785  -0.491854 -0.0983621   0.180659  -0.816638  -0.879786
point 47 593 86.8488 168.183 0.0271282 -0.653652 0.0572191 -0.736036  0.762646 0.0451277  -0.34719  0.380903 -0.833194  0.231553
point 48 600 281.7 164.6   0.87269  0.433307  0.703439  0.566967   1.00569 -0.477593  0.246467  0.441635 -0.359547 -0.844104
point 49 623 586.755 47.4676   0.58896 -0.513331   0.64382 -0.491366 -0.278883  0.457534  0.416286 -0.245884 -0.764261 -0.368128
point 50 625 567.763 184.258 0.00921965   0.751914  -0.216472    0.94802   0.467411  -0.605282  -0.632776  0.0221506  -0.139606   0.191047
point 51 634 133.939 175.408   0.304481 0.00907217   0.986879  -0.715571  -0.919951  -0.130686   0.446223  -0.225892   0.166248   0.937727
point 52 635 89.7923 238.489 -0.217189   0.32989 0.0660056 -0.417021   0.11883 -0.248258 -0.326807  0.506641  0.615835  0.684962
point 53 636 588.219 232.101   0.768296  -0.266224   0.418214  -0.889058 -0.0646192  -0.319808   0.107464 -0.0752081 -0.0235077   0.185949
point 54 648 239.404 197.268 0.0914387  0.434502 -0.734551 -0.912648 -0.786949 -0.104474  0.645158  -0.98417 -0.261949 0.0651268
point 55 650 537.676 211.953  0.728969  0.256623  0.670479 -0.546826  0.959588 -0.234621  0.851958  -0.74653 -0.154304 -0.918216
point 56 654  508.61 238.404  0.102164  0.671289  0.215651 0.0891068 -0.302854  0.364486  0.754922 -0.883513 -0.322427   0.61906
point 57 670 525.03 190.94   0.741671  -0.314094  -0.939396  0.0970735  -0.120835  -0.489091 -0.0719499   0.104037  0.0152423   0.407889
point 58 679 223.343 140.361   1.03463 -0.273893  0.179357  0.730069  0.963748 -0.391828 -0.350581 -0.331859   0.87657  0.841191
point 59 680 416.778 225.548  0.0397027 -0.0376129  -0.981754  -0.324665  -0.183922    -0.7986  -0.226101   0.463547  -0.209582   0.737926
point 60 687 550.489 213.816 -0.413949  0.254592 0.0318479 -0.221412  0.634419  0.398434  0.573422 -0.490483  0.228089 -0.493064
point 61 694 501.375 221.962   -0.684413   -0.731036 -0.00458557   -0.434537    0.992431   -0.400686   -0.247371    0.909769    0.700334    0.452774
point 62 706 262.718 189.849  0.945862  0.651458  0.112494  0.709304 -0.936441  0.703487 -0.141187  0.431328 -0.479233  0.269079
point 63 708 150.713 157.529   -0.12059 -0.0372267  -0.713058   0.488345  -0.424753  -0.708359   0.174897   0.713047    1.00944    0.24169
point 64 710 354.809  91.726 -0.0625287  -0.480588  -0.631678   0.313619   -0.47914    0.31631  -0.658879  -0.177412  -0.179099 -0.0943642
point 65 715 315.195 238.071 -0.773081  0.637434  0.102871 -0.681216  0.292604   1.03031  0.416192 -0.892846 -0.187376 0.0434112
point 66 719 533.598 26.4516 -0.795418 -0.335552  0.730196  0.727148 -0.623475  0.713291  0.350775 -0.573432 -0.584366  -1.02536
point 67 727 525.118 209.261 0.0902129 -0.892356  0.633633 -0.580177 -0.218615  0.868995 -0.369414 0.0204539  0.861352  0.870937
point 68 732 573.304 158.161   0.228237    0.72726  -0.982831  -0.296833   0.117087   0.818442  -0.904108 -0.0476542   0.661418   0.640639
point 69 735 438.897  224.38 -0.916612  -0.41011 -0.172209 -0.623951  -0.30817  0.545535 -0.333989 -0.696674 -0.384186  0.868762
point 70 748 203.046 183.548 -0.925325  0.133507 -0.454522 -0.843337 -0.511926   0.16516  -0.19705  0.950888  0.694838 -0.387574
point 71 758 200.361 218.761 -0.183954 -0.942914  0.821163 -0.487552 -0.585577 -0.864533   0.68231 -0.440341  0.266042 -0.420413
point 72 770 307.801 102.141  0.783029   -0.5477  0.702629 -0.332432 0.0100864 -0.188252  0.471847 -0.758271 -0.835214   0.76499
point 73 795 327.371 196.149 -0.292293   0.88817  -0.22741 -0.515239  0.751962  0.131046 -0.581414 0.0674538   0.91875 -0.229403
point 74 808 128.194 177.352 -0.506382  0.536551 -0.140046  0.739627 -0.466221 -0.244723 -0.215787 0.0101201  0.854791 0.0685931
point 75 810 73.4698 195.987   0.958702  -0.630074   0.525974  -0.690486  -0.872867   0.946543   0.833059 -0.0159437   0.794781  -0.646156
point 76 836 218.788  178.57  -0.77811 -0.712515 -0.199539 0.0374711  0.613223  0.305825 -0.352855  0.640914  0.261177  -1.01201
point 77 844 271.212 218.737    0.52838  -0.827179  -0.312673   0.685287 -0.0507874  -0.770547 -0.0873027  -0.863826  -0.832531   0.890667
point 78 849 48.9072 171.395  -0.134583   0.207977 -0.0326422  -0.620573  -0.427216  -0.966757   0.863563   0.931057  -0.996315  -0.926389
point 79 850 275.639 179.604 -0.551801  0.852529 -0.160584  0.302118 -0.541072  0.479197  -0.83485 -0.391514  0.240624   1.02234
point 80 871 273.217 199.508   0.307048  -0.803975  -0.696555   0.137019   0.180277   0.701514 -0.0760271   0.344756  -0.810991    0.92341
point 81 890   126.3 154.483   0.395913  -0.416404 -0.0796254  -0.857035  -0.351765   0.159642   0.913184   -0.85574   -0.31078   0.254581
point 82 891 188.639  223.35  0.407867  0.463856  0.139566 -0.521154 -0.638291  0.350645   0.69707 -0.817112 -0.985262  0.727695
point 83 895 103.208  211.79  -0.790661   0.267647   0.636758   0.911411  -0.595717  -0.268113 -0.0176585   0.680082    -0.7257   0.312008
point 84 896 573.239  204.16   0.409653  -0.456786   0.371075  -0.848891   0.891377  -0.823118  -0.414831 -0.0564349   0.896135 -0.0397466
point 85 900 556.694 150.486  -0.570267  -0.485069   0.554923   0.501617   0.441889   0.459571    0.87352  -0.299108  -0.519242 -0.0186084
point 86 902 410.403  205.25 -0.467171  -0.72286 -0.167653  0.837159 -0.649632  0.194492  -0.60426  0.984296 -0.343413  0.811062
point 87 915 51.1186 169.717    0.23581   0.622792   0.141709 -0.0422715  -0.732534   0.339479   0.996566  -0.501515  -0.141366  -0.419037
point 88 919 163.851 125.243 -0.787403  0.483271 -0.286429 -0.545506  0.433504 -0.337365 -0.386513  0.826594 0.0996208  0.411727
point 89 921 113.444  164.61  0.250751  0.110641 -0.303635  0.735474  0.162858  0.022065   0.18713   0.86037  0.518668 -0.400503
point 90 923 233.742 211.175  -0.782483  0.0481687   0.745706  -0.332783   0.387286 -0.0799469   0.765652  -0.928755  -0.384203 -0.0557813
point 91 938  17.737 212.532   -0.48629 -0.0584036  -0.626126   0.203411 -0.0594916   0.404992   0.874517   0.519733  -0.915124  -0.587452
point 92 952 278.977 173.838  0.801678 0.0858508  -0.48369  -0.28862  0.656117 -0.200707  0.409584 -0.729271 -0.369718  0.681065
point 93 957 426.541 161.018 -0.450702   1.00699 -0.201655 -0.874139  0.247493  0.857203  0.389864  0.508146 -0.353595 -0.169838
point 94 970  290.95 197.525 -0.521611  0.241727 -0.334775  0.841805  0.438698  0.752099 -0.574939 -0.490467 -0.302077 -0.556862
point 95 973 315.725 116.462  0.102821  0.181889   0.58475 -0.920765 -0.434139  0.304528  0.064853  0.856013  0.569275  0.113877
point 96 983 56.2106  159.97  0.655163  -0.55274 -0.872087 -0.904172  -0.82804  -0.29093  0.881293  0.117578 -0.514428  0.654218
point 97 986 445.106   230.3 -0.322258 -0.262725  -1.02319 -0.545964 -0.172285 -0.417711 -0.402667 -0.113074 0.0595751 -0.847924
point 98 988 74.1767 225.939   0.35097  0.856639  0.345582 -0.498122 -0.351324 -0.883031  0.202988 -0.335807 -0.448451 -0.982065
point 99 991   406.9 235.328   -0.123019   0.0177273   -0.759627    -1.03173    0.961028   -0.431481    0.300739    0.448567 -0.00851932   -0.744771
point 100 998 42.629 86.357 -0.427564 0.0516319  -1.00132  0.412116 -0.125387  0.260883 -0.117384 -0.661575  0.222085 -0.383333

