seq: 262
gt_pose:   6.51108  0.486639 -0.941528
odom_pose:   5.61576 -0.907183  -1.23718
point 0 0 432.247 141.735    0.585093    0.861889   -0.636811   -0.293633    0.491787    -0.40613   0.0888071 -0.00903048    0.237448    -0.27318
point 1 35 589.256 204.443  0.153242  0.839658  0.364811  0.667856  0.429438 -0.344493  0.294512 -0.984032 0.0592353  0.709296
point 2 45 581.705 227.955  -0.537919 -0.0697122   0.949006 -0.0242448   0.750172   0.961011  -0.664386  -0.044444   0.588934   0.522356
point 3 54 586.238  154.38 -0.596299   0.14892 -0.915066 -0.753432 -0.732829  -0.52832 -0.695679  0.161725 -0.914337  0.740792
point 4 56 580.699 191.566    0.297908   0.0445179   -0.954537    0.836613   -0.338456   -0.592669 0.000440408   -0.178843   -0.335802    0.358306
point 5 69 551.985 211.704  -0.383357  -0.765177    0.80055  -0.805504 -0.0233572  -0.504138  -0.634066  -0.389355   0.359985   0.938975
point 6 91 439.004 227.289   0.453566 -0.0260273   -0.85334 -0.0704281   0.896418   0.725743   0.316268  -0.471248  -0.572738  -0.488362
point 7 94 287.884 159.141  -0.714712   0.389118  -0.561073   0.163987  -0.982145   0.628452 -0.0382461  0.0527361   0.541275  -0.730866
point 8 99 407.802 138.432 -0.551272 -0.610006  -0.75532 -0.768291  0.210124 -0.922799 -0.800164 -0.758806  0.579604   1.00846
point 9 112 172.949 232.489 -0.0454522  -0.815738  -0.752408  -0.944009   -0.41339  -0.935888  -0.980719 -0.0362434  -0.209924   0.142381
point 10 152 553.276 145.314 0.0678863  0.430973 -0.668644 -0.553634  0.918621 -0.517603 -0.125246  0.582108  0.753475  0.274862
point 11 174 559.299  147.41  0.704503 0.0968327  0.913638  0.109334 0.0754462  -0.45389 0.0542323 -0.540666 -0.465096 -0.981016
point 12 177 352.018 164.747   -0.70506   -0.10811  -0.530402   0.383794   0.172174   0.158337 -0.0418067  -0.626463   0.524802  -0.262934
point 13 182 638.933 231.687  -0.84417 -0.979369 -0.821225   0.83063 -0.706942 0.0663527 -0.640673 -0.475671  0.367269  0.491223
point 14 194  446.65 152.968  0.873564 -0.883739 -0.121586  0.764984 -0.698774 -0.633658 -0.184423  0.801073  0.623054  0.081528
point 15 196 434.027 189.683   0.52896  0.449838 -0.905348 -0.902514  0.421522  0.965952 -0.756193 -0.714864  0.772171 -0.377299
point 16 207 412.196 236.208 -0.947747 -0.701321   1.04557   0.97635 -0.238655 -0.788739 -0.221122  0.531168 -0.543957 -0.781714
point 17 213 30.0819 57.4556   0.471882  -0.199825  -0.748445 -0.0844396 -0.0482595    -0.8847  -0.369057   0.782503    0.44709   0.164052
point 18 217 439.455 95.1331 -0.357451  0.291649  -1.02582  0.211435  0.251926  -0.98992  0.619593 0.0855439 0.0279046 -0.709272
point 19 224     452 177.049  0.913623 -0.526976 -0.720472   0.41561  0.370273 -0.394913  0.350102  0.456591 0.0941349 -0.159903
point 20 237 419.057 191.056 -0.0102116  -0.968995   0.666852  -0.991156   0.201418   0.849944  -0.996453   0.176779   0.314823   0.104937
point 21 252 496.631 189.942  -0.458646  0.0158534   0.674898   -0.18176   0.959612   0.860992 -0.0824974  -0.183452  -0.907673   0.111085
point 22 256 577.323 220.254 -0.710363 -0.672646 0.0445916  0.683009  0.489213  -0.86047 -0.484942 -0.690578  0.755799 -0.192573
point 23 261  524.41 201.004   0.852429   0.436205   0.984095  -0.270853  -0.154586   0.224079  -0.667616   0.941129  -0.355236 -0.0684118
point 24 279 205.274 142.862 -0.424311  -0.34979  0.236997  0.193777 -0.094953  0.755332  0.374051 -0.833975  0.882226  0.375771
point 25 289 322.901 149.512   0.88051 -0.470137   0.30207    0.9341 -0.804785  0.869394 -0.703059 -0.401903   0.99895 -0.337206
point 26 317 298.859 236.346   0.602124 -0.0320576  -0.579204    -0.1486   0.697107  -0.435578   0.485774   0.682798    0.66226  -0.838968
point 27 347 423.121 205.936   0.411946   0.383943  -0.723736   0.538981 -0.0877574  -0.821662  -0.895146   0.813209   0.562509   0.366664
point 28 348 297.911 152.002   0.849954  0.0500875  -0.710384   0.231026   0.342405  -0.260018   0.193811   -0.72728 -0.0587956   -1.02544
point 29 354 373.586 237.283  0.302615 -0.235898  0.834599 -0.738724  0.497388  0.470627  0.685727 -0.157851   0.74385   0.21558
point 30 372 352.843 213.419 -0.250769  0.895143 0.0133295 -0.549576  0.975143  0.621188 -0.656407  -0.98272 -0.369716  0.189272
point 31 373 496.841 236.235  -0.402747   0.804611 -0.0427707  -0.314832   0.456059   0.562358 -0.0442046   0.727789  -0.291649  -0.874845
point 32 374 595.225 194.581  0.604608 -0.396195  0.308406 -0.615205  0.407417 -0.901589 -0.739866 -0.631658 -0.407529  -0.78486
point 33 394 426.309 191.414 -0.198339 -0.457814   0.96467 -0.325851  0.387203  0.971068  0.662923 -0.965957  0.204939   0.66699
point 34 403 522.383 188.218  0.216583  0.651629 -0.466797 -0.504749 -0.640578  0.511452   1.00877  0.694804   -1.0252  -0.59034
point 35 417 359.646 196.116 -0.772657  0.603393  0.100427 -0.455418  0.275335  0.565772 -0.814535  0.376539 -0.653408  0.198434
point 36 421 377.148 211.046 -0.848761 -0.820291 -0.138598 -0.748217  0.793648 -0.604765  0.270571  0.199589 -0.289377 -0.163519
point 37 429 636.188 189.974  0.447058  0.404247 -0.706607 -0.528183  0.574837 -0.974934 -0.557601 -0.198325 -0.317132  0.263758
point 38 442 409.095 230.281 -0.164221  0.626224 -0.650219 -0.389378  0.540787 -0.552156 -0.334152 -0.350453 -0.688047  0.118764
point 39 444 571.477 170.812   0.567279   -0.94729   0.481115  -0.660505   0.029603  -0.741992   0.965399   0.266652 -0.0667701   0.526203
point 40 446 605.995 138.801   0.559304   -0.78929    0.53736   0.866663   -1.01895    0.18539   0.964777   0.426463   0.580032 -0.0358428
point 41 452 621.266 167.322  -0.959195   0.260878  -0.177552   0.745302   0.531731  -0.820356 -0.0587481   0.222801  -0.359197 -0.0744062
point 42 468 625.677 155.126  0.510761 -0.265693  -0.52653  0.510532  0.209649  0.540414 -0.350021 -0.275619 -0.785666 -0.318813
point 43 481 515.455 225.705 -0.853558 -0.823609  0.397627  -0.53105 -0.278423   0.13141 -0.191846 -0.787729 -0.474562    0.2052
point 44 482 516.572  214.39  0.474425  0.356788  0.219132  0.134229  -0.40556 -0.539271  0.197453 -0.219444  0.295443 -0.347226
point 45 509 518.308 197.536  0.315831 -0.913311 -0.346677  0.718717  0.838728  0.810345 -0.423388 -0.330965 -0.306507  0.932472
point 46 518 440.007 153.912 -0.988578  -0.96641  0.244172  0.896283  0.368989 -0.520696 -0.696385  0.619448 -0.347395  0.156229
point 47 550 83.5293 169.898   0.214855  -0.136356  -0.645985   0.513175  -0.400994  -0.470281  -0.847713   0.167984 0.00706181  -0.776797
point 48 571 566.342 95.3843  0.826001   0.76939  0.328196   0.68233  0.238105  -0.67916  0.890454 -0.354341   0.50267  -0.26037
point 49 582 308.862 84.0618 -0.0541749  -0.827913  -0.559529   0.968884   0.129729   0.088093  -0.464023   0.259497 -0.0191666   0.719128
point 50 604 284.395 230.725   0.34649 -0.939557 -0.909424  0.528007 -0.647079 -0.804505  0.249623 0.0442141 0.0449244 -0.605208
point 51 608 287.239 187.167   0.726855   0.995107 -0.0372835   0.722715 -0.0972036   0.699933   0.360663   0.809745   0.138126   0.939026
point 52 612 285.576 159.157 -0.697556  0.511386  0.203234   0.33323  0.353934   1.02215 -0.846008  0.126134  0.690562   0.50032
point 53 619 270.563 60.9315  0.059754  0.931644  0.343195 -0.976906 -0.973165 -0.561718 -0.740064  0.353959  0.506758 -0.295492
point 54 620     616 146.605  0.540611 -0.246882  0.860614  0.804697 -0.343801 -0.338352 -0.779089  0.376078  0.019958  0.446837
point 55 621 185.189 112.883    0.85668 -0.0515618  -0.912034  -0.232186   0.229262   0.126361  -0.324033  -0.408202   0.123827  -0.293975
point 56 624 242.319 198.498 -0.0127733   0.648125  -0.725628  -0.642045   0.745002  -0.140754  -0.631975   0.178999   0.761544  -0.605668
point 57 632 229.496 224.893  -0.115218   0.243179  -0.326887  -0.720695  -0.527683   0.657186   0.246326  0.0945044  -0.640256 -0.0483904
point 58 673 533.437 238.071  -0.454051   0.701252 -0.0175697  -0.262343   0.536513 -0.0182493   0.395416  -0.503923  -0.406089  0.0527939
point 59 698 346.408 216.338  0.352662 -0.506752  0.413939  0.377478  0.489849  0.499749 -0.844828  -0.42508 -0.111136 -0.956021
point 60 703 354.234 182.618  0.858797 -0.624511 -0.641828  0.957335  -0.32016  0.817293 -0.988214 0.0827204  0.801878 0.0210909
point 61 731 610.712 222.708 -0.312393  0.376372  0.299943 -0.877438 -0.685972  0.923389  0.747521  0.802931  0.596414 -0.868655
point 62 737 154.088 99.8994  -0.345125   0.109315 -0.0153309   0.530238  -0.773374   0.139081  -0.901247  0.0890903   0.556852  -0.144274
point 63 740 209.608 169.315   0.373306   0.793657  -0.961899    0.63429 -0.0935504   0.325172   0.629387  -0.494832   0.704588  -0.879881
point 64 743 560.932     217   0.152061  -0.611396   0.864951   0.296596   0.678359  -0.270375  -0.417845 -0.0557599  -0.290312  -0.413831
point 65 753 323.073 179.348  0.613968  0.509357  0.180724 -0.913624 -0.723078   0.90351  0.128024 -0.133125  0.701539  0.545698
point 66 754 334.309 150.763 0.0303918  0.421077 -0.329434 -0.941326  0.249818 -0.449943     0.849  0.729262  0.265961 -0.353924
point 67 768 517.755 83.3159 0.0915636 -0.171268  0.195699  0.345564 -0.757547   0.27354 -0.189848  0.387187  0.722985   0.68201
point 68 775 617.176 170.678 -0.933774 -0.868508  0.955642 -0.725812 -0.655136 -0.926347  -0.83434 -0.883838  0.227695  0.265417
point 69 789 338.174 182.719  -0.699422 -0.0103056   0.569085 -0.0230227  0.0937671  -0.569642  -0.738032  0.0790031  0.0303707   0.348937
point 70 791 555.816  184.56  0.663333 -0.612944 -0.832889 -0.594925  0.999824 -0.489145  0.385554  0.585514  0.493677 -0.442506
point 71 811 409.547 212.857  0.532439   0.59403  0.024568 -0.240942   0.30033  0.779941 -0.141249   0.40548 -0.530215  0.303579
point 72 839 359.231  203.68 0.00476725  -0.198209  -0.798122  -0.858819   -0.23959   0.119724 -0.0977783    0.29862   0.764867  0.0900615
point 73 845  242.55 215.361  -0.12391 -0.254582   0.93355  0.905848 -0.469502  -0.51674 -0.244735  0.440112   0.88502  0.822363
point 74 860 440.523 235.169    -0.822475    -0.910405     0.723784     0.577454    -0.813328     0.242687    -0.211933 -0.000528681    -0.898502    -0.536316
point 75 935  545.91 224.697  -0.757472  -0.899189    0.28049     1.0049  -0.660304   0.468379   0.343002   0.844928  -0.735121 -0.0302992
point 76 969 333.852 239.878    0.685215 -0.00673861     0.99052   -0.105929    0.479164    0.141813    0.770306   -0.133129    0.145967   -0.119786
point 77 994 424.596 134.753  -0.374999 -0.0483398   -0.96501  -0.543342  -0.312582   0.436458  -0.196279   0.443989  -0.136284  -0.339284
point 78 996 294.972 146.903  0.220978  0.470219   0.47916  0.901032  0.706805 -0.843422 -0.155003  0.723534 -0.414398  0.611832

