seq: 1
gt_pose: 0.200036        0        0
odom_pose:     0.20554 0.000556205  -0.0274834
point 0 6 538.969 183.631  -0.713703 -0.0965703   0.727085   0.633219   -0.34446  -0.519238    0.75466  -0.300195   0.371932   0.950383
point 1 14 463.641 126.486 -0.798876  0.047769  0.545354 -0.400271   1.03246  0.124445  0.785506  0.466598   0.26645 -0.881168
point 2 15 56.6872 172.777   0.753741   0.689007    0.92705   0.476591   0.854827    1.00404   0.349171 -0.0536329  -0.682174   0.663989
point 3 17 305.332 110.566  -0.402556  0.0864529   0.415724  -0.819144 -0.0379771   0.207132   0.915757 -0.0611932  -0.356161   0.671082
point 4 35 518.338 215.218  0.129051  0.862163  0.383839  0.624755  0.359816 -0.366225  0.317466 -0.943592 0.0967726  0.672137
point 5 36 59.0964 233.229 -0.156193  -0.28764  0.398984  0.564365  0.382645 -0.734905 -0.886796 -0.880448  0.332637 -0.637458
point 6 38 572.197 136.023 -0.581074 -0.637168 0.0384707  0.631497  0.304157  0.808945 -0.572142 -0.180987   0.39971   0.70462
point 7 42  301.94 173.812 -0.0142184  -0.812709  0.0193732  0.0382475  -0.885821   0.582576   -0.25326    0.26818 -0.0474835   -0.75376
point 8 44 175.004 157.308  -0.53324  0.301147  0.843353  0.514311 -0.123064 -0.149529   0.74895  0.953976    0.9136  0.757143
point 9 45  441.28 234.645  -0.575767 -0.0327229   0.857166  -0.100154   0.804393   0.894928  -0.614355 -0.0525294   0.600793   0.488585
point 10 53 66.3732 196.232  0.826852  0.339452  -0.34935 -0.861746   0.54698  0.641525  0.439217  0.404844  0.786106 -0.334058
point 11 54 476.454 192.093 -0.572596  0.137137 -0.862397 -0.801487 -0.642101 -0.479747 -0.708707  0.219364 -0.853289  0.763837
point 12 56 556.192 199.456  0.217267 0.0429181 -0.919794  0.820659 -0.320831 -0.555909 0.0132538 -0.245839 -0.371608  0.318149
point 13 57 401.506 173.549  0.364254 -0.321996 -0.616583  0.493983 -0.483638  0.385094  -1.00721  0.682175  0.713769  0.189687
point 14 59 449.587 216.737  -0.930177   -0.94405   -0.99677 -0.0627753  -0.460401   0.402952   0.684964  0.0375997 -0.0875049  -0.818205
point 15 61 109.485 165.199  0.114736  0.450574  0.529301   0.79956 -0.821919  0.551208  0.929949  -0.79377 -0.472093 -0.520224
point 16 64 284.946 194.453   0.898055   0.522406  -0.792473  -0.907491  0.0414328  -0.187907  -0.592943 -0.0727093  -0.724254  -0.340633
point 17 69 584.157 212.126  -0.413868  -0.801432   0.777963  -0.792303 -0.0403145  -0.454434  -0.560895  -0.429724   0.292992   0.861212
point 18 84 453.332 173.639 -0.459619 0.0906921  0.345371  0.877347  0.237752  0.305746 -0.146402  -1.00615  0.975486 -0.256579
point 19 89 60.4328 231.747  0.604309 -0.601673 -0.397685 -0.290768  0.286806 -0.622473 -0.508251 -0.905929  -0.73826 -0.154557
point 20 106 38.2731 234.377 -0.171575  0.974631  0.114036 -0.132695  0.484452  0.157193  -0.13935 -0.933147  0.540349 -0.138009
point 21 110 215.005 87.8744   0.80835  0.911545 -0.602186 -0.319326 0.0497958 -0.665136 -0.592999  0.597461  0.696601  0.240252
point 22 113 140.501 188.305 -0.0507858  -0.616157   0.596931  -0.911317   0.567488  -0.377638   -0.86074   0.640508  -0.322588 -0.0603241
point 23 115 272.815 178.557 -0.756612 -0.807951  0.477243  0.447741 -0.066881 -0.552942  0.928317 -0.485309 -0.455961   0.44614
point 24 119 530.299  195.56 -0.388443 -0.415559  0.826203 -0.400306  0.753423  0.489428  0.873439 -0.491591 -0.787375  0.378782
point 25 120 237.904 189.704   -1.0128  0.182341  0.672017 -0.523498  0.583087  0.553541 -0.621656  0.328652 -0.883122  0.270332
point 26 130 40.1369 174.919   0.761008   0.290972 -0.0238742   0.944624   0.531696  -0.286198   0.988329  -0.923291  -0.434394    -0.5442
point 27 132 127.135 150.167  0.263196 -0.934492 -0.969201 -0.087398 -0.725559   0.83503 -0.844927  0.299768  0.878679  0.696125
point 28 134 137.586 173.434 -0.367693  0.139576  0.418783  0.842319  0.703074 -0.346847  0.938707  0.771985  0.573559 -0.822994
point 29 140 178.233 193.721   -0.47309 -0.0913295   0.598551   0.123037   0.832602  -0.806997   0.351988    -0.6223  -0.370393   0.850513
point 30 148 116.383 68.9333 -0.0875532  -0.293701  -0.191015   0.568419 -0.0653834  -0.235405   -1.03011   0.271343   0.966055  -0.617348
point 31 152 539.622  162.11 0.0494105  0.504279 -0.611309 -0.559616  0.909239 -0.552511 -0.132688  0.670496  0.814186   0.29305
point 32 157 31.6063 237.132 -0.012564  0.116332  0.602349  0.479868  -0.78265 -0.938101  0.247801  0.588724 -0.763224  0.534336
point 33 158  88.128 131.864  0.483363  0.463913  0.274982 -0.368389 -0.106488 -0.391693 -0.799043  0.199679  0.955859 -0.646349
point 34 159 136.547 130.897  0.198893 -0.956891 -0.850405 -0.107937 0.0528231 0.0869818  0.944463 -0.290523 -0.436507 -0.721269
point 35 161 101.809 172.205   0.431525   0.930772 -0.0341535  -0.443181  -0.359551   -0.81236  -0.457014  -0.314086  0.0662509   0.596096
point 36 165 198.061 22.5391   0.444384  -0.820441   0.384711   0.571567  -0.759686   0.648536  -0.592977   0.805239   0.354122 -0.0393794
point 37 169 214.696 172.083  -0.586493   0.483764   0.678409  -0.264498 -0.0821298   0.500784   0.360719   0.489962  -0.707637  -0.487933
point 38 170 187.035 237.286  0.141538  -0.33047  0.214441  0.171018  0.744282 -0.221605 -0.903849  0.709785  0.447784    0.7471
point 39 179 289.551  197.85 0.00364673  -0.809906     0.1265   0.805386   0.655066    0.32186  -0.369911  -0.763278   -0.22181   0.781719
point 40 198 451.162 235.641  0.858388  0.614629 -0.386415 -0.609271  0.963022 -0.788438   0.91787 -0.890686 -0.726653  0.280747
point 41 202  295.25 140.117 -0.513775  -0.15458  0.274582  0.314246  0.160642  0.831017  0.606144  -0.16323 0.0922077 -0.201409
point 42 259 398.312 207.544  0.220613  0.670625  0.129084  0.494722 -0.465491 0.0805641 -0.701485  0.411669 -0.860006  -0.62378
point 43 261 547.333 204.851   0.887176   0.463349     1.0342  -0.290326  -0.152897    0.15469  -0.666308   0.911346  -0.371738 -0.0611231
point 44 280 301.737 230.106 -0.222363   0.10462  0.553428 -0.142751 -0.337081 -0.402056  0.802065   0.86896 -0.127199  0.765435
point 45 286  430.31 172.043 -0.722448 -0.438159 -0.395534 -0.200103 0.0684131  0.395299  0.893484  -0.89532 -0.978486  0.704716
point 46 290 347.786  190.61 -0.666445  0.875279 -0.805987 -0.487974 -0.654793  0.466592 -0.865175 -0.830063  0.591761  -1.01809
point 47 296 406.773 93.1827 0.00474965  -0.603448  -0.398746   0.264772  -0.166567   0.602104  -0.679134   0.925823  0.0135585  -0.341498
point 48 301 462.632 139.882  0.114008 -0.534884 -0.988595   0.41823 -0.913755 -0.697962 -0.617973  0.497085  -0.71863 0.0765405
point 49 310 14.7042 159.592  0.626385  0.150065 -0.645262 -0.864659  0.679124 -0.236743 -0.903991 -0.337335  0.774196 -0.606243
point 50 313 351.358 111.871  0.125825  0.370261    0.2012  0.130279   0.51839  0.714637  -0.45076  -0.62032 -0.060599  0.410145
point 51 315  144.95 209.339 -0.801003 -0.388124 -0.924395   0.10512 -0.357682  0.183268 -0.540464   0.83342 -0.758082  0.893643
point 52 316 379.003 183.688  -0.602372  -0.787909  -0.935828  -0.539191  -0.516709 -0.0608967  -0.399431  -0.215161  -0.254465  -0.675902
point 53 319 364.204 157.689 -0.948981   0.23871  0.597955 -0.225839 -0.745186  0.157355  0.677979 -0.330223  -0.94548  0.324861
point 54 325 232.439 214.788 -0.158332 -0.267957 -0.638874  0.135557  0.182949 -0.303697 -0.285381 -0.434559 -0.554792 -0.990869
point 55 327  500.36 209.082 -0.359421 -0.994379 -0.261033  0.898254  0.304305  0.535049 -0.464284  0.717264 -0.343297  0.832576
point 56 343 139.347 226.878 -0.0353994  -0.998029  -0.367673  -0.803318  -0.191204 -0.0697934   0.262746   -0.95324   0.535129  -0.469299
point 57 353  248.39 184.575  -0.578036  -0.286188    1.00735  -0.308042  -0.287171   0.282605 -0.0797703  -0.509439  -0.470772  0.0807936
point 58 367 202.968 49.8857  -0.696121  -0.917157   0.889987  -0.408335  -0.516671   0.720534  -0.365127 -0.0691508  -0.549976  -0.768479
point 59 374 636.674 190.849  0.556381 -0.318765  0.317061 -0.627402  0.453553  -0.91612 -0.774455 -0.634566 -0.448648 -0.806986
point 60 396 219.602 170.435  0.216961 -0.725303  0.857987  0.672854 -0.445771 -0.363748 -0.813871  -0.42495  0.331397  0.602802
point 61 398 419.006 215.711 -0.837606    0.8943 -0.647364  0.454575 -0.984233    0.6124  0.704148  0.896925  0.250408 -0.735309
point 62 411 15.7713 229.521   0.446711   0.904563   0.831566   0.930837   0.451865  -0.521262    0.86748  -0.314549  -0.877917 -0.0839751
point 63 444 587.963 173.447    0.613844   -0.957626    0.480152   -0.657467 -0.00882228   -0.711804    0.970403    0.321919  -0.0583041    0.562009
point 64 446 541.405 163.967   0.561824  -0.757542   0.567058   0.913178   -1.01235   0.192202   0.959624   0.423056   0.519206 -0.0299738
point 65 448 324.877 208.051  0.831464 -0.416963  -0.80935 -0.651839 -0.270331  0.714431 -0.407665 -0.725978  0.664585 -0.400201
point 66 449 52.1675 160.145  -0.015646  -0.371742   0.834259  -0.547548 -0.0296415  -0.498585   0.561789 -0.0220448  -0.326097  -0.188253
point 67 452 583.693 177.099 -0.949923  0.224788 -0.245056  0.692408  0.604013 -0.776941 -0.109155  0.189561 -0.345215 -0.105145
point 68 463 462.763 115.684   0.538051 -0.0311527  -0.349817   0.579326  -0.822638   0.224224   0.932343  -0.783152  -0.766224  0.0335625
point 69 468 583.844  167.06  0.465056 -0.251097 -0.467253  0.562957  0.208868  0.521195 -0.337182 -0.244367 -0.862634 -0.342802
point 70 469 389.362  125.92 -0.0909446  -0.859637   0.972398   0.978345  -0.105497   -0.45224  -0.823261   0.818997   0.217138  -0.872781
point 71 481 576.19 225.27 -0.888876 -0.888755  0.381986 -0.544675 -0.261661   0.12471  -0.16818  -0.86729 -0.409301  0.172074
point 72 482 541.403 217.121  0.490954   0.43816  0.295804  0.138944 -0.336148 -0.480376  0.262895 -0.234265  0.287345 -0.308944
point 73 487 33.6493  175.63 -0.783011  0.962874 -0.754471 -0.888473 0.0695547  0.670534 -0.353229 -0.934403  0.359984 -0.234018
point 74 516 26.3038 214.397   0.204559  -0.619657  -0.826227   -0.82743  -0.111735    0.57856  -0.631231 -0.0172451  -0.856142  -0.593465
point 75 519 330.778 59.1196  0.402976  0.452539  0.607343  0.170871  0.730101 -0.809309 -0.877163  0.881878  -0.35418  0.445735
point 76 532 476.929 178.469 -0.864769  0.352042  0.800096  0.841044  0.672069  0.738386  0.194328 -0.484046  0.943628 -0.505655
point 77 540 603.966 184.562  0.964461  0.561302  0.683939 -0.478969 -0.272703   0.92949  0.412858  0.883938 -0.902899  0.312879
point 78 571 447.292 170.773  0.792824  0.778097  0.317281  0.623121  0.234858 -0.697694  0.883224 -0.363149  0.581486 -0.299667
point 79 573 336.711 133.152  0.932532 -0.260045  0.264754 -0.473152 -0.252297 0.0691779 -0.644153  -1.02927 -0.349793  0.593778
point 80 581 150.486 239.547   -0.7135 -0.474035   -0.2598   0.96564 -0.963876 -0.098584 -0.125885 -0.788805  0.851183 -0.155048
point 81 588 333.079 232.504 -0.252959 0.0908344 -0.389209 -0.644637  0.618691  0.634321 -0.551502  0.264279 -0.184379  0.133502
point 82 603 84.8422 160.794  0.981726  0.568304  0.757944  0.318045 -0.794205  0.424594  -0.85222    0.7856 -0.524018  0.687878
point 83 629 428.207 176.751 -0.401379   0.73011  0.643512 -0.899171  0.958067 -0.243548  0.992138 -0.709069  0.147951 -0.784535
point 84 639 617.438  210.98 -0.788329  0.825029 -0.385399 -0.395533  0.818623  0.615844 0.0201923 -0.815624 0.0540396 -0.690301
point 85 646 342.019 226.784 -0.365171  0.638116  0.794038  0.749836  0.379454 -0.749581   -0.2919  0.785256  0.291532  0.521671
point 86 655 147.139 209.342 -0.0670006   0.683975   0.488852  -0.610513   -0.52833  -0.469722  -0.984025  -0.694769  -0.862205   0.830581
point 87 658 95.2974 207.161   0.32607  0.107676  -0.14323  -0.33736  0.229432   1.02772  0.613327  0.649544 -0.804697   0.55056
point 88 664 525.507  201.12 -0.492147 -0.886468   0.27265  0.924542 -0.230147 -0.331217 -0.341924  0.409828 -0.130644  0.363094
point 89 667 275.749 143.624 -0.941831 -0.559059 -0.287231 -0.600026  0.726102 -0.779825 -0.483785  0.723665  0.547828  0.360698
point 90 673 608.219 237.854   -0.432548    0.674874 -0.00285851   -0.225515    0.587675   0.0484132    0.417929    -0.53697   -0.391555   0.0630624
point 91 681 360.424 207.875 -0.241881  0.614023  0.210462  0.398721 -0.740706  0.175522 -0.769476  0.444037 -0.152895 -0.827989
point 92 697 409.493 204.032  0.150111 -0.746448 -0.470787  0.926209  0.451306 -0.712129  -0.29179 -0.129646 -0.195238 -0.791487
point 93 709 415.465 212.834  0.956931 -0.894006  -1.00847 -0.971701  0.468015  0.858597  0.766006  0.548927  0.142486 -0.520623
point 94 717 123.661  183.52   0.93318  0.704827 -0.953581 -0.223829 -0.405488   -0.6804 -0.662007  0.758284 -0.391438  0.669485
point 95 731 546.657 226.823 -0.305259  0.391309   0.32233 -0.873946 -0.692131  0.926053  0.730008  0.777702  0.513101 -0.797513
point 96 743 603.889 216.128   0.110634  -0.547615   0.830836   0.268163   0.673291  -0.287346  -0.482121 -0.0630151  -0.267625  -0.446996
point 97 771  348.94 226.937    0.2477 -0.425504  0.771605   1.00026 -0.663914  0.856692  0.687882 -0.228852 -0.450135 -0.679832
point 98 777 371.244 158.827  -0.647981   0.681937  -0.269931  -0.461518   0.561953  -0.234496  -0.267112   0.552147 -0.0732676   0.121876
point 99 791 588.269  184.98  0.664796 -0.654092 -0.789537 -0.617198  0.968921 -0.434336  0.430448  0.611863  0.511543 -0.410643
point 100 804 207.421 210.434   -0.83345  -0.730251  -0.712086  -0.574531   0.518771   0.701966 -0.0692817   0.510574  -0.609893   0.102959
point 101 815 411.866  116.18 0.0526646 -0.242559  0.921991 -0.280305  0.739315  0.576818 -0.378277 -0.598022  0.800653  0.891564
point 102 821 562.385  191.47  0.402913  0.332605 -0.613688 -0.970477  0.970963 -0.205488  0.535975 -0.815954 -0.376135  0.431506
point 103 837 262.678 155.075 -0.108917  -0.27803 -0.466345 -0.329897 -0.788518  0.148853  -0.49587 -0.380556 -0.862755 -0.484708
point 104 846 199.288 233.108   0.474532   0.262627   0.398697  -0.852164  -0.877111 -0.0757399   -0.67644  -0.272338  -0.327376   0.207733
point 105 867 303.459 205.344   0.956826   0.105418  0.0423822    0.62738  -0.437091 -0.0879552  -0.803324  -0.377639   0.653139  -0.015313
point 106 868 15.3946 197.365   0.627561   -0.34443  -0.820981 -0.0629723  -0.652509  -0.405329   0.856332  -0.874798  0.0302352   0.537143
point 107 878 54.1406 225.517  -0.933095  0.0184259  -0.940563  0.0235812 -0.0594143   0.487733   0.390288  -0.082744  -0.780776  -0.575455
point 108 882 414.254 193.706 -0.482945  0.934006 -0.659134  0.566878  0.427742 -0.206131 -0.949558 -0.842317 -0.593169  0.657149
point 109 885 450.008 154.201   0.909015  -0.674427 -0.0860516 0.00433678   0.543823   0.638202   0.696744    0.85121   0.664924 -0.0472562
point 110 886 227.942 179.184 -0.391899 -0.814385 -0.438081 0.0936586  0.291925   1.03137  0.908793  0.881335 -0.686547 -0.820958
point 111 903 559.239 188.222   0.767057   0.514252    1.02179   0.750574 -0.0111667  -0.661216   0.244836   0.102443  -0.942268 -0.0426876
point 112 905 139.658 135.095 -0.942973 0.0791619  0.463456 -0.378783  0.721512  0.308807  -0.79855  0.636987 0.0665053  0.185903
point 113 910 137.556 174.999  -0.918459   0.654277   0.464991 -0.0167936   0.652249   0.487849  0.0546973   0.557639   0.750543   0.341121
point 114 918 626.761 223.116 -0.800091  0.161575  0.573348  0.205934 -0.353022 -0.730628 -0.558617   0.86464 -0.135079 -0.240836
point 115 920 211.458 213.505 -0.918748  0.699571 -0.300977 -0.327991 -0.469888 -0.138599  0.820072 -0.804435  0.973485 -0.589336
point 116 927 218.966 97.2781 -0.0113848    0.90652   0.595136   0.363503  -0.906801   0.353774  0.0300109  -0.361006   0.733491   0.898394
point 117 928 254.18 197.22 -0.115318   0.86737 -0.806525 -0.910394 -0.310683 -0.601358 -0.708443 -0.322906 -0.448344  0.271198
point 118 935 484.698  230.29  -0.696251  -0.873418   0.259827   0.977216  -0.618653     0.5316   0.309771   0.790503  -0.749838 -0.0217077
point 119 939 263.414 211.308 -0.461163 -0.757805   0.58002  0.923449  0.220444 -0.881388 -0.764034  0.694629  0.147086   0.79568
point 120 963 300.964 191.465 0.0128766  -0.80546  -0.34236  0.419494 -0.847458  0.217708  0.968711 -0.941742 -0.148254  0.475054
point 121 971 341.858 195.384   0.668711 0.00664708   0.258912   -0.64416   0.969122 -0.0356137   0.366879   0.999522   0.747656  -0.184964
point 122 979 81.2704 29.8698  0.046054  0.447567 -0.138527  0.426132  0.169621  0.334263 -0.591452 -0.175188  0.663805 -0.270278
point 123 989 197.002 236.594  -0.642754   0.331611   0.451703  -0.558886 -0.0931527  -0.595438  -0.113601    0.47533   0.523484  -0.470179

