seq: 263
gt_pose:   6.62482   0.32192 -0.991546
odom_pose:  5.67504 -1.09786 -1.31102
point 0 0 430.013 134.712  0.583938  0.773786 -0.637747 -0.352604  0.496944 -0.430538  0.099608 -0.067307  0.246305 -0.298832
point 1 35 577.717 204.705 0.0648762  0.794012  0.385828  0.624957  0.408766 -0.396603  0.321605 -0.985683  0.111128  0.681787
point 2 45 577.065 227.712  -0.575243 -0.0576468   0.886276 -0.0349904   0.813433   0.947952  -0.673575  -0.123546   0.577021   0.496108
point 3 46 378.368 201.823   0.906959  -0.382678  -0.231538   0.118669   0.089478   0.218522  -0.656932 -0.0218286  -0.277702   0.307335
point 4 54  577.68 154.007 -0.578024  0.194553 -0.888716 -0.789387 -0.717732 -0.544228 -0.690458  0.225782 -0.864113  0.811515
point 5 56 567.654 192.234  0.258682 0.0326173 -0.997039  0.891183 -0.265969 -0.624115 0.0368024 -0.150196  -0.41083  0.317925
point 6 69 538.995 212.148  -0.412974  -0.784064   0.738614  -0.820783 -0.0885628  -0.467029  -0.601613  -0.461632   0.279866    0.84503
point 7 91 430.875 227.149   0.491405 -0.0878714  -0.801654  -0.106239   0.898619   0.792527   0.264548  -0.463826  -0.541897  -0.489857
point 8 94 274.504 151.203  -0.736567   0.380734   -0.57447    0.19963  -0.935959   0.687543 -0.0340498  0.0352837   0.629013  -0.701697
point 9 99 401.281 134.744 -0.509105 -0.651885 -0.745039  -0.78806  0.152966 -0.877724 -0.882824 -0.683511  0.552403  0.945685
point 10 112 142.588  231.47 0.0358976 -0.805101  -0.77703 -0.910973 -0.438565  -0.85831 -0.980898 -0.013137 -0.224925  0.073043
point 11 152 541.604  146.22  0.0894972   0.494117  -0.646367  -0.545419   0.917407   -0.54914 -0.0579405   0.585091   0.804485   0.329906
point 12 174 556.676 144.546  0.636653 0.0900095  0.926802  0.151765  0.048854 -0.497884 0.0417388 -0.549917 -0.533794 -0.920711
point 13 177 344.325 159.122   -0.67709 -0.0954588   -0.45946   0.387141   0.117861   0.104105 -0.0608817  -0.580954   0.493676   -0.29701
point 14 182 617.934 231.993    -0.868 -0.888883 -0.792157  0.829077 -0.708242 0.0942065 -0.673763 -0.409666  0.398105  0.509142
point 15 194 439.243 151.502   0.894612  -0.820752   -0.21049   0.799196  -0.693355  -0.649153 -0.0942041   0.793998   0.598307 0.00304857
point 16 196 426.445 188.833   0.58219   0.45306 -0.971176 -0.878342  0.428091  0.945812 -0.786253 -0.727369   0.69754 -0.438484
point 17 207 405.094 236.106 -0.994329 -0.699783  0.974867  0.958836  -0.23867  -0.86074 -0.310782  0.498063 -0.549953 -0.740537
point 18 215 318.715 174.869    0.942838   -0.544212    0.892369 0.000656151   -0.438256    0.417683    0.876802   -0.191337   -0.702862   -0.253558
point 19 217 436.279 86.7503 -0.396447  0.347385 -0.966931  0.206612  0.231834  -1.02446  0.694629  0.135393 0.0808589 -0.708867
point 20 224 446.175 175.186  0.902286 -0.520603  -0.71853  0.433572  0.359132 -0.392986  0.396064   0.45579  0.162957 -0.119937
point 21 237 412.271 189.648 -0.0698359  -0.915359   0.621872  -0.946617   0.250966   0.854228  -0.942332   0.206741   0.358591   0.161564
point 22 252 486.818 190.059  -0.473015  0.0206261   0.687261   -0.13724   0.959561   0.853264 -0.0725174  -0.208466  -0.965552  0.0740196
point 23 256   561.5 220.757 -0.734974 -0.741863  0.013899  0.760341  0.537959 -0.802303 -0.505682  -0.69587  0.713165 -0.144491
point 24 261 513.165 201.361   0.887103   0.433947   0.985813  -0.281159  -0.212305   0.175345  -0.673638    0.93753  -0.374007 -0.0306655
point 25 279 182.033 131.825  -0.471283  -0.382931   0.279516   0.259168 -0.0835738     0.6978   0.331714  -0.812616   0.899679   0.375554
point 26 289 313.124 142.876  0.864803 -0.477294  0.332637  0.987701 -0.834611  0.848707 -0.691292 -0.452469  0.972971 -0.268073
point 27 317 287.872 236.129    0.59964 -0.0233621  -0.612329  -0.149365   0.695497  -0.426423   0.536275   0.675166   0.667817  -0.907239
point 28 347  415.07 205.479    0.44206   0.342528  -0.725148   0.611614 -0.0637812  -0.811695  -0.980045   0.794848   0.593836   0.399218
point 29 348 283.095 137.431  0.831377 0.0657076 -0.784988  0.243015  0.311626 -0.264446  0.185113 -0.646291  -0.11379 -0.960122
point 30 354 365.634 237.203  0.352737 -0.193377  0.908617 -0.721727  0.439144  0.443035   0.61188 -0.165595  0.708625   0.24729
point 31 372 345.049 211.652  -0.226784   0.890032 0.00362452  -0.527003   0.942664   0.635459  -0.623866    -1.0001  -0.373806    0.25314
point 32 373 490.613 236.161   -0.387571    0.781944  -0.0632833   -0.374259    0.445381    0.511067 -0.00806075    0.708413   -0.361952   -0.793696
point 33 374 579.269 195.673  0.550555 -0.316376  0.332077 -0.695239  0.404233 -0.936163 -0.747493 -0.608688 -0.449846 -0.827712
point 34 394 418.228 190.796  -0.14366 -0.476146   1.01671 -0.280876  0.391445  0.890626  0.622169  -1.02917  0.207119  0.622146
point 35 403 529.481 183.657  0.217233  0.668986 -0.534308 -0.524612 -0.582649  0.533263   1.03762  0.688876  -1.02277 -0.631798
point 36 417 351.579  194.39 -0.797435  0.551775  0.138788 -0.456525  0.243682   0.50095 -0.750216  0.337259  -0.69526  0.220435
point 37 421 369.295 210.194 -0.830892 -0.807463 -0.134928 -0.778312   0.75145 -0.596854  0.260035  0.216637 -0.344684 -0.171874
point 38 429 616.508 191.614  0.519263  0.349591 -0.697607  -0.52349  0.600318 -0.908005 -0.631097 -0.143998  -0.35613  0.292698
point 39 442 404.967 229.626 -0.151352  0.562448 -0.672898 -0.338148  0.575904 -0.606487 -0.347744 -0.351017 -0.681658   0.16332
point 40 444 557.717 172.018  0.588717 -0.923033  0.438498 -0.635398 0.0237661 -0.726807  0.998418  0.350279 -0.134537  0.503916
point 41 446 592.808 140.097  0.534575 -0.784853  0.560416  0.950935  -1.00981  0.133926   1.01598  0.462098  0.482894  -0.02364
point 42 452 605.711 168.793  -0.894621   0.276609  -0.229125   0.687198   0.598693  -0.736812 -0.0711837   0.276171  -0.376218 -0.0804527
point 43 468 609.932 156.871  0.508687 -0.261277 -0.508319   0.56584  0.139172  0.552788 -0.379528 -0.313077 -0.789665 -0.316086
point 44 482 505.664 214.589  0.477717  0.392074  0.279544  0.174691 -0.384214 -0.560742  0.244921 -0.288192  0.272426 -0.337707
point 45 509 510.573 197.132  0.291478 -0.933569 -0.316629  0.713884  0.824751  0.824351 -0.424625 -0.360306 -0.340886  0.964407
point 46 518 434.362 150.956  -1.00068 -0.915312  0.280177  0.845953  0.428612 -0.529568 -0.744073  0.574417 -0.349007 0.0906977
point 47 550 23.7798 155.463  0.290692 -0.134675 -0.676229  0.549424 -0.358851  -0.47918 -0.832934  0.157594 0.0294143 -0.785035
point 48 571 560.681 92.9275   0.82513   0.76739    0.2997  0.611507  0.231271 -0.721634  0.933636 -0.362411  0.530855 -0.251567
point 49 582 295.639 57.0475 -0.0303097  -0.811824  -0.499628   0.928754   0.195487   0.107617  -0.413025   0.177568  0.0553265   0.768514
point 50 604 272.464 230.152   0.29903 -0.889226 -0.858358  0.550302 -0.660498 -0.811297  0.263019 0.0455733 0.0277424 -0.569459
point 51 608 273.436 181.568   0.719975   0.977054  -0.103535   0.687339 -0.0860805   0.626849   0.382813    0.76405   0.156971   0.989362
point 52 612 272.661  152.38 -0.734448  0.454097  0.169657  0.356239  0.356515  0.954329 -0.903475 0.0797139  0.640815  0.517346
point 53 619 249.499 26.1547 0.0627194  0.934437  0.410552 -0.922875 -0.948077 -0.607781 -0.792824  0.292443  0.562054 -0.365434
point 54 620 598.422 149.206    0.614844   -0.298465    0.872619    0.812678    -0.33076   -0.415224   -0.844192     0.41127 -0.00260907     0.50058
point 55 621 153.044 92.7022  0.842207 -0.111021 -0.915581 -0.280235  0.192812  0.125397 -0.339901 -0.402118 0.0764423  -0.25959
point 56 624 221.966 193.227 0.0103368  0.703705  -0.68845 -0.651578  0.754614 -0.178487 -0.587571  0.135851  0.762295 -0.605967
point 57 632 171.301 217.695  -0.128308   0.218163  -0.278769   -0.72178  -0.544717   0.618345   0.268368   0.112367  -0.643905 -0.0489155
point 58 673 520.539 238.103  -0.482445   0.683129 -0.0775536  -0.294284    0.57034 -0.0146826   0.362511  -0.485964  -0.396439   0.072504
point 59 698 338.069 215.014  0.305007 -0.473991  0.389229  0.367002  0.513077  0.584651 -0.893037 -0.357448 -0.169382  -1.00348
point 60 703  345.88 180.607     0.82613   -0.695846   -0.614303    0.872785   -0.292582    0.827784     -1.0116    0.032341    0.730232 -0.00594919
point 61 731 597.121  222.95 -0.363298  0.376332   0.35478 -0.888326 -0.617953  0.912053    0.7402  0.838045  0.603037 -0.866326
point 62 737 88.3205  55.131 -0.390301  0.168284 0.0197586  0.560354 -0.824882 0.0973988  -0.88623 0.0893729  0.482802 -0.187502
point 63 740  183.68 159.472    0.42613    0.78694  -0.976462   0.614639 -0.0848177   0.338188   0.720228  -0.409489   0.667223  -0.960686
point 64 743 547.153 217.424   0.110364  -0.599665   0.884106   0.309735   0.679202  -0.283201  -0.416042 -0.0622386  -0.268024  -0.405404
point 65 753  313.55 176.307  0.609819   0.48647  0.248119 -0.982684  -0.71585  0.919397  0.117281 -0.110879  0.717708  0.560905
point 66 754 325.348 143.148 0.00940977   0.490071  -0.320945  -0.976871   0.199161  -0.532722    0.82647   0.669447   0.268525  -0.313818
point 67 768 536.048  59.634 0.0509426 -0.210402  0.247536  0.424098 -0.683542   0.22622  -0.22414  0.462995  0.769186  0.670006
point 68 789  329.38 179.706  -0.657107  0.0292682   0.574046 -0.0273615   0.158894  -0.578603  -0.755558  0.0201724   0.029523   0.353567
point 69 791 542.594  185.47  0.650221 -0.570663 -0.792066 -0.604258   0.97656 -0.426813  0.424605  0.543809  0.477877 -0.434014
point 70 811 401.986 212.264  0.581393  0.633209 0.0297075 -0.249841  0.342781  0.768932 -0.141649  0.420426 -0.524918  0.307959
point 71 839 351.787 201.348 0.00591397  -0.250597  -0.854168  -0.852711  -0.196317  0.0288053  -0.100632   0.324367   0.715118  0.0863601
point 72 845 225.915 213.234 -0.0935333  -0.317445    0.87213   0.877047  -0.441698  -0.501425  -0.311204   0.406966   0.958631   0.840094
point 73 860 433.808 235.052 -0.747128  -0.88784  0.780694   0.55794 -0.799662  0.242048 -0.242457 0.0127369 -0.884196 -0.461543
point 74 935 536.974 224.653   -0.739827   -0.883736    0.202875    0.966497   -0.638743    0.534037    0.313683    0.863635   -0.743716 -0.00936812
point 75 969 324.838 239.874   0.600221  0.0150428   0.948589  -0.152343   0.472144   0.227686   0.739207  -0.106617  0.0986948 -0.0772739
point 76 994 419.199 130.285  -0.330756 -0.0202655  -0.999932   -0.54219  -0.304022   0.415201  -0.195767   0.522026  -0.144275  -0.324466
point 77 996 282.874 139.233  0.273788  0.479873  0.509431  0.976227  0.678059  -0.89159  -0.11415  0.665469 -0.443859  0.544091

