seq: 107
gt_pose: -2.83792 -2.08301 -3.09151
odom_pose:  -1.6608  -2.5884 -2.87704
point 0 2 106.808 162.722   -0.535624  -0.0129707    0.654801     0.21637       -0.39    0.275306    0.094592 0.000802775    0.977008   -0.421507
point 1 25  135.5 219.02 -0.309627  0.824891  0.818926  0.195111  0.682735   0.62594 -0.045029 -0.350251  -0.21182  0.277525
point 2 28  212.38 162.936   0.26892  0.929982  -0.37127  0.768707 -0.753223 -0.210668  -1.03725  0.530589  0.593981 -0.451593
point 3 34 336.167 194.948 -0.147141 -0.514937 -0.256288 0.0771107 -0.726391  0.150947  -1.00922 -0.279391 -0.231877 -0.346107
point 4 60 433.364 140.077   -0.909572    -0.83663   -0.556106    0.378305     0.21795   -0.801027     0.91841    0.743228    -0.62475 -0.00330027
point 5 70 495.945 156.788  0.890851 -0.731089   -0.4557  0.142411    0.2973  0.726553 -0.496151  0.358187  0.252469   0.69847
point 6 80 330.755  194.26 0.0859289  0.518609  0.946516  0.960967 -0.832933 -0.938389 -0.860242  0.797397  0.829815 -0.933166
point 7 86 605.433 160.361  0.845465    0.3358  0.772053 -0.449347  0.085452 -0.712181  0.619385 -0.518758 -0.738472 -0.139434
point 8 90 315.699 166.564 -0.710582 -0.969819  -0.72023  0.525497 0.0353589 0.0956289 -0.541107 -0.588306 0.0918187  0.802774
point 9 114 271.876 153.718  0.558054 -0.917052  0.971958 -0.537832  0.130443 0.0149289 -0.349064  0.361994 0.0592898  0.199543
point 10 125 599.607 209.605 -0.150546  0.992008 -0.651828  0.701833  0.876629  0.547166  0.911877 -0.347705 -0.110845  0.750311
point 11 126 4.87954 195.115   0.714129  -0.493471  -0.122045    0.36665   0.852058   0.263564 0.00704566   0.652602   0.812139   0.146114
point 12 131 370.647 137.962  -0.986605  0.0349145   -0.53878  -0.316044 -0.0508564 -0.0468597  -0.545541  -0.177301   0.267636   0.675282
point 13 167 121.435 201.162   0.717191  -0.412488  -0.475104  -0.192706   0.148732  -0.977391 0.00564508  -0.469389   0.656596   0.346283
point 14 197 22.9686 54.7561 -0.801292    0.6041 0.0656946 -0.243221  0.834615  -0.56019  0.791732 -0.413527  0.547496  0.421848
point 15 210 634.737 153.055 -0.331705  0.584011   -0.4633 -0.669349 -0.820821 -0.416932  0.031283 -0.697104  0.470663  0.756319
point 16 218 427.199 225.899 -0.213087  0.625947 -0.940762   0.73448 -0.815278 -0.645958  0.847816 -0.942168 -0.429117 -0.733571
point 17 219 477.873 237.956  0.169372 0.0462416 -0.291429  0.951133  0.166219  0.324313  0.213824  0.153158 -0.482544  -0.57632
point 18 223 0.322753  141.234 0.0218433  0.113613  0.922152  0.507628 -0.908424 -0.621731 -0.751901  0.336659  0.951986   1.01718
point 19 228 617.818 165.633   0.438496  -0.889608  0.0266132 -0.0727856  -0.982691   0.947563  -0.535745   0.527393   0.533706  -0.626063
point 20 254  606.71 218.789  0.156056 -0.234622  -0.21545  0.533353 -0.644838  0.352353 -0.444695 -0.923478 -0.740199 -0.447277
point 21 260 635.696 199.207   0.330493   0.610358  -0.333477   0.409242  -0.478756   0.625378 0.00827399  -0.161695  -0.168107   0.214858
point 22 263 150.866 197.858   0.200963   0.597882  0.0272229   0.584007  -0.836983  -0.154278 -0.0448419  -0.851818   0.546672   0.767748
point 23 266 341.208  198.81  0.822593 -0.351829 -0.156879  0.774119 -0.640052 -0.267578 -0.352548   -0.0328  0.682066  0.845842
point 24 284 231.568 204.608  -0.233955   0.115493  0.0253261  -0.296581   0.873671   0.472686  -0.939277   0.955089 -0.0652507  -0.692838
point 25 291 25.8854 193.462   0.21742  0.761305 -0.670759  -0.93637  0.579933 -0.817383 -0.417691 -0.162498 -0.793598 -0.239777
point 26 302 623.467 137.121  -0.82249 0.0688609  0.561321  0.621282  -0.15634 -0.599643  -1.02331  0.176144  0.225115  -0.17111
point 27 306 106.624 93.7992   0.542872   0.165359   0.499277   -0.17394   0.325069 -0.0058106   0.295325   0.902196   0.693143   0.321218
point 28 308 199.801 170.422 -0.548641  0.910111 0.0501306 0.0542764 -0.751473 -0.450478 -0.856477  0.737404  0.331691  0.512327
point 29 330  259.22 229.905 -0.0725115   -0.59864   0.204626  -0.606498  -0.291721   -1.01227   0.763716   0.975817   0.242981   0.469181
point 30 358 304.519 148.663     0.6676  -0.262296 -0.0882919   0.975253   0.183546  -0.804247   0.386741   0.490434  -0.969674   0.743778
point 31 362 620.591 135.499 -0.160603 -0.905432 -0.802644 -0.384723  -0.40518  0.669197  0.151551  0.471014  0.955318  0.865519
point 32 389 310.795 178.234   0.414325   0.817228  -0.318617  -0.450244   0.328504  -0.684757  -0.225172 -0.0858151  -0.689565  0.0689787
point 33 397 549.482  99.348  0.703354 -0.328367  0.546014  0.267988  0.534777  0.895145 -0.656351  0.649497  0.842184 -0.725016
point 34 400 287.881 220.104   -0.97691  -0.112728    1.02138 -0.0473008   0.802451  -0.821948  -0.153704  -0.902402   0.584072  -0.189214
point 35 413 32.8059 195.242   -0.737909    -1.01727   -0.132243   -0.958897     0.10637   -0.720201    0.901852 -0.00718208   -0.762276    0.378438
point 36 424 560.748 216.045  -0.13778 -0.848825  0.545583  0.359494  0.559028   -0.4557 -0.138543  0.157059  0.882105 -0.113699
point 37 431 4.63254 196.401   0.256564    0.29996   0.955434   0.570889   0.732633   0.410622 -0.0702244   -0.97099   0.951938  -0.449533
point 38 434 135.823 179.547 -0.835897 -0.121994 -0.632422 -0.450087 -0.804495  0.146308 -0.903253 -0.915375  0.814414  0.320813
point 39 460 607.509 158.077   0.858491  -0.578707  -0.335781   0.439949  0.0368288 -0.0931757  -0.366112   0.266159  -0.752408  -0.849159
point 40 467 427.953 217.694 -0.439761 -0.750983  -0.12929 -0.381514  0.861982  0.267641  0.491073 -0.125974 -0.594048 -0.707169
point 41 473 627.012   194.4   0.589952   0.361645   -0.69855   0.652491   0.844857   0.156966  -0.696626   0.617411 -0.0536693  -0.168556
point 42 474 375.194 225.306 -0.0722614   0.719484   -0.85533    0.70464  -0.702292  -0.795695  -0.383566    1.01298  0.0346376  -0.400807
point 43 488 447.638 150.627  0.913498  0.536236 -0.507982  0.166025 -0.743846 -0.394177 -0.244166 -0.685545  0.112956 -0.283863
point 44 501 291.586 161.666  0.482197 -0.280324 -0.189581  -0.21389  0.286086 -0.340364  0.401619 -0.338706 0.0221344  -0.49859
point 45 504 633.946 213.074  0.349312  0.850151 -0.635598  0.423014  0.222273  0.681855 -0.362231 -0.772097   0.12033 -0.528925
point 46 511 0.524055  103.969  -0.248726  -0.424695   0.573192   0.270394    0.14139 -0.0943706   0.424629   0.819437   -0.40229   0.242755
point 47 523 299.085 172.897   0.52996  0.522052   0.46447 0.0228099  0.962374  0.653331  0.715724  0.563078 -0.164688 -0.507452
point 48 543  491.85 149.701  -0.326019  -0.740673   0.634241   0.643041   0.334389 -0.0464711   0.810955    0.12024    0.63676   -0.76352
point 49 545 284.468 178.096  0.869429  0.568772 -0.817852 -0.183166 -0.786133 -0.230837 0.0389431  0.812385 -0.539224 -0.662248
point 50 551 45.6197 215.308  0.215349 -0.792768 -0.699904 -0.077654  0.294624 -0.858951  0.465451  0.138866 -0.990912 -0.613463
point 51 552 540.768 101.128  0.884014 -0.229871  0.816947 -0.115453  0.423761 0.0354157  0.818008  0.745174 -0.427597 -0.535277
point 52 553 311.576 193.951   0.189807 -0.0199456   0.899882   0.191034   0.647322  0.0789487    0.43183   0.964065  -0.990198  -0.246395
point 53 559 282.022 113.071 -0.450736  0.969424   1.00449 -0.691338 -0.147649    0.7141  0.504675 -0.634804  -0.58847  0.846113
point 54 563 627.881 170.117 -0.0255009  -0.397881   0.372502  -0.348005   0.729273   0.421542   0.336799     0.4745  -0.659703   0.315811
point 55 574 249.589 169.278    0.8313  0.303972 -0.704158 -0.216866 -0.526134 -0.749396  -0.63571  0.842255 -0.324472  0.170795
point 56 575 65.3554 140.242 0.0339854 -0.925326  0.491431  0.968362  0.797349  0.357335 -0.261504   0.05525  0.873822  0.480052
point 57 577  617.55 138.459  0.299571 -0.964349  0.538439  0.743797 -0.782585 -0.491881  0.751068  0.685434  -0.46145  0.529492
point 58 589 444.347 182.202 0.0940535 -0.126755  -0.36324 -0.672335  -0.43647 -0.539547     -0.17  0.192306 -0.817958 -0.904629
point 59 593 96.9079 171.282   0.0848098   -0.684648 0.000790212   -0.713033    0.776719   0.0445754   -0.321495    0.332216   -0.897731    0.248956
point 60 600 284.973 171.044  0.924847  0.402415   0.65147  0.541684  0.963346 -0.466525  0.178662  0.471863 -0.409527 -0.803839
point 61 606 12.7957 232.966 -0.263251  0.658615 -0.109269  0.501904 -0.456932 -0.796428  0.540894 -0.351063  0.733761  0.868842
point 62 623 551.889  72.632  0.601544 -0.564178  0.631257 -0.438581 -0.257617  0.426412  0.427822 -0.242466 -0.799551 -0.320506
point 63 625 557.321 186.608 0.00402132   0.772738  -0.212575   0.914226   0.402086  -0.629663  -0.553052    0.04644 -0.0675062    0.19115
point 64 634 142.457 178.365   0.243288  0.0297887   0.958884  -0.712612  -0.956843 -0.0979789   0.429949  -0.221048   0.218943   0.930497
point 65 635 105.697 238.594 -0.226766  0.395168  0.107928 -0.439161  0.136894 -0.285069  -0.28007  0.536241  0.582442  0.696409
point 66 636  577.28 232.423   0.745517  -0.304815   0.350485   -0.90794 -0.0370038  -0.352861   0.164202  -0.067868 -0.0322714   0.214786
point 67 645 621.559 229.474 -0.947271  0.880137 -0.017569  0.325025  0.148294  0.958398   0.30342  -0.44305 -0.295209  -0.28921
point 68 648  246.08 200.807 0.0810988  0.452176 -0.775755 -0.891714 -0.782315 -0.117084  0.677365 -0.918944  -0.28345  0.101682
point 69 649 624.279 227.805   0.553717 -0.0984295  -0.108496  -0.314862  -0.581665  -0.140876   0.258534  -0.556502   -1.00815  -0.312613
point 70 650 520.272 214.195  0.770525  0.235579  0.620145 -0.547932    0.9307 -0.211949  0.908194 -0.789306 -0.202689 -0.849024
point 71 654 498.053 238.494 0.0702096  0.687807  0.187227 0.0846829 -0.339342  0.432137  0.790597  -0.89685 -0.288927  0.627333
point 72 670 516.068 193.085    0.786966   -0.288521   -0.908005    0.113837   -0.142517   -0.557718  -0.0970099    0.142105 0.000202053    0.421447
point 73 679 237.187 154.633  0.962773 -0.247377  0.171871   0.70788  0.989157 -0.428201 -0.350098 -0.350213  0.897421  0.893289
point 74 680 412.687 226.159 -0.00945957   -0.048716    -1.01314   -0.402251   -0.199449   -0.766471   -0.236036    0.383694   -0.190791     0.76149
point 75 687 533.936 215.696  -0.385528   0.218679 -0.0190143  -0.261601   0.615269    0.42589   0.564606  -0.434693   0.193613   -0.51692
point 76 694 493.595 222.735  -0.715065  -0.737367 -0.0019262  -0.372675   0.963911  -0.372618  -0.221882   0.881732   0.710048   0.399114
point 77 706 265.091 191.926  0.969923  0.612009 0.0477315  0.701981 -0.953476  0.723197 -0.216381  0.504358 -0.439376  0.312676
point 78 708 158.662 161.402  -0.123995 -0.0689492  -0.705374   0.534078  -0.396665  -0.719825   0.148086    0.73232    0.95376   0.280403
point 79 710 351.851 104.326  -0.067112  -0.466915  -0.599296   0.311695  -0.403605   0.320172  -0.632735  -0.176388  -0.203274 -0.0585059
point 80 715 315.525 238.203 -0.825717   0.63732 0.0992812 -0.698614  0.285167   1.00969  0.418503 -0.875477 -0.134971 0.0855804
point 81 719 505.229 54.8143 -0.734451 -0.286553  0.740642  0.695799 -0.628743  0.651826  0.407961 -0.605511 -0.626559  -1.02385
point 82 727 507.444  211.91   0.0968468   -0.939132    0.648816   -0.641161   -0.267315    0.859713   -0.426536 -0.00210116    0.953095     0.88964
point 83 732 559.618 162.583    0.14154   0.666367  -0.964242   -0.28712   0.138796   0.829595   -0.91502 -0.0236339    0.68994   0.582132
point 84 735  429.68 225.591 -0.950422 -0.420621 -0.181717 -0.647315  -0.35003   0.53076 -0.318818 -0.681349 -0.331041   0.84174
point 85 748 213.408 188.549  -1.00849 0.0932864 -0.428319 -0.911319  -0.51313  0.142663 -0.174314  0.992561  0.749787 -0.373095
point 86 758 205.279 219.634 -0.223577 -0.974662  0.874749 -0.508586 -0.607612 -0.889239  0.672429 -0.373289  0.265356 -0.401772
point 87 770 308.726 112.603  0.791575 -0.482196  0.710759 -0.333394 0.0522261 -0.221981  0.456109  -0.80096 -0.853618  0.702399
point 88 795 327.052 198.047 -0.262004  0.886601 -0.230222 -0.558747  0.782411   0.12703 -0.547418   0.12064  0.856407 -0.240459
point 89 808 136.471 180.056  -0.538717   0.534585   -0.08285   0.760877  -0.489221  -0.309562  -0.219243 -0.0227608   0.857004  0.0644508
point 90 810 94.3422 199.713   0.944462  -0.619315   0.487336  -0.696595   -0.86307   0.950044   0.793221 -0.0218843   0.755593  -0.704399
point 91 836 227.737 184.002  -0.746643  -0.621414   -0.15935 -0.0338733   0.560817   0.276464  -0.328215   0.722503   0.185002  -0.949717
point 92 844 273.741  219.84   0.498915   -0.83569  -0.352343   0.713018 -0.0380479  -0.733217 -0.0244109  -0.854542  -0.828082   0.955773
point 93 850 277.571 182.235 -0.548639  0.813139 -0.110731  0.383728 -0.470169  0.398963 -0.928167 -0.396899  0.263167  0.971226
point 94 852 38.9289 9.78899  -0.396024  -0.264472    0.97018   0.241292 0.00259293  -0.569462   0.146962   0.835913   0.760748   0.544257
point 95 871 275.499 201.483  0.233827 -0.782341 -0.684393  0.124128  0.129642  0.726416 -0.151588  0.357013 -0.776806  0.952298
point 96 890 136.843 159.138  0.373275 -0.377078 -0.160528 -0.803808 -0.345938  0.162841  0.952072  -0.87991 -0.263319  0.273189
point 97 891   193.9 224.017  0.414512  0.397336  0.169362 -0.592593 -0.678601  0.320285  0.695141 -0.860575  -0.95114  0.676865
point 98 895 114.647 213.278   -0.813451    0.328549    0.607561    0.900783   -0.647706   -0.247945 -0.00338498    0.652532   -0.693275    0.260467
point 99 896 558.317 206.272   0.410991  -0.546999   0.358859  -0.828455    0.95439  -0.829506  -0.391197 -0.0545345   0.865577  0.0313481
point 100 900 544.812 154.979  -0.649758  -0.508982   0.559498   0.551922   0.446537   0.423835   0.893464  -0.296389   -0.59844 -0.0645411
point 101 915 88.0378 179.367   0.223396   0.627699   0.201582 -0.0618257  -0.739852   0.296128   0.959324  -0.479684  -0.137361  -0.420654
point 102 919 173.251 132.152 -0.753571  0.524962 -0.316249 -0.513656  0.363823 -0.409361 -0.389022  0.867387  0.191241  0.349169
point 103 921 125.794 169.117    0.218477   0.0942129   -0.303043    0.730317   0.0890767 -0.00610403    0.186209    0.852438    0.519011   -0.414755
point 104 923 237.637 212.476  -0.706932  0.0360974   0.736361  -0.297359    0.35566 -0.0966098   0.857726  -0.897621  -0.379036 -0.0597032
point 105 938 30.8597 213.725  -0.456774 -0.0194032  -0.688357   0.203108  0.0113581   0.373081   0.802218   0.588074  -0.906243  -0.668131
point 106 940   2.444 181.571  0.112114  0.788775 -0.218611  0.168514  0.086177  0.299504 -0.788429  0.446318 -0.392889  0.174161
point 107 952  281.74 178.295  0.755465 0.0729704 -0.455165 -0.295249  0.653016 -0.213196  0.429922 -0.759612  -0.38036  0.730025
point 108 957 420.168 165.742 -0.472853   0.97348 -0.273957 -0.851332  0.276187  0.901536  0.414834  0.547128 -0.361116 -0.161867
point 109 970  292.17 199.309 -0.522355  0.283304 -0.291872  0.871829  0.406412  0.786444 -0.493348 -0.414928 -0.355518 -0.582961
point 110 973 316.081 126.762  0.170591  0.182235   0.54577 -0.924469 -0.440422  0.262447   0.14866  0.770068  0.596853 0.0870414
point 111 983 67.6556 163.443  0.618178 -0.547313 -0.832433  -0.91346 -0.799806 -0.222583  0.916339  0.170781 -0.507099  0.581743
point 112 986 439.997 230.696  -0.261085   -0.25614  -0.954092  -0.541888  -0.135675  -0.380895  -0.364245 -0.0948733  0.0719303  -0.862943
point 113 991 402.048 235.589  -0.102594 0.00536385  -0.813216   -1.01917   0.997685  -0.428229   0.337596   0.469096 -0.0181557  -0.759392
point 114 998 67.5591 100.167  -0.457175  0.0645436  -0.947112   0.427865  -0.115489   0.241998 -0.0610769  -0.709404   0.156271  -0.463567

