seq: 48
gt_pose: 1.85328 6.00857 2.88584
odom_pose: 2.39687 5.88189 2.83082
point 0 1 537.211 97.4583  0.247322  0.389636 -0.710826  0.182252   -1.0156 -0.479849 -0.774828   0.59948 -0.637092 -0.166549
point 1 30 157.566 192.698  -0.753173  -0.942258  -0.922609  -0.118434   0.604235    0.36584 -0.0832494  -0.804325   0.130631   0.192152
point 2 58 158.173 235.588   0.741114  -0.454078  -0.511106  -0.852238 0.00543399   0.827065   0.206514  0.0891373   0.691485    0.93181
point 3 63 11.7457 180.283  0.246114 -0.765327 -0.818531 -0.242907 -0.733052   0.34049 -0.785606  0.755111  0.126761 -0.593248
point 4 73 121.179 177.656   0.778403  -0.140317   0.752214   0.345551 -0.0672779 -0.0744729  -0.387597   -0.55812  -0.518156   0.182339
point 5 76 312.668 122.153   0.401743   -0.20465  -0.588617   0.680342  -0.654473   0.298363  -0.350487  -0.335809  0.0931672 -0.0848884
point 6 88 56.8732 236.123 -0.208707  0.026939  0.413536 -0.961371  0.274498  0.207329  0.360753 0.0500787  0.802841  -0.53194
point 7 93 125.596 198.836    0.773256    0.104862    0.199091   -0.816123    0.885062   -0.360556    0.169827   -0.952411    0.609377 -0.00798602
point 8 101 208.141 183.188   0.675221  -0.249229    0.37636  -0.695129  -0.222967   0.855417  -0.304167 -0.0156722  -0.922537   0.843967
point 9 103 249.898 68.0553  0.452125 0.0757039    0.4475 -0.111168 -0.216433   0.10736  0.695077 -0.908089  0.357949 -0.583041
point 10 145 476.308 236.918  0.558279  0.509952 -0.954407  0.569682  0.324327  0.773931  0.529808  -0.18376  0.667383  0.521707
point 11 160 364.428 178.091 -0.0477138   0.345148   0.158035   -0.67121   0.527841  -0.386383   0.788463 -0.0850358   0.310568  -0.379692
point 12 173 444.858 89.3335 -0.586014   0.47461 -0.774378  0.843341  0.225449  0.123345  0.595144 -0.846382   0.17252 -0.280167
point 13 181 212.507 177.333     0.7979   0.594892  -0.168146  -0.144822   -0.17619   0.768444 -0.0376784    0.97297   0.567396  -0.276943
point 14 189 286.812 221.057    0.91514 -0.0895073   -0.98921  -0.819036  -0.090522   0.831746   0.665574  -0.458802  -0.435416   0.181152
point 15 192 431.126 156.526   0.481851  0.0494101   0.517102   0.316832  -0.805712  -0.139016 -0.0580217  0.0924588  -0.319689  -0.528124
point 16 205 565.493 143.282 -0.859596 -0.262129 -0.185563 -0.731446  0.538091  0.162587  0.231805 -0.718666   0.36232  0.157878
point 17 208 269.174 205.328  -0.909274  -0.286929  -0.845525 -0.0745967  -0.285858   0.811912   0.899204  -0.629135   0.755738  -0.857828
point 18 209 203.845 234.224 -0.275258  0.131012 -0.341634  0.399179 -0.917382 -0.338157  0.605663 -0.890315 -0.335843 -0.700359
point 19 229  321.8 100.85  0.920975   0.07652  0.253995 -0.712473  0.964359  0.127862  0.440828  -0.39043  0.132008 0.0659885
point 20 233 32.0807 229.258 -0.182904 -0.433514  0.200925  0.257607  0.361556 -0.206491 -0.910742   0.12878 -0.861869  0.358246
point 21 275  407.048 0.240115   0.870781 -0.0157963   0.466424  -0.771387  0.0123578   0.140283  -0.290855   0.388833  -0.532452 -0.0932187
point 22 285 246.078 149.283 -0.558006 -0.124748 -0.522321  0.999698  0.951002  0.835757  0.326346  0.615489 -0.415717    0.4658
point 23 307 156.856   225.4 0.0890776  0.917864  -0.18936  0.570539  0.724925  0.903729 -0.103534 -0.519404  -0.82996  0.447141
point 24 321 197.912 163.881   0.142659  -0.648548 -0.0591751  -0.977652    0.96768  0.0556173   0.320796   0.528543   0.834421   0.594147
point 25 322 218.035 173.888 -0.291907 -0.181913  0.486433 -0.718752  0.960404  -0.68554  0.929799  0.921029  0.353966  0.537149
point 26 333 517.839 173.192  -0.802948   0.493658   0.125664   0.164625  -0.734842   0.817723   0.912253 -0.0762693  -0.106524 -0.0907764
point 27 337 423.745 210.516 -0.179879 -0.193233  0.352998 -0.458719 -0.443222  0.548457 -0.290753  0.425438  0.799144   0.44544
point 28 344 332.549  231.85  -0.458781  -0.296725  0.0736296  -0.719787   0.886048   0.818719   -0.38156  -0.383072   0.653421 -0.0477319
point 29 346 70.0037 114.797  -0.570502   0.958979 -0.0252783  -0.784536   -0.21126   0.480815 -0.0400265   0.915318   0.803642  -0.151934
point 30 377 462.596 213.094  0.542418 -0.990507  0.179339 -0.558154 -0.763094  0.818466 -0.366057 -0.953397 0.0530282  0.716986
point 31 393 517.582 48.0221   0.590016  0.0686103  -0.272127   0.340046    0.94845  -0.154452  -0.637377   0.152052   0.778054 -0.0246213
point 32 397 27.3655 190.811  0.722326 -0.324488  0.603695  0.268329  0.547029  0.911067 -0.687235   0.64872  0.795438 -0.750619
point 33 402 291.804 200.288    0.280629   -0.282898  -0.0393959     1.02144    0.473715 -0.00136587  -0.0846304    0.440388     1.02304   -0.340437
point 34 404 302.369 147.859 -0.00179086   -0.913346    0.206775   -0.416358   -0.150333   -0.548876    0.347894    0.820161   -0.504311   -0.216359
point 35 405 73.1994 116.664 -0.133786 -0.986749  0.842337  0.659556 -0.198907 0.0631172   0.31145  0.319481  0.478739  0.722385
point 36 406 203.573 190.231  -0.21834  0.913501 -0.691899 -0.544801 -0.858557   0.22137 -0.472857  0.298617  0.839793  0.348653
point 37 428 103.229 179.188 -0.477442   0.05353  0.623284 -0.884395 -0.251227  0.532175  0.260664 -0.403918 -0.114273 0.0722743
point 38 435 632.959 194.017  -0.819297   0.298245 -0.0691864  -0.373554   0.549123   0.992694  0.0892079  -0.840176    0.23757    -1.0073
point 39 453 291.283 235.834  -0.346842   0.300633 -0.0400721  0.0703622   0.314021  -0.582898  -0.852619    -0.2161   0.560452   0.233284
point 40 464 482.274 204.436 0.0128255 -0.978119 0.0155492   0.11454 -0.499119  0.120778  0.377387  0.467519 -0.589609  0.245753
point 41 477 386.696 115.963  0.926977  -0.63036  0.055702 -0.348468  0.161812  0.128917  0.693907 -0.795275 -0.322152 -0.623203
point 42 478 244.785 191.443  0.165028 -0.705132  0.505321  0.788975 -0.450801 -0.358289  0.255628    0.1672 -0.386293  0.818726
point 43 494 61.2966 179.954   0.432274 -0.0977388  -0.319016   -1.01386  0.0532088  -0.795058   0.522185   0.340386  -0.245495  -0.981859
point 44 499 31.0851 169.561   0.859985  -0.469649   0.345362  -0.605026   0.108916 -0.0939516 -0.0762865  -0.211126   0.714614   0.268193
point 45 520 266.297  70.366  -0.25026 -0.899755  0.396717  0.365243  0.870865  0.458751  0.400178  0.117482  0.297422 -0.236852
point 46 527 132.425 236.878   0.81687   0.46275 -0.854239   0.90629  -0.48266 -0.437336 -0.109638  0.712609   0.60308  0.637039
point 47 539 114.715 145.146  0.870071 0.0897209 -0.984617 -0.617728  0.466799 -0.364501  0.949357 -0.644675  0.249279  0.190971
point 48 544 160.324 186.923 -0.150384 -0.283632  0.675558 -0.087891  -0.77216   1.03262 -0.889911  0.329472 -0.456913 -0.010513
point 49 561  289.87 222.528  -0.906568  -0.281858   0.739546  -0.184067  -0.891296  -0.770356 -0.0981791  -0.917825  -0.382705    0.66117
point 50 585 535.296 173.977  -0.916737   0.605052 -0.0816393   0.817998   0.243422   0.370047  -0.592849  -0.661772   0.226749  -0.849882
point 51 614 257.371 198.513  0.493858  0.617379 -0.643655 -0.744472  0.940514 -0.326453  0.742896  0.122709   1.04215   0.15988
point 52 616 290.494 225.888    0.87342   0.534277   0.510657    0.36832  -0.989337 -0.0425262  0.0160143  -0.638042   0.202878  0.0258461
point 53 623 16.2762 183.512  0.566013 -0.507248  0.587794 -0.487312 -0.230268  0.436805  0.445713 -0.159924 -0.822639 -0.302825
point 54 631 54.5349  230.93  -0.774348 -0.0148788  -0.688779 -0.0558532   0.340949 -0.0822836   -0.22626   0.017104  0.0374306  -0.272862
point 55 662 178.575 213.365   0.29958 -0.252151 -0.382324 -0.820337 -0.296687  0.860117  0.569889  0.999219 -0.771742  0.758783
point 56 669 101.838 222.452  0.477118  0.672051 -0.700987 -0.454917  0.150043 -0.663418 -0.111524   0.98558 -0.248762 -0.347751
point 57 674 401.258 229.392  0.886883 -0.802773  0.399118  0.689689 -0.414794 -0.472793 -0.694331  0.140787 -0.154737   0.25405
point 58 689 51.0027  149.44   0.836108  -0.482737  -0.501659 -0.0363468   0.754888   0.145272  -0.810434  -0.270266    0.85786   0.858321
point 59 725 90.8131 198.788 -0.772606 -0.762296 -0.712118 -0.961821  0.236593  0.433221   -0.8475 -0.780965 -0.432818  -0.18319
point 60 736 103.703 192.142 -0.0581382  -0.964591  -0.257527   0.132279  -0.294525  -0.207695   0.434985   0.636851   -1.00839   0.998573
point 61 780 396.021 238.333 -0.941532 -0.245487 -0.287154  0.124715  0.975958  0.559617   0.54051 -0.813061  0.247998  0.912433
point 62 798 156.16 170.68 -0.439432 -0.846048    0.9625  0.537169  0.508035   0.59841  0.632968  0.884954 -0.873186 -0.586752
point 63 800 151.998 171.676   0.533704  -0.993463  -0.527856  -0.107726   0.778661 -0.0137177  0.0985556   0.774112  -0.427477  -0.513658
point 64 826 450.179 154.461   0.557323  -0.186377   0.194134   0.557554   0.904894  -0.407886 -0.0359739  -0.783806   0.758986   0.619802
point 65 830 511.236 150.472  0.805242 -0.398624 -0.962078  0.717639  0.815713  0.207775 -0.921047   1.00872 -0.949208 -0.072863
point 66 832 188.533  145.36  0.700448  0.943655 -0.371278  0.666287  0.733664 -0.523342 -0.648144  0.810581 -0.780058 -0.849166
point 67 847 220.269  158.58  0.127367   0.48546  0.358997  0.985471 -0.788697 -0.728203  -0.33514 -0.859773 -0.805759  0.243111
point 68 854 38.8145 203.097    0.675636    0.160192    0.352716   -0.812295   -0.135541    0.992039 -0.00514727   -0.124673    0.219041    0.991204
point 69 856 126.612 177.852 0.0235796   0.60362  0.383942 -0.571038 -0.537438  0.074975   0.50429  0.850345  0.267072  -0.54047
point 70 858 90.1814 118.864  0.471573  0.181413 -0.159052 -0.107948   0.76178  0.881042 -0.503881  0.132376 -0.781905 0.0152632
point 71 869 400.689 232.762   0.421604   0.729697   -0.77029  -0.548473 -0.0126941  -0.744089   0.508086  -0.939674    0.80038  -0.917232
point 72 899 232.458 192.323 -0.512515  -0.48283  0.555625 -0.751182 -0.852349 -0.151938 -0.908708 -0.847785 -0.629178  0.273863
point 73 924 574.087 194.275  -0.409936  -0.515949   0.277447  -0.414923 -0.0826654  -0.115786    -1.0146 -0.0700665   0.843469  -0.208878
point 74 953 323.895   89.65  0.0851518   0.539091   0.773224  -0.611437 -0.0874464 -0.0336773  -0.473543    0.79282  -0.638965   0.770859
point 75 966 416.399 205.147     0.66601     0.38487 -0.00176197    0.553915    0.722109  0.00456682   -0.749064  -0.0502596    0.770397    -0.56951
point 76 980 156.367 212.924  0.543082 -0.167901   0.52394 -0.523535  0.499444  0.378899 -0.810656 -0.215309  0.336791 -0.641779
point 77 990 579.547 131.817   0.662048   0.674748   0.818495   0.720057 -0.0900873   0.298082   0.522454  -0.790209   0.771864  -0.793664
point 78 993 407.887 18.2266 -0.205133  0.996341   -0.4416  0.755251 -0.105068  0.326087 -0.254813  0.160284  0.370606 -0.289489

