seq: 316
gt_pose:  1.68595 -3.05741  1.95864
odom_pose: -0.174849  -3.24061   1.82194
point 0 14 391.171 164.643 -0.758362  0.103548  0.480417 -0.420734  0.943537  0.140012  0.764274  0.461304  0.259165 -0.905338
point 1 17 511.759  93.953  -0.467988  0.0491383   0.439772  -0.819399 -0.0348007   0.187085   0.879732 -0.0487932  -0.281184   0.687247
point 2 31  352.54 219.308  -0.345015   0.765577 -0.0951067  -0.668575   0.268029  0.0569622   0.264796   0.230271  -0.523121   0.611485
point 3 42 618.143 125.188 0.0614178 -0.772779 0.0234201 0.0678466   -0.8804  0.581583 -0.247465   0.25696 -0.127189 -0.677472
point 4 44 452.045 190.156  -0.604956    0.25098   0.888514    0.48258 -0.0797617  -0.109155   0.659881   0.940955   0.910914   0.752994
point 5 49 624.918 147.148  -0.711819  -0.404715   0.757361  -0.288712   0.750154   0.486799 -0.0136882  -0.425789   0.872683  -0.761081
point 6 57 617.645 91.7756  0.436478 -0.373494 -0.524759  0.542322 -0.525906  0.385941  -0.94086  0.681335  0.655263  0.246877
point 7 64 528.521 186.624  0.862097  0.492321 -0.769983 -0.956329 0.0424844 -0.171022 -0.546006  -0.07338 -0.663667 -0.389551
point 8 72 25.6603 166.959 -0.772487  -0.30506  0.692342  0.184295 -0.818902  0.566332  0.510056 -0.244999 -0.233416 -0.171502
point 9 75 631.986 203.728 -0.647456 -0.897445  0.870175  0.548025 -0.787071  0.681143 -0.618783  0.952178 0.0719313  0.302961
point 10 78 250.352 177.346   -0.93993  -0.786005   0.591764   0.753008    1.01578   0.078188  -0.456079  -0.616367   -0.27452 -0.0806493
point 11 80 15.4597 228.405 0.0319992  0.473145  0.974971  0.888285  -0.82072  -1.00135 -0.918322  0.758608  0.764129 -0.962043
point 12 82 601.259 166.021   0.877964 -0.0328676  -0.209364  -0.329925   0.826424   0.792321  -0.831295   0.783211   0.723614  -0.604536
point 13 92 215.512 190.772    0.171637    0.733407   0.0169728    0.965254    0.334045    0.268797    0.977243    0.549298   -0.267535 -0.00466573
point 14 109 309.585 225.961   -0.432977     0.85661   -0.829408   -0.387442    0.489685 -0.00225211    0.756954    0.626038  -0.0207969    0.221359
point 15 110 412.524 170.485  0.877867  0.914324 -0.591252 -0.323051 0.0442508 -0.679121 -0.568239  0.566281  0.687323  0.254014
point 16 111 285.849 233.313  0.107506  0.999424 -0.922208 -0.959526 -0.151111 -0.321916  0.956409 0.0793652  0.264385  0.458002
point 17 113 433.077 214.772 -0.0735396  -0.535954   0.621453  -0.888632   0.534633  -0.372885  -0.901954    0.63874  -0.245998 -0.0245865
point 18 120 603.005 167.572 -0.980587  0.177055  0.718141 -0.582783  0.594443  0.626465 -0.618723  0.301749 -0.925872  0.271982
point 19 123 291.343 55.2006  0.156283 -0.843869 -0.214322  0.363463  0.856575  0.645104  0.237178 -0.262015  0.415075 -0.626518
point 20 131 43.0882 170.411  -0.911521  0.0124578  -0.592782   -0.29452 -0.0725741 -0.0646236  -0.476361  -0.169251   0.188278   0.707242
point 21 132 413.824 204.283   0.255349  -0.917959  -0.929672 -0.0720381  -0.709278   0.869627  -0.811905   0.301813   0.833104    0.71563
point 22 140 540.207 193.492   -0.45275 -0.0769717   0.588863   0.104515     0.8032  -0.747433   0.386818   -0.58332  -0.333594   0.894381
point 23 148 424.071 165.993 -0.154718 -0.261016 -0.189679  0.508078 -0.110263 -0.237505  -0.94314  0.292197  0.902864 -0.687553
point 24 156 369.325 204.864  0.301781  0.599176 -0.678757  0.340377 -0.833187   0.95226  0.174626 -0.774117 -0.972414 -0.143483
point 25 159  388.01 207.822  0.253117 -0.943165 -0.868353 -0.107848 0.0417865 0.0733065  0.984414 -0.358971 -0.366592 -0.780394
point 26 165 367.623 189.457   0.490083  -0.736482   0.461697   0.574242  -0.762597   0.679547  -0.635297   0.868478   0.424038 0.00380277
point 27 166 245.291 207.644 -0.669232  0.362541 -0.582333 -0.463321 -0.634896  0.232159 -0.760221   0.13618  0.130008 -0.680707
point 28 169 448.326 197.231 -0.552526  0.432368  0.692985  -0.24848 -0.133435  0.504324  0.363062  0.478606 -0.672546 -0.515675
point 29 170 539.282 237.241  0.171058 -0.358894  0.234216  0.158515  0.799594 -0.181694 -0.852412  0.690826  0.450151   0.72943
point 30 175 309.048 184.178 -0.360991  0.575268  0.260291 -0.606321  0.701818  0.696857  0.914311  0.936179   0.62528  0.145497
point 31 176 358.091 214.324   -0.721102    0.863259   -0.109707 -0.00591148    0.364415   -0.420022   -0.912537    0.217317    0.691595   0.0877745
point 32 179 501.189 196.586 0.0285778 -0.861698 0.0938841   0.77857  0.654973  0.339374 -0.297394 -0.776369 -0.235135   0.79162
point 33 184 339.906 112.287 -0.258579  0.541276 -0.421584 0.0555532 -0.620854 -0.281847 0.0496208 -0.347688 -0.361543   0.30306
point 34 200 290.113 124.581  -0.460889  -0.725067   0.686826   0.302859    0.22231   0.526229 -0.0389332   0.930642   0.968441  -0.116585
point 35 202 529.971 119.453 -0.592266 -0.244055   0.25437  0.360423  0.111534  0.804442  0.650165 -0.239711  0.114319 -0.191165
point 36 216 237.384 179.373  -0.648581  -0.912615   0.815829  -0.761701  -0.568822  -0.872269  -0.345101   -0.25829 -0.0449839   0.837323
point 37 218  88.237 233.356 -0.173234  0.675438  -0.94864  0.734567  -0.79323 -0.679347  0.823262 -0.948257 -0.493558 -0.706461
point 38 240 380.213 195.693 -0.490973 -0.634259  0.628276  0.806657  0.844884  0.764147 -0.568129  -0.68381   -1.0303  0.633468
point 39 245 263.592   187.6 -0.661971 -0.361327  0.483866 -0.726506   -0.4691  0.382034  0.887603 -0.688298  0.225621  0.803507
point 40 251 292.085 232.749  0.0177594  -0.577316    0.14851  -0.834649  -0.428743 -0.0628652  -0.461305   0.264347  -0.102817   0.391198
point 41 262 243.787 158.736 0.0578186  0.337076 -0.345465 -0.596372   0.99093  0.938029 -0.979539 -0.310082  0.359871 -0.415691
point 42 280 559.869 226.177  -0.263924   0.102775   0.506332  -0.162658  -0.343538  -0.350796   0.834886   0.873372 -0.0552044   0.768727
point 43 296 512.487 24.1644 0.000728131   -0.592779   -0.354204    0.338011   -0.160989     0.55398   -0.635488    0.973705   0.0643998   -0.361186
point 44 301 374.458 188.905  0.116607 -0.525634 -0.959568  0.449668 -0.965717 -0.644077 -0.568721  0.489792   -0.7112  0.104701
point 45 303 327.788   218.9   0.162661  -0.860079  -0.533843  -0.915328   -0.11641   0.513461  -0.440423 -0.0470266 -0.0684207  -0.402787
point 46 313 585.316 17.3396 0.0958738  0.348879   0.18441   0.14487  0.470246  0.703425 -0.384293 -0.624818 -0.123929  0.427453
point 47 315 471.117 219.942  -0.82519 -0.348855 -0.897837  0.109961 -0.386974  0.157864 -0.581738   0.75338  -0.69078  0.859798
point 48 319 626.564 69.3474 -0.914842  0.237858  0.549443  -0.18836 -0.754133  0.136061  0.669006 -0.319242  -1.01307  0.347406
point 49 325 561.245 209.343 -0.164484 -0.298421  -0.57168  0.136935  0.194493 -0.343078 -0.284898  -0.50274  -0.55493 -0.989121
point 50 331 175.825 219.997 -0.328856 -0.233797 -0.321275  0.183219 -0.132732  0.900513  0.831752 -0.575738  0.765504  0.817367
point 51 334 59.4712 171.627 -0.365925  -0.37236  0.947645 -0.717064  0.236842 -0.343083  0.149367 -0.834499  0.941683 -0.109859
point 52 352 251.294 207.722  0.602226  0.316475  0.377959 -0.691712  0.599767  0.678446 -0.640932  0.508351 -0.108327  0.804496
point 53 353 540.018  176.52  -0.542274  -0.221489   0.989501  -0.299664  -0.298123   0.342536 -0.0280681  -0.521447  -0.474336  0.0957793
point 54 364 253.783 170.172   0.147241   0.764235   0.685302  -0.625436   0.924458  -0.546809  -0.610854  -0.918353   0.122563 -0.0361563
point 55 367  423.94 144.785  -0.646299  -0.879921   0.880921  -0.482537  -0.467566   0.647211   -0.32986 -0.0894751  -0.593398  -0.802105
point 56 387 317.021 197.147  0.677571 -0.701101  0.500027  0.908477 -0.797467 -0.170157 0.0717828 -0.911339  0.630815   0.70959
point 57 396 562.294 157.113  0.215707 -0.739313  0.816095  0.751498 -0.355772  -0.31656 -0.837146 -0.456742  0.396958  0.648343
point 58 397 144.489 193.969  0.703182 -0.334504  0.570249  0.230447  0.598401  0.832577 -0.642332  0.621153  0.797518  -0.72788
point 59 398 538.845 197.942 -0.806049  0.877495 -0.662786  0.446381 -0.979372  0.593399  0.676798  0.854226  0.297676 -0.668603
point 60 425 310.311 239.899   -0.39068  -0.354348   0.364125  -0.518194    -0.5561  -0.670812 -0.0988716  -0.929941   0.874781   0.864531
point 61 448 564.289 192.054  0.835087 -0.427438 -0.822439  -0.62395 -0.329305  0.685372 -0.367358 -0.670927  0.641936 -0.347234
point 62 469 545.098 53.6955 -0.0645152  -0.850217    0.93522   0.930759   -0.16272  -0.430708  -0.765221   0.787738   0.151139  -0.918249
point 63 472  158.69 168.246   -0.88216  -0.110935   0.691379  -0.180446   0.876643  0.0813349   0.684581  -0.654842 -0.0730679  -0.596371
point 64 491 332.627  205.34 -0.815733   0.82627 -0.352618  0.608646 -0.501809 -0.162034  0.505469 -0.334786 -0.285548  0.741248
point 65 503 137.767 193.046  0.258024 -0.136016  0.663722 -0.999216 -0.185179  0.140354 -0.290603  0.609885   1.00437 -0.955917
point 66 514 239.814 188.832  0.408466 -0.811451  -0.87649 -0.464817 -0.952616 -0.496151  0.651094  0.819304  0.147437  0.145486
point 67 519 442.109 101.293  0.343269  0.398513  0.569483  0.129822   0.75742  -0.79699 -0.876139  0.842234 -0.291213  0.506358
point 68 529  40.549 36.5907  0.482256 -0.431558  0.114344  -0.28163  0.660144  -0.14866 -0.908657  0.830252 -0.182438 -0.350461
point 69 541 254.675 232.665  0.340603 -0.778199  0.807303 -0.272731 -0.670934  0.680175  0.764309 -0.628124 -0.933283  0.301365
point 70 543 100.549 213.719  -0.371839  -0.711325   0.562399   0.694141   0.289008 -0.0754943   0.865869   0.193792   0.633451  -0.784142
point 71 555 148.519 231.488   0.303189   0.385878   0.317242  -0.958394 -0.0210008  -0.527342  0.0416529  -0.157626   0.794667  -0.376163
point 72 568 209.006  176.61 -0.967747 -0.669653  0.937118 -0.637952  0.436865  0.519312 -0.919129 -0.838734  -0.74121    0.1781
point 73 573 509.308 111.863  0.872181 -0.218919   0.28773 -0.477826 -0.278362 0.0105885 -0.688653  -1.02547 -0.271485  0.600634
point 74 577  84.922 228.155   0.35273  -0.96605   0.51067  0.675853  -0.80744 -0.403755  0.761106  0.657669 -0.439366  0.543731
point 75 581 490.678 239.663 -0.701535 -0.525732 -0.305461  0.959426 -0.933099  -0.14916 -0.115853 -0.746697  0.897395 -0.170081
point 76 591 394.254 207.588  0.999016 -0.600868  0.659725 0.0927539 -0.466268 -0.278711  0.947637   0.22568 0.0194787  -0.54563
point 77 607 216.241 237.359  0.906702  0.340304 -0.270133  0.087731 -0.380279 -0.432475 -0.436238  0.262209  0.907265  0.807718
point 78 610 246.018 157.654 -0.240165 -0.222006  0.689403  0.666633  0.473246  0.475025  0.684812 -0.612106  0.166224 -0.450934
point 79 617 323.772 144.597 0.0622216 -0.857148  0.245735  0.156686 -0.529723 -0.929254  -0.24984  0.272076 -0.847054 -0.612343
point 80 623 141.819 187.162  0.557777 -0.574195  0.650072 -0.488885 -0.266756  0.425764  0.432363 -0.189531 -0.822109  -0.31804
point 81 630 635.159  219.23 -0.0332445 -0.0449082  -0.373201  -0.329534   0.670712   -0.07519   0.500302  -0.185863   0.609821  -0.651505
point 82 644 308.478 180.667  -0.477639  -0.130591  -0.597454 -0.0363111  -0.125514  -0.755354   0.858944  -0.863044   0.909954   0.462036
point 83 655 435.884 224.504 -0.107409  0.681659  0.408132 -0.610498 -0.541972 -0.458662  -0.93669 -0.690203  -0.89507  0.877575
point 84 658 421.201 226.625  0.345531 0.0897598 -0.137386 -0.317549  0.160307   1.01333  0.622695   0.63339 -0.834561  0.503433
point 85 661 331.416 131.271  0.311816 -0.490666  0.422171  0.434794 0.0603192   0.13387 -0.910448 -0.721268  0.224022  0.400834
point 86 667 445.919 172.717 -0.928093 -0.648551 -0.215562 -0.567008  0.736625 -0.721798 -0.539707  0.681523   0.51042  0.371911
point 87 691 235.285 186.649  0.620683  0.964593  0.254666 -0.192293  -0.88597 0.0516504  0.317172 -0.427191  -0.89996 0.0543735
point 88 695 214.77 130.48     0.72801   -0.218721    0.375878   -0.482295    0.438508 -0.00961133    0.921715    0.074014    0.522808    0.860759
point 89 710 19.8125  152.57 -0.0698493  -0.540095  -0.647586   0.391104  -0.407125   0.282127  -0.679743  -0.110225  -0.199598 -0.0582691
point 90 719 120.785 177.205 -0.718125  -0.34192  0.739439  0.738589 -0.658411  0.688218  0.404448 -0.598539 -0.540033 -0.972356
point 91 720 3.31808 114.226  0.394558 -0.582066  0.413315  0.353683 -0.781525 -0.990401  -0.62678 -0.846725  0.505006 -0.745863
point 92 735 98.7867 232.284   -0.87617  -0.433803 -0.0924926  -0.562255  -0.304363   0.526008  -0.322544  -0.772918  -0.355993    0.87739
point 93 750 190.289 236.872 -0.383126  -0.48195   0.48072  0.251195  0.172786  0.552614 -0.690548  0.709657  0.691474 -0.237086
point 94 752 337.936 140.495   0.83434   0.80811 -0.523453 -0.155614 -0.197271  0.125128  0.320298 -0.652363 -0.629923 -0.442439
point 95 776 251.315 67.9004   0.875578 -0.0917916  -0.183433  -0.578471   0.688223  -0.827111   0.406533  -0.384015   0.831132  -0.811127
point 96 777 454.172  164.35   -0.59882   0.635086  -0.287506  -0.428256   0.633767  -0.232971  -0.313798   0.609607 0.00225398  0.0381325
point 97 794  310.18 182.145 -0.459177  0.445217 -0.320575 -0.640819 0.0318821   0.66992  0.461528 -0.455395 0.0998772  0.465421
point 98 797 347.729 101.522  -0.708672  -0.698542   0.763632   0.105939   -0.23049  -0.551818 -0.0474347   0.588736  -0.105401  -0.312303
point 99 803 609.696 193.371 -0.794246   0.95493  0.784965  -0.53757 -0.616398   0.23822 0.0939442  0.785117 -0.257354  0.661969
point 100 804 530.713 210.019  -0.798206  -0.695757  -0.648001  -0.623332   0.514461   0.690357 -0.0955542   0.482308  -0.593042   0.155462
point 101 820 159.583  195.55 -0.664423 0.0662918   0.75726 -0.436834  0.523784 -0.311043 -0.364648  -0.41942  0.294184 -0.056711
point 102 837 604.136 110.941 -0.0501544  -0.248657  -0.554321  -0.311387  -0.837766   0.133242  -0.454796  -0.372594  -0.830479  -0.482406
point 103 841 292.598 113.568  0.190692  0.959683 -0.862822   0.94396 -0.426967 0.0655185  -0.33891 -0.189232   0.26873  0.474403
point 104 843 382.168 134.664 -0.439649 -0.152652 -0.127388  0.432969   0.14092 -0.992203  0.361377  0.271363  0.976326  0.999616
point 105 846 545.695  232.63    0.499534    0.292246    0.442362   -0.823404   -0.943224 -0.00888747   -0.655108   -0.238955   -0.374857    0.223979
point 106 848   125.3 206.258   -0.4952 -0.236333 -0.879465  0.902174  0.824575  0.584507  0.116138  0.237658  0.686828  0.181236
point 107 862 164.281  152.99  -0.812568  -0.332243  -0.686776  -0.187322    0.64531  -0.504819 -0.0643956   0.336145  -0.960159  0.0423264
point 108 863 41.4324 126.041 -0.214202   0.30111 -0.062317  0.445038 -0.069333  0.965891 0.0964503 -0.254179 -0.180612  0.543281
point 109 866 607.025  173.55 -0.510549 -0.149604  0.764401 -0.633434  0.614848 -0.238861 -0.117278  0.364908 -0.417997  0.961573
point 110 867  511.51 201.111   0.981348  0.0846026   0.084704   0.565543  -0.490906 -0.0614407  -0.735083  -0.345076   0.650724 -0.0883239
point 111 876 286.124 140.689    0.412283   -0.677352    0.901798   -0.248395 -0.00440148   -0.948333   -0.973612    0.364596    0.841576    0.290313
point 112 878 416.047 234.729   -0.92792  0.0480108   -0.96558  0.0290335 -0.0663234   0.469023   0.423261 -0.0908837   -0.72489  -0.563537
point 113 880 301.375 190.748  -0.57978 -0.564148 -0.229826   0.63072  0.528104 -0.286506 -0.325227  0.638226  0.850875  0.601156
point 114 881 354.854 203.886  0.282439  0.589466  0.404731  0.628225  0.373717 -0.806804   0.20139 -0.751355  -0.45336 -0.566672
point 115 883 305.296 222.459    -0.25832   -0.296797   -0.739373    0.977696    0.256035    0.588712    0.540547   -0.340131    0.186225 -0.00786793
point 116 886 542.171  172.44 -0.319217 -0.886782 -0.432229 0.0890173  0.318524  0.946828  0.938398  0.907721 -0.769779 -0.813314
point 117 905  466.72 173.925  -0.92077 0.0910999  0.428358 -0.395793  0.707578  0.274514 -0.801659  0.631145 0.0416391  0.106314
point 118 908  243.15 109.282 -0.954323 -0.928118  0.908221 -0.738022 -0.741897  0.991035  0.593319 -0.829791  -0.53851  0.280649
point 119 910 457.331 201.776 -0.976786  0.655444  0.490285  0.030732  0.648774  0.439742 0.0176837   0.58377  0.728822  0.320876
point 120 911 580.404 194.132  -1.01367  -0.43293 -0.803466  0.683212 -0.936823 -0.128088 -0.964207 -0.176991  0.474725  0.133202
point 121 916 195.853 202.418 -0.380865  0.202517  0.226593 -0.408655 -0.710566 -0.506244  0.697191  0.304263  0.902864 0.0020638
point 122 920 570.406 207.878 -0.892536  0.719593 -0.361737 -0.354267 -0.412542 -0.140556  0.832468 -0.831059  0.977927 -0.520548
point 123 926 638.003 223.638 -0.729798 -0.794738   0.93175 -0.834517 0.0179819 -0.582032 -0.441294 -0.748313 0.0314549  0.555392
point 124 927 393.384 187.603 -0.0616389   0.876394   0.582966   0.390632  -0.848836     0.4107 -0.0618943  -0.361602    0.75738   0.946456
point 125 928 544.445 189.438 -0.184212  0.866993 -0.827998 -0.892124 -0.244636 -0.616221 -0.696744  -0.37258 -0.432411  0.332048
point 126 929 364.022 191.002 -0.898154  -0.29354 -0.290768  0.241761  0.224218  0.742295  0.123428  -0.19669 0.0562473  0.170291
point 127 939 616.166 194.495  -0.38607 -0.751598  0.596706  0.886373   0.25378 -0.906737 -0.744185   0.63606  0.121142  0.739419
point 128 942 326.976 206.743 -0.743261 -0.304191  0.613815 -0.515327    0.1962 -0.249397 -0.713366 -0.943685  0.977806   0.39002
point 129 944 256.891 176.958    0.522759   -0.490704    -0.27231    -0.55618    0.675275 0.000145738    0.115268     0.29293    0.458964   -0.637434
point 130 951 636.756 211.327     0.1707  -0.850184 -0.0799823   0.364827   0.255453  0.0432245  -0.953479   0.450847  -0.128658  -0.687118
point 131 958 201.642 132.556 -0.482571 -0.866071 -0.765497 -0.200613  0.102069 -0.388369 -0.166341 -0.259691  0.459518 -0.938327
point 132 962 112.652 176.208  -0.217543  -0.221211   0.913778  -0.737278  -0.815838 -0.0886194  -0.449122   -0.47442 -0.0750675  -0.151794
point 133 963 550.268 174.993 -0.0449857  -0.767334    -0.3627   0.385084  -0.919332    0.27338    0.89943  -0.950609  -0.158131   0.440492
point 134 971 590.126 162.922   0.677673 -0.0479871   0.301916  -0.710506    1.01491 -0.0623839     0.3354    0.96871   0.834822  -0.113469
point 135 974 156.198 233.127 -0.457065  0.739674 -0.730824 -0.900867  0.472644 -0.490742 -0.412086  0.427738  0.476992 -0.458767
point 136 978 230.401 212.067  0.852258  0.666908  0.229764  0.913789 -0.800859  0.363114  0.157646   0.45395 -0.591958  0.390384
point 137 979 404.644 169.663 0.0748174  0.511712  -0.12668  0.468109  0.179735  0.353447 -0.570652 -0.145667  0.669473 -0.309847
point 138 989 455.623 237.808  -0.675709   0.323946   0.493937  -0.590216 -0.0998516  -0.517584  -0.108598   0.462611   0.495496  -0.537885

