seq: 302
gt_pose:  3.44056 -5.12383  2.80087
odom_pose:  1.23954 -5.63556  2.57576
point 0 5 410.404 180.953 0.0355501   0.30735 0.0519509 -0.900382 -0.147705  0.865734  0.884842  0.413187 -0.480424  0.450402
point 1 6 614.029 121.525 -0.652018 -0.162853  0.768279  0.612058 -0.364882 -0.566311  0.757691 -0.334869   0.33522  0.885783
point 2 7    635 177.59 -0.117578  0.832893 -0.156536  0.590115  0.374867  0.802861 0.0114541  -0.61598  0.861848  0.801382
point 3 9 184.311 168.965   -0.78022  -0.726027 -0.0260841   0.473127   0.962383   0.880056    0.37313  -0.267521   0.530872  -0.257444
point 4 11 132.155  154.38    0.585032    0.462673    0.325294    0.982374    0.279936     0.55608   -0.839722    -0.70823 -0.00855854   -0.858339
point 5 14 522.987 194.149 -0.755908 0.0659393  0.534739 -0.350007  0.999361  0.130523  0.727547  0.506995   0.23677 -0.945496
point 6 23 332.949 123.199   0.841788   0.790347 -0.0482278   0.107929  -0.629922  -0.453814   0.744735 -0.0163981 -0.0582094   0.694792
point 7 24 305.009 173.042     0.32239    0.409003   -0.677612    0.222418  -0.0636905    0.671559    0.451315   -0.668802   -0.588812 0.000882977
point 8 26 297.332  10.031  -0.84493 -0.822235   0.25257 -0.292672  -0.46999 -0.314169 -0.810991 -0.169555  0.853426  0.202803
point 9 31 531.485 219.414 -0.381977  0.734385  -0.01878 -0.645423  0.181927 0.0741097  0.201151  0.220438 -0.561268  0.687383
point 10 43 256.087 225.735  -0.990133   0.410647   0.179111    0.59512   0.207018 -0.0733804 -0.0307601   0.984794  -0.924636  -0.819705
point 11 48 246.771 51.4233  -0.264021  -0.963956   0.891227   0.159305     0.5894   0.821707   0.896056   -0.64913  -0.130934 -0.0606109
point 12 66 128.035 92.4673 -0.790548 -0.191453  0.163269  0.245272   0.39817 0.0621814 -0.145701  0.655642  0.116757   0.80559
point 13 78 427.669 211.799  -0.91051 -0.825006  0.606651  0.728251  0.978867 0.0221165  -0.47808  -0.66963 -0.257447 -0.160741
point 14 81 198.101 191.611   0.508652   0.267938  -0.823549  -0.031309  -0.153237 -0.0529229    0.24668   0.679384   0.108598  -0.629407
point 15 109 469.125 230.226  -0.453967    0.90851  -0.778125  -0.372433    0.53926 -0.0557015   0.697681    0.64115 -0.0262971     0.2584
point 16 110 608.535 167.502  0.896944  0.944519 -0.584662  -0.33765 0.0910668 -0.731665 -0.561862   0.60424  0.723457  0.212044
point 17 116 397.082 220.969   0.924008   0.589317   0.339311  -0.438199   0.583513 -0.0695955  -0.357625   0.561242   0.348691   0.831724
point 18 119 572.59 179.99 -0.388873 -0.466023  0.810114 -0.358791  0.745488  0.439662  0.864756 -0.503776 -0.817601   0.35398
point 19 121 102.984  174.79 -0.0492933   0.845807 -0.0746875    0.67823   0.138807   0.495509  -0.725651 -0.0802422  -0.799535  -0.991076
point 20 123 449.973 149.173  0.147213 -0.798112 -0.205356  0.353236  0.831549  0.667608  0.228077 -0.210393  0.386858 -0.578062
point 21 128 112.893  167.82  0.680201  0.945725 -0.360337  0.841568 -0.463699 -0.725191 -0.713409  0.372813  0.649105 -0.826177
point 22 132 636.821 196.922   0.273134  -0.959711  -0.945122 -0.0805872  -0.715095   0.880701  -0.799972   0.279386   0.877078   0.686004
point 23 138 434.873 211.609  -0.361672  -0.763944  -0.456087  -0.590533  -0.483421    0.15511   0.584266  -0.758507   0.125941 -0.0719539
point 24 146 321.932 175.973   1.01544 -0.520368 -0.650071  0.147856 -0.683267 -0.133683  0.965668 -0.520185 0.0836238 -0.766632
point 25 154 10.8371 195.392  0.660787  0.764486 -0.905218 -0.861872  0.788038  0.121983  0.571399 -0.869409  0.583238   0.47483
point 26 156 556.973 203.129   0.228279   0.537581  -0.709437   0.345595  -0.789023     1.0024   0.173528  -0.694835  -0.903789 -0.0546836
point 27 159  574.12 207.583  0.206276 -0.986756 -0.902656 -0.178443  0.010608  0.134492   1.01745 -0.276242  -0.44546 -0.774928
point 28 163 6.77285 120.299  -0.836051   -0.21092   0.568337   0.743591  -0.386342 0.00532637   0.687346   0.558035   0.519885  -0.754325
point 29 165 534.549 196.305   0.453383  -0.818909   0.429023    0.61286  -0.735911   0.629733  -0.620826   0.785247   0.359491 -0.0242496
point 30 176  534.63 215.302  -0.775684   0.857411  -0.095656 -0.0304432   0.423576  -0.492258  -0.927899   0.292489   0.750351   0.108241
point 31 184 462.584 201.963 -0.272515  0.450533 -0.433637 0.0803178 -0.595748 -0.277417  0.104809 -0.412806 -0.396466  0.366345
point 32 200 450.097 178.546  -0.477938  -0.696728    0.68301   0.362302   0.231827   0.521519  -0.110383    0.84756    0.96752 -0.0943721
point 33 227 183.454 232.426  0.875339  0.181247 -0.373594  -1.01846    0.6398  0.769704 -0.373112  -0.64176 0.0694922  0.324673
point 34 234 248.008  128.19  0.120681 -0.193106  0.655176 -0.294655  0.780757 -0.406936  0.309656  0.242565  0.286852  0.468002
point 35 240 581.732  189.42 -0.532527  -0.64233  0.636067  0.784573  0.842314  0.694443 -0.535422  -0.75695  -1.01354  0.664167
point 36 242 308.515 130.276 -0.780476 0.0302252  0.114224  0.476232 -0.429818  0.678722  0.783164 -0.783157   0.41726  0.586898
point 37 253  57.762 222.676   0.849773   0.142948   0.694092 -0.0791068  -0.783201  -0.261174    0.46189   0.419125  -0.103399  -0.960981
point 38 277 359.839 160.425  -0.48183 -0.796367   0.24348  -0.80575 -0.988321  0.139488  0.163812  0.513994  0.371741 -0.924304
point 39 294 176.755 190.425 -0.0606866  0.0614088   0.197181   0.403329  -0.663615   0.968576  -0.452003  0.0793457   0.611988   0.280605
point 40 296 626.757 94.6296 0.0341161 -0.547112 -0.380582  0.286474 -0.154545  0.554426 -0.714877  0.997293 0.0837779 -0.346219
point 41 301 513.814 207.774  0.134935 -0.465313 -0.991798  0.454666 -0.956663 -0.645589 -0.579624  0.477874 -0.749286  0.104756
point 42 323 60.6591  132.73 -0.724562  0.624331  0.332035  0.739796  0.309493 -0.577101 -0.972475 -0.683325 -0.548818 -0.993784
point 43 326 244.77 164.53  0.431561 -0.553117   0.55956  0.245081 -0.947212 -0.367206 -0.394653 -0.657502  0.281741 -0.780698
point 44 345 90.5978 190.334  0.964251 -0.510006 -0.043367   0.32381  0.313412  0.885296  0.340583   0.92305 -0.917675 -0.836317
point 45 356 173.132 199.315   0.33861  0.436029  -0.77425  0.873112 -0.667316  0.621739 -0.327925 -0.773949  0.915169  -0.95827
point 46 359 359.555  132.81 -0.0525937  -0.277888   0.625477  -0.588597    0.73593  0.0314544   0.194035   0.192383  -0.498887   -0.26011
point 47 364 430.385 211.498  0.0892942   0.820363   0.687742   -0.57688   0.893324  -0.554605  -0.618868  -0.888726   0.055001 -0.0216296
point 48 367 637.918 132.251  -0.637748  -0.851111   0.875584  -0.483987  -0.472243   0.686926  -0.296745 -0.0391788  -0.518384  -0.761712
point 49 382 346.633 176.792 -0.689563  0.874348   1.00475 -0.895948  0.148165  0.589392  0.545576 -0.178551  0.248677 -0.175023
point 50 398  630.85 213.921 -0.877265  0.921492 -0.678819  0.443744 -0.943747  0.596739  0.712956  0.915166  0.254919 -0.677075
point 51 422  249.38 209.058 -0.0455555   0.486263   0.574063   0.372465   0.926502   0.962392 -0.0422547  -0.918242   0.522965   0.798853
point 52 425 461.12 239.95 -0.414121 -0.353396   0.38281 -0.454506 -0.555619 -0.672525 -0.116803 -0.983714  0.863153  0.811939
point 53 466 27.0605 188.451 -0.00540065   0.0760735    0.614729   -0.299223    -1.00887   -0.431143   -0.278663   0.0947911    0.645145    0.246586
point 54 470 355.014 237.766   0.449802 -0.0317357  -0.611613   0.888924   -0.32404   0.890768  -0.355194   0.187023   0.417558   0.805591
point 55 471 58.2353  198.36 -0.140067 -0.308997  0.776094  0.829719 -0.604354 -0.359391  0.923755 -0.601045 -0.398673 -0.184072
point 56 472 385.922 211.028   -0.86481 -0.0443327   0.660194  -0.206949   0.913525  0.0928073   0.704706  -0.657338  -0.039721  -0.647154
point 57 475 374.315 224.201   -1.00618  0.0586357  0.0858331    0.60355  -0.297199  -0.375263  -0.115508 -0.0118227  -0.692697  -0.241226
point 58 491  500.18 209.665 -0.814076  0.783409 -0.346216  0.535345   -0.4292 -0.172557   0.53341 -0.324029  -0.22705  0.734743
point 59 492 332.601 139.433  0.506605  0.520675 -0.739318 -0.433824 -0.511568  0.741245 -0.471788  0.831238 -0.796582 -0.586701
point 60 506 554.343 212.654  0.0844945   0.255733 -0.0249861   -0.56913  -0.916741  -0.661547  -0.649277  -0.628539    0.77461   0.537676
point 61 508 350.616  135.09  0.587234  0.593536 -0.183422 -0.144953 -0.755631  0.872153 -0.822133  0.248865 -0.693083 -0.787434
point 62 519 612.778 117.618  0.393011  0.445286  0.611239  0.201138  0.743817 -0.855167 -0.852148  0.915432 -0.288547  0.478622
point 63 529 379.181 194.566  0.429391  -0.35977  0.086957 -0.281076  0.650802 -0.123223 -0.902564  0.781912 -0.152143 -0.336247
point 64 546  182.12 197.651 -0.546889 -0.429287 -0.670532  0.972399  0.115475  0.270258 -0.353454 -0.144517 -0.871899 -0.089839
point 65 547 71.1561 164.432  0.448138  0.122267 -0.336799  -0.84736   -0.2986 -0.475963  0.603129 -0.153213  0.273638    0.8427
point 66 560 234.449 147.977  0.992973  0.498551  0.599011   0.78946  0.299463  0.412927 -0.781993 0.0696088 -0.447243  0.390952
point 67 565 167.212 235.787  -0.907825   0.940984   0.422869   0.308029  -0.543794  -0.592546   0.852348   0.843819 -0.0161388   0.566554
point 68 568 410.585 215.335  -1.00174 -0.676372   0.94922 -0.695228  0.350219  0.550421 -0.941434 -0.845465 -0.703038  0.119869
point 69 591 609.941  200.79    0.980819   -0.626742    0.578619   0.0769785   -0.474411   -0.251284    0.952752    0.185623 7.09973e-05   -0.564035
point 70 597  300.94 145.306 -0.678269  0.752248  0.894366 -0.112721 -0.278318  0.533782  0.888518  0.944925  0.408708 -0.265852
point 71 617 483.501 168.888 0.0450506 -0.846783  0.221859   0.17212 -0.562323 -0.971173 -0.213267  0.261821 -0.819568 -0.646011
point 72 638 116.537 128.728 -0.287661 -0.838617  0.624361 -0.813679  0.194498  0.310866 -0.137113 -0.362998  0.436126  0.858711
point 73 639 518.289 154.891  -0.735132   0.774321  -0.368087  -0.325815   0.780293   0.629417 -0.0590895  -0.836601  0.0461752   -0.69945
point 74 651 270.637 46.2013  0.856047  0.587742 -0.537066  0.240622 -0.556899 -0.921906 -0.874537  0.398472 -0.216078 -0.480272
point 75 661 481.974 171.955  0.246403 -0.574648  0.455932  0.448029    0.1013 0.0855264 -0.961713 -0.745551  0.250368  0.389633
point 76 676 211.207 234.382  0.456696  0.510839  0.827061  0.210152 -0.416712  0.727718  0.468093 -0.984156   0.39317 -0.937027
point 77 686 98.2381 189.143 -0.464073 -0.829293  0.682053 -0.586013  0.658063  -0.29499   -0.5366 0.0678598  0.201622  0.385975
point 78 688 84.7193 237.445   0.105972  -0.226496   0.770478   0.247052  -0.650186  -0.784406   0.419203  -0.961357  -0.300161 0.00776962
point 79 695 421.178 210.387    0.77503  -0.196503   0.394232   -0.45239   0.412413 -0.0421866   0.884121  0.0604419   0.479069   0.791901
point 80 702 41.8991 188.947 -0.556465  -0.22815  0.597236 -0.288668 -0.915318 -0.399826  0.105868  0.292213  -0.70819 -0.295249
point 81 722 170.315  57.817    0.45461  -0.550698  -0.277364  -0.694119  -0.871984  -0.852814   -0.33894   0.618179   0.462636 -0.0328289
point 82 724 123.038 112.901 -0.876515  0.917438 -0.142808 -0.482199   0.95896 -0.634106 -0.125099 -0.278301 -0.392814 0.0317597
point 83 751 242.28 216.94  -0.353434   0.105456  -0.455354   0.807184  -0.547291 -0.0681959     0.1158  -0.916125   0.253769  -0.418798
point 84 752 492.856 169.642  0.772534  0.814491 -0.481082 -0.212392 -0.163052  0.051614   0.30476 -0.635083 -0.625202 -0.431791
point 85 776 427.893 160.606   0.906858 -0.0883683  -0.172857  -0.571223   0.677634  -0.879771   0.420918  -0.407145   0.775355  -0.800123
point 86 777  604.17 180.785  -0.576555   0.646721  -0.328736   -0.51038   0.603966  -0.211729  -0.318508   0.547584 -0.0203658   0.126209
point 87 794  462.2 209.59   -0.420478    0.460791   -0.326118   -0.659749 -0.00932142    0.698596    0.469084   -0.512136    0.145833    0.477699
point 88 797 476.382 181.099  -0.754764  -0.621306   0.679333  0.0704222  -0.246005  -0.546706 -0.0356105   0.587605  -0.123419  -0.356255
point 89 802 25.4873 199.132  0.365399 -0.564015  0.929239 -0.280699 -0.776608  0.450487 -0.254179 -0.288521 -0.602867 -0.365243
point 90 806 587.885 238.457  0.842369 0.0273753 -0.520891 0.0402801 -0.713227 -0.309957  0.412629 -0.351718 0.0460931 -0.100532
point 91 819 359.396 197.073  -0.581645   0.398126  -0.751799   0.722249   0.973971 -0.0137154   0.307038   0.774761  -0.423285  -0.135112
point 92 821 584.435  135.59  0.415264  0.337168 -0.660599 -0.963487  0.892785 -0.171705   0.46635 -0.811015 -0.452291  0.452111
point 93 824 15.7318 225.483  0.347051  0.463942 -0.670484  0.185283 -0.344812 -0.908318  0.939494 -0.479361 -0.250426   0.23327
point 94 833 122.577 120.515 0.0254931  0.288678  0.781666   -0.1353 -0.641018  -0.33829 -0.735323 -0.960779  0.835668  0.670075
point 95 841 451.236 174.855  0.158716  0.919533 -0.928573  0.950311 -0.349821  0.090559   -0.3166 -0.249902  0.183091  0.485172
point 96 843 544.932 152.429 -0.395739 -0.171004 -0.138487  0.449667  0.168301 -0.914968   0.34512  0.266773  0.967553   1.02216
point 97 862 392.275 207.448  -0.856283  -0.334235  -0.732795  -0.212026   0.565799  -0.538264 -0.0668027   0.315412  -0.944757  0.0773267
point 98 879 141.883 158.294  -0.212066   0.561102   -0.18139  -0.584524   0.275101  0.0981389   -0.76099 -0.0443703   0.149973   0.111312
point 99 881 535.03 203.74  0.349119  0.662058  0.460019  0.655099  0.369675 -0.769195   0.23054 -0.766501 -0.393822  -0.59781
point 100 884 218.727 223.909  0.452241 -0.110622  -0.44539 -0.671314 -0.749545 0.0941034 -0.795321 -0.377425 -0.320698  0.740101
point 101 887 271.645 221.106  0.546822 -0.775222 -0.732445  -0.70063 -0.868881 -0.873599 -0.351333  0.047626 0.0213257 -0.783208
point 102 908 420.482 168.138 -0.952417 -0.877646  0.954917 -0.673423 -0.663267   1.03579  0.600818  -0.78837 -0.557933  0.241049
point 103 917 155.967 173.577  0.951784 -0.978767 -0.558686 -0.481019 -0.134604  0.688087 -0.878338  0.925728 -0.475525 -0.545491
point 104 918 526.852 135.323 -0.814091  0.120929  0.558515   0.18488 -0.376239  -0.78128  -0.59429  0.905896 -0.125013  -0.26659
point 105 925 191.278  121.89   0.782469   0.621195  -0.486784  -0.596925 -0.0630461  -0.234271   0.422831  -0.383557   0.405879  -0.250771
point 106 927 572.154   190.3 -0.0372278   0.911403   0.572804    0.40821  -0.890711   0.368678 -0.0163009  -0.357674   0.735568   0.925143
point 107 929  543.44 191.855 -0.834559 -0.321292 -0.254831  0.261797   0.25737  0.744638 0.0749425 -0.225977  0.101919  0.177781
point 108 931 207.685 46.6183  0.746785  0.818526  0.348634 -0.150624  0.387156  0.540619  0.604158 -0.889851 -0.239068 -0.156551
point 109 936 377.276 147.023 0.00407991   -0.45793  -0.391781  -0.329747  -0.436989   0.894075  0.0394996  -0.741067   0.144105   0.122203
point 110 941 222.061 214.042 -0.0640453  -0.190793  -0.808618   -0.97338   0.461966  -0.258554  -0.727097 -0.0287298  -0.352361   0.541214
point 111 942 475.064 221.135 -0.783666 -0.321518  0.660524 -0.501234  0.256634 -0.193102 -0.661088 -0.947487  0.963146  0.423173
point 112 954 189.287 220.676  0.581263 -0.345207  0.652808 -0.727552  0.202203  0.388411  0.361976  0.659056 -0.843256 0.0268356
point 113 965 369.604 169.887   0.904886   0.587657   0.488371 -0.0940843   0.033117  -0.472241    0.14118   0.671291   0.947662   0.214893
point 114 968 622.464 177.172   0.101665  -0.422548   0.108906 -0.0556073   0.933907  -0.210147  -0.742359 -0.0562432  -0.692932  -0.953446
point 115 977  204.35 146.407  -0.463386 -0.0112298   0.598453  -0.759675  -0.718589   0.801811   0.726831   0.954537   -0.21901   0.487778
point 116 979 622.093  156.03 0.0454896  0.484335 -0.167571  0.468565  0.241449    0.3107 -0.570821 -0.153853  0.672235 -0.332936
point 117 997 608.659 235.583    0.98922  -0.918346 -0.0706492   0.837206   -0.44358  0.0308435   0.592024  -0.846396  -0.279764   0.587468

