seq: 267
gt_pose:   6.99053 -0.388702   -1.2117
odom_pose:  5.83119 -1.93869 -1.50191
point 0 0 424.224  88.866    0.627783    0.773904   -0.603355   -0.315071    0.530204   -0.465034    0.059363 -0.00358474    0.261108   -0.229858
point 1 35 529.459 205.627  0.131165  0.821435  0.340019  0.668147  0.348987 -0.419182   0.26882 -0.987006 0.0377309  0.697095
point 2 45 555.268 226.594  -0.582848 -0.0305752   0.895682 -0.0661526   0.774539   0.983597  -0.681587 -0.0644241   0.522586    0.48398
point 3 46 341.971 196.851   0.958118  -0.293267  -0.243548    0.10422   0.116422   0.239772  -0.605877 -0.0351299   -0.29273   0.273193
point 4 54 539.948 152.257 -0.622351  0.145814 -0.895435 -0.779524 -0.723281 -0.510725 -0.703174  0.167448 -0.931933  0.825403
point 5 56 514.805 194.577  0.315656 0.0571929  -0.95608  0.857564 -0.272556 -0.622049 0.0388282 -0.164794 -0.349643  0.365517
point 6 69 487.066 213.629  -0.339701  -0.771719   0.775617   -0.75952 0.00933435  -0.503083    -0.6191   -0.41268   0.330511   0.912514
point 7 91 395.455 226.302   0.506214  -0.081554  -0.782908 -0.0981485     0.9148   0.805724   0.306142  -0.460361  -0.587034  -0.416084
point 8 94 180.815 85.2745  -0.719215   0.392571  -0.576121   0.157941  -0.957741   0.679305 -0.0736729  0.0155278   0.606177  -0.780133
point 9 99  371.15 113.814 -0.481269 -0.601448  -0.71113 -0.823222  0.164666 -0.845917 -0.854039 -0.689298  0.533162   1.02511
point 10 102 629.816 171.201  -0.331063  -0.803296   -0.39103  -0.810716  -0.489392   0.819788   0.785107   0.309655 -0.0248323  -0.284763
point 11 118 575.057 186.654  0.840507  0.834659   0.68826 -0.523624 -0.056401  0.558381 -0.945015 -0.645161 -0.869309  0.715311
point 12 152 493.743 149.126 0.0706021  0.472696 -0.638539 -0.591329  0.965114 -0.494922 -0.120025  0.593745  0.795001   0.31566
point 13 174 544.823 130.498   0.646647   0.177217   0.926631   0.123061 0.00310944  -0.483765   0.054768   -0.57667  -0.478379  -0.922045
point 14 177 302.335 120.124  -0.765946  -0.121869  -0.484533   0.459726   0.155016   0.152129 -0.0164912  -0.570209   0.510682  -0.314077
point 15 182 540.709 233.029  -0.88795 -0.890772 -0.730645  0.916956 -0.756041  0.103425 -0.631665 -0.419549  0.415978  0.441756
point 16 194 406.606  143.37  0.870483 -0.892885 -0.190669  0.774896 -0.694193 -0.675077 -0.104385   0.80619   0.64563  0.048282
point 17 196 392.926 184.036  0.593048  0.511528 -0.952353 -0.892558  0.459144   0.90179 -0.752445 -0.751926  0.764263  -0.38767
point 18 207   372.8 235.532 -0.935953 -0.753009   1.02379  0.978724 -0.304016 -0.859614 -0.281675  0.574814  -0.55871 -0.793558
point 19 212 284.166 216.962 -0.421824  -0.10887 0.0058269 -0.994102 -0.190497  0.735866  0.686809  0.359112 -0.923443  0.870647
point 20 215 272.361 160.023  0.950515 -0.519957  0.910618 0.0290039 -0.413646     0.398  0.832439 -0.212932 -0.610423 -0.265072
point 21 217 424.038  36.113  -0.34578  0.320787 -0.981336  0.228259  0.187133 -0.968571  0.686255   0.11327 0.0676943 -0.745896
point 22 220 603.719 200.611  -0.753071  -0.521273  -0.931662  0.0776333   0.492488  -0.125431  -0.200062   0.584637  -0.404596 -0.0252766
point 23 224 420.193 165.126   0.957389  -0.580761  -0.752384   0.436529   0.390043   -0.46253   0.343245   0.511521  0.0826426 -0.0729053
point 24 236 636.424  203.76  0.141578  0.589924  0.513818   0.67286  0.490827 -0.358945 -0.524953  0.134334   0.28569 -0.755727
point 25 237 381.459 181.822 -0.0120001   -0.96158   0.688474  -0.955714   0.223456   0.904678  -0.969192   0.176022   0.378792   0.151272
point 26 252 445.807  189.93  -0.467104 -0.0208666    0.71629  -0.145752   0.926283    0.87469 -0.0955023  -0.220452  -0.933437  0.0799877
point 27 261  467.19 202.389  0.820491  0.434395  0.995544 -0.300141 -0.228811  0.138548 -0.647925  0.900171 -0.362735 -0.120625
point 28 289 256.774 96.5653  0.878323 -0.523332  0.339544  0.928783 -0.808704   0.85999 -0.742054 -0.467665   1.00834 -0.357643
point 29 299 568.777 195.511  -0.663659 -0.0183242   0.464414   0.927431  -0.356431  0.0110014  -0.128896  -0.476601   0.738473   0.942432
point 30 317 226.435 234.704   0.564368 -0.0374334  -0.590515  -0.174906   0.662443  -0.421114   0.473937   0.767825   0.635767  -0.858304
point 31 329 288.986 177.193  0.237628 -0.258208  0.549262  0.842605   -1.0379 -0.801164  0.880192 -0.270263  -0.91917  0.153738
point 32 347 379.631 202.762   0.385449   0.371917  -0.675969   0.630018 -0.0862067  -0.827722  -0.919903   0.842033   0.589618   0.389113
point 33 354 328.317  236.74  0.340359 -0.245313  0.850766 -0.712291  0.461666  0.452131  0.626625  -0.10541  0.710379  0.229985
point 34 372 303.657 199.959  -0.217664   0.894485 -0.0402138  -0.577538    1.00473   0.601642   -0.63864  -0.993583  -0.387925   0.215578
point 35 373 463.103  235.78  -0.424027   0.878311 0.00352657  -0.347827   0.479244    0.53496 -0.0534571   0.745956  -0.271803  -0.855757
point 36 374 517.383 199.471  0.544318 -0.338605  0.318079 -0.659327  0.391441 -0.927638 -0.802486 -0.606735 -0.481137 -0.780951
point 37 394 382.752 187.103 -0.159011 -0.498317  0.967922 -0.340066  0.418737  0.903908  0.629163  -1.01666  0.226916   0.61502
point 38 403 587.954 152.035  0.192189  0.652326 -0.545067 -0.582845 -0.572876  0.456367   1.00328  0.653253 -0.962123  -0.57599
point 39 417 312.272 184.172  -0.79512  0.606184  0.072368 -0.468209  0.234003  0.521737 -0.753375  0.372588  -0.67252  0.285985
point 40 421 332.533 205.271 -0.848802 -0.800074  -0.19155 -0.745006  0.799649 -0.526183  0.306622   0.17183 -0.361495  -0.20549
point 41 429 542.774 197.275   0.46733  0.407736 -0.647881 -0.486182   0.60023 -0.948506 -0.570685 -0.178428 -0.332255  0.313756
point 42 442  387.16 225.388 -0.229973  0.588639 -0.697429 -0.383189  0.590411 -0.540698 -0.271997 -0.339669 -0.680539  0.161806
point 43 444 502.961 176.174  0.565614 -0.939824  0.444374 -0.615122 0.0402814 -0.772731  0.989364  0.313382 -0.125269  0.578051
point 44 446 538.767 144.874  0.564063 -0.727518  0.592697  0.930148  -1.01517  0.166119  0.954689  0.517153  0.580658 0.0389467
point 45 452 543.976 174.144  -0.918507   0.195752  -0.240348    0.73878   0.572794  -0.733528 -0.0538123   0.226018  -0.361586 -0.0619626
point 46 468 547.467 163.237  0.457021 -0.269747 -0.506619   0.52005  0.150977  0.471003 -0.371242 -0.310325 -0.808347 -0.298532
point 47 482 460.874 215.117  0.554604   0.40288  0.254432  0.183859 -0.394196  -0.49121  0.286281 -0.259462  0.297013 -0.298584
point 48 509 476.923 194.997  0.282795 -0.932869 -0.358363  0.693978  0.777033  0.856718 -0.441247 -0.290652 -0.358671  0.962417
point 49 518 409.023 134.682 -0.912532 -0.984763  0.269716  0.835796  0.413371 -0.528224 -0.736015  0.567461 -0.344912 0.0800733
point 50 537 318.593 196.297 -0.333204  0.661203 -0.160358 -0.430582   0.26731   0.21343 0.0362173 -0.521614 -0.577485  0.248437
point 51 566 590.729  237.44  0.555185  0.670947  -0.22602  -0.27389  0.149118  0.159051  0.541418 -0.661681  0.680716 -0.569405
point 52 571 534.824 81.4886  0.768927  0.773177  0.290046  0.653109  0.289864 -0.728544  0.930413 -0.424021   0.52083 -0.285936
point 53 604 203.883 226.305     0.27669   -0.926794   -0.910668    0.528144    -0.61258   -0.773457     0.23106   0.0485097 -0.00290767   -0.582487
point 54 608 171.469 132.304   0.702516    1.01704 -0.0063157   0.750185  -0.117196   0.714409   0.378246   0.794203   0.118251   0.987035
point 55 612 189.525 101.146 -0.660812  0.487106  0.157715  0.303907  0.350792   1.02261 -0.897017  0.136603  0.697384  0.575639
point 56 620 531.215 158.269   0.528871  -0.225797   0.845158   0.766752  -0.308324  -0.417734  -0.804162   0.337255 0.00128105   0.510384
point 57 624 32.0032 136.794 0.00871636   0.682742  -0.724156   -0.64712   0.732762  -0.127905  -0.627243   0.218615   0.737632  -0.576715
point 58 665 626.783 206.915   0.535645  -0.944846   0.953209   0.334033 -0.0995997   0.905792   0.778042  -0.150444  -0.255621  -0.479029
point 59 698 294.732 206.649  0.367117 -0.494573  0.425992  0.447486  0.486725  0.505032 -0.851825 -0.435305 -0.152652  -1.00054
point 60 703 305.442 168.741  0.874186 -0.623983  -0.60562   0.90936 -0.307692  0.824107 -0.989857 0.0149725  0.749715 0.0715994
point 61 731 541.671 223.846  -0.28169  0.335416  0.297378 -0.892053 -0.679823  0.945852  0.753366  0.837765  0.558914 -0.819064
point 62 743 492.645 218.862   0.157227  -0.601291    0.88828   0.244542   0.646168  -0.285467  -0.490251 -0.0450167  -0.251702  -0.452127
point 63 745 581.979 180.798  0.925407 -0.470836 0.0830541 -0.634586   0.30538 -0.716405 -0.258753   0.11991   0.57367 -0.527091
point 64 753  263.61 157.272  0.547572  0.494609  0.255213 -0.977424 -0.726689  0.837061  0.143275  -0.19364  0.779291  0.510379
point 65 754 272.09  86.37 0.0556504  0.442783 -0.319428 -0.998627  0.214502    -0.508  0.842517  0.712024  0.282931  -0.36826
point 66 764 390.508  206.24  -1.00535 -0.475224  0.252816 -0.754538  0.927894 -0.519087  0.208673 -0.974384 -0.663419 -0.554304
point 67 789 283.679 160.837  -0.682874  0.0366883   0.578582 -0.0460344   0.171575  -0.584906  -0.756567  0.0588476  0.0404589    0.31414
point 68 790 317.204 232.996  -0.706137   -0.84692 -0.0371569  -0.262087   0.482987   0.291412   0.258109  -0.192084  -0.864674  -0.695608
point 69 791 489.876  188.53   0.71599 -0.568984 -0.824735 -0.628016  0.950292 -0.470736  0.418423   0.55912  0.470329  -0.49377
point 70 811 367.893 208.908  0.590437   0.62915 0.0227758   -0.2133  0.368407  0.763821 -0.147573  0.340065 -0.545412  0.302772
point 71 818 582.871 200.628 -0.0144027  -0.912087  0.0479469  -0.443416  -0.742432   -0.25776   0.326194  -0.625372  -0.875684  -0.407318
point 72 839 313.017 186.137  -0.044041  -0.251158  -0.864419  -0.887614  -0.230353  0.0652146 -0.0684727    0.30484   0.741192   0.154028
point 73 845  111.57 196.555 -0.0717171  -0.313583   0.895045   0.917703  -0.484495  -0.549498   -0.29739   0.479341   0.917729   0.865622
point 74 855 584.757 168.124  0.0401261   0.956667   0.133948 -0.0739773  -0.849253   0.666041  -0.212005  -0.445658  -0.306006   0.861489
point 75 860 403.816 234.416   -0.82762  -0.893592   0.723014   0.510458  -0.832486   0.260152  -0.221128 -0.0162585  -0.880775  -0.535796
point 76 904 398.124 194.698  -0.459986  -0.217155  -0.454025   0.593128   0.362891   0.135326   0.895541  -0.818045 -0.0415495  -0.833825
point 77 935 498.567 224.364  -0.736935  -0.951988   0.291614   0.918068  -0.611298   0.523067   0.282812   0.802795  -0.762623 -0.0381266
point 78 969 279.571 239.843  0.624889 0.0412002    1.0256 -0.121959  0.502148  0.200198  0.754477 -0.125689 0.0916312 -0.104269
point 79 994 394.727 104.801  -0.362279 -0.0799083  -0.960178  -0.507355  -0.354571   0.420242  -0.223787   0.533322  -0.227432  -0.313665
point 80 996 206.641 82.0152   0.227152   0.499609    0.45198   0.918329   0.649366  -0.921596 -0.0830173   0.705905  -0.434705   0.556316

