seq: 22
gt_pose: 3.67279  1.5925 1.29102
odom_pose:  3.8228 1.31703 1.18508
point 0 20 548.806 204.794 -0.512625 0.0765475 -0.797077 -0.432229  0.772432  0.389479 -0.830811 -0.794913 -0.299121   0.11236
point 1 37 124.955 212.293  -1.03136  -1.03453 -0.393577 -0.470261  0.274555  0.700072 -0.631575 -0.314604  0.304939    0.7569
point 2 39 21.5693 92.4636  -0.578553   0.810838  0.0773739   0.890296 -0.0367578  0.0953126    0.84281   0.575505    0.66606   0.206969
point 3 49 529.956  24.793  -0.676234  -0.453595   0.744049  -0.277216   0.756267    0.54258 -0.0904311  -0.464913   0.873121  -0.769714
point 4 53 221.944  177.61  0.776779   0.28965 -0.327349 -0.855627  0.486226  0.610165  0.376425   0.37277  0.764566 -0.374863
point 5 61 334.485 151.497  0.115033  0.434325  0.494398   0.82744 -0.772335  0.606657  0.915342 -0.747631 -0.492621 -0.511104
point 6 71  380.19 159.884  0.198198  0.255843  0.548409  0.595889 -0.470015 -0.818208  0.804346 -0.685191 -0.674629  -0.30626
point 7 75 515.404 167.121 -0.644175 -0.895051  0.939827    0.5948 -0.764544  0.745748 -0.587297   1.02692 0.0543742  0.340198
point 8 76 24.0011 156.486   0.411596  -0.199512  -0.597233     0.7207   -0.66833   0.347935  -0.326196  -0.310887  0.0650755 -0.0518343
point 9 77 190.033 226.953  0.0372537   -1.02088  -0.458267  -0.590884   0.351195 -0.0960336   -0.52314   0.264956  -0.526554  -0.279813
point 10 79 498.049 164.494 -0.244452 -0.729189 -0.159862 -0.839875  0.185631  0.981944  -0.75497  0.771188 -0.646268  0.563916
point 11 82 463.035 102.649   0.912492 -0.0768052  -0.232321  -0.330357   0.829304   0.804612  -0.789702   0.845489   0.766839  -0.662598
point 12 89 251.872 229.863  0.603845 -0.626082 -0.378357 -0.350221  0.272273 -0.650251 -0.465426  -1.00025 -0.729247 -0.132018
point 13 103 125.368  216.54  0.454538  0.122197  0.453691  -0.14708 -0.219229  0.124005  0.637332  -0.85769   0.39776 -0.517836
point 14 106 274.034 234.452 -0.193274   1.00697 0.0301789  -0.15683  0.466738  0.140799 -0.197501 -0.986708  0.472849 -0.158235
point 15 134 329.552 132.444 -0.331686 0.0549514  0.454394  0.865385  0.677317 -0.367275  0.971156    0.7507  0.557456 -0.819203
point 16 140 388.062 145.412  -0.519855 -0.0608578   0.599695   0.088046   0.771722  -0.709626    0.42182  -0.651825  -0.352364   0.872591
point 17 157 293.778 237.502  0.056712  0.103547  0.602871  0.446077  -0.75273 -0.917548  0.243944  0.629474 -0.743197  0.517382
point 18 158 164.023 24.4507  0.512199    0.4505  0.340986 -0.326341 -0.136988 -0.449454 -0.756649  0.164114  0.951756 -0.572552
point 19 160 4.81774 174.304  0.0133015   0.347288   0.169697  -0.633695   0.602915  -0.341735   0.797194 -0.0804855   0.342115  -0.362159
point 20 161 324.215 160.319    0.419192    0.962426 0.000206602   -0.454993   -0.361688    -0.74808   -0.448273   -0.320079   0.0712809    0.624864
point 21 170 393.563 233.438  0.176592 -0.354025  0.201319  0.149873  0.825379 -0.196171 -0.854118  0.739972  0.462058  0.667464
point 22 173 127.895 177.968 -0.569402  0.495083 -0.773049  0.817582  0.183473  0.127144  0.602916 -0.870489  0.150088 -0.292713
point 23 222 451.357 234.734 -0.673011  0.933891  -0.92052 -0.508243  0.504777 -0.730003 0.0390608  0.558693  0.402945 -0.461933
point 24 229 93.7981 190.381  0.960058  0.081205  0.231487 -0.704739  0.946585  0.203797  0.439234  -0.33139  0.158356  0.108304
point 25 232  406.08 238.206 -0.0716748   -0.31386   0.381599  -0.320093  -0.852158 -0.0538938    0.86162   0.763518  -0.951747 -0.0888152
point 26 244 519.205 162.068 0.0407319 -0.853057  0.501342  0.664229 -0.816087  0.669873 -0.395765  0.344538  0.196128  0.283697
point 27 267 5.36759 187.332  -0.168103  -0.950087   0.586519  0.0538117 -0.0676872  -0.110997    0.88053   0.953081  -0.473097  -0.837925
point 28 275 124.216 163.237   0.947508 -0.0635086   0.515693  -0.809869   0.019244   0.181449  -0.281907   0.444091   -0.54228  -0.169969
point 29 300 523.682 176.916  -0.124851    -0.6708  -0.700908  -0.262518  -0.247005   0.747902   0.944194  -0.545593  -0.806469 -0.0158368
point 30 304 104.522 22.4423  0.477911  -0.56284 -0.423853 -0.377919  0.955134 -0.230367  0.662317   0.56149  -0.55137 -0.413691
point 31 315 230.046  155.06 -0.804505 -0.377435 -0.992917  0.146116 -0.359639  0.209794 -0.525307  0.768284 -0.714725  0.922933
point 32 320 172.611 228.857   -0.119448    0.637869      1.0261 -0.00801608    0.575699    0.117365  0.00512045 0.000739594    0.183358    0.310988
point 33 325 607.867 10.8466 -0.201407 -0.281845 -0.652805  0.156625  0.176606 -0.360397 -0.296235 -0.497778 -0.626849 -0.978238
point 34 343 325.548  217.86  0.0199456  -0.910752  -0.326253  -0.795683  -0.175651 -0.0930418   0.309746  -0.884051   0.594895  -0.448687
point 35 357 398.749 235.183    0.3514 -0.265304  0.499016   0.40446  0.583204 -0.154553  0.304585  0.731944  0.444282 -0.214221
point 36 383 452.918 199.408 -0.714405 -0.370594  -1.01245 -0.691005  -0.69465 -0.131273  0.527944  0.486563  0.478511 -0.165488
point 37 390 520.088 226.529  0.336616 0.0360024  0.280089  -0.56132  0.346622  0.873103  0.342087  0.149229  -0.59886  0.442708
point 38 393 157.591 220.426   0.58352  0.103569  -0.24989   0.28343  0.991341 -0.123912 -0.674009  0.106533  0.725488 0.0662252
point 39 395 499.734  234.18 -0.658316 0.0999972 -0.979339  0.936637  0.920973  0.574364 0.0779745 -0.389794  -0.12044 0.0125165
point 40 401 638.909 182.494  -0.03016  0.572141  0.262101 -0.443684 -0.596701  0.231896  0.651254  0.799459 -0.929679 -0.546347
point 41 402 18.9849 213.357   0.336901  -0.309667 -0.0107006   0.998888   0.466315  0.0354882    -0.1218   0.498984   0.994726  -0.333762
point 42 445 410.312 181.793 -0.871241 -0.278514 -0.676664 -0.791202 -0.300915  0.781099 -0.267572  0.130395 -0.443705   0.53407
point 43 447 435.948 180.042   -0.399572 -0.00321958   -0.903059   -0.787366    0.298813   -0.883074  -0.0702042    0.549356   -0.695678    0.636471
point 44 449 303.289 165.621 -0.0240529  -0.399917   0.847394  -0.472998  -0.119874  -0.570181   0.506281 -0.0341904   -0.36303  -0.187758
point 45 450  137.88 171.038  0.462625  0.182665  0.638111   -0.5684  0.920203  0.563756 0.0430203 -0.891231  0.866067   0.73014
point 46 458 180.79 197.88 -0.827281  0.217615 -0.739942  0.303106  0.518032  0.456886  0.738994 0.0972083  0.904235  -0.56482
point 47 464 152.285 234.555 -0.0516039  -0.912261  -0.021363  0.0478092  -0.468159   0.104302   0.394183   0.489391   -0.63497   0.195274
point 48 477 80.1088 162.362  0.920055 -0.706494 0.0779912 -0.358197  0.201228 0.0931027  0.735131 -0.754375 -0.330163 -0.625108
point 49 505 164.561 196.659  -0.646917  -0.215462   0.179833   0.236521  -0.777683  -0.505026   -0.86897    0.95642  -0.448552 0.00314744
point 50 520 49.4252 159.553   -0.2739 -0.915168  0.356182   0.39533  0.823097  0.367719  0.444252  0.124764  0.314278 -0.221698
point 51 521 359.097 187.964 -0.784939  -0.32721  0.610354  0.157021 -0.241054 0.0595081 -0.347249 -0.690506  -0.82092 -0.682221
point 52 526 502.898 167.968 -0.231315   0.91585 -0.351775 -0.793063 -0.237616  0.462202  0.879191 -0.900632 -0.513791  0.908786
point 53 581 306.219 239.024  -0.692943  -0.486213  -0.256024    1.00151  -0.979932 -0.0837467 -0.0996882  -0.810638   0.868411  -0.110919
point 54 590 520.536 174.611  -0.517392  -0.967586   0.655142   0.481209 -0.0237582  -0.552596  -0.442616   0.558055  -0.141871  -0.910998
point 55 603 255.326 127.147  0.947039  0.606661  0.683393  0.238484 -0.813316  0.418413 -0.908092  0.792964 -0.568088  0.709005
point 56 627 239.497 145.937 0.0500109  0.939578 -0.626754 -0.569562 -0.783371  0.369256 -0.849328 0.0317525  0.325825  0.621796
point 57 630 481.816 207.427 -0.0655049 -0.0508682  -0.321493  -0.338807    0.68015 -0.0496103   0.479655  -0.196905   0.632492   -0.72838
point 58 668 527.702 93.9923 -0.574073  0.850012 -0.742758 -0.415225 -0.541939 -0.191463   0.14164 -0.530963 -0.848635  -0.52359
point 59 669 6.81652 232.868   0.445354   0.618187  -0.711159  -0.455878   0.165172  -0.689496 -0.0779547   0.943229  -0.221963  -0.342251
point 60 674 88.1523  233.37  0.805728 -0.734105  0.414277   0.75692 -0.423868 -0.517533 -0.753226  0.170098   -0.1286  0.292355
point 61 678 191.893 170.078   -0.76016  -0.870215  -0.340753  -0.380985   0.026311  -0.920159   -0.95705 -0.0999954   0.223424  -0.295853
point 62 717 329.894 161.628  0.983073  0.625854 -0.860547 -0.292847 -0.326354 -0.723672 -0.666289   0.69766 -0.353144   0.70748
point 63 730 470.714 204.345   0.767457   0.427062   0.878915   0.870277   0.542612  -0.242506    -0.3785  -0.476306 -0.0727314   0.993882
point 64 765  585.51 156.463 -0.967624  -0.13967  0.557237 -0.564416 -0.387466 -0.250674  0.534734 -0.176204  0.466788  0.937056
point 65 780 118.111 239.423 -0.982714 -0.223682 -0.308298   0.13908  0.975677  0.542083  0.530321 -0.783426  0.292388  0.974927
point 66 803 440.379  176.23 -0.721412  0.951402  0.743582 -0.534378 -0.611373   0.26646 0.0515293  0.760703 -0.262852  0.634557
point 67 804  410.14 101.865   -0.7699 -0.745923 -0.646361 -0.605582  0.555641  0.704505 -0.144642  0.416609 -0.600424  0.185782
point 68 817 539.254 147.095  -0.281528   0.545573   0.811355   0.545442   0.602525 -0.0300119  -0.634081   0.557502   0.652752  -0.961632
point 69 823 524.261 128.941   0.0730836   -0.723541   0.0378178    0.698866    0.569965   -0.556063  0.00893534     0.93922   -0.470048 -0.00161153
point 70 846 413.926 219.484   0.476742   0.266735   0.354366  -0.860382  -0.929439 -0.0328093  -0.749275   -0.25972  -0.350226   0.196006
point 71 866 482.409 104.718 -0.526298 -0.139662   0.81191 -0.657305  0.628882 -0.273792 -0.193145  0.402552 -0.462615  0.956141
point 72 868 289.816 205.122  0.683095 -0.433847 -0.848849  0.021443  -0.68873  -0.43449  0.847019 -0.907018  0.014578  0.557574
point 73 874 597.323  206.51 -0.916995   0.24478 -0.654404  0.826244  0.306019  0.718296  0.744151 -0.619353  0.279364 -0.717063
point 74 877  92.102 168.815  -0.72724  0.887354   0.76572 -0.988532 -0.118281  -0.95336  0.846129 -0.601121  0.403824   0.45332
point 75 897 209.121 193.415  0.239517   0.82391  0.994565  0.543998 0.0957995 -0.798041 -0.134975 -0.233539 -0.920443   0.22074
point 76 910 127.157 13.8154 -0.885732  0.607501  0.454584 0.0291029  0.628388  0.464174 0.0432676  0.560933  0.762572  0.340844
point 77 911 437.101 153.977 -0.960036 -0.373908  -0.74078   0.70403 -0.897941 -0.086064  -1.00188 -0.184545  0.451736  0.117261
point 78 920 456.111  154.86 -0.874272  0.713955 -0.301948 -0.353922 -0.390866 -0.130864  0.798335 -0.876545  0.972871 -0.547247
point 79 926 562.214 199.993  -0.772665  -0.823215   0.925901  -0.853677 -0.0419235  -0.591148   -0.42689  -0.745999  0.0190026   0.573124
point 80 947 197.829 183.084 -0.323936 -0.896609  0.795207 -0.570811 -0.547846  0.957483  0.676739 -0.737504 -0.896653  0.688198
point 81 951 486.496 194.066   0.157417  -0.793614 -0.0910181   0.362635   0.208397  0.0187977   -1.02556   0.495497  -0.137365  -0.669924
point 82 953 48.7198 148.276 -0.00455248    0.519409    0.781187   -0.581399  -0.0805656  -0.0399262   -0.415723    0.717358   -0.719055    0.824905
point 83 972  142.44 156.819  -0.68355 -0.512349   1.00557 0.0314885  -1.02495 -0.581862 -0.708371 -0.337812 -0.662586  0.659865
point 84 984 174.704 177.016 -0.451301 -0.828055 -0.894953 -0.583522  0.493957  0.567422 0.0791216  0.499675 -0.586529 -0.639645
point 85 993 124.602 169.311  -0.237964   0.916709  -0.463294   0.761835 -0.0519637   0.377508  -0.273418   0.161609   0.401664  -0.297038

