seq: 331
gt_pose:  0.549881 -0.276282   1.95864
odom_pose:  -1.08327 -0.346373    1.8583
point 0 7 494.296 137.008 -0.0941094   0.884299  -0.203344   0.587891   0.330658   0.869453 -0.0438308  -0.557884   0.928014   0.868578
point 1 15 584.672 172.868   0.742745   0.703807   0.983829   0.508366   0.780788   0.944418   0.295274 -0.0315197  -0.658663   0.684155
point 2 21  495.81 182.487  0.568525 -0.470325 -0.364542 -0.612898   1.01818 -0.987967  0.628051 -0.288597 -0.617277 -0.104734
point 3 27 191.746 202.154 -0.00650456   -0.702364    0.774705    0.219755    0.026879    -0.56346   0.0810546   -0.114964    0.641197   -0.167781
point 4 30 208.801 192.399  -0.725637  -0.869462  -0.857981 -0.0986491   0.560001   0.343382  -0.101733  -0.751999   0.162466   0.133817
point 5 31 406.917 184.723  -0.407519    0.72763 -0.0673674  -0.650276   0.227242  0.0304074   0.202811   0.223445  -0.555329   0.680898
point 6 36 576.834 233.372 -0.195258 -0.229691  0.392108  0.565749  0.320049 -0.698426 -0.901406 -0.892521  0.349904  -0.66064
point 7 37 514.083 224.115  -1.02395 -0.949163 -0.347873 -0.517885  0.286074  0.705024 -0.669473 -0.278807  0.384373  0.759416
point 8 39 414.808 168.125 -0.568731  0.836754  0.104466  0.861335 0.0325002 0.0645006  0.901666  0.557938  0.668693  0.139761
point 9 53 589.573 194.716  0.808614  0.287164 -0.270269 -0.865364  0.539098  0.567851  0.377549  0.352347  0.799922 -0.365537
point 10 58 227.048 235.913  0.698632 -0.484231 -0.489543 -0.859248 0.0530874  0.802965  0.257016  0.104593  0.654486  0.951801
point 11 63 297.369 204.935  0.194909 -0.713192 -0.869981 -0.198501 -0.754737  0.280931 -0.816214  0.806125  0.134721 -0.532989
point 12 68  381.51 239.295   0.20315  0.393431 -0.952023  0.554182  0.233463 -0.677279 -0.758635 -0.644031  0.538044  0.683593
point 13 73  138.27 158.924   0.825854 -0.0997465   0.722842   0.320458  -0.098561 -0.0220208  -0.371038  -0.586839  -0.480629   0.159365
point 14 77 534.354 231.081  0.130496  -1.01716 -0.479853 -0.651033  0.353398 -0.107676 -0.550399    0.2777 -0.562803 -0.304648
point 15 88 214.804 236.327   -0.275591 -0.00191693    0.384636    -0.95817    0.286835    0.219443    0.387938   0.0304224    0.785385   -0.483392
point 16 89 584.671 231.694  0.611679 -0.679253 -0.330013 -0.286374  0.264005 -0.586226 -0.482648 -0.968558 -0.759674 -0.157148
point 17 93 204.343 198.227   0.766602   0.029739   0.197255  -0.829749   0.879792  -0.307154    0.17808  -0.908339   0.541256 0.00945284
point 18 105 174.785 196.684   0.425409   -1.01191    0.54827  0.0721207  -0.174298 -0.0826272  -0.802656  -0.742843   0.851311  -0.108029
point 19 106 565.934 234.907  -0.235529   0.959492  0.0571803 -0.0781132   0.411678   0.188398  -0.139925   -1.01528   0.459042  -0.152191
point 20 111 233.748 223.114  0.078379   1.03643 -0.912018 -0.947249 -0.164733 -0.360229   0.93425 0.0835803  0.179089  0.449572
point 21 130 569.528 180.134  0.754936  0.215036 0.0536017   1.03202  0.499349 -0.260985     1.007 -0.929207 -0.504707 -0.542622
point 22 144 22.2867 175.704  -0.46079 -0.197923 -0.825251 -0.720731 -0.691923  0.587491 0.0607867   0.33819 -0.738009 -0.748031
point 23 156 460.351 140.016  0.261418  0.566687 -0.660654  0.375205 -0.876888   0.91512 0.0988116 -0.732978 -0.885658  -0.14441
point 24 157 561.842 237.471 -0.039336  0.100829  0.599629  0.524848 -0.782289 -0.949723  0.269444  0.557288 -0.679553  0.535977
point 25 158 613.797 113.988  0.477067  0.429347  0.299134   -0.3645 -0.123552 -0.390029 -0.818173  0.155263   1.00818 -0.651624
point 26 166 96.6928 143.291 -0.670956  0.318344 -0.575939 -0.446942 -0.644265  0.294852 -0.680983  0.150996   0.13384 -0.614713
point 27 175 289.905 86.6622 -0.338138  0.534884  0.232109 -0.636429  0.682688   0.68394  0.931813  0.974673  0.541565  0.136626
point 28 176 447.576 153.994  -0.720141   0.840302  -0.179242 0.00482355    0.38931   -0.45089  -0.904773   0.271532   0.716693   0.113396
point 29 186 270.715 148.402 -0.344796 -0.392604  0.342185  0.416794  0.883149 -0.920313 -0.109937 -0.517834 0.0981265  0.315075
point 30 226 374.264 173.553 -0.0520461   0.456825    0.56039   0.601512   0.912511   0.509156    -0.9427  -0.875561 -0.0691132   0.450484
point 31 233 265.349 232.199 -0.148106 -0.506826  0.123572  0.299527  0.293096 -0.155888 -0.969692  0.200488 -0.893836  0.391423
point 32 240 473.039 127.383 -0.561996 -0.646624  0.594828  0.853497  0.802683  0.750222 -0.522079 -0.700931  -1.02716  0.693239
point 33 251 247.352 221.132  -0.021649  -0.557508   0.148382  -0.802156  -0.397954  -0.095651  -0.483584   0.204797 -0.0958022   0.306848
point 34 302 52.7334 177.733  -0.767196  0.0544941   0.525175   0.624281 -0.0888219  -0.605659  -0.941297   0.254702   0.143826  -0.208147
point 35 303 341.384  182.03    0.164147   -0.823296   -0.583485   -0.883074   -0.113052    0.491192   -0.405342  -0.0571845 -0.00508444   -0.345028
point 36 304 531.407 123.631  0.531018 -0.530581 -0.425171 -0.334808  0.996931 -0.254838  0.710625  0.491738 -0.563996 -0.449154
point 37 307 238.786 227.237  0.0962682   0.882643  -0.237344   0.611615   0.672342     0.8562 -0.0469523  -0.454977  -0.883336   0.443316
point 38 310 550.101 174.103  0.568954  0.220929 -0.655211 -0.787262  0.694132 -0.187004 -0.825598 -0.323867  0.801593 -0.616146
point 39 320 474.711 232.408 -0.106144  0.634177  0.972515 0.0233175   0.55984  0.203608 0.0340244 0.0339147  0.238817  0.268485
point 40 346 317.442 175.791  -0.579703   0.902345 -0.0456891  -0.773481   -0.16154   0.498803  0.0113938   0.937942   0.810993  -0.198989
point 41 387 310.587  104.81  0.704655 -0.688058  0.503652  0.909007 -0.757253 -0.136268 0.0749439 -0.973844  0.647123  0.665653
point 42 388 11.5265 185.463 -0.358969 -0.158841  0.833538 -0.472207 -0.892969 -0.191255   0.27742  0.408954 -0.774617  0.265556
point 43 405 313.662 174.687  -0.13422 -0.931723  0.836947   0.71486 -0.187227 0.0844566  0.327266  0.292592  0.479877  0.770771
point 44 428 171.118 170.024 -0.494559  0.107736  0.586527 -0.859885 -0.241292   0.58414  0.272529  -0.39375 -0.173976 0.0770111
point 45 441 154.761 188.709  0.825503  0.199347  0.667107   0.76692  0.753111 -0.097814 -0.690994  -1.00559 -0.824386  0.644051
point 46 449 579.617 162.241 -0.00882857   -0.393668    0.857241   -0.481822  -0.0989545   -0.575052    0.542952  -0.0146699   -0.337292   -0.175408
point 47 454 510.688 120.606 -0.924281  0.996688  0.678374 -0.429461  0.597075  0.754701  0.799844 -0.574011  0.421184  0.391158
point 48 460 48.8449 188.204    0.840047   -0.541326   -0.290882    0.385889 -0.00255902   -0.153397   -0.349142    0.263267   -0.763686   -0.805475
point 49 486 138.461 217.166 -0.884927  0.496344  0.954426 -0.436323   1.03324  0.824308 -0.743854  0.985882 -0.884373 -0.443247
point 50 491 361.807 125.202 -0.830585  0.793039 -0.271333  0.534609 -0.447132 -0.175852  0.581404 -0.304764 -0.223135  0.696647
point 51 494 154.779 167.689     0.3715 -0.0837555  -0.291943   -1.02479   0.118198  -0.792769   0.507254   0.380487  -0.254275   -0.92088
point 52 495  398.12 112.778  0.240028  0.712232 -0.154936  0.477722 -0.482857 -0.610165  0.958776 -0.630893   -0.0832 0.0759071
point 53 499 313.499 203.167   0.857273  -0.393282   0.349239  -0.641998   0.204051  -0.134613 -0.0829347  -0.176405   0.692344   0.288052
point 54 506 422.413 181.207  0.0158593   0.322497 -0.0690685  -0.559781  -0.910306    -0.6796  -0.693465  -0.618399    0.77602   0.550244
point 55 527 159.627 236.215  0.778882  0.451187 -0.844409  0.934548 -0.543239 -0.510545 -0.158002  0.721393  0.607763  0.696769
point 56 539 266.542 169.681  0.857232 0.0916921 -0.948521  -0.62669  0.531798  -0.33327  0.999733 -0.686324  0.215231  0.219078
point 57 544 318.423 212.165 -0.0721735  -0.300822   0.657521  -0.178685  -0.755898   0.949266  -0.969714   0.360925  -0.443646 -0.0758395
point 58 563 102.987 199.452 -0.0194588  -0.433168   0.345795  -0.410551   0.772826   0.470868   0.283243   0.462294  -0.721082   0.382957
point 59 578 413.578 189.676  0.0328455  -0.192403  -0.296405   0.227462   -0.72006   0.491866   0.129333  -0.925191 -0.0487432   0.148318
point 60 587   101.1 178.577  0.768092 -0.376216 -0.267703  0.680384  0.261051 -0.292829  0.320831 -0.944125 -0.448794  -0.36988
point 61 589 7.64965 174.158 0.0725258  -0.17713 -0.334896 -0.702941 -0.483961 -0.538303 -0.137744  0.255512 -0.822828 -0.896701
point 62 591 514.504 155.094   0.99333 -0.624222  0.621819  0.140472 -0.472969 -0.294686  0.926592  0.185998 0.0600533 -0.563843
point 63 596 316.083 201.251   0.057184  -0.526288    0.41108    0.11613 -0.0438242  -0.472184   0.659997  0.0292762    0.54591   0.861995
point 64 599 367.952  205.93  -0.37204  0.232827  0.678585  0.148887 0.0926137   1.00996  -0.19408 -0.111083 -0.103768   0.56043
point 65 603 612.641 148.669   1.04055  0.558009  0.708051  0.264754 -0.847087  0.414297 -0.846876  0.787544 -0.527831  0.679596
point 66 613 203.148  171.86  0.744826  0.867796   1.01523 -0.694854  -0.74758  0.164138 -0.188537 -0.355673 0.0596774  0.938468
point 67 622 371.801 142.112  -0.480381  -0.992944   0.412344 -0.0956355  -0.949853 -0.0313825   0.617313   0.932894  -0.238435  -0.637013
point 68 627 534.314 163.189 0.0735603  0.888576 -0.677054 -0.587584 -0.770154  0.301697 -0.800199 0.0291067  0.292419  0.616655
point 69 631 184.864 230.261    -0.844998 -0.000515747     -0.63242   0.00457299     0.400566   -0.0930241    -0.287902    0.0290062  -0.00257884    -0.295499
point 70 644 285.341 61.5931 -0.498991 -0.110463 -0.524089 0.0235384  -0.12672 -0.764402  0.864924 -0.946636    0.8668  0.387139
point 71 654 40.3919 238.653  0.127159  0.738843  0.176198  0.130365  -0.28648  0.374969  0.741119 -0.915139 -0.299625  0.674295
point 72 658 616.307 200.837   0.332937  0.0991475 -0.0622829  -0.270461   0.198591    1.01739   0.610749   0.650998  -0.800522   0.576948
point 73 669 392.198 236.569   0.480128   0.608859   -0.71928  -0.486388   0.209707  -0.664437 -0.0249361    0.94872  -0.230994  -0.336127
point 74 687 37.0281 220.789  -0.348634   0.263724 -0.0276972   -0.28057   0.664164   0.393629   0.548287  -0.447895   0.239082  -0.472479
point 75 689 168.886 136.737   0.837997  -0.509824  -0.482335 -0.0731535   0.771463   0.119327  -0.738096  -0.294227   0.870302   0.870383
point 76 725 263.476 209.149 -0.789632 -0.746844 -0.763248  -0.89714  0.320575  0.441755 -0.883838 -0.710396 -0.461145 -0.201761
point 77 726 222.837 165.651  0.937975  0.477594  0.514962 -0.686621  0.240537  0.648919 -0.746202 -0.892389 -0.902997  -0.83172
point 78 736  108.19 171.909 -0.0632169  -0.973757  -0.196358  0.0620247  -0.311665  -0.204744   0.432279   0.626466   -1.00632   0.995251
point 79 798 237.116 178.909 -0.459368  -0.87695  0.927008  0.566102  0.441815  0.546899  0.670435  0.882395 -0.954126 -0.577612
point 80 800 234.881 179.201   0.612574  -0.992211  -0.563406  -0.115626    0.86409 0.00567532  0.0011292   0.809213  -0.495983  -0.480503
point 81 805 312.314 101.254   0.35087   0.77164  0.571161 -0.222265  -0.85144  0.765261 -0.166176  0.929719 -0.766867  0.269536
point 82 806 443.458 237.305   0.819981 -0.0463252  -0.568996  0.0834797  -0.651938  -0.357277   0.375798  -0.373267  0.0911852  -0.082488
point 83 854 327.733 222.875   0.646614   0.143002   0.438146  -0.816311 -0.0863788    1.01793 -0.0323621 -0.0966698   0.240421   0.964544
point 84 856 289.151  199.86 -0.0204712   0.686221   0.377637  -0.562648  -0.588726  0.0583121   0.518141   0.894023   0.272691  -0.626864
point 85 858  272.34 153.958  0.537111  0.257529 -0.185467 -0.161561  0.701772  0.815121 -0.482131  0.169466  -0.74816 0.0295875
point 86 868 550.186 205.003   0.658332   -0.41308  -0.870135 -0.0338147  -0.683312  -0.430256   0.838656  -0.856538  0.0379412   0.545734
point 87 872 616.112 166.237  0.429166  0.808538 0.0643598  0.518355 -0.472615   0.78143 -0.498919 -0.286082 -0.860483 -0.893967
point 88 873 84.1258 156.486  0.325271 -0.569325 -0.930839   1.01786  0.874684  0.374636 -0.767655 -0.782253 -0.516646  0.325712
point 89 878  570.54 226.249  -0.962006 -0.0191021  -0.941507   0.091454 -0.0245482   0.512018   0.351608  -0.114136  -0.723778  -0.610351
point 90 881 413.238 143.381  0.288836  0.588579  0.391506  0.626391  0.422621 -0.815621  0.169454 -0.803848 -0.384621  -0.56417
point 91 883 272.591 183.462  -0.264939  -0.256179    -0.6977   0.991298   0.245094   0.548436   0.595591  -0.350312   0.223166 -0.0526274
point 92 896 107.354 216.361  0.447904 -0.538468  0.409478 -0.831514  0.879182 -0.887698 -0.408673 -0.110142  0.909998 0.0322489
point 93 929  469.24 73.8739  -0.85875 -0.256929 -0.289799  0.235898    0.2281  0.667967 0.0435856 -0.184389 0.0783863  0.245484
point 94 937  319.14 234.508 -0.527121 -0.615035 -0.527514 0.0985648   0.49521 -0.216641   0.18235 -0.191578 -0.233677  0.511852
point 95 946 172.049 188.548  0.194948  0.907718 -0.400536 -0.754194  0.572538 -0.846039 -0.248813 -0.780597 -0.471077 -0.594779
point 96 967 339.339 158.633   0.175351 -0.0738709   0.404944   0.935869  0.0884416   0.354682   0.549956  -0.368257   -0.75013  -0.398073
point 97 968 455.255 149.726  0.0593227  -0.376978  0.0745078 -0.0356985   0.929351  -0.189992  -0.715182 -0.0583887   -0.63075  -0.965931
point 98 972 436.448 186.498   -0.667558   -0.576311    0.930479 -0.00719444   -0.949495   -0.595941   -0.767046   -0.270784   -0.718667    0.697458
point 99 979 592.676 13.4012 0.0262617  0.465965 -0.100619  0.481761  0.236541  0.336706 -0.542622  -0.17955   0.64412 -0.335677
point 100 980 245.645 217.152  0.466786 -0.247072  0.575503 -0.520393  0.561124   0.36932 -0.881348 -0.210438  0.340297 -0.633675
point 101 997 454.081 233.035    0.914059   -0.965541 -0.00373282    0.805234   -0.401459   0.0372453    0.621689   -0.903189   -0.229289    0.642239

