seq: 7
gt_pose:     1.40116 1.75319e-05  0.00220063
odom_pose:    1.41686 -0.0266509 -0.0274594
point 0 3  295.26 189.221  -0.241093   0.806644  -0.478911  -0.335252   0.593239   0.828258  -0.882629   0.902225 0.00696215  -0.804925
point 1 17   293.4 1.27398 -0.420577  0.137011  0.449806  -0.74818  -0.10452   0.14687  0.933987 -0.141002 -0.292928  0.711975
point 2 35 595.384 205.644  0.138579  0.825641  0.370391  0.598302  0.422035 -0.339083  0.329919  -1.03195  0.112209   0.70628
point 3 42 293.405 140.953 0.00599847  -0.819965 -0.0283344 0.00105809  -0.938431   0.648538  -0.210118   0.267743  -0.122349  -0.686499
point 4 44 33.0406 76.0805 -0.595031  0.303232   0.86736  0.502539 -0.056291 -0.100029  0.739626   0.91868  0.927831  0.820995
point 5 45 480.972 232.911  -0.581766 -0.0309413   0.858923 -0.0392829   0.811323   0.970174  -0.617073 -0.0530938   0.602113    0.54458
point 6 49 204.294 162.199  -0.690039  -0.446657   0.780832   -0.22661   0.796788   0.526269 -0.0372189  -0.485535   0.866705  -0.720772
point 7 54 531.916 175.239 -0.577846  0.171038 -0.865799  -0.78273 -0.719971 -0.516376 -0.740451  0.132169 -0.925214  0.746324
point 8 57 477.486 111.977  0.433127 -0.345572 -0.539778  0.554453 -0.516753   0.39101 -0.945988  0.722665  0.709512  0.214847
point 9 59 500.072  207.75  -0.918065  -0.998295  -0.958961 -0.0649632  -0.368916   0.395337   0.681815  0.0213018 -0.0677557  -0.878538
point 10 61 39.5334 140.195  0.148284  0.464253  0.491217  0.813525 -0.851501  0.594527  0.906578  -0.80414 -0.427033 -0.498969
point 11 62  639.01 201.178  -0.435455   -0.65347    0.83646   0.513016  -0.820672   0.940273     0.6557  -0.359298   0.345402 -0.0671282
point 12 64 261.581 163.519   0.907388   0.540991  -0.732006  -0.921639  0.0449803  -0.182265  -0.546226 -0.0880697  -0.704059   -0.40556
point 13 71 109.767 167.311  0.202391  0.251841  0.546803  0.524204 -0.396364 -0.821527  0.804599 -0.655791 -0.674161 -0.262673
point 14 75 202.067 210.505  -0.67802 -0.882557  0.887116  0.532301 -0.804796  0.726178 -0.575244  0.972821 0.0834996  0.356534
point 15 82 181.469 170.966   0.879375 -0.0674577  -0.255685  -0.255435   0.895754   0.874108  -0.796283   0.816482   0.748245  -0.593609
point 16 84 510.683 145.306 -0.387067 0.0740882  0.340034  0.927329  0.242072  0.250193 -0.147377 -0.994329   1.01543 -0.267802
point 17 115 256.893 157.277  -0.757263  -0.716333   0.435015   0.467242 -0.0819672  -0.574789   0.953804  -0.433968  -0.431932   0.440432
point 18 120 211.035 172.986 -0.968865  0.200801  0.708892 -0.513435  0.649386  0.582331 -0.641356  0.248405 -0.936466  0.282581
point 19 134 65.0765 146.819  -0.28166 0.0650785  0.421491  0.833646  0.717607 -0.302687  0.928254  0.730348  0.559977 -0.833286
point 20 135 25.4308 204.104 0.501809 0.433324 0.432679 0.353907 0.229357 0.977838 0.594309 0.386195 0.339856 0.678218
point 21 136 29.5713   183.6  -0.39937  0.188235  0.669135   -1.0054   0.39961 -0.582602  0.152358 -0.194549 -0.811327  -0.23458
point 22 140 132.334 178.601 -0.465369 -0.150386  0.608633 0.0587384  0.801425 -0.807126  0.417852 -0.574866 -0.395988  0.849488
point 23 152  620.59 133.544  0.0166889   0.492349  -0.632543  -0.607804   0.958967  -0.481853 -0.0721557   0.607524   0.761309   0.252953
point 24 161 22.9327 147.567   0.468249    0.97445 -0.0552801  -0.391362   -0.42078  -0.765485  -0.382449  -0.326406  0.0296408   0.573917
point 25 169 87.8495 89.9632 -0.593009  0.520812  0.679465 -0.243922 -0.132638  0.472659  0.355299  0.513808 -0.729042 -0.498998
point 26 170 140.868 236.335 0.0872843 -0.370973  0.236214  0.131465  0.792731  -0.21253 -0.883978  0.720773  0.449296  0.723903
point 27 174 456.498 191.251    0.682331    0.104563    0.878512    0.152094 -0.00331601   -0.450474   0.0698584   -0.614472   -0.545115   -0.929327
point 28 179 264.178 162.098 -0.0320295  -0.850882  0.0874305   0.767373   0.656228   0.373866  -0.339244  -0.779681  -0.209797   0.804114
point 29 198 545.714 232.513  0.898022  0.589505 -0.297133 -0.615994  0.940984 -0.797474   0.88284 -0.945143 -0.672741  0.369113
point 30 202   278.1 69.1145 -0.597703 -0.215956  0.223066  0.344525  0.162852  0.791439    0.5894 -0.250559  0.139133 -0.177495
point 31 204 625.442 225.027  -0.297563   0.812745  -0.458926   0.695095    1.02684 -0.0075937  -0.442216   0.224577  -0.697407   0.644004
point 32 206 404.053 149.509  0.754403 0.0828822  0.677851  0.960593 -0.721427  -0.62839  0.706447 -0.263162 -0.956354  0.684641
point 33 252 573.464 186.352  -0.451433 -0.0419584   0.687972  -0.155228    1.01239   0.861728 -0.0638245  -0.207472  -0.936545  0.0585907
point 34 259 430.765 194.269  0.194007  0.714902 0.0549831  0.445347 -0.457746 0.0860626 -0.683921  0.474641 -0.908567 -0.605781
point 35 261 624.697 192.954   0.831953   0.405038   0.954823   -0.26438  -0.231403   0.136901  -0.608275    0.89926   -0.36249 -0.0978767
point 36 273 613.355 157.574  0.686578 -0.513835 -0.548175  0.260859 -0.884614 -0.800971 -0.223445 -0.813819    0.9292  0.132931
point 37 276 238.212 239.667    0.526447   -0.712108    0.101907  -0.0702853    0.246198 -0.00557845    0.292672    -0.65194   -0.417373    0.760878
point 38 280 290.745 223.914  -0.225916   0.190432   0.598496  -0.104041  -0.273916  -0.423137   0.864345   0.874597 -0.0952375   0.753945
point 39 286 486.979 137.398 -0.800714 -0.515647 -0.404585 -0.204189 0.0381059  0.383445  0.852001 -0.856448 -0.919088  0.761291
point 40 290 359.807 169.999 -0.663651  0.808716 -0.806958 -0.506431 -0.638244  0.518859 -0.916766 -0.794767  0.617937  -1.01165
point 41 313 375.451 15.2527  0.0770792   0.335657   0.114374  0.0609746    0.45775   0.647639  -0.464383  -0.625013 -0.0484017   0.419428
point 42 315 35.6307 190.114 -0.837061  -0.31053 -0.911677 0.0963432 -0.345383  0.142292 -0.584575  0.831791 -0.770724   0.86987
point 43 316  401.31 162.801  -0.573147  -0.728183   -0.95114  -0.453884  -0.421052 -0.0653728  -0.386257  -0.192868  -0.277873   -0.70228
point 44 319 396.615 98.1676  -0.97964  0.266556  0.636974 -0.243324 -0.686644  0.135734  0.693496 -0.285304 -0.971794  0.352575
point 45 325 197.469 204.597  -0.20413 -0.330328 -0.633565  0.102477  0.211801  -0.38609 -0.259437 -0.449818 -0.538813 -0.977567
point 46 327 600.482 191.993 -0.298452 -0.949175 -0.288005  0.843911  0.334816  0.503735 -0.423103   0.66095 -0.352319   0.75035
point 47 340 242.738  172.53  0.429291 -0.367602 -0.646618 -0.111516  0.761095 -0.116115 -0.671482   -0.4407   0.54198 -0.392759
point 48 343 64.7908 221.432  0.0267546  -0.999719  -0.376319  -0.853283  -0.219463 -0.0471168    0.27139   -0.85936   0.591209  -0.447414
point 49 353 212.063 156.125 -0.539256 -0.239049  0.931021 -0.286296 -0.278778  0.353927 -0.036169  -0.57419 -0.474584 0.0792357
point 50 373 476.137  237.45  -0.434941   0.831811  0.0163718  -0.347243   0.472299   0.585317 -0.0874022   0.735998  -0.317649  -0.821755
point 51 396 183.123 144.866  0.278052 -0.735595  0.885323  0.679966  -0.36469 -0.366211 -0.831886 -0.434888   0.32508  0.644401
point 52 398 548.396 184.087 -0.822584   0.89743 -0.685182   0.43976 -0.998628  0.540822  0.690007  0.833691  0.286252 -0.705091
point 53 403 393.274 223.222  0.151455  0.704712 -0.547541 -0.510734 -0.619906  0.446949   1.02575  0.672278   -0.9815 -0.599367
point 54 446 635.075 131.946   0.486214  -0.755692   0.622066   0.953866  -0.979879   0.188301   0.944656   0.490381   0.572935 -0.0322774
point 55 448 328.739 185.655  0.841425 -0.436947 -0.775828 -0.638207 -0.328011  0.676408 -0.385074 -0.684833  0.593291 -0.440663
point 56 456 268.568 192.018  0.186895 -0.613146  0.582322 -0.504928 -0.385754  0.615829 -0.533943 -0.650203 -0.788537 -0.949431
point 57 463 565.676 26.4569   0.542915 -0.0400159  -0.312275   0.520151  -0.793726   0.245205    0.99307  -0.791582  -0.713987   0.101784
point 58 469 464.942 2.38826 -0.0539473  -0.852376   0.925299   0.979225 -0.0804942  -0.464688   -0.76234   0.792925   0.174557  -0.852538
point 59 482 614.148 209.647  0.525684  0.418469  0.217194  0.190195 -0.393345 -0.541387    0.2686 -0.222105  0.250672 -0.350952
point 60 498  599.76 209.671 -0.426158  0.432254  0.808154  0.865014  -0.62451  0.956899 -0.851328  0.946826  0.186286 -0.964319
point 61 500 631.478 208.045  0.982813  0.117834 -0.775872 -0.686038 -0.528966 -0.243776   0.67923 -0.605829 -0.414172 -0.956847
point 62 509 510.553 206.866  0.346767 -0.929937 -0.317841  0.650913  0.847701  0.859996 -0.445811 -0.311318 -0.328743   0.95407
point 63 521 81.5962 188.396   -0.855079   -0.352111    0.620583    0.152964   -0.204385 -0.00210601   -0.426234   -0.668053   -0.861403   -0.668168
point 64 532 594.522 132.537  -0.88377  0.409194  0.754731   0.80749  0.750215  0.711431  0.171224 -0.497353  0.896005 -0.444381
point 65 533 357.402  172.32  -0.729662  -0.246109    0.64632  -0.257072  -0.770321  -0.699363    0.57237  -0.257228   0.678983 -0.0113024
point 66 571  488.39 148.649  0.774481  0.806672  0.334012  0.652559  0.232815 -0.674544   0.97741  -0.40862  0.507448 -0.316424
point 67 573 353.901 26.2129  0.924166 -0.253085  0.205149 -0.426885  -0.27889 0.0877197 -0.624841  -0.97897 -0.344558  0.565467
point 68 581  69.328 239.329 -0.701923 -0.516139 -0.336159  0.946409 -0.924539  -0.16296 -0.175567 -0.809597   0.90117 -0.122964
point 69 588 338.235  229.79 -0.223058  0.122479 -0.428551 -0.598004  0.579773  0.592937 -0.581719  0.319548 -0.171234  0.129246
point 70 629 478.413 147.654 -0.402441  0.758739  0.701285   -0.8816  0.923247 -0.278505   1.01179 -0.707454  0.143604 -0.769017
point 71 646 349.675  222.44  -0.36825  0.623888  0.737661    0.7583   0.39261 -0.686187 -0.340097  0.843741  0.323757  0.456689
point 72 668 207.206 181.281 -0.573757  0.833108  -0.82485 -0.403973 -0.509118 -0.161035  0.119993 -0.466896  -0.90981 -0.534202
point 73 681 377.156 194.914  -0.28269  0.617107   0.23308  0.435964 -0.736381  0.134605 -0.757946  0.411803 -0.153214 -0.901277
point 74 697 444.801  190.01  0.132754 -0.777413 -0.493564  0.909285  0.515609 -0.794198  -0.22419 -0.183934 -0.148275 -0.771882
point 75 709 462.311 199.626  0.911251 -0.892369 -0.965375 -0.999832  0.456853   0.76815  0.815601  0.475765  0.214113  -0.52454
point 76 717 50.3671 162.315   1.01077  0.635644 -0.954413 -0.223618 -0.337427 -0.676907 -0.602714  0.737875 -0.420179  0.628459
point 77 768 368.323 203.879 0.0816954 -0.205458  0.223194  0.339182 -0.736443  0.235505 -0.230591  0.416993  0.719096  0.628562
point 78 771 360.172 222.058  0.194268 -0.402235  0.791468   1.00651 -0.595432  0.886805  0.626164 -0.205245 -0.379218 -0.595793
point 79 777   471.77 0.428159  -0.573335   0.679945   -0.32685  -0.413675   0.614487  -0.221463  -0.276765   0.573771 -0.0297236   0.123775
point 80 804 159.36  197.7  -0.763645  -0.752274  -0.723968   -0.58369   0.519084   0.703998 -0.0924252   0.474336  -0.531314  0.0941415
point 81 815 491.207 9.85363  0.133074 -0.252659  0.991124 -0.316232  0.674243  0.623431 -0.418398  -0.64702  0.789667  0.838973
point 82 817 210.494 204.157  -0.316151    0.51399   0.859455   0.569202   0.617588 -0.0722487  -0.663011   0.565974   0.583753  -0.903037
point 83 837 240.268 121.246 -0.139238 -0.278675  -0.47525   -0.3721 -0.798322   0.14026  -0.43604 -0.413503 -0.807585   -0.4463
point 84 846 156.149 230.621   0.432766   0.298207   0.427005  -0.824796  -0.877459 -0.0125037  -0.702459  -0.312807  -0.413138   0.270728
point 85 866 189.475 179.664 -0.571719 -0.137197  0.755051 -0.654626  0.655108  -0.21559 -0.132702  0.399848  -0.39594  0.947584
point 86 867  290.05 176.298    0.972877   0.0585311    0.117885    0.553091   -0.476543  -0.0648708   -0.781435   -0.344683    0.636681 -0.00872099
point 87 872 19.7614  159.37  0.428323  0.854417 0.0731546  0.474888 -0.436356  0.782214 -0.519686 -0.237946 -0.841544 -0.954371
point 88 882 472.818 165.156 -0.414326  0.984806 -0.617848  0.567197   0.50081 -0.183664 -0.972725 -0.809362 -0.572393  0.576408
point 89 885  509.48 115.234   0.831408  -0.642226  -0.154689 -0.0844783   0.578544   0.639467   0.686918   0.779859   0.595919  -0.011042
point 90 886 187.233 152.009 -0.314153  -0.81525 -0.497591 0.0560826  0.287507    1.0035  0.855546    0.8366 -0.708791 -0.830344
point 91 892 327.791 158.211   0.307065  -0.881904  -0.730994   0.747528  -0.673906   0.650072  -0.659984   0.119654   0.856252 -0.0708075
point 92 898 266.468 233.646  0.780264 -0.585124   0.29946 0.0138076 0.0993102 -0.291684  0.542926 -0.566425 -0.106969  0.486016
point 93 905  21.087 65.8665  -0.94688  0.130803  0.491218 -0.341093  0.633249  0.296711 -0.825482  0.613467  0.101011  0.129659
point 94 911 167.159 192.435  -0.960615  -0.407967  -0.740692   0.669596  -0.963198 -0.0521444   -1.00823   -0.11547   0.530713   0.118332
point 95 920  176.28 204.815 -0.856036  0.656737 -0.340989 -0.319361 -0.438573 -0.197597  0.809341 -0.797706  0.985675 -0.490779
point 96 926  212.04 227.023 -0.715764 -0.835736  0.916179 -0.880824 0.0475504  -0.52755 -0.429237 -0.725071 0.0755201  0.515141
point 97 928 220.652 175.148 -0.130029  0.885458 -0.844743 -0.880948 -0.264355 -0.583524 -0.688145 -0.333856 -0.481515  0.305876
point 98 935 539.133 227.106  -0.717043  -0.943877    0.25167   0.916412  -0.680482   0.554759   0.289969   0.817942   -0.71995 -0.0293204
point 99 939 242.294 200.385 -0.435167 -0.714778  0.591999  0.935037  0.182155 -0.901926 -0.717397   0.67615  0.114055   0.77358
point 100 963  288.96 159.735   -0.0294 -0.853202 -0.346372  0.438999 -0.865754  0.260024   0.90605  -0.93974 -0.216888  0.479223
point 101 971 357.634  164.09   0.705391  0.0172206   0.292621  -0.715636    1.01889 -0.0637334   0.318561   0.929489   0.746976  -0.203394
point 102 989 75.0287 233.203  -0.656663   0.306754   0.513914  -0.591385 -0.0762898  -0.599179  -0.177233   0.474983   0.539026  -0.497068

