seq: 10
gt_pose:  1.99914  0.05334 0.177251
odom_pose:     2.03657 -0.00361006   0.0883517
point 0 0 449.285 190.855   0.595298   0.844872  -0.590017  -0.302966   0.521572  -0.435732   0.151586 -0.0338732   0.233802  -0.300006
point 1 3 327.203 180.373 -0.192421  0.763958 -0.466723 -0.262055  0.567544  0.801054 -0.906861  0.925661 0.0892558 -0.805321
point 2 15 42.0152  160.99  0.756562  0.661823  0.973094  0.470849  0.790458  0.980526    0.3182   0.04039 -0.625561  0.669305
point 3 42 325.002 109.994 0.00429433  -0.779784 -0.0395215   0.059774  -0.931492   0.644674  -0.232888   0.240468  -0.118451  -0.688181
point 4 45 602.956 229.386  -0.576147  -0.010472   0.854395 -0.0654347    0.78609   0.891403   -0.61724 -0.0628398   0.594303   0.535389
point 5 46 535.116 201.845   0.920659  -0.342433  -0.243001  0.0794444   0.135998   0.230301  -0.596735 -0.0825379  -0.297949   0.325472
point 6 49 232.926  158.72  -0.668506  -0.408185   0.727042  -0.316264   0.793975   0.479417 -0.0307378  -0.411119   0.892578  -0.710393
point 7 61 93.9374 148.191  0.173987  0.507801  0.516835   0.86666 -0.820086  0.572119  0.921236 -0.844705  -0.48229 -0.509138
point 8 64 280.023 130.899  0.891272  0.547978 -0.799732   -0.9164  0.049314 -0.168203 -0.533832 -0.104049 -0.634939 -0.408629
point 9 71 153.525  171.39  0.139179  0.250723  0.558442  0.519862 -0.414183 -0.870467  0.765157 -0.669666 -0.673093 -0.325992
point 10 75 231.635 209.516  -0.66933 -0.874845  0.958747   0.50934  -0.76686  0.698949 -0.579427  0.973969  0.050983  0.359793
point 11 82 212.519 169.867     0.9729 -0.0160901  -0.245439  -0.329636   0.852361   0.788687  -0.756422   0.785482   0.746845  -0.584628
point 12 91 620.731 223.725     0.4875 -0.0422992  -0.817626 -0.0836349   0.907484   0.726076   0.295705  -0.487022  -0.571004  -0.409549
point 13 99  499.27 160.447 -0.522475 -0.580746 -0.724377 -0.823865  0.208579 -0.901733 -0.834539 -0.720778  0.551075   1.00814
point 14 115 283.607 145.142  -0.744933  -0.750108   0.464932   0.497432 -0.0440348  -0.623496   0.935331  -0.469187  -0.481379   0.406325
point 15 120 236.743 167.407 -0.992973  0.205649  0.696571 -0.515454   0.61562  0.560963 -0.619155  0.232917 -0.892386   0.30726
point 16 130 25.0821 164.142   0.820425   0.309342 -0.0104679   0.999224   0.469483  -0.325978   0.996428  -0.887329  -0.465118  -0.535577
point 17 134  105.6 149.51 -0.318787  0.128872  0.388612  0.819639  0.673652 -0.314901  0.892962  0.808662  0.560937 -0.804938
point 18 140  165.91 178.703  -0.439765 -0.0959802   0.632035    0.10413   0.808355  -0.723074   0.414075  -0.625368  -0.322658   0.888148
point 19 161 79.1311  155.08   0.480663   0.955917 -0.0100703  -0.482395  -0.423551  -0.772916  -0.457145  -0.341217  0.0465289   0.644172
point 20 170 171.261 236.267  0.134141 -0.300928  0.228576  0.144485  0.747067 -0.166941 -0.891919  0.715186  0.456524  0.717345
point 21 174 554.862 170.587     0.71937     0.14105    0.838621    0.135231 -0.00665653   -0.482134   0.0591046   -0.620527   -0.467503     -0.9818
point 22 179 277.771  113.11 0.0104247 -0.833284  0.109465  0.755256  0.711414  0.317777 -0.313524  -0.77511 -0.252241  0.757408
point 23 185 376.584 169.717 0.0761505 -0.570648 -0.561192  0.375875 -0.293553  0.848925  -0.63604  0.894714 -0.211884 -0.151622
point 24 188 580.496 179.943 -0.447533  0.255419 -0.402687  0.817231  0.468382  0.249675 -0.541585 -0.195001 -0.318857 -0.676564
point 25 194 584.888 144.757  0.918816 -0.814143  -0.11632  0.801153 -0.632951 -0.669015 -0.121567  0.828558  0.577333 0.0728244
point 26 196 580.627 184.159  0.571059  0.486963 -0.933438 -0.865733  0.440698  0.965096 -0.782956 -0.747935  0.701611 -0.394215
point 27 206 471.129 119.278  0.739507 0.0207239  0.605187   0.95889 -0.770721 -0.635923  0.678085  -0.28735  -0.91892  0.699081
point 28 207 528.398  236.52 -0.964424 -0.723698  0.963441  0.953143 -0.295284 -0.777459 -0.229874  0.485209 -0.588608 -0.805748
point 29 217  467.22 156.924 -0.350349  0.290188 -0.942277  0.190448  0.187246 -0.987199   0.69775 0.0941009 0.0975533 -0.801674
point 30 224 531.514 186.978   0.905264  -0.533284  -0.775414   0.422617   0.391247  -0.399188    0.35362   0.487593   0.143727 -0.0848563
point 31 237 524.559 196.815 -0.0856728  -0.997173   0.658681   -1.00348   0.200738   0.894722  -0.979826   0.168238   0.375407   0.178004
point 32 259 526.833 172.107  0.197232  0.679229 0.0499562  0.468354 -0.389506 0.0259149  -0.67773  0.453962 -0.853645 -0.545042
point 33 276  266.59 239.644    0.55353   -0.63499  0.0947921 -0.0284898   0.234522 -0.0641329   0.307862  -0.642095  -0.491874   0.720218
point 34 280   321.2 217.007 -0.263474  0.109041  0.546369 -0.110999 -0.332354 -0.338923  0.831396  0.846349 -0.121823  0.770991
point 35 290 414.108 145.099 -0.690358  0.859095 -0.813787 -0.502663 -0.701412  0.554173 -0.872153 -0.809696  0.588369 -0.970192
point 36 315 54.8566 187.175 -0.878559 -0.380653 -0.944114  0.142304 -0.386758  0.202517 -0.592046  0.835454 -0.747932  0.884741
point 37 316 473.152 132.918  -0.626915   -0.73615  -0.950078  -0.477315    -0.4873 -0.0123318  -0.374754  -0.128043  -0.303378  -0.652638
point 38 325  219.57 200.675 -0.222712 -0.273418 -0.606484   0.10657  0.170231 -0.305469  -0.28619 -0.443899 -0.626567 -0.947325
point 39 340 271.659  168.14   0.412327  -0.414415  -0.723122 -0.0664049   0.756232  -0.142948   -0.67266  -0.474183   0.520413  -0.327218
point 40 343 103.744 221.838 -0.0184871  -0.944843   -0.37164  -0.794338  -0.228304 -0.0638291    0.30321  -0.863143   0.587054   -0.47471
point 41 347 598.561 198.184  0.425688  0.429798 -0.675628  0.569058 -0.131432 -0.742198 -0.962582  0.842962  0.572022  0.379242
point 42 353 228.207 139.143  -0.547411  -0.284497   0.975809  -0.294802  -0.267044   0.336181 -0.0129913  -0.551627  -0.383662   0.103145
point 43 373 584.422 236.342  -0.440773   0.822338  0.0331481  -0.302661    0.41548    0.52216 -0.0410166   0.684937   -0.34906  -0.872524
point 44 394 604.411 179.502 -0.226158 -0.453963  0.950921 -0.256825  0.396328   0.92069  0.665161 -0.974289  0.250489  0.658702
point 45 396 207.987 137.969  0.293059 -0.746154  0.872999  0.717412 -0.353381  -0.32861 -0.815738 -0.365782  0.324349  0.588045
point 46 403 451.482 218.538  0.165335  0.674969 -0.500952 -0.580078 -0.605067  0.536718  0.993246  0.633503  -1.04279 -0.563279
point 47 411 11.5928 228.318   0.435172   0.895856   0.881343   0.952241   0.368728  -0.610958   0.881925  -0.347902  -0.812043 -0.0210072
point 48 442 448.348 234.877 -0.183297  0.618962 -0.735266  -0.40356  0.539929 -0.620149  -0.28028 -0.340663 -0.612124  0.188333
point 49 448  380.83 153.122  0.856967 -0.467923 -0.806728 -0.687861 -0.309272  0.763746  -0.44404 -0.670766  0.681954 -0.435289
point 50 449 24.4958 142.418 0.00595204  -0.413033   0.796686  -0.522574 -0.0687624  -0.553287   0.524279 -0.0396084  -0.336162  -0.258729
point 51 456 298.066   187.3  0.245085 -0.632681  0.559788 -0.550107 -0.372439  0.681962 -0.581706 -0.740537 -0.822562 -0.867256
point 52 487 20.9142 165.764 -0.877042   1.02665 -0.751177 -0.907191 0.0748999  0.642333 -0.338942 -0.943752  0.334786 -0.193468
point 53 512 306.122 174.956  -0.66732 0.0274505  0.771645 -0.352745  0.583491 -0.932632 -0.217916  0.252156 0.0516246 -0.467139
point 54 516 29.2512 211.979  0.113699 -0.589381 -0.812404  -0.80583 -0.144878  0.631352 -0.611295 -0.014768 -0.813815 -0.511337
point 55 518 513.773 172.309 -0.942097 -0.933011  0.294322   0.88628  0.377885 -0.543421 -0.746185  0.636164 -0.362148  0.154505
point 56 521 129.064 191.749 -0.829347 -0.284356  0.676635   0.13512 -0.241365 0.0140921 -0.396409  -0.69069 -0.835821  -0.63363
point 57 533 404.436 155.164  -0.681264  -0.202515   0.597562  -0.223631  -0.765156  -0.781621   0.600173  -0.234507   0.686985 -0.0519943
point 58 571 616.128 102.196  0.812035  0.758184  0.340247  0.620822  0.325355  -0.71383  0.882929   -0.3987  0.504246 -0.250655
point 59 581 99.8606 239.318 -0.723841 -0.481814 -0.264418  0.925969  -0.93301 -0.160777 -0.129354  -0.80016  0.880243 -0.186178
point 60 588 381.479  227.01 -0.281479 0.0366448 -0.415675 -0.602624  0.621163  0.618239 -0.555863  0.315448 -0.189381  0.095323
point 61 629 629.026 86.6548 -0.399752  0.821335  0.650383  -0.88197  0.937027  -0.28574  0.958797 -0.685112  0.202031 -0.818443
point 62 646 395.381  217.82 -0.368653  0.660398  0.822559  0.829637   0.40868  -0.70976 -0.366576  0.806023  0.309621  0.509282
point 63 668 237.033 179.406 -0.574688  0.860551 -0.758091 -0.392029 -0.486295 -0.152887  0.157239 -0.518216 -0.905761 -0.515103
point 64 681 438.889  178.06 -0.267933  0.523844  0.214775  0.399819 -0.730014   0.13008 -0.801326  0.465182 -0.135397  -0.88623
point 65 697 548.756 165.351  0.136707 -0.759999 -0.442008  0.898136   0.50436 -0.726572 -0.258913 -0.121663 -0.218368 -0.820741
point 66 709 601.465 173.221  0.926116 -0.863393 -0.986791  -1.01821  0.497773  0.769558  0.805373  0.453932    0.1642  -0.53072
point 67 717 97.294 166.44   1.00804  0.700488 -0.953856 -0.244657 -0.308728 -0.669983 -0.628277  0.723193 -0.359875  0.620713
point 68 742 622.062 181.704  -0.39205 -0.276811  0.656349  0.539225 -0.838595 0.0257158  0.294384 -0.834811 -0.279835 -0.793889
point 69 768 416.581 195.412 0.0158035 -0.190985   0.20045  0.371202 -0.724697  0.298952 -0.206242  0.411002  0.773203  0.695558
point 70 771 412.066 216.366  0.198364 -0.387396  0.815333  0.950648 -0.646635   0.89718  0.648688 -0.277843 -0.444738 -0.587463
point 71 778 307.839 225.836 -0.158623 -0.592787 -0.755675  0.770121 -0.522553 -0.857553 -0.417493  0.262918 -0.438262  -0.74272
point 72 804 181.404 194.203 -0.764101 -0.738134 -0.682034  -0.60689  0.565244  0.657679 -0.152178  0.444845 -0.583623 0.0884963
point 73 809 283.592 185.199 -0.281773 -0.889859 -0.927768 -0.324434  -0.57768 -0.223768  0.868311  0.775626  -0.26108 -0.254127
point 74 811 548.122 212.251   0.547093   0.629038 -0.0413942  -0.282794   0.332491   0.769531  -0.116412    0.39309  -0.497146   0.275744
point 75 817  240.14 202.902  -0.244351   0.536488   0.829767   0.577572   0.658855 -0.0915495  -0.639299   0.639268   0.631555  -0.895904
point 76 837 264.029 102.243 -0.0533392  -0.193579  -0.516019  -0.319839  -0.753238   0.179642  -0.414052  -0.353961  -0.790696  -0.480121
point 77 846 183.794 230.248    0.49784   0.268324   0.428289  -0.820075   -0.92725 -0.0812272  -0.688058  -0.277699  -0.337298   0.220926
point 78 860 548.057 235.447  -0.757547  -0.867033   0.708127   0.526448  -0.797665   0.295402  -0.207913 -0.0181248   -0.83024  -0.513581
point 79 866 219.346 177.987  -0.575753 -0.0782937   0.738818  -0.605097   0.659891  -0.283972  -0.185232   0.381901  -0.410233   0.867096
point 80 867 319.292 132.776    1.01212   0.122108   0.062458   0.584941   -0.43828  -0.016528  -0.742761  -0.410317   0.616408 -0.0596037
point 81 886 206.798 140.995 -0.336813 -0.804055 -0.506966 0.0902169  0.304643  0.946891  0.931415  0.906269 -0.725905 -0.830269
point 82 892 365.985  141.62   0.287313  -0.883899  -0.729194   0.707459  -0.755494   0.720948  -0.675761   0.134753   0.827125 -0.0490319
point 83 898  294.74 232.776    0.78757  -0.571578   0.219169  0.0366415  0.0503923   -0.28771   0.505216  -0.480657 -0.0756938   0.438217
point 84 905 38.8565 55.1196 -0.978466  0.139418  0.454614 -0.382053  0.675998  0.277243 -0.823052  0.632085  0.051211  0.114975
point 85 910 1.19632 112.826  -0.890568   0.642064   0.476972 -0.0325921   0.595659   0.508289   0.028391   0.600392   0.732064   0.351756
point 86 911 199.031  192.02   -0.93883  -0.401798  -0.801148   0.758773  -0.891699 -0.0797399   -0.96974  -0.191054   0.485871  0.0930989
point 87 920 204.154 203.303 -0.906013  0.733615 -0.375796 -0.324098 -0.439114 -0.158932  0.792402 -0.798162   1.04825 -0.532301
point 88 926 240.369 226.351  -0.793558  -0.752671   0.875409  -0.852182 -0.0330752  -0.574369   -0.38128  -0.752027  0.0752414   0.588226
point 89 928 237.419 161.109 -0.144132  0.906965 -0.865489 -0.855508 -0.253671 -0.532771   -0.6903  -0.38468 -0.506346  0.358878
point 90 939 266.822 194.409 -0.400286 -0.743214  0.602459   0.92987  0.178577 -0.951374 -0.719863  0.677962   0.10713  0.792432
point 91 963 318.554 123.235 -0.0719982  -0.832288   -0.38751   0.382439  -0.933679   0.279389   0.925907  -0.894771  -0.145652   0.450099
point 92 971 431.299  112.96   0.680088 0.00256834   0.310894  -0.687074   0.994139  -0.081978   0.347962   0.921506   0.812276  -0.163893
point 93 989 25.5932 230.588  -0.635239   0.306936   0.524979  -0.559501 -0.0812751  -0.591693  -0.194797   0.467531   0.548324  -0.521556
point 94 994 489.936 165.881  -0.330458 -0.0426308  -0.965608   -0.57697  -0.270406   0.458568  -0.205136   0.459541  -0.198523  -0.270473

