seq: 139
gt_pose: -7.69055 0.691048  1.97883
odom_pose: -7.05994 -0.78558  2.21314
point 0 4 601.608  59.131  -0.347254   -0.88111  -0.984784 -0.0509212  -0.908232  -0.503839   0.967461   0.789282   0.731844  -0.436086
point 1 41 449.817  177.15  0.713554  0.343807 -0.152487  0.229003  0.148238  0.261838  0.105156 -0.668078  0.117958 -0.885664
point 2 67 516.819 215.068 -0.217306 -0.805887  0.584613  -0.19342  0.449514  0.818429  0.711312  0.693288  0.464638  0.280242
point 3 86 604.816 34.9841  0.861099  0.392124  0.690486  -0.41272  0.119856 -0.723639  0.662356  -0.55344 -0.773355  -0.10952
point 4 95 455.039 159.807 0.0950016 -0.398804  -0.55398 -0.659138 -0.963412 -0.821152  0.428921  0.183206 -0.536655  0.340607
point 5 100 588.169 154.317  0.178331  0.610241 -0.143482  0.167103 -0.112728  0.819216  -0.40643 -0.975565  -0.66615  0.448825
point 6 124 431.141  211.28 -0.525416   0.62134  0.830729 -0.450222 -0.854669 -0.550896  -0.96397 -0.741535 -0.737616  0.787178
point 7 125 509.802 177.672 -0.189771  0.969703 -0.591083  0.680756  0.909173  0.491279   0.86792 -0.302934   -0.1506  0.810422
point 8 150  594.88 130.776  -0.937366  -0.538517   0.705746   0.360903  -0.617462   -0.36347  -0.913811   0.201422  -0.918881 -0.0183145
point 9 171 312.579 169.594  -0.0710779    0.726011 -0.00199794   -0.947896    0.102666     0.43206    0.496153   -0.192208   -0.856503   -0.570394
point 10 172 472.767 132.623   -0.368914    0.961044    0.350045    0.969647 0.000645366   -0.464543   -0.355339   -0.760181    0.649465   -0.545304
point 11 178 342.782 205.746   0.730094  -0.424101    0.68531  -0.168475   0.878664   0.991175  -0.334492  -0.269629 -0.0866089  -0.955749
point 12 193 584.407  204.29    1.02759   -0.74989   0.950218   0.826389   0.483944  -0.907259   0.973296   0.626291   0.844794 -0.0797889
point 13 210 457.142 119.235 -0.329115  0.668803 -0.479585 -0.731682 -0.837945 -0.333476 0.0360233 -0.671312  0.540522  0.700885
point 14 211 339.919 156.642  0.862345  0.633533 -0.171995  0.323295 -0.487933  0.638984  -0.55957  0.221004 -0.070898 -0.423642
point 15 219 325.927 231.671  0.207115 0.0212155 -0.344242   0.97193  0.159256  0.309159   0.21791  0.144922 -0.408464 -0.524058
point 16 228 378.742 160.624   0.491158  -0.908574 0.00537649 -0.0124922   -1.00981    1.00209  -0.555968   0.606347   0.603631  -0.658907
point 17 238 262.604 193.954 -0.842786 -0.342796 -0.562594 -0.711026  0.134108  0.617585  0.837146 -0.341733   0.32159  0.358979
point 18 254 424.696 209.706  0.162699 -0.249039 -0.140965  0.587184 -0.638457  0.419875 -0.406019 -0.913013 -0.780913 -0.434521
point 19 260 481.278 178.412   0.293221   0.598101   -0.34405   0.409023  -0.478842   0.629142 -0.0720158 -0.0661545  -0.145266    0.28029
point 20 271  481.77 181.961   0.755109   0.465962   0.957573   0.714941  -0.649088   0.932381   0.495323   0.813435   0.820446 -0.0566271
point 21 274 313.961 233.358  0.839242 -0.646356   0.11438  0.559869  -0.50807 -0.297992 -0.822101 -0.456649  0.473092  0.455197
point 22 281 632.426 213.318  -0.810693    0.32231  -0.197407 0.00603902   0.562465   0.356383   0.684476  -0.182027  -0.428612  -0.410163
point 23 283  514.24 226.711    0.32271   0.278501   0.697013  -0.148817  -0.856466   0.819241  -0.857817 -0.0994884  -0.200824   0.780277
point 24 293 499.788 165.964 -0.958024  0.671728 -0.585649 -0.844092  -0.80233  0.673231  0.937197 -0.458843  0.722891  0.534401
point 25 295 228.769 19.6381  0.694206 0.0121421 -0.272968  0.327645 0.0991212 -0.289898  0.108545  0.573082 -0.131276  0.302082
point 26 328 504.439 134.028 -0.244438  0.424064  0.310267   0.22689  0.695666 -0.267273  0.694313  0.303287  0.898348  0.765407
point 27 332 630.783  200.08   -0.289863   -0.138216   -0.104673    0.374005    0.758016    0.882004    0.718586 -0.00242678   -0.735764   -0.533094
point 28 338  502.64 216.892 -0.442773  0.418072 -0.226524 -0.333295 -0.655545  0.185656  0.684845 -0.867663 -0.487097  0.973542
point 29 344  625.41 230.781 -0.476582 -0.287116  0.103756 -0.698173  0.860706  0.819727 -0.388538 -0.357071  0.675407 -0.103101
point 30 380 530.965 220.451  0.624398  0.445486  0.703222  0.665542  0.238373  0.101529 -0.663777 -0.308136 -0.514437  0.160025
point 31 424 396.143 198.083 -0.0805958  -0.857081   0.506931   0.368599   0.598153  -0.539786 -0.0981732   0.123593   0.898136  -0.160259
point 32 473 383.247 192.659   0.596992   0.297236   -0.72865   0.681735   0.826828   0.194465  -0.624445   0.602215 -0.0580013  -0.232842
point 33 480 563.703 218.632   0.274737   -0.97229  -0.895662  -0.160162   0.408731   0.275442   0.107674 -0.0986685      0.106   0.663267
point 34 489 321.866 206.092 -0.865848   0.97485 -0.793742  0.885715 -0.777821   -0.6532  0.888551 -0.545675 -0.609767 -0.105409
point 35 504 504.314 195.654  0.412739  0.890996 -0.629436   0.42143  0.207264  0.627871 -0.326912   -0.8377  0.146656 -0.550457
point 36 513 522.495 225.408  -0.407725  -0.551048   0.596877 -0.0620128  -0.552528  -0.639935   0.411627   0.995989   0.583118  -0.360535
point 37 534  624.22 200.851   0.25238  0.359593  -0.26954 -0.919651 -0.105817 -0.122836  0.400363 -0.339766 -0.233702  0.122311
point 38 554   338.2 170.517  -0.88635  0.918564 -0.550939  0.127471  0.761862 -0.754238   0.95077  0.565005  0.144205  0.368504
point 39 601 235.965 183.592   0.671194 -0.0952564   0.609561  0.0593909   0.550339  -0.816335  -0.706081   0.267273   0.303265   0.354841
point 40 625 376.077 153.364 -0.00117474    0.709207   -0.145106    0.916769    0.414862   -0.616811   -0.587484   0.0724088    -0.06767     0.13431
point 41 636 370.144 229.917   0.731746  -0.274032   0.413951  -0.938281 -0.0767431  -0.363642   0.129438 -0.0251812 -0.0683314   0.242118
point 42 643 287.271 180.411  -0.055578  -0.957438   0.433708  -0.363953   0.400673 -0.0345721  -0.716274  -0.885141   0.123738  -0.290803
point 43 647 31.6443 27.8678  0.907242 -0.492491  0.908722  0.160643  0.438822 -0.989584 0.0505235  -0.47761  0.296314 -0.814348
point 44 649 472.224 221.032  0.560971 -0.166614 -0.110067 -0.344142 -0.580191 -0.182186  0.218474 -0.589792  -1.00677 -0.288733
point 45 653 425.642 213.591 0.0808054  0.657755  0.878563  0.562806  0.819985  0.792878  0.178857 -0.761194 0.0284667  0.664593
point 46 656 289.716 119.536  0.127614 -0.107028 -0.606781 -0.742037  0.896615   0.51008   0.88533  0.149213 -0.416691 -0.445065
point 47 663 565.073 226.193   0.944287  -0.524351   0.902766 -0.0997379  -0.224759   0.213324   0.305422  -0.781415  -0.428902  -0.568644
point 48 670 387.176 111.689   0.772206  -0.318337   -0.90879    0.11285 -0.0888262  -0.503596 -0.0953655  0.0918081  0.0898942   0.373447
point 49 677 523.599  225.14    0.374861 -0.00566083   -0.317844    0.297458    0.240413    0.614273    0.175814  -0.0981418   -0.191908    0.969896
point 50 682  312.35 223.429   0.877398   0.389881  0.0299309 -0.0645784  -0.817067   0.986462   0.896183  -0.783136  -0.378139  -0.290389
point 51 690 353.966 188.894   0.330508   0.919616   0.151125   0.428673 -0.0197517  -0.774432  -0.852479  -0.311608   0.514575  -0.528715
point 52 694 373.733 175.442  -0.764884  -0.733685 -0.0064105   -0.40832   0.956253   -0.39318  -0.220815   0.832178   0.724173   0.410674
point 53 729 615.123 237.892  -0.397202   0.570473   0.433591   0.621322  -0.622627  -0.493606    0.66421  -0.969555 -0.0968174  -0.546172
point 54 732 514.929 21.9325   0.168272   0.667114  -0.920762  -0.293089   0.153249   0.843362  -0.888339 0.00573424    0.63841   0.591477
point 55 756 554.988 188.225 -0.684374  0.221738 -0.771291  0.124062  -0.20904  0.188823 -0.464823  0.521723  0.224236  0.819693
point 56 761  502.35 213.021  0.679141  -0.82759 0.0727738  0.434005 -0.794557  -0.85003  0.068579 -0.664116 -0.644819  -0.91545
point 57 900  465.08 7.73562  -0.657721  -0.424105   0.581881   0.526544   0.471938   0.450739   0.882487  -0.289651  -0.545878 -0.0111306
point 58 909 620.261 196.979  -0.311951  -0.718201  -0.252984  -0.440537   0.102719 0.00748246  -0.362009   0.129138  -0.392907  -0.142637
point 59 913 467.691 213.162 -0.779128 0.0398121 -0.787694  0.491973 -0.396611 -0.742405 -0.883303 -0.122985  0.910395 -0.742839
point 60 934 605.011 140.817  0.380202 -0.605473  0.775485  0.149477 -0.920796 -0.374963 -0.828837  0.809041  0.617938 0.0781269
point 61 955 524.476 211.142 0.0487667   0.29757 -0.707433 -0.266728   0.43305  0.309838 -0.689221  0.245628  0.706107  0.151291
point 62 960 594.748 165.923 0.0827316 -0.694484 -0.711001  0.957685 -0.626542 -0.152226 -0.852218 -0.412629  0.603876  0.122102

