seq: 230
gt_pose:  4.46568  4.41625 0.288904
odom_pose:  4.91046  3.47125 0.176319
point 0 20 416.684 207.421 -0.460324  0.110418 -0.854636 -0.439539  0.742897   0.32578 -0.819633 -0.818204 -0.319052  0.117291
point 1 50 564.672 160.249  0.841694 -0.636528 -0.453354 -0.703973 -0.598617  0.208972 -0.609143 -0.744683 -0.497167  0.906252
point 2 71  271.01 53.3955  0.180771  0.283913   0.57564  0.545416 -0.432698 -0.802646  0.748025 -0.673404 -0.650405 -0.255735
point 3 75 638.937  109.61 -0.696781 -0.943775  0.939663  0.522584 -0.817838  0.680888 -0.609488  0.987511  0.039832  0.319561
point 4 79 446.494 141.289 -0.214374 -0.709106 -0.117807 -0.748113  0.222725  0.909901 -0.829704  0.748474  -0.65486  0.654765
point 5 83 212.507 178.239  0.614548  0.913237 0.0659039  -1.01974 -0.600505 -0.428592  0.219693 -0.515222  0.525538  -0.92073
point 6 96 317.495  203.19  0.489392 -0.357451  0.314333 -0.685788 -0.866697  0.598256   0.73317 -0.375568 -0.258398  0.766533
point 7 112 636.629 234.546   0.0157465     -0.7404   -0.759953   -0.915398   -0.395633   -0.935451   -0.941888 -0.00272777   -0.195105    0.109923
point 8 135 129.256 172.451 0.523725 0.502566 0.481178 0.341402 0.195437 0.972651 0.576832 0.389312 0.358748  0.65249
point 9 136 136.642 138.524 -0.378865  0.135182  0.733277 -0.982952  0.419543 -0.584216 0.0989304 -0.183676 -0.799928  -0.17945
point 10 213 564.355 159.553   0.494012  -0.160504  -0.738546 -0.0107668  -0.099033  -0.905285  -0.370391   0.791964   0.384329    0.16486
point 11 222 340.392 233.152   -0.675535    0.922515   -0.894576   -0.501057    0.450288   -0.674001 -0.00798527    0.513646    0.361922    -0.52481
point 12 232 288.156     237  -0.110033  -0.393162   0.396888  -0.318648  -0.880033  -0.065422   0.819822   0.691852  -0.907142 -0.0255702
point 13 244 494.548 137.967 0.0731827 -0.907856  0.516375  0.614933 -0.887796  0.749226 -0.328038  0.273387  0.182373  0.227303
point 14 255 536.963 207.046  -0.933451  -0.848678  -0.944044  -0.911288 -0.0455918   0.899342   0.175709  -0.293733  -0.188174   0.393531
point 15 270 460.202 223.918 -0.469414  0.452699 0.0941226 -0.743169 -0.048144  0.159589  0.471492  -0.21242 -0.912563 -0.836667
point 16 297 306.227 185.578  0.502585 -0.115232  0.855771 -0.267123  0.155738  0.460809  0.753971  0.829566 -0.162054 -0.149059
point 17 341 588.424 200.596  -0.68784 0.0828927  0.292047 -0.356221  0.307453 -0.376226 -0.777327 -0.706433  0.797996 0.0347343
point 18 349 190.683 167.486  0.666283 -0.309769  0.662199 -0.895028 -0.826506 0.0652634   0.53257 -0.478239  -0.31069 -0.627749
point 19 357 297.209 230.726  0.340985 -0.280013  0.508485  0.391191  0.567181  -0.11224  0.292387  0.689013  0.395906 -0.244788
point 20 361 160.256  189.11   0.812843   0.747245  -0.317795  -0.478677   0.665255    0.57504   0.229797   0.311497  -0.950219 -0.0473137
point 21 366 226.583  176.04  0.381831  0.746041   0.20611 -0.739926 0.0906002 -0.670623  -1.00731 -0.252287 -0.318613  0.999894
point 22 376 50.6586 150.636  -0.721667  -0.838444   0.679944  -0.291816   0.671843   0.225989   0.294378 -0.0213721    0.58698  -0.270032
point 23 379 192.204 125.068    0.233294   -0.596511    0.112515 -0.00356762    0.614248   -0.295258    0.030402   -0.193509    0.189429    0.286574
point 24 383 327.201  190.41  -0.694599  -0.302717   -1.03815  -0.635157  -0.762674 -0.0917811    0.52492   0.502705   0.462818  -0.230316
point 25 390 489.393 222.657  0.292825 0.0478387  0.287913 -0.595097  0.358812  0.875811  0.328281  0.120425 -0.568008  0.431776
point 26 392 100.884 229.519  0.944569 -0.114342 -0.393974  0.312947  -1.02554  0.893716 -0.713498  0.260551 -0.681137  0.593211
point 27 395 355.384 234.283  -0.735077   0.113493  -0.891295   0.934177   0.890317   0.594385  0.0150065  -0.423475 -0.0842772  0.0338558
point 28 401 579.786 184.603 -0.028668  0.564513  0.295277 -0.534368 -0.538107  0.177262  0.663279  0.844247 -0.913117 -0.603469
point 29 407 577.564 210.774  -0.736701   0.906373  -0.931027     0.6861  -0.758051 -0.0610766   0.747892  -0.948853  -0.343857  -0.514061
point 30 426 297.203  187.22   0.95653  0.168124  0.866781  0.315479   0.79652  -0.20154  0.505783  0.332072 -0.826079 0.0321422
point 31 445 291.138 146.534 -0.952295 -0.312262 -0.656733 -0.814477  -0.35982  0.820219 -0.354922  0.157776 -0.474596  0.581813
point 32 447  337.03 151.838  -0.405245  0.0694344  -0.930825  -0.793271   0.252576  -0.848821 -0.0343298   0.542811  -0.646014   0.609259
point 33 502  23.783 198.943   0.295325   0.278361 -0.0427907   0.493576   0.795451 -0.0665871  -0.389435  -0.953174   0.227113    0.11317
point 34 521 229.073 75.3434  -0.86015 -0.307513  0.668886  0.125908 -0.236199 -0.030784 -0.347371 -0.661899 -0.792668 -0.682458
point 35 526 359.332 169.587 -0.283921   1.00494 -0.343399 -0.792389 -0.246664  0.450196  0.910593 -0.961259 -0.577363  0.856778
point 36 549 214.911 232.541  0.764694 -0.390516  0.922779  0.948192 -0.130313  0.331272 0.0123094  0.478018  0.422173  0.787139
point 37 550 585.086 203.841     0.22616  -0.0572734   -0.677085    0.494924   -0.319332   -0.562017   -0.894517    0.231673 -0.00305375   -0.812724
point 38 556 476.227 206.128   0.97692   1.02378   -0.3443  0.558784  0.946487 -0.223748  0.458798 -0.611381  0.920211  0.250778
point 39 579 238.143   172.5   -0.864318   -0.144544   -0.826248  -0.0279906     1.04481    0.571475 -0.00401887     0.49943    0.219273    0.301947
point 40 586 240.817  169.83 -0.0265118  -0.932158   0.763296   0.232773  -0.272984  -0.109743  -0.699256  0.0440022 -0.0651316    0.71941
point 41 590 364.186 181.015  -0.528784  -0.891386   0.633578   0.443305 -0.0209165   -0.55844  -0.433975   0.509936  -0.184149  -0.906619
point 42 592 123.04 164.98  0.849791    1.0019  0.642759  0.256755 -0.805418 -0.856104  0.317683  0.874441  0.634536 -0.667564
point 43 605 578.779 188.794   0.945159   0.477795  -0.414226   0.332755   0.140035  -0.431355  -0.107525 -0.0797364   0.845745   0.143376
point 44 630  461.83 190.963  -0.078462 -0.0291173  -0.323082  -0.373328   0.663997 -0.0483573   0.539289  -0.204416   0.585626  -0.711022
point 45 668 587.199 17.2209 -0.577206  0.771028 -0.813864 -0.410567 -0.535812 -0.220763  0.203408 -0.529477  -0.83595 -0.559486
point 46 712 215.119 236.909 -0.0276751  -0.692904   0.529645   0.817852  -0.634025  -0.498079  -0.770382  -0.216077   0.830685  -0.181367
point 47 714 140.713 140.944  0.667116  0.470722  0.787117  0.515705 -0.576976 -0.303185  0.740847  0.998197 -0.509507  -0.81733
point 48 718 111.357  165.89 -0.452925 0.0794252  0.894699  0.509835  0.834586  0.852266 -0.505387 -0.674277   0.71098  0.467456
point 49 723 73.9824 234.865   0.164213  -0.917076 -0.0634954   0.165809  -0.367354  -0.441465  -0.347157   0.732873   0.134688  -0.654074
point 50 730 345.752 199.201  0.810022  0.405986  0.837138  0.834486  0.523387 -0.216185 -0.308801 -0.492427 -0.118676  0.961561
point 51 739 509.161  218.57  0.946793  0.194881 -0.475951  0.012427  0.743189   0.22082 -0.893861 -0.175238 -0.252801 -0.678891
point 52 749 566.185 190.796  -0.654054   0.276127   0.689567  -0.710945   0.552064 0.00598092   0.747508    0.12699  -0.310146  -0.202338
point 53 759 222.301 166.629  0.114784  0.538021 -0.852381 -0.864968 0.0616293  0.425861   0.93662   0.28491  0.452602 -0.339132
point 54 765 425.458 172.112 -0.960852 -0.160034  0.542893 -0.533864 -0.421674 -0.284191   0.53367   -0.1824  0.432637  0.934606
point 55 785 202.476 173.886 -0.0399395 -0.0762448  -0.531395   0.570071  -0.900789  -0.489187  -0.900804   0.692888  -0.680916   0.958365
point 56 803 369.365 139.132 -0.804727  0.955145  0.737051 -0.526371 -0.565893  0.266382  0.144003  0.788705 -0.284972   0.69373
point 57 813 309.855 234.064   0.683181   0.885304  -0.345005   -0.84454    0.29519  -0.756849   0.844671   -0.77304 -0.0495958   0.130002
point 58 817 601.156 102.448  -0.269838   0.477164   0.781777   0.626554   0.656793 -0.0984579  -0.601473    0.54964   0.578807  -0.964014
point 59 823  462.45 109.048  0.0348876  -0.780801   0.039178   0.754139   0.520712  -0.509223  0.0641296   0.882441  -0.495206 -0.0685376
point 60 831 151.681 233.142 -0.0872122    0.41266   0.675688   0.155251   0.343222  -0.922719 -0.0521507   0.553648  -0.735369 -0.0672178
point 61 865 302.527 199.393  0.884078 -0.326142 -0.917969  -0.28897 -0.294514 -0.185041  -1.04271  0.581549 -0.761527 -0.074234
point 62 872 116.239 73.0639   0.41687  0.882991 0.0541463  0.511256 -0.427075  0.768904 -0.497161    -0.311 -0.861458 -0.917033
point 63 874 415.854 214.685 -0.889446  0.210892 -0.669335  0.871518  0.213334  0.698041  0.722353 -0.666234  0.223011 -0.691793
point 64 889 602.322 227.094  -0.845839   0.173858   0.830323  -0.250937  -0.949889   0.384147 -0.0553982  -0.716901   0.735332   0.162753
point 65 911  550.79 15.1539  -0.93953 -0.353495 -0.752569  0.690469 -0.931868 -0.104746 -0.964494 -0.116009  0.494902 0.0462721
point 66 914 152.045 233.863   0.251644   0.101507 -0.0796478   0.360601   0.327925   0.402993  -0.655149  -0.128974   0.213898   0.860646
point 67 932 203.599 189.093 -0.0687311  0.0652379   0.827569 -0.0441321  -0.127231   0.718616 -0.0396574  -0.977696  -0.259714   0.580101
point 68 951 474.885 170.683   0.220244  -0.853916  -0.090802   0.410789   0.230438 -0.0218908   -1.04227   0.453852  -0.214907  -0.652166
point 69 964 151.394 178.587  0.912821 -0.287642  0.222638 -0.245388 -0.828377  -1.03007  0.497881  -1.00556 -0.797034  0.649107

