seq: 270
gt_pose:   7.14312 -0.968511  -1.41534
odom_pose:  5.82663 -2.50233 -1.68819
point 0 0 425.093 7.83107   0.623321   0.808917  -0.622569  -0.307682   0.508058   -0.43061   0.150149 -0.0615617   0.266447  -0.301106
point 1 35 486.084 206.401 0.0768875  0.830983  0.371451  0.640419  0.348669 -0.334061  0.253979 -0.982497 0.0948976  0.699957
point 2 45 528.558 225.726  -0.607802 -0.0419595   0.905062 -0.0932671   0.758513   0.929361   -0.65548 -0.0529989   0.515508   0.484177
point 3 46 303.797 190.197    0.97192  -0.304807  -0.208338  0.0988081    0.11227   0.252837  -0.576865 -0.0484954  -0.237642   0.307544
point 4 47 303.793 223.835  0.745775 -0.816042 -0.211303 -0.637608  0.328291  0.229941  0.309533  0.240133 -0.882228  0.157146
point 5 54 502.319 151.354 -0.612283  0.186197  -0.90478 -0.832081 -0.657078 -0.483485  -0.71784  0.133598 -0.874754  0.793985
point 6 56 469.753 196.219    0.223813   0.0804027   -0.970319    0.856584   -0.273617   -0.538818 -0.00269159   -0.175658   -0.390327    0.404006
point 7 59 634.262 175.118   -0.940014   -0.992029    -1.03125  -0.0617508   -0.439598    0.460377    0.598591 -0.00412504  -0.0237551   -0.835135
point 8 66 635.891 166.693 -0.814492 -0.223115  0.154708  0.281618  0.416583  0.119524 -0.203753  0.620574  0.201415   0.88526
point 9 69 443.689 214.523   -0.33342  -0.836145   0.773076  -0.808553 -0.0441959  -0.481857  -0.613818  -0.426226   0.365159   0.926072
point 10 91 361.401  225.21   0.471433 -0.0742718  -0.772698 -0.0720157   0.868255   0.728396   0.275149  -0.473092  -0.572517  -0.457736
point 11 99 338.319 86.1389 -0.554632 -0.595645 -0.707367  -0.83301  0.139255  -0.87603 -0.879406 -0.713145  0.566923  0.930582
point 12 118 515.321 191.406   0.883829   0.901049    0.60599  -0.442841 -0.0667441   0.545863  -0.927832  -0.649006  -0.853597    0.65803
point 13 152 452.125 150.867 0.0325711  0.455128 -0.632449 -0.620431  0.974116 -0.497733 -0.115346  0.616893  0.760134  0.323328
point 14 174 527.805 117.566  0.710018  0.100131  0.876464  0.162803 0.0140261 -0.461933   0.05447 -0.581327 -0.527477 -0.893459
point 15 177 232.956 37.1267 -0.723603 -0.127645 -0.489558  0.419799  0.130023  0.136761 0.0310631 -0.578019   0.49147  -0.25081
point 16 188 312.212 180.247 -0.364424   0.25449 -0.369648   0.83135  0.451792  0.258705 -0.597589 -0.195564 -0.275809 -0.691074
point 17 194 374.424 133.647    0.896484   -0.851665   -0.164434     0.75073   -0.713232   -0.637925    -0.10672    0.786853    0.578125 -0.00315048
point 18 196 359.785 178.121  0.502297  0.486365 -0.909562 -0.888333  0.394054  0.919588 -0.763588 -0.769462  0.774251 -0.418025
point 19 207 339.086 234.803 -0.990222 -0.708111   1.03619  0.970153  -0.31812 -0.833557 -0.235545  0.498898  -0.61432 -0.769579
point 20 212 231.688   211.2 -0.394419 -0.138478 0.0710251 -0.940461 -0.244271  0.782026  0.677602  0.303004 -0.996621  0.793934
point 21 215 214.426 137.219  0.942975 -0.583885  0.908742 0.0642546  -0.37335  0.431034  0.885487 -0.183777 -0.694925 -0.202035
point 22 221 281.459 239.808 -0.550877 -0.285974  0.188562  0.636964  0.796308 -0.632764 -0.367707 -0.515512 -0.693367  0.785005
point 23 224 393.137 153.257  0.902393 -0.586596 -0.762048  0.403329  0.338685 -0.407765  0.349897   0.49858  0.135526  -0.14567
point 24 237 349.205 171.973 -0.0091362  -0.942653   0.656465  -0.969545   0.187269   0.853728   -0.95191   0.151731   0.365651   0.159923
point 25 252 409.038 189.134  -0.376503 -0.0228473    0.72025  -0.147199   0.948937   0.894208  -0.132757  -0.190205  -0.947944  0.0185298
point 26 261 427.404 202.794   0.894114   0.424296   0.966172  -0.346237  -0.189249   0.170781  -0.621764   0.913463  -0.369442 -0.0853179
point 27 299 505.252  200.39  -0.640982 -0.0740642   0.498545    0.92011  -0.313482 -0.0258526  -0.135474  -0.547353   0.715057   0.971712
point 28 305  256.22 173.744    0.13009    0.29613  -0.258919   -0.73124  -0.470462   0.916362  -0.582112 -0.0279892  -0.977937   0.348248
point 29 317 128.645 232.004   0.548564 -0.0726748  -0.583384  -0.120082   0.681106  -0.474421   0.460994   0.712649   0.695752  -0.877954
point 30 323 599.968 200.792 -0.698145  0.643218  0.309993  0.780844  0.238907 -0.600658 -0.984609 -0.698156 -0.534217 -0.974274
point 31 329 239.616 163.527  0.172503 -0.335585  0.488619  0.835818 -0.991431 -0.839521  0.889196 -0.232118 -0.941515  0.171051
point 32 347 344.985 199.222   0.35176  0.424386 -0.680745  0.605992 -0.105958 -0.794649  -0.98597  0.851671  0.575245  0.435953
point 33 354 287.353 236.105  0.268055 -0.239545  0.892699 -0.705424  0.427703  0.458301  0.667801 -0.156147  0.704741  0.271885
point 34 372 241.664 177.835 -0.165296  0.923722 0.0243092 -0.485813  0.927181  0.612637 -0.685271 -0.962128 -0.438787  0.246602
point 35 373 434.964 235.386  -0.475259   0.793761 -0.0129804  -0.303835   0.470666   0.498701  -0.076392   0.771312  -0.298423  -0.793065
point 36 374 467.989 201.976  0.616514  -0.33753   0.28654 -0.645199  0.399382  -0.89314 -0.782187 -0.557618 -0.497376  -0.76629
point 37 394 348.229 182.288 -0.167993 -0.462187   1.01182 -0.284526  0.446593  0.970257  0.595698  -1.03543  0.224721  0.630694
point 38 417 265.695 169.253 -0.788212  0.592621 0.0853426 -0.489211  0.266588  0.513184 -0.804183  0.419189  -0.72089  0.290535
point 39 421 292.347 198.555 -0.775491 -0.846568  -0.16613 -0.752161   0.79303 -0.537871  0.246189  0.243694 -0.309436 -0.239601
point 40 429 486.792 200.974  0.510252  0.382836 -0.629904  -0.48544  0.524365 -0.922149 -0.592941 -0.200342 -0.327797  0.280996
point 41 442 367.857 217.994 -0.182368  0.600005 -0.643753  -0.42261  0.580775 -0.554437 -0.319971 -0.300113 -0.647677  0.165462
point 42 444 457.552 178.881   0.60972 -0.933652  0.501536 -0.645596 0.0392977 -0.722189  0.947203  0.351965 -0.102862  0.587948
point 43 446 491.864 148.654   0.568534   -0.76219   0.577693   0.952597  -0.949102   0.175251    1.00349   0.460967   0.567876 -0.0077898
point 44 451 283.631 160.217   0.513597  0.0607742   0.476463   0.132966   0.143002  -0.575001   0.716438 0.00377253  -0.102406  -0.298049
point 45 452 493.042  178.06  -0.900037   0.190683  -0.238708   0.698681   0.564247  -0.820779  -0.118254   0.255871  -0.304446 -0.0962225
point 46 468 495.973 167.922  0.516269 -0.251174 -0.541511  0.490708  0.184156  0.548564 -0.351621 -0.281513   -0.8389 -0.325857
point 47 482 421.853 215.245  0.541301  0.441452  0.199925   0.20294 -0.362688 -0.522013  0.207986 -0.220644  0.263346 -0.344532
point 48 484 579.761 184.345   0.85256  0.630893   1.00025 -0.727842 -0.630151  0.455016  0.678054  0.628535 -0.289619 -0.691065
point 49 509 444.136 192.863  0.289894 -0.904529 -0.300591    0.6778  0.827687  0.830938 -0.456155 -0.343606 -0.291807  0.946472
point 50 518 382.211 114.618 -0.908263 -0.947871  0.278821  0.904144  0.379088 -0.608977 -0.733501  0.604459 -0.361384  0.161963
point 51 531  297.12 204.587 -0.376865 -0.152859 -0.479689  0.422193  0.343332  0.936888 -0.955835 -0.598421   -0.4059  0.684558
point 52 537 276.667 188.846 -0.348238  0.632623 -0.219826 -0.434437   0.22039  0.203933 0.0882919 -0.537976 -0.584299  0.298793
point 53 565 627.997 238.481  -0.873399      0.973   0.401177    0.26515  -0.491909  -0.586643    0.82338   0.797688 -0.0142413   0.529766
point 54 566 520.964 237.759  0.534717  0.651185 -0.192445   -0.3046  0.141284  0.192153   0.60639 -0.646764  0.727679 -0.583557
point 55 571 505.883 72.2846  0.850857  0.816885  0.317284  0.587983  0.260081 -0.668513  0.946839 -0.406395  0.493789 -0.259813
point 56 604 87.6777 218.624  0.353049 -0.958176 -0.879399  0.470044 -0.646254 -0.798145  0.253998 0.0363089 0.0608487 -0.558648
point 57 620 478.694 164.281   0.569712  -0.292571   0.834589   0.739009  -0.321528  -0.334265  -0.831137   0.359448 0.00978483   0.441517
point 58 637 303.271  166.49 -0.00458967   -0.672822   -0.565689    0.404088     0.33901    0.106627   -0.169193   -0.620848    0.692733    0.830592
point 59 638 611.867 202.167 -0.236368 -0.900086  0.539936 -0.796544  0.213768  0.366072 -0.123663 -0.432355  0.488877  0.836029
point 60 665 547.325  211.62   0.543986  -0.936217   0.969342   0.324584 -0.0915698   0.957133   0.774718  -0.170415  -0.239607  -0.525984
point 61 698 235.012 192.453  0.378376 -0.450186  0.426731   0.43417  0.494606   0.58532 -0.849375 -0.375732 -0.170453 -0.989906
point 62 703 258.358  151.61    0.85729  -0.624328  -0.644037   0.938787  -0.316484   0.865466  -0.991714  0.0714403   0.801904 0.00250453
point 63 724 634.449 176.462 -0.887729  0.937537 -0.161438 -0.537523   0.93783 -0.702767 -0.130892 -0.336293 -0.360632 0.0394721
point 64 731 493.893  224.55 -0.311163  0.376962  0.378407 -0.895875 -0.666384  0.955182  0.703158  0.761518  0.547214 -0.871268
point 65 743 447.824 219.756  0.147342 -0.610395  0.904593  0.333423  0.731904 -0.298856 -0.428296  -0.10587   -0.2177 -0.419855
point 66 745 516.609 187.352  0.964333 -0.448593  0.106726 -0.638654  0.300002 -0.776173 -0.204157  0.183628  0.551866 -0.534638
point 67 753 194.819  125.49  0.554653  0.443331  0.189211 -0.989315 -0.781788  0.884499  0.140714 -0.198948  0.750481  0.496118
point 68 763 563.28 167.72 0.0981556 0.0665914 -0.830963 -0.226752  -0.65149  0.828551 -0.161418  0.542672  0.338199  0.145478
point 69 764 355.804  203.83 -0.960939  -0.43478  0.254474 -0.686452  0.964271 -0.522808  0.116992 -0.983411 -0.703421  -0.56779
point 70 789 221.364 129.404  -0.699447 0.00376653   0.613819 -0.0286094   0.126762  -0.604769  -0.691705  0.0114733  0.0152884   0.350193
point 71 790 274.737 231.733  -0.767772  -0.829602 -0.0397991  -0.247088   0.459107   0.338957   0.235479  -0.170553  -0.904987   -0.71672
point 72 791 446.009 190.407  0.716936 -0.664883 -0.805403 -0.625412   1.02248 -0.515027  0.417306  0.639625  0.517011 -0.434889
point 73 811 333.034 204.615  0.557457  0.659258  0.048735 -0.211043   0.31594  0.744967 -0.165179   0.35246  -0.51164  0.259996
point 74 839 257.425 158.441   0.03206 -0.175665 -0.793611 -0.868202 -0.226437 0.0738304 -0.128967  0.306696  0.707498  0.131971
point 75 855 518.197 176.345  0.0406362   0.982573   0.132156 -0.0418521  -0.907836   0.714217  -0.173127  -0.482622  -0.272214   0.908765
point 76 860 373.255 233.656    -0.81736   -0.918652    0.735437    0.506736   -0.891676     0.26995   -0.217625 -0.00280784    -0.82426   -0.523433
point 77 903 627.252  172.19   0.818908   0.567128   0.947674   0.786555 -0.0461023  -0.706171   0.266387  0.0471149  -0.917287 -0.0199279
point 78 904 363.137 192.158  -0.392106  -0.148101  -0.488801   0.589484   0.369062  0.0812892    0.83728  -0.836129 -0.0373186  -0.858059
point 79 918 638.457 223.079 -0.867955  0.203017  0.548313  0.182386  -0.31439  -0.80022 -0.615226  0.884642 -0.136486 -0.315707
point 80 935 462.155 224.089  -0.689332  -0.923722   0.276176    1.01219  -0.589766   0.557034   0.310591   0.868255    -0.7859 -0.0121863
point 81 961  607.44 148.084  -0.383578  -0.503516   0.989588   0.526893    0.58779    0.60616  0.0471241 -0.0990098  -0.723489  -0.172659
point 82 969 222.886 239.797   0.623914 0.00626476   0.935337  -0.129962   0.506841   0.140649   0.813556 -0.0546688   0.146098  -0.100249
point 83 994 368.039  70.887  -0.393976 -0.0750906  -0.923708  -0.508843  -0.322615   0.487419  -0.206336   0.523281  -0.148752   -0.33929

