seq: 153
gt_pose: -6.97745  3.13401 0.615277
odom_pose: -6.86816  1.78867 0.739635
point 0 8 34.2392 196.476 -0.161514  0.209226 -0.474724  0.574291 -0.434955 -0.077311 -0.548921 -0.610305 -0.486721  0.156475
point 1 27 456.934 128.561 -0.0575678  -0.708167   0.796748   0.261227  0.0423265   -0.62671  0.0678592  -0.106707   0.673611  -0.253205
point 2 30 457.639 141.769 -0.762965 -0.944647 -0.884473 -0.129169  0.587769   0.35779 -0.126663 -0.780494   0.14555  0.114008
point 3 41 94.1109 81.7466  0.715513  0.319685 -0.198263  0.206589   0.23694  0.268104 0.0383624 -0.711308  0.199572 -0.962015
point 4 52 189.177 228.845 -0.632986 -0.971459 -0.136966  0.594078  0.525769  -0.33099  0.969813 -0.906925 0.0942349   -0.5605
point 5 58 438.302 232.879    0.72576   -0.52881  -0.447601  -0.865087 0.00493318     0.7956   0.234901  0.0764507    0.68992    0.94627
point 6 63 455.691 211.175  0.222108  -0.77332 -0.868258 -0.196111 -0.726732  0.282109 -0.796286  0.771971  0.169262 -0.611948
point 7 67 222.155 203.531 -0.203561  -0.76506  0.591352 -0.243344  0.450783  0.912799  0.686798  0.643025  0.445042  0.255801
point 8 88 519.845  235.61    -0.274694 -0.000390715     0.394345     -1.00635     0.334512     0.271271     0.411009    0.0366962     0.787424    -0.496287
point 9 93 495.308  166.95    0.703204   0.0352637    0.206188   -0.806714    0.867506   -0.365523    0.159341   -0.922711    0.621966 -0.00381088
point 10 95  99.781 27.1704  0.120672 -0.386902 -0.553372 -0.580582 -0.974541 -0.818755  0.481278   0.23229 -0.589395  0.349227
point 11 97 8.87004 199.048  0.901327  0.967648  0.153427  0.409289   0.82632 -0.748377  -1.02552  -0.70413  -0.41479 -0.915588
point 12 100 280.416 149.198  0.0854037   0.596049  -0.137952   0.243093 -0.0648282   0.735522   -0.39354  -0.934052  -0.689678   0.473512
point 13 101 370.026  179.45  0.641148 -0.260074  0.344261 -0.702897 -0.205892  0.849459  -0.30607 0.0263195 -0.897792  0.800959
point 14 105 500.683 75.9664   0.427792  -0.987653   0.534912   0.116895  -0.163819 -0.0702971  -0.815161  -0.758529   0.859472 -0.0455278
point 15 109 634.486 228.655  -0.430753   0.896535  -0.846565  -0.381159   0.503343 -0.0831053   0.760282   0.645643  0.0304175   0.254813
point 16 111  563.66 230.623 0.0298489  0.956388 -0.895283 -0.965172 -0.109408 -0.387158  0.942523 0.0270731  0.258342  0.413017
point 17 124 26.3828 153.931 -0.549346  0.678082  0.811823  -0.41947 -0.790605 -0.544227  -1.03172 -0.766525 -0.757176  0.822076
point 18 142 26.4432 145.952  0.367082 -0.151316 0.0125314 -0.221214  0.210484  0.583292  0.695596 -0.168597 -0.329358  0.480727
point 19 150 368.266 9.32427  -0.947164  -0.479543   0.710308   0.304079  -0.652311  -0.423846  -0.938262   0.194214  -0.843675 -0.0296718
point 20 165 568.836  206.17   0.496732  -0.813184   0.407152   0.597058  -0.761821    0.59068  -0.652218   0.793152    0.38108 -0.0369318
point 21 175 546.326 176.141  -0.34212  0.593337  0.244278 -0.624804  0.712601  0.669188  0.961681  0.916816  0.595963  0.140287
point 22 186 486.438 164.126  -0.348149   -0.38037   0.311568   0.406517   0.851295  -0.926662 -0.0594266  -0.477517  0.0589896   0.319417
point 23 193 264.907  208.45  0.960379 -0.748337    1.0007  0.804565  0.473282 -0.874747  0.960922  0.610084  0.891583 -0.107703
point 24 208 316.368 205.059  -0.910107  -0.256704  -0.853759 -0.0712057  -0.225373    0.79702   0.976265  -0.587694   0.741055  -0.813734
point 25 209 374.053 233.968 -0.234899  0.139793 -0.346155  0.402106 -0.873533 -0.287149  0.614425 -0.907723 -0.345378 -0.659732
point 26 230 159.881 195.365  0.552182  0.139742  0.603419 0.0685912  0.174078 0.0800369  0.269463 -0.884328 -0.930108  0.278441
point 27 233     476 232.743 -0.151515 -0.466677  0.169899  0.280762  0.331784 -0.177031 -0.902479  0.176069 -0.890968  0.351826
point 28 251 559.601 230.457 -0.021174 -0.496969  0.174123 -0.827654 -0.376389  -0.15722 -0.433702  0.222068 -0.142428  0.327245
point 29 269 45.8822 222.592  0.998068  0.799185  0.535335  0.813605  0.542771 -0.644067   0.92709  0.133076  0.344111 -0.193459
point 30 271 174.626 139.212   0.778285   0.509272   0.936176   0.696581  -0.713531   0.954313   0.529334   0.874183   0.757902 -0.0247202
point 31 281 306.552 214.929 -0.884356   0.32074 -0.209458 0.0745919  0.583795  0.318442  0.719774 -0.177058 -0.427242 -0.386236
point 32 283 221.048 217.922  0.365216  0.316843  0.670675 -0.161939 -0.865555  0.810463 -0.844531 -0.118726 -0.152761  0.736256
point 33 285 346.467 171.942 -0.511963 -0.190444  -0.54898   1.02254  0.966388  0.784431  0.290434  0.613094 -0.406935  0.415912
point 34 293 201.368 134.526  -1.00871   0.70489 -0.547279 -0.802876 -0.805662   0.68276   1.02614 -0.481744   0.70377  0.534686
point 35 303 527.159 218.373   0.196023  -0.856657  -0.600024  -0.913457 -0.0686947   0.489474  -0.447996   -0.12425 -0.0551376  -0.348349
point 36 307 430.407  219.95  0.147925  0.964132 -0.269177   0.65701  0.725861  0.901211 -0.109488 -0.547998 -0.873647  0.491926
point 37 321 377.638 191.303   0.125235  -0.705652 -0.0511143  -0.975174    1.00178  0.0111435   0.306471    0.59273   0.778793   0.598453
point 38 322 362.014  175.76 -0.257685 -0.161551  0.503236 -0.703897  0.896296 -0.641324  0.955562  0.918078  0.348693  0.465336
point 39 332 288.137 208.826  -0.321305   -0.18596  -0.141784   0.326527   0.688894   0.880796   0.719435 -0.0465174  -0.758563  -0.522269
point 40 338  205.24 189.567 -0.398223  0.389089 -0.296136 -0.370691 -0.679344  0.281534  0.644787 -0.925473 -0.474814  0.970347
point 41 346  425.46 185.554  -0.507957    0.92765  -0.056901  -0.775908  -0.193273   0.480071 -0.0763344   0.903477   0.835269  -0.154434
point 42 380 230.345 218.741  0.567788  0.532194  0.688426  0.671821  0.277602  0.117611 -0.658707 -0.268057 -0.542446  0.142296
point 43 387 554.547 195.807  0.675644 -0.719601  0.587255  0.936057 -0.756619 -0.194168 0.0226703 -0.907324  0.631655  0.641493
point 44 399 307.803 225.225  0.940552  0.117097  0.400163 -0.147097 -0.191246  0.151858   0.52032 -0.613744 -0.616145  0.154231
point 45 405 426.723 183.678 -0.134411 -0.995557  0.908514  0.666233 -0.181272 0.0430285  0.331849  0.303365  0.458417  0.773292
point 46 406  374.47 208.978 -0.132061  0.890192 -0.733927 -0.487516 -0.841774  0.275468 -0.475075  0.375512  0.858142  0.415229
point 47 412 34.6758  133.04  0.495369  0.746565 -0.745727 -0.501542  0.701201 0.0208437  0.961552 -0.204349  0.874988  0.293659
point 48 423 106.629 169.655 0.00247299  -0.659388     0.6001    0.57049 0.00158036   0.825379   0.699147   0.751855  -0.879764   0.482265
point 49 428 573.307 102.076 -0.451542  0.114097  0.604997  -0.80978 -0.248453  0.520225   0.28983 -0.449514 -0.173491 0.0892092
point 50 441 608.591   22.94  0.918523  0.220552  0.693859  0.716118  0.806669 -0.147523 -0.721686  -1.03891 -0.819209  0.637849
point 51 480 255.851 218.538   0.196546   -0.91912  -0.886151  -0.212972   0.416731   0.253725  0.0355338 -0.0634859  0.0628978   0.617824
point 52 491 543.973 207.634 -0.778306  0.785816 -0.269297  0.571364 -0.524946 -0.115044  0.579215 -0.281556 -0.216989   0.67982
point 53 494 621.75 120.68   0.433862 -0.0611749   -0.32326  -0.986458  0.0314236  -0.849707   0.542743   0.320721  -0.256859  -0.948557
point 54 496 437.087  215.58   -0.935477   -0.745843    0.572375    0.284311    0.933086   0.0180846   -0.800211   -0.368853 -0.00851803    0.202037
point 55 499 438.759 210.086  0.823227 -0.427316  0.349293 -0.574008  0.106772 -0.112373 -0.054137 -0.175873  0.737792  0.322995
point 56 513 227.057 220.388 -0.357224 -0.561195  0.632144 -0.111496   -0.6046 -0.640051  0.437951  0.935733  0.673837 -0.379743
point 57 524 361.672 214.083   -0.229797    0.722915    0.275993 -0.00197293    0.999491   -0.566464   -0.255153     0.21054    0.199966   -0.757211
point 58 527  594.57 228.923  0.768628  0.405622 -0.896034  0.944914 -0.568876  -0.50575 -0.112732  0.756067  0.578386  0.692808
point 59 530 67.8373 129.589   0.954429   0.415152  -0.196994  -0.830032   0.301153  0.0736333 -0.0587961   0.235909  -0.201914   0.841824
point 60 535 137.068 186.968 -0.649319 -0.490495   0.19433   0.28422 -0.720046  0.503975 -0.909096  0.793033 -0.768708  -0.63847
point 61 539 439.962 160.137  0.875812 0.0628875 -0.934838 -0.617353  0.513809 -0.317124  0.920443 -0.684185  0.229605  0.194875
point 62 596 466.213 213.465   0.025901  -0.529824   0.421809   0.154561 -0.0542913  -0.429919   0.684532  0.0770429   0.551204   0.909534
point 63 613 447.583 74.9802  0.736981  0.895856  0.965098 -0.677718 -0.791796   0.15797 -0.241506 -0.368953 0.0598607  0.898593
point 64 614  324.72 196.382  0.455981  0.596966 -0.603384 -0.754129  0.918516 -0.309603  0.805482  0.123248  0.971729  0.145278
point 65 617 608.827 164.366 0.0418146 -0.825008  0.258683  0.166782 -0.572473 -0.899404  -0.23538  0.334112  -0.82401 -0.635177
point 66 631 564.078 226.813  -0.827728  0.0759468  -0.618401 -0.0282935   0.394165  -0.123222  -0.226936 -0.0303642  -0.046056   -0.33435
point 67 644 558.717 174.519   -0.498236   -0.109147   -0.576944 -0.00168452   -0.146034   -0.782528    0.805887   -0.898216    0.900052    0.418374
point 68 662 417.343 187.229  0.389992  -0.31301  -0.31274 -0.823891  -0.21173  0.801109   0.52118  0.960416 -0.695182  0.746938
point 69 672 78.1283 169.776  0.0905011  -0.483811  -0.410874  -0.647285 -0.0219617  -0.655817  0.0438613   0.006383   0.425482   0.936143
point 70 677 225.417 222.387   0.414258 -0.0640687  -0.344213   0.255098   0.234811   0.634553   0.127333 -0.0144962  -0.206659   0.955637
point 71 683 397.752   22.36     0.2813   0.131857   0.560261  -0.823158    0.70423   -0.71817   0.756063 -0.0754485   0.738621   -1.02159
point 72 689 593.363  91.503   0.832921  -0.509122  -0.523533 0.00883879   0.721355   0.180437  -0.775437  -0.325342   0.894684   0.854339
point 73 705 311.119 238.889 -0.0289494  -0.758298   -0.16525   0.589666  -0.996499  -0.357983   0.932658  -0.594378  -0.356389  -0.409546
point 74 725 454.244 206.707 -0.730719 -0.785404 -0.764598 -0.938295  0.274805  0.372101 -0.823855 -0.719222 -0.442936 -0.242587
point 75 726 552.479  184.43   1.00638  0.543754  0.522826 -0.726569  0.281083  0.651212 -0.822987 -0.939587 -0.852809 -0.855665
point 76 729  308.09 237.682 -0.443082  0.612627  0.451996  0.605016 -0.572913 -0.462643  0.685728 -0.978236   -0.1167 -0.584421
point 77 747 44.0862 164.419  0.314645  0.416559  0.605085  0.694452  0.112064  0.526778  -0.73358 -0.796953  0.929719  0.506911
point 78 752 626.915 175.005  0.836964  0.837687 -0.564447  -0.23629 -0.109093  0.108325  0.368733 -0.688172 -0.635657 -0.443888
point 79 756 249.708 186.616 -0.702019   0.25917  -0.83154 0.0837051  -0.19664  0.259637 -0.388665  0.529738  0.225863  0.769527
point 80 761  204.48 197.508  0.697341 -0.872424  0.141997  0.459317 -0.763637 -0.816246 0.0474211 -0.692109 -0.623636 -0.916561
point 81 781 39.6899 208.977    -0.14129   -0.802266   -0.237573   -0.168839    0.072119     1.01172 -0.00773633    0.147042   -0.784346   -0.333394
point 82 793 18.8114 87.4005 -0.633233  0.996452  0.371675 -0.237097 -0.635797  0.086154  0.124687 -0.434732  0.443477  0.126791
point 83 798 432.271 143.077 -0.494933 -0.903122  0.919061  0.587101  0.467732  0.600315  0.638353  0.922115 -0.880039 -0.573304
point 84 800 437.843 143.751   0.596065   -1.00924  -0.512738 -0.0606472   0.832061 0.00533408  0.0747845   0.806943  -0.483286  -0.442215
point 85 805 515.329 171.882  0.363285  0.782417  0.507887 -0.215071 -0.876535  0.816831  -0.24377  0.920015 -0.776981  0.219196
point 86 807 75.7671 181.253  -0.241537   0.130532   0.324814   0.953893 -0.0432448  -0.283438   0.692917   -0.47586   0.491254   0.919297
point 87 816 297.344 164.463  0.570134 -0.276499 -0.889452  0.476105   0.22854 -0.355419 -0.445861   1.01499  0.397709 -0.217798
point 88 827 62.6295 112.533 0.0628099 0.0525579 -0.204752  0.546853  0.244855 -0.807778  0.207948  0.244198 -0.120173 -0.374291
point 89 828 67.7274 219.792  0.102356 -0.572394 -0.789403 -0.130539 -0.154063  0.690067  0.739688 -0.913617  0.222201  0.626039
point 90 835  199.64 198.706   -0.319326    0.896002   -0.581508 -0.00264232   -0.988522    0.491845   -0.761873      0.7571   -0.662632   -0.398101
point 91 843 584.871 179.078 -0.379901 -0.142614 -0.123941   0.44224  0.144254 -0.961857  0.417226    0.2041  0.972693  0.974339
point 92 856 420.133 197.913 0.0257606  0.604698  0.374236 -0.607987 -0.584009 0.0373382  0.486788  0.896413  0.321339  -0.57992
point 93 858 447.673 150.729   0.476079   0.222042  -0.193533  -0.093411    0.77543   0.882184  -0.487371   0.101749  -0.714206 0.00589085
point 94 880 609.859 191.743 -0.599838 -0.482049  -0.26583  0.690116  0.524348 -0.266662 -0.358898  0.563814  0.810255  0.666851
point 95 883 570.368 220.804  -0.224488  -0.292346  -0.693295   0.981925    0.28039   0.635911   0.544356  -0.296192    0.24119 -0.0776134
point 96 893 119.546 230.558  0.0815447 0.00410038   0.296791   0.513185  -0.700783  -0.332466 -0.0785952    0.36238   0.116439   0.232044
point 97 899 340.263 176.124 -0.444447 -0.535063   0.62003 -0.751528 -0.908495 -0.222462 -0.873471 -0.907871 -0.626364  0.218454
point 98 909 281.343 206.368 -0.347595 -0.651544 -0.261315 -0.386677 0.0809134 0.0620636 -0.329826  0.200653 -0.404759 -0.155789
point 99 913 154.302 193.528 -0.790042  0.101572 -0.777764  0.528476 -0.391042 -0.785943 -0.803108 -0.150036  0.931892 -0.760237
point 100 934 280.415 152.062  0.344046 -0.615526  0.789869  0.177675 -0.976193 -0.405076 -0.770694  0.861492  0.594111 0.0192289
point 101 937 452.415 235.997 -0.453354 -0.609132 -0.481489  0.109229  0.512466 -0.241501  0.168874 -0.263596 -0.303929  0.486012
point 102 946 521.461 54.8938  0.243441  0.858702 -0.462463  -0.79899  0.532845 -0.895788 -0.262557 -0.746924 -0.406927 -0.634174
point 103 955 229.328 201.152 0.0579709  0.306797 -0.764849 -0.282302  0.455531  0.310475 -0.716166  0.187815  0.690718  0.210596
point 104 960 310.477 138.409 0.0546869 -0.720647 -0.710679  0.971783  -0.66099 -0.122824 -0.864731 -0.489511  0.587885  0.117453
point 105 967 491.547 198.712   0.198109 -0.0397314   0.388512   0.944714  0.0927028   0.346635   0.577977  -0.397632  -0.765543  -0.435193
point 106 980 426.165 206.009  0.482653 -0.205923  0.587726 -0.516288  0.532487  0.411383 -0.881319 -0.173735  0.388689 -0.648673

