seq: 54
gt_pose:  0.70563  5.82456 -2.51105
odom_pose:  1.27402  5.72355 -2.46489
point 0 5 56.8592 199.566 0.00381505   0.376298    0.09623  -0.924597  -0.140607   0.834987   0.859947   0.397885  -0.431279   0.478894
point 1 31 65.9304 194.825  -0.341495   0.803915 -0.0746439  -0.644697   0.247113  0.0472015   0.236516   0.181637  -0.564124   0.641698
point 2 52 635.512 224.514 -0.569774 -0.950878 -0.170101   0.67332  0.481669 -0.280849  0.947766 -0.919703 0.0938689 -0.635925
point 3 58 340.258 235.897  0.703472 -0.524063 -0.534513 -0.863039 0.0511235  0.766775  0.234628 0.0327521  0.635791  0.879854
point 4 63 259.354 198.424  0.223496 -0.746984 -0.799062 -0.199307 -0.767361  0.335818 -0.780676  0.768758  0.120206 -0.569304
point 5 67 454.954 221.476 -0.196751 -0.850905  0.654577  -0.26967  0.544181  0.831924  0.710614  0.614377  0.451389   0.27925
point 6 68 105.997 239.166  0.121259  0.323679 -0.906689  0.478557    0.2199  -0.71528 -0.708301 -0.625911  0.582225  0.735508
point 7 78 91.0824  214.63 -0.904835 -0.811444  0.608719  0.740666  0.967903 0.0412576 -0.382737 -0.604706 -0.325379 -0.168009
point 8 88 286.423 237.272 -0.248411 0.0492721  0.346306 -0.981356  0.251418  0.196691  0.383594 0.0535936  0.749912 -0.548434
point 9 100 435.558 183.929  0.100703  0.574388 -0.178164   0.15514 -0.113851  0.750062 -0.361742 -0.885641 -0.683377  0.485142
point 10 101 382.067 172.891     0.67576   -0.166397    0.425573   -0.728979   -0.261863     0.86314   -0.290348 -0.00767484   -0.949591    0.885775
point 11 109 97.4628 227.856  -0.495132   0.900388  -0.796068   -0.42636   0.545334 -0.0198483    0.71815   0.602365  0.0121224   0.276673
point 12 111 204.982 231.507 0.0762568   1.00464 -0.852653 -0.979316 -0.110955 -0.389382  0.926068 0.0255139  0.188353  0.476042
point 13 123 65.1826 156.646  0.187087 -0.865261  -0.20944  0.375401  0.835114  0.644388  0.198339 -0.264583   0.35018 -0.632999
point 14 166 220.512 210.361 -0.574663   0.35482 -0.556976 -0.454036 -0.724172  0.302712  -0.71054   0.11478  0.138851  -0.69886
point 15 175 163.553 161.026 -0.424039  0.600963  0.296078 -0.553364  0.670078  0.714669  0.871103  0.924595  0.609293 0.0946484
point 16 176 35.3023 191.913   -0.774233    0.847362   -0.166274 0.000565653    0.357424    -0.44743   -0.866181    0.240918    0.716062    0.093315
point 17 181 387.808 152.218  0.803763  0.569003 -0.151372 -0.163629 -0.147538  0.857765 -0.017573  0.996256  0.609373 -0.285672
point 18 184  7.8518 213.187 -0.196174  0.494897 -0.389065 0.0537453 -0.614275 -0.281067 0.0656247 -0.384318 -0.372347  0.303077
point 19 186  254.06 157.003 -0.361038 -0.361033  0.331727  0.448642  0.919157 -0.882894  -0.10559 -0.476456 0.0840472  0.357383
point 20 189 546.437 196.067    0.897883 -0.00693076   -0.966019     -0.8085   -0.106009     0.87901    0.739458   -0.414598    -0.36997    0.149109
point 21 193 577.73 182.47  0.969144  -0.75547   1.01967  0.835418  0.489787 -0.932557  0.935907  0.620457  0.848719 -0.102825
point 22 200 76.9299 180.073 -0.442682 -0.779082  0.612694  0.310504  0.256429  0.597008 -0.114451  0.937233   1.00504  -0.10025
point 23 208 471.912  183.21  -0.90517 -0.270139 -0.910646 -0.147301 -0.258533  0.831303  0.973765 -0.627925  0.719333 -0.817822
point 24 209 377.584 233.286 -0.206092  0.179541 -0.356646  0.366646 -0.884025 -0.272983  0.641714 -0.855149 -0.349834 -0.685367
point 25 216 152.284 203.657 -0.640798 -0.896344  0.828684 -0.766922 -0.603548 -0.812762 -0.313242 -0.278483 0.0347674  0.840955
point 26 230 589.001 196.141  0.558065  0.163544   0.58629  0.146655  0.166144   0.10197  0.243293 -0.856822  -1.00594  0.292103
point 27 233 272.033 232.523  -0.17172 -0.434649  0.162797  0.298303  0.330284 -0.140381 -0.951095  0.153222 -0.875114  0.371424
point 28 245 153.438 200.467 -0.620571  -0.39999  0.418939 -0.672252 -0.512984  0.382381  0.901365 -0.700323  0.205776   0.79702
point 29 251 193.585 230.583 0.00936679  -0.573971   0.157404   -0.82904  -0.449306   -0.13759    -0.5198   0.269561 -0.0629283   0.329673
point 30 262 145.343 191.062 0.0942534  0.321908 -0.340082 -0.568236  0.991529  0.999944 -0.947905 -0.384972  0.358582 -0.430503
point 31 271 476.235 190.302  0.779253  0.488452  0.976929  0.665106 -0.706415   0.97078  0.474486  0.876444  0.830478 0.0282861
point 32 281 417.074 225.354  -0.84799  0.323857 -0.233453 0.0942385  0.585526   0.32153  0.659051 -0.161425 -0.476661 -0.467461
point 33 285 434.392 101.071 -0.564851 -0.205597 -0.528714  0.986816  0.955602  0.783316  0.270371  0.643327 -0.378047  0.388665
point 34 293 506.347 161.669 -0.921608  0.683378  -0.54572 -0.813339 -0.796965  0.737211  0.955285 -0.407405  0.782733  0.469637
point 35 303 130.017 205.177   0.176034  -0.815275  -0.603099  -0.881858  -0.103182   0.587408   -0.44083  -0.080832 0.00477317  -0.367808
point 36 307 338.809 226.307   0.150531   0.971154  -0.203791   0.579883   0.697157   0.855812 -0.0877298  -0.496767  -0.888813   0.442572
point 37 321 370.785 145.302   0.149219  -0.733714 -0.0219795  -0.949631   0.963252   0.048975   0.286464   0.583345   0.790963    0.55741
point 38 322 393.235 157.115 -0.232118  -0.16937  0.503576 -0.781406  0.920076 -0.675472  0.875987  0.949023  0.357964  0.545672
point 39 332 510.983 191.864  -0.309819  -0.174083 -0.0544263   0.303399   0.723643   0.839448   0.750909 0.00998984  -0.748679  -0.505961
point 40 346 277.819 134.622  -0.581776   0.948635  0.0114455  -0.784201  -0.210342   0.499234 -0.0576839   0.940633   0.790859  -0.143149
point 41 352 167.554 216.246  0.586758   0.31292  0.360906 -0.732507  0.538252  0.655867 -0.618465  0.527581 -0.183378  0.814624
point 42 364 74.6551 215.903  0.0674472   0.776297   0.685438  -0.668409   0.929961  -0.538704  -0.591017  -0.914169  0.0665641 -0.0522245
point 43 380 613.894 205.227  0.640526  0.459308  0.673995  0.733395  0.304395 0.0976795 -0.718519 -0.244954  -0.55385  0.133555
point 44 387 136.606 181.264  0.710286 -0.751671    0.5573  0.969069 -0.745405  -0.15925 0.0884908 -0.976088  0.677639  0.725256
point 45 399 421.489  230.23  0.920616 0.0960777  0.388278 -0.118557 -0.263538 0.0802664  0.541253 -0.658329 -0.680272  0.125784
point 46 405 280.411  136.39 -0.128413 -0.986947   0.90718    0.6578 -0.211087 0.0684875  0.303484  0.313738   0.50698  0.733524
point 47 406 376.954 175.966 -0.130429  0.873397 -0.705765  -0.51584 -0.825557  0.214844 -0.468482  0.357549  0.828754  0.367807
point 48 412 597.525 170.974  0.561169  0.797241 -0.714168 -0.547628  0.680418 0.0801093  0.943875   -0.2042  0.789669  0.311854
point 49 425 48.5084 239.954  -0.43998 -0.361428  0.375697 -0.480511 -0.527668 -0.641414 -0.163464 -0.898274  0.846868   0.87192
point 50 453 534.532 231.505  -0.418158   0.294943 -0.0373351  0.0851802   0.337291  -0.547161  -0.844327  -0.288454   0.555121   0.230538
point 51 478 443.349  150.32  0.152773 -0.744529  0.454716  0.836402 -0.437104 -0.422514  0.226668  0.124384 -0.444803  0.839699
point 52 480 518.658 214.509  0.242624 -0.935112 -0.920125 -0.240088  0.371106  0.331998  0.105409 -0.113284  0.125052  0.695062
point 53 491 103.392 187.996 -0.783715  0.792084 -0.283063  0.593548 -0.446402 -0.148139  0.545209  -0.29136 -0.262819   0.77166
point 54 495 75.5992 80.1675   0.240115   0.708124  -0.141939   0.459543  -0.456189  -0.659145    1.02753   -0.63237 -0.0457289   0.160696
point 55 499 262.383 186.919    0.89108  -0.428395   0.377966  -0.591985    0.17018 -0.0826778 -0.0557907  -0.217709   0.719158   0.313689
point 56 506  26.138 162.401    0.0309697     0.309298 -0.000882763    -0.628402    -0.965481    -0.622909    -0.687694    -0.560927      0.70602     0.479839
point 57 513 470.298 227.673 -0.364165 -0.565846  0.656472 -0.134951  -0.60385 -0.650309  0.443543   0.95404   0.65966 -0.417222
point 58 514 199.515 199.314  0.392252 -0.790519 -0.844863 -0.421598 -0.945002 -0.514486  0.599792  0.781011  0.180731  0.156463
point 59 524 384.463 225.387 -0.225686  0.709172  0.340964  0.041486   0.92042 -0.553784 -0.240449  0.194994  0.201467 -0.782535
point 60 534 575.754 175.389  0.318729  0.425945 -0.284689 -0.931611 -0.085725 -0.095853  0.409907 -0.330297  -0.22454   0.11294
point 61 539 310.032  158.56  0.876848 0.0387508 -0.915624 -0.653978  0.530719   -0.3647  0.909565 -0.696533  0.213584  0.267907
point 62 541 180.843 234.012  0.374884 -0.843954  0.803344 -0.307381 -0.612054  0.670052  0.782582 -0.636131  -1.01768  0.267245
point 63 544 334.196 180.588  -0.113618  -0.254037   0.685686  -0.111316  -0.704377   0.979728  -0.947853   0.309668  -0.394867 -0.0521882
point 64 561 544.324 201.467 -0.896666 -0.301512  0.754503 -0.148437 -0.952743 -0.743983 -0.130489 -0.947904 -0.353168  0.733891
point 65 568 100.989 218.999 -0.983059  -0.64273  0.939708 -0.657224  0.429137  0.580782 -0.948523 -0.828189 -0.787746  0.164311
point 66 578 28.1088 143.735 -0.0570992  -0.223872  -0.270717   0.233109  -0.764031   0.490769    0.12599  -0.928931 -0.0802324   0.198581
point 67 596 221.519 195.237  0.0988086  -0.525871   0.458124   0.120467 -0.0407967  -0.388457   0.704273  0.0429358   0.557783   0.915138
point 68 599 168.005 170.251  -0.454223   0.264966   0.650228   0.122448    0.10177    1.01989  -0.180361 -0.0743653   -0.13395   0.499148
point 69 610 194.431  172.93 -0.204611 -0.230193  0.752582  0.628153  0.479183  0.493185  0.651993   -0.5799  0.179193 -0.489679
point 70 614 449.079 177.156  0.477344  0.644374 -0.676706 -0.744526   1.00444  -0.30962    0.7336  0.168745   1.03372  0.147979
point 71 616 533.194 211.207    0.811242    0.592386    0.567376    0.382796    -1.01365   0.0201855  0.00543285   -0.640959    0.264127 -0.00468081
point 72 617  83.956 145.842  0.041258 -0.868039  0.212079  0.116544 -0.581236 -0.896034   -0.2312  0.310081 -0.783281 -0.582111
point 73 622 154.917 42.1807 -0.435265 -0.968469  0.445444  -0.06733 -0.946383  0.010038  0.636624  0.949842 -0.251859 -0.694409
point 74 644 154.595 161.295  -0.522906  -0.109968  -0.586102 -0.0179461  -0.126134  -0.782477   0.815026  -0.936025   0.906383   0.465545
point 75 661 45.1499 167.636  0.329186 -0.549054  0.462442  0.440494  0.108913 0.0856147 -0.884549 -0.724564  0.228439  0.422105
point 76 662 355.777 213.727  0.349523 -0.334435 -0.392529 -0.863006  -0.23628  0.885127  0.539766   0.95833 -0.690357  0.748179
point 77 669 153.476 197.447  0.468462  0.626604 -0.736324 -0.460066  0.185968 -0.680896 -0.116689  0.975082 -0.236841 -0.288298
point 78 672 620.794 182.541   0.115284  -0.456014  -0.465305  -0.625098 -0.0658441  -0.644981  0.0489409 -0.0431881   0.398148   0.887935
point 79 677 543.016 220.489   0.403763 0.00807526  -0.345387   0.322158   0.165511   0.629349    0.14069  -0.050006  -0.264316    0.98086
point 80 691 165.739 205.815  0.557318  0.975043  0.240551 -0.231805 -0.863406 0.0617821  0.333176 -0.456457 -0.881518 0.0111789
point 81 695 55.7083 218.568    0.763555   -0.199083    0.380541   -0.386263    0.441337   0.0163097    0.933771 -0.00948633    0.476608    0.763014
point 82 705 452.345 238.687 -0.0816612  -0.709856 -0.0952629    0.53578  -0.980996  -0.357296   0.873569   -0.56552  -0.391212  -0.426293
point 83 725  297.63 206.975 -0.776638 -0.725643  -0.70318 -0.964396  0.269621  0.423925   -0.8744  -0.76974 -0.432415 -0.249684
point 84 726 236.268 196.221  0.980461  0.523047  0.583959 -0.700103  0.274716  0.602763 -0.788013 -0.920777 -0.905762 -0.861754
point 85 752 47.6935 155.595  0.783633  0.806953 -0.564454 -0.226768 -0.113998 0.0757417  0.300534 -0.662922 -0.677494 -0.438966
point 86 756 531.139 174.399 -0.684836  0.251764 -0.795708  0.118512 -0.130236  0.190292 -0.455788  0.488761  0.241279  0.735726
point 87 761 461.214 219.105  0.656364 -0.894095  0.137907  0.461463 -0.768318 -0.827324 0.0756962 -0.608698 -0.655956 -0.843892
point 88 776 94.1814 167.454   0.896634 -0.0852776  -0.172283  -0.540557   0.723734  -0.871979   0.420032  -0.457463   0.813945  -0.809258
point 89 781 621.013 217.512 -0.0787748    -0.8352  -0.244072  -0.147713   0.080159   0.989402  0.0525992  0.0969808  -0.802542  -0.405117
point 90 794 53.5284 211.301 -0.439537  0.402074  -0.34765 -0.594503 0.0262463  0.688127  0.452344 -0.542861  0.174354  0.530616
point 91 797 10.0768 192.681  -0.680806  -0.703009   0.735341  0.0449541  -0.197043  -0.544598 -0.0532871   0.535682 -0.0716286  -0.335342
point 92 798 338.396 175.249 -0.442532 -0.830091  0.966504  0.553205  0.476263   0.57133  0.632854  0.873228 -0.907597  -0.58626
point 93 800 335.609 177.137   0.546322   -0.94699  -0.576101 -0.0806084   0.851782 0.00974828  0.0417099   0.745441   -0.44136  -0.496324
point 94 805 171.368 140.999  0.400673  0.778635  0.518732 -0.182027 -0.814908  0.820972 -0.231664  0.898619 -0.793349  0.181098
point 95 816 472.911 146.603  0.630238  -0.29626 -0.815695  0.405927  0.284738 -0.393528  -0.43828   1.02484  0.408071 -0.282519
point 96 827 534.436 176.042  0.108103 0.0396681 -0.153892  0.489587  0.267263 -0.808563   0.22213   0.29978  -0.08708 -0.353941
point 97 828 605.601 225.023  0.135969 -0.592315 -0.883129 -0.109213 -0.169064  0.724158  0.676884 -0.926366  0.213742  0.661017
point 98 832  359.64 118.028  0.659668  0.927394 -0.338069  0.637883  0.713297 -0.529419 -0.692794  0.757014 -0.830892 -0.833442
point 99 835 567.134 195.332   -0.34539   0.850798  -0.579389 -0.0470516   -1.01341   0.518837  -0.704907   0.756949  -0.643843  -0.401262
point 100 841 69.7237 178.236   0.16735  0.905838 -0.956122  0.933687 -0.358687 0.0631645 -0.297226 -0.166406  0.236673  0.529302
point 101 847 411.754 30.2003  0.120018  0.527565  0.319168  0.924515   -0.7919 -0.740755 -0.346343 -0.843304 -0.820259  0.210611
point 102 854   260.6 210.471    0.631385    0.158448    0.429357   -0.810733  -0.0850858    0.957212 -0.00169102   -0.122672    0.226711    0.940725
point 103 856 314.492 182.592  0.060711  0.692631   0.45028 -0.566812 -0.534795 0.0503204  0.492896  0.815145  0.273868 -0.563454
point 104 858 296.294 141.899  0.458432   0.18086 -0.139932 -0.160919  0.700272  0.896959 -0.469403  0.159664 -0.749519 0.0352409
point 105 876 138.635 153.587    0.421289   -0.705108    0.913417   -0.245196 0.000672219    -0.98483   -0.973406    0.292899    0.931075    0.320939
point 106 880 131.816 189.946 -0.612402 -0.479579 -0.257415  0.640124  0.587288 -0.264072 -0.284072  0.642569  0.792017  0.641204
point 107 881 57.4618 159.087  0.340609   0.60237  0.413888  0.602506  0.373233 -0.780764  0.185009 -0.741214 -0.427841 -0.533696
point 108 883 152.913 218.134    -0.19093   -0.218617   -0.682962    0.965835    0.222085    0.548083    0.624545   -0.325001     0.16197 0.000225377
point 109 893 544.166 233.845  0.0672655  0.0514645   0.319532   0.547369  -0.689262   -0.32395 -0.0959388   0.440342   0.109111   0.258726
point 110 899 410.025 178.893 -0.486838 -0.531152  0.597548 -0.700385 -0.851973 -0.223435 -0.870184 -0.944788 -0.656205  0.314107
point 111 908 141.615 163.633 -0.949087 -0.879891  0.980849 -0.676375 -0.705531   1.02971  0.614337 -0.809428 -0.584703  0.277413
point 112 909  564.51 172.588   -0.325399   -0.694112   -0.248486    -0.46432   0.0490041 -0.00448282   -0.332727    0.155213   -0.362294   -0.177923
point 113 913 519.714 210.061 -0.812164 0.0444993 -0.768745  0.522938 -0.414068  -0.77901 -0.847716 -0.140992  0.934915 -0.767382
point 114 929 14.1482 143.356 -0.855823 -0.313742 -0.255474  0.192597  0.181275  0.657091 0.0504693 -0.170495  0.081277   0.19711
point 115 934 481.125 143.219  0.340392 -0.551287  0.792935  0.202855 -0.928246 -0.390596 -0.751805    0.8359  0.599584  0.094798
point 116 937 235.363  232.76 -0.443266 -0.649242 -0.473547 0.0763661   0.52078 -0.290666  0.100077 -0.279705 -0.274318  0.508421
point 117 942  41.991 221.488 -0.751615 -0.360013  0.651414 -0.516748   0.21368 -0.186916 -0.724584 -0.952256  0.976793  0.446369
point 118 944  171.47 190.173   0.492855  -0.448785  -0.287398  -0.506347   0.712077 -0.0712452   0.104803     0.3232   0.500851   -0.61122
point 119 955 465.537 216.469 0.0712954  0.364451 -0.694277 -0.264346  0.430101  0.298932 -0.707361  0.203623  0.701998   0.22546
point 120 967 160.827 164.127   0.164944 -0.0979157   0.458826   0.980468    0.11369   0.295239   0.557898  -0.330984  -0.718848  -0.481056
point 121 980 338.119 214.438  0.498704 -0.177555  0.512425 -0.486595  0.545595  0.431824 -0.890037 -0.261407  0.323762 -0.621395

