seq: 167
gt_pose:  -4.25109   3.60114 0.0628489
odom_pose: -4.15374  2.51204 0.138412
point 0 1 120.779 175.595  0.280796  0.443713 -0.728508  0.258998 -0.921488 -0.503816 -0.682834  0.644937 -0.690482 -0.209984
point 1 5 578.755 197.931 -0.0111392   0.349033  0.0725172   -0.88768  -0.120131   0.819875   0.829718   0.457746   -0.44606   0.522281
point 2 23 637.234 175.519  0.867981   0.72126 0.0423888   0.10452  -0.70812 -0.419143  0.681061 -0.030528 -0.046309  0.664958
point 3 31 399.479 218.069   -0.39272   0.763186 -0.0206383  -0.623363   0.200258  0.0735971   0.235257   0.165894  -0.524001   0.703183
point 4 58 430.224 198.384  0.707629 -0.477103 -0.480393 -0.882596 0.0349999  0.741371   0.19996 0.0863992  0.670248  0.930405
point 5 63 366.932 193.079   0.22053 -0.713767 -0.801676 -0.228359 -0.697686  0.271916   -0.7724  0.791671  0.151734 -0.603225
point 6 68 378.379 239.598  0.205003  0.379226 -0.930259  0.535461  0.221953 -0.680411 -0.716444 -0.638258   0.51991  0.642922
point 7 76 180.973 160.381   0.387324  -0.162747  -0.586179   0.696636  -0.642927   0.330367  -0.319887  -0.330817  0.0224328 -0.0755253
point 8 78 560.022 211.912  -0.861786   -0.78441   0.604986   0.781101   0.965884 0.00719952  -0.406204  -0.598449  -0.236524  -0.159949
point 9 88 510.947 230.438  -0.276074  0.0460311   0.435797  -0.936889   0.316062   0.259094   0.406088 0.00184037   0.830809  -0.483377
point 10 92 624.708 188.029  0.139036  0.705478 0.0402093  0.986435  0.331797  0.297188  0.945828  0.604099 -0.187713 0.0143373
point 11 101 167.915 26.2717   0.602177  -0.191909   0.345199  -0.706295  -0.246941   0.880747  -0.301722 -0.0162198  -0.925726   0.863256
point 12 109 493.286 229.203    -0.495617      0.89659    -0.821828    -0.437354     0.486002   -0.0809645      0.76956     0.565527 -0.000747032      0.30898
point 13 111 477.564 227.948  0.104475  0.985533 -0.839572  -0.93932 -0.143821 -0.341527  0.905007 0.0552403  0.199575   0.48642
point 14 123 533.169 163.221  0.109406 -0.827622 -0.224574  0.317345  0.895437  0.644176  0.257891 -0.215633  0.341423 -0.649582
point 15 145 19.1483 237.059  0.539026  0.468651 -0.899459  0.624893  0.376639   0.73313  0.563996  -0.19993  0.621997  0.503426
point 16 156 393.712 207.219   0.294944   0.503146  -0.664934   0.381177  -0.832499   0.931752   0.123485  -0.717832  -0.897366 -0.0992501
point 17 166 599.753 167.862 -0.618451  0.379889 -0.554572 -0.516662 -0.627686  0.300951 -0.749981  0.127753  0.154352 -0.659927
point 18 173 154.209 170.874 -0.535198  0.522735 -0.727266  0.845547  0.206439  0.169444  0.561916 -0.830006  0.192623 -0.302425
point 19 175  447.05 163.804 -0.355076   0.54188  0.281276 -0.583574  0.762021  0.678091  0.943489  0.914723  0.596376  0.143456
point 20 176 414.317 216.762  -0.714369   0.809091  -0.130892 -0.0258307   0.365103  -0.445106  -0.914517   0.264546    0.66978   0.156293
point 21 181 225.027 168.334  0.746862  0.596539 -0.185215 -0.110909 -0.158934  0.765819 0.0304983  0.969432  0.611202 -0.304342
point 22 186  410.07 117.995  -0.390786  -0.434951   0.341246   0.458861   0.911242  -0.911354 -0.0354232  -0.502669   0.141658   0.337181
point 23 189 145.399 216.556   0.909125 -0.0363702  -0.920377  -0.834735  -0.120094   0.827869   0.672232  -0.415089  -0.357336   0.153865
point 24 192 20.9101   146.7   0.495387   0.109735   0.456496   0.236002   -0.78175  -0.139679 -0.0720981   0.119689  -0.380005  -0.538841
point 25 200 530.144 183.102  -0.495907  -0.748088   0.685777   0.366798   0.197642   0.562176 -0.0866166   0.848612   0.943994  -0.114806
point 26 205 120.963 199.563 -0.806492 -0.268463  -0.15022 -0.766848  0.533514  0.111807  0.215909 -0.715609  0.406642   0.12249
point 27 209 186.239 219.665 -0.244599  0.149574 -0.342989  0.369232  -0.87965 -0.315551  0.575052  -0.86666 -0.286007 -0.691287
point 28 216 584.793 183.547 -0.705307 -0.885741  0.853758 -0.758348 -0.536652 -0.846475 -0.339499 -0.283752 0.0124337  0.853654
point 29 226 275.342 162.696 -0.0307473   0.461155   0.565387   0.602804   0.967212   0.486681  -0.948483  -0.809406  -0.066477    0.40341
point 30 229 224.061 202.573  0.942782 0.0254502  0.270506 -0.703038  0.986221  0.197122  0.514554 -0.355651  0.155511 0.0963691
point 31 233 403.163 227.266  -0.12482 -0.466591   0.17263  0.268863   0.33399 -0.198334  -0.88088  0.132413 -0.886312   0.39005
point 32 245 546.008 185.426 -0.613088 -0.345576  0.394576 -0.721894 -0.509917  0.445204  0.906335 -0.627777  0.215212  0.767822
point 33 251 468.364 228.074  0.0616664  -0.505611   0.158458  -0.834283  -0.413732 -0.0611332  -0.501299    0.22934 -0.0965767   0.379842
point 34 262 574.292 168.788 0.0320001   0.33516 -0.321856 -0.520656  0.975341  0.921875 -0.958278 -0.330945  0.359705 -0.352074
point 35 275 203.324 173.598   0.896365 -0.0460933   0.498184  -0.779062  0.0137273    0.10025  -0.299626   0.431569  -0.529638  -0.172321
point 36 285 143.723 55.5383 -0.485755 -0.131124 -0.561644  0.977283  0.930428  0.813321  0.279882  0.612442 -0.424363  0.458233
point 37 303 424.801 214.619   0.137369  -0.827996  -0.595198   -0.89946  -0.121919   0.501786  -0.400788 -0.0877094 0.00979753  -0.351175
point 38 307 363.566 159.769  0.112846  0.906425 -0.239144   0.57963  0.745955  0.849897 -0.110032 -0.513226 -0.826813  0.453377
point 39 321 234.968  132.18  0.131175 -0.670966 -0.056775 -0.927739  0.914527 0.0047744  0.282731  0.541387  0.827514  0.579471
point 40 322 155.818 31.1132 -0.287013 -0.171484  0.512915   -0.7284  0.900359 -0.684869  0.943371  0.969349  0.341689   0.51808
point 41 333 51.5176 191.731    -0.7663    0.50515   0.195157   0.151489   -0.71426   0.808246   0.945285 -0.0621854  -0.109823  -0.154597
point 42 337 25.2004 206.666 -0.159558 -0.208016  0.266759 -0.435998 -0.408091  0.509065 -0.218875  0.422503  0.772596   0.41041
point 43 346 323.876 147.979  -0.547399   0.968414   0.011301  -0.805671  -0.177012   0.552337 -0.0496427   0.907547   0.858805  -0.134747
point 44 352 567.316 202.219  0.589054  0.378668  0.422815 -0.707141  0.619056    0.6837 -0.623492  0.550821 -0.104777   0.86322
point 45 364 556.977 215.121    0.133317    0.754195    0.679119   -0.580621     0.93016   -0.541404   -0.611554   -0.893837   0.0560194 -0.00181902
point 46 377 153.081 228.303   0.523938  -0.998399   0.160847  -0.483458   -0.76923   0.824566  -0.349363   -1.03491 -0.0170265   0.745322
point 47 382 617.429 210.002  -0.67791  0.889844  0.964835 -0.941208  0.137796  0.552633  0.499896 -0.247747  0.293737 -0.137557
point 48 387 448.149 189.977  0.651202 -0.684807  0.496919  0.973672 -0.740728 -0.167531 0.0805337 -0.928793  0.588336  0.724177
point 49 402 203.047 217.526   0.285999  -0.303324  -0.018589    1.00831   0.427986  0.0133052 -0.0916522   0.411353   0.956201  -0.317514
point 50 404 152.061 146.482 -0.00248996   -0.880171    0.182134   -0.419488   -0.169565   -0.558378    0.363968    0.821692   -0.556296    -0.17082
point 51 405 325.968 143.768 -0.159555 -0.981219  0.878752  0.657406 -0.125328 0.0355509  0.391401  0.350057  0.458055  0.700391
point 52 406 229.071 171.598 -0.159065  0.898187 -0.734319 -0.564719 -0.886994  0.233221 -0.478104  0.363159  0.822609  0.376565
point 53 425 523.622 239.961  -0.447886  -0.406492   0.365719  -0.442162  -0.553611  -0.617877 -0.0899567  -0.933639   0.870986   0.810367
point 54 453 24.0313  229.62  -0.396588   0.342912 -0.0930317  0.0305484   0.348731  -0.592399  -0.870483  -0.221824   0.512384   0.280152
point 55 475 622.226 227.423   -0.968106    0.123177 -0.00353761    0.609918   -0.272177   -0.380183   -0.141013  -0.0539807   -0.757439   -0.296157
point 56 477 116.104 139.753  0.919996 -0.671862 0.0752769 -0.441105  0.167889   0.04806  0.736949  -0.80109  -0.32083 -0.649644
point 57 478 207.113 196.158  0.140504 -0.753557  0.521159   0.81149  -0.43904 -0.407741  0.268642  0.161097 -0.441468  0.883672
point 58 491 434.976 204.085 -0.842164  0.859694 -0.292788  0.545812 -0.462607 -0.130756   0.54675 -0.273002  -0.22795  0.728089
point 59 495 375.679 172.636   0.186889   0.669236  -0.158477   0.455348  -0.473999  -0.670992     1.0048  -0.606983 -0.0755753  0.0947493
point 60 499 342.544  191.22   0.881158  -0.399424   0.365017  -0.646866   0.140514 -0.0748456 -0.0656741  -0.237709   0.682619   0.326676
point 61 506 374.683 212.405  0.0252586    0.31431 -0.0202862  -0.543837  -0.908205  -0.658517  -0.685747   -0.60211    0.68877   0.516655
point 62 508 620.396 184.694   0.58075  0.559666 -0.160612 -0.168922 -0.749788  0.850086 -0.835814  0.184174 -0.694087 -0.736209
point 63 514 603.285 153.302  0.428903 -0.794936 -0.858878 -0.497897   -0.9043 -0.558167  0.631326   0.81183   0.11705  0.151457
point 64 520 231.768 183.076 -0.316108 -0.877592  0.394236  0.410525  0.849494  0.437159  0.380277   0.18075   0.24297 -0.223517
point 65 529 632.809 192.866    0.44474  -0.413102  0.0441684  -0.330029   0.634459 -0.0873604   -0.82896   0.809284   -0.20361  -0.358922
point 66 539 356.482 66.3584  0.850773  0.104395 -0.982552 -0.694068  0.520065 -0.290926  0.925794 -0.675653  0.218176  0.220455
point 67 541 562.346 229.918  0.390759 -0.795556    0.8865 -0.291501 -0.639253  0.668381  0.755743 -0.574537  -1.00223  0.256504
point 68 544 272.297 188.054 -0.0804799  -0.284652   0.706289  -0.177111  -0.683127    1.03038  -0.887252   0.362901  -0.427302 -0.0625933
point 69 561 109.263 212.111 -0.905944 -0.360023  0.809742 -0.124643 -0.951343 -0.699398 -0.132922 -0.930275 -0.387703  0.736051
point 70 568 586.109 213.809  -1.01288 -0.661391  0.990267 -0.603891  0.426357  0.504141 -0.996862 -0.857808 -0.702793  0.131421
point 71 578 355.175 211.008 0.00254047  -0.205781  -0.334221   0.213352  -0.711735   0.548514   0.056886  -0.916034 -0.0692535   0.197042
point 72 585 127.377 211.472  -0.899662   0.593836 -0.0755895    0.81546   0.299258   0.374059  -0.530424  -0.693922   0.292896   -0.90896
point 73 596 374.628 201.158 0.0411922 -0.452684  0.456071  0.182556  -0.01462  -0.43906   0.64091 0.0277118  0.583146  0.954371
point 74 599 335.489  210.38  -0.424096   0.221225   0.717588   0.142256  0.0511634   0.984269  -0.157367 -0.0660248  -0.132909   0.491921
point 75 610 585.039 108.722 -0.185808 -0.237035  0.707132  0.677444  0.413156   0.39803  0.691521 -0.662388  0.155738 -0.425739
point 76 616 35.6872 206.368    0.808939    0.574343    0.522772    0.429615   -0.955918  -0.0419294 -0.00140831   -0.584085    0.236163  0.00519933
point 77 617 475.846 166.159 0.0822228 -0.794742  0.298321  0.159691 -0.570183  -0.95319 -0.233575  0.316636 -0.852938 -0.617111
point 78 622 338.423 158.692  -0.422229  -0.952167   0.480312 -0.0461128   -1.00417 -0.0274949   0.691516   0.859314  -0.259477  -0.682781
point 79 644 455.283  164.37  -0.487195  -0.119888  -0.592517 -0.0268394  -0.189237  -0.731156   0.844018  -0.905969   0.914577   0.466573
point 80 661 497.588 185.498  0.269123 -0.499894  0.436766  0.366671  0.101219  0.170992 -0.915528 -0.734633  0.220372   0.42147
point 81 669 269.704 236.335  0.447103  0.615554 -0.740915 -0.421622  0.231865  -0.65861 -0.114126  0.986183 -0.234592 -0.352483
point 82 674 92.4019 230.635  0.832285 -0.800727  0.435731  0.725817 -0.420795 -0.436955 -0.722531  0.106874 -0.121639  0.225213
point 83 691 593.655 181.654  0.622665   1.01442   0.18261 -0.228464  -0.86899 0.0959444   0.29766 -0.416836   -0.9656 0.0690143
point 84 695 567.704 218.536   0.777667  -0.240234   0.309901  -0.460629   0.432278 -0.0808941   0.941646  0.0200622   0.567505   0.785938
point 85 725 379.098 172.289  -0.76859 -0.791587 -0.737718 -0.958414  0.288445  0.437715 -0.889944 -0.796666 -0.415662 -0.212031
point 86 726 486.694 158.633  0.945341  0.552035   0.53092 -0.700503  0.270047  0.607719 -0.734051 -0.938004 -0.861561 -0.894674
point 87 752 480.415 180.376  0.859998  0.828878 -0.531207 -0.244311 -0.111641  0.101294  0.283711  -0.62662 -0.615623 -0.419888
point 88 776 559.607 158.845  0.946198 -0.119531 -0.194435  -0.55026  0.682634 -0.820933  0.364334 -0.408814  0.841465 -0.801592
point 89 780 201.298 239.496  -1.00583 -0.244413 -0.351023  0.159445  0.981997  0.572809  0.455217 -0.814138  0.305678  0.996025
point 90 794 520.662 215.708 -0.394683  0.464662 -0.319442 -0.684079 0.0626309  0.656682  0.494434 -0.461233  0.112382  0.512628
point 91 805 420.431 153.999  0.388434  0.727006  0.496656 -0.141369 -0.862253  0.794602 -0.171004  0.916858 -0.797682  0.247657
point 92 819 639.635 205.741  -0.492897   0.439851  -0.702705    0.71919   0.932862 -0.0134228   0.314921   0.761701  -0.461801 -0.0809309
point 93 826 135.782 194.563   0.506181  -0.177756   0.207771    0.58146     0.9834  -0.473349 -0.0203423  -0.725683   0.816189   0.631698
point 94 830 43.2973 171.374   0.831926   -0.32832   -0.90998   0.706574   0.844536   0.125614  -0.926214   0.990302  -0.890102 -0.0250834
point 95 832  249.34 149.864  0.643393  0.977437 -0.383159  0.630031  0.745911 -0.492966 -0.670365  0.807352 -0.832036 -0.836816
point 96 841 530.387 182.779  0.119789  0.913028 -0.894285  0.919435 -0.384364 0.0987967 -0.286308 -0.170611  0.199655  0.498293
point 97 847 242.172 206.511  0.110739  0.484413  0.352472  0.908422  -0.81048 -0.773511 -0.390916 -0.891276 -0.803127  0.216611
point 98 854 326.125  218.16   0.652894   0.179366   0.382248  -0.721215  -0.159857   0.949068 -0.0312965  -0.102334   0.258102   0.972445
point 99 856   317.5 154.904 0.0208421  0.676461  0.389189 -0.644844 -0.565216 0.0635528  0.550497  0.895642  0.282896 -0.542871
point 100 858 365.192 64.6939   0.507919   0.180608  -0.162501 -0.0781278   0.683927    0.85581  -0.419368  0.0987472  -0.738639 0.00240711
point 101 862 627.663 196.391 -0.782768 -0.348286 -0.721774 -0.246701  0.598732 -0.497255 -0.120569  0.406951 -0.980015 0.0954081
point 102 869 43.3811 231.673  0.447399  0.794562 -0.747651 -0.599038 0.0654944 -0.721238  0.579741 -0.875755  0.865393  -0.91085
point 103 876 511.798 141.703  0.446014 -0.669181  0.882829 -0.256152  0.019387 -0.987152 -0.952563   0.32013  0.888554   0.27567
point 104 877 244.365 193.575 -0.656314  0.864114  0.759525 -0.959425 -0.123567 -0.943771    0.8118 -0.579235  0.445848  0.418488
point 105 880 486.783 190.088 -0.582359   -0.5078 -0.309187   0.64888  0.563866 -0.274726 -0.337858  0.577588  0.842006  0.626861
point 106 881 397.852  202.25  0.335804  0.614328  0.438607  0.562621  0.390822  -0.84914  0.196967 -0.813201 -0.440162 -0.524118
point 107 883 464.137 218.257  -0.234809  -0.278478   -0.74146   0.919764   0.285165   0.636066   0.530991  -0.298557   0.234325 0.00103008
point 108 908 574.185 130.835  -1.03206 -0.923139  0.951721  -0.73609 -0.655199  0.954156  0.566373 -0.811354 -0.571633  0.211969
point 109 929 410.852  197.11 -0.832143  -0.32846 -0.250008  0.209606  0.192799  0.675959 0.0837751 -0.192177 0.0770262  0.230132
point 110 936 636.168 142.885  0.041762 -0.378446 -0.462398 -0.310104 -0.427333  0.948113  0.101706 -0.680189 0.0986389  0.110564
point 111 937 358.625 233.911 -0.458808 -0.617085 -0.483638 0.0440278  0.529281  -0.20569  0.139192 -0.198089 -0.302228  0.551666
point 112 942 508.306 225.597 -0.819144 -0.264244  0.579942  -0.47881  0.226459 -0.246864 -0.667779 -0.906171  0.995163  0.398924
point 113 944 557.312 161.639   0.571962  -0.534491  -0.227995  -0.517291    0.72881 -0.0102402   0.146673   0.320688   0.491034   -0.67395
point 114 953  188.09 155.244  0.0785131   0.565736   0.783676  -0.575266 -0.0783321 -0.0794123  -0.425472   0.745546  -0.701542    0.82137
point 115 966 57.5883 205.073   0.684003   0.319585  0.0677479   0.543702   0.788887 -0.0513003  -0.731654 -0.0169495   0.713574  -0.618591
point 116 967  395.57 186.799   0.24149 -0.112598  0.393112   0.98227 0.0645674  0.284857  0.573199 -0.336828 -0.726719 -0.435996
point 117 978 617.894 199.199  0.883866  0.680583  0.226113  0.938906 -0.827248  0.331979   0.15627  0.383957 -0.600047  0.332012
point 118 980 343.111 121.971  0.460696 -0.186455  0.544124  -0.47064  0.470039  0.376083 -0.860479 -0.214256  0.376101 -0.642401
point 119 990 108.836 192.442  0.638066   0.69693  0.902163  0.766377 -0.132204  0.303219  0.506641 -0.783259  0.762612 -0.726224
point 120 993 203.374 178.863 -0.195056  0.962136 -0.503075  0.747969 -0.128747  0.388749 -0.257882  0.191991  0.412311 -0.347767

