seq: 136
gt_pose: -7.45231 0.140419  1.97883
odom_pose: -6.71998 -1.25351  2.20492
point 0 4 523.124 109.528  -0.280191  -0.870098  -0.993999 -0.0351273  -0.853952   -0.55122   0.943798   0.778269   0.661681  -0.420623
point 1 41 433.522 185.036  0.708139  0.346639 -0.166649      0.19   0.15624  0.261135 0.0746857 -0.697191   0.16793 -0.947082
point 2 67 488.911 218.602 -0.240555 -0.824145  0.636067 -0.204401  0.521473  0.859006  0.699329  0.711922  0.383049  0.249758
point 3 86 511.684 102.008  0.894432  0.377598  0.771015 -0.488602  0.121124  -0.68883  0.639093 -0.575836 -0.749559 -0.102946
point 4 95   436.7 170.693 0.0880689 -0.380422 -0.544573 -0.580233 -0.984034 -0.803742  0.407123  0.232115 -0.548359   0.36878
point 5 100 543.307 168.648   0.16582  0.575288 -0.133566  0.206047 -0.058663  0.801091  -0.32691 -0.933483 -0.665641  0.446756
point 6 125 460.341 193.909  -0.119767   0.981327  -0.611303   0.731574   0.926693   0.523363   0.864968  -0.377933 -0.0917256   0.792315
point 7 144 232.489 22.1661 -0.468748 -0.233178 -0.826288 -0.759861 -0.638011  0.563086  0.064734  0.401432 -0.718505 -0.777173
point 8 150 524.793 158.619  -0.89674 -0.553627  0.727175  0.311444 -0.593628 -0.387975 -0.981394  0.204777 -0.901303 0.0146113
point 9 171 313.629 179.632 -0.0697925   0.755188 -0.0352309  -0.963205    0.12397   0.356786   0.565517  -0.143969  -0.897081  -0.538752
point 10 172 447.397 150.448  -0.369943   0.961736   0.437032   0.937731 -0.0479847  -0.443306  -0.338762  -0.840724   0.683154  -0.531328
point 11 178  339.61 210.502  0.705934 -0.449786  0.684177 -0.171206  0.903521   1.01388 -0.361728 -0.212356 -0.060554 -0.965408
point 12 193 551.391 208.748    1.01779  -0.822549   0.969735   0.783355   0.495975  -0.866439   0.954988   0.607686   0.833854 -0.0386752
point 13 210 431.518 141.789 -0.316078  0.656834 -0.437779 -0.731658  -0.78183   -0.3403 0.0572839  -0.69862  0.553155  0.755835
point 14 211 337.196 168.004   0.849013   0.622005   -0.14273    0.30883  -0.402191   0.593105  -0.551335   0.179509 -0.0595031  -0.389352
point 15 219 323.953 234.418  0.155962 0.0228095 -0.282611  0.940294  0.117816  0.282821  0.227094  0.185174 -0.453407 -0.525814
point 16 235 140.045 155.363 -0.777713 -0.943753  0.981409  0.446723  0.145701 -0.195827    1.0443 -0.709465 -0.853819  0.355001
point 17 238 271.632 201.204 -0.898458 -0.341046  -0.54514 -0.737433  0.221393   0.62078  0.864861 -0.346212   0.28329  0.298088
point 18 249  211.29 67.7249  0.760133 -0.657707 -0.355774   1.00404 -0.200335 -0.628067  0.546594  -0.72491 0.0294544 -0.482262
point 19 254 406.325 215.019  0.144648 -0.243088 -0.141454  0.621135 -0.612689  0.426426 -0.474461 -0.928315 -0.743868 -0.513036
point 20 260 447.789 191.195   0.273867   0.590455  -0.292797   0.445769  -0.455515   0.654458 -0.0152629  -0.142615 -0.0864692   0.276658
point 21 271 461.638 189.181   0.750111   0.517179    0.96487   0.742588  -0.694567   0.944633   0.498873   0.881586   0.762614 -0.0277648
point 22 274 314.868 234.366  0.844106 -0.622239  0.149194  0.564243 -0.550003  -0.33741 -0.911176 -0.467024  0.418371  0.503167
point 23 281 573.107 218.383 -0.899583  0.348235 -0.157082 0.0684017  0.525136  0.320035  0.672155 -0.162603 -0.441421 -0.463687
point 24 283 484.039 228.776   0.338502   0.260695   0.694706  -0.225728  -0.846625   0.771455  -0.822476 -0.0860965  -0.180459   0.757787
point 25 295 258.215 90.8082    0.73301   0.033609  -0.331302   0.397306   0.130009  -0.239994  0.0531162   0.569762 -0.0581282   0.281965
point 26 328 466.988 155.539 -0.236214  0.450545  0.214845  0.236736  0.707319 -0.331165  0.769451  0.319236  0.976017  0.797222
point 27 332 585.278 205.924  -0.254974  -0.147255 -0.0856853   0.372292   0.744548    0.85936   0.716171 -0.0591362  -0.829579  -0.535207
point 28 338 471.365 220.848  -0.49344   0.46306  -0.20717 -0.342296 -0.640895  0.235897  0.625748 -0.908441 -0.540176  0.887593
point 29 344 587.381 231.929 -0.437477 -0.231971  0.144288 -0.654491  0.825697  0.771911 -0.308748 -0.416942   0.64354 -0.045642
point 30 362 539.681  59.263  -0.16958 -0.984321 -0.801231  -0.43244  -0.48668  0.678016  0.154832  0.408752  0.963201  0.862865
point 31 388 251.242 14.0608 -0.368244 -0.136533   0.83193 -0.426715 -0.827805 -0.228513  0.280811  0.401237 -0.767621  0.286957
point 32 399 581.877 226.422  0.878188   0.13822  0.451178    -0.146 -0.243462 0.0900844  0.531521    -0.676  -0.68999  0.115414
point 33 424 381.626 206.069  -0.146708  -0.814917   0.542924   0.378766   0.604373  -0.470294 -0.0707573   0.100986   0.825316    -0.1559
point 34 480 532.045 221.407   0.270003  -0.911946  -0.855852  -0.206865   0.414188   0.300305   0.123415 -0.0660513   0.119918   0.683518
point 35 489 321.566 211.375 -0.783496  0.931142 -0.843989  0.928873 -0.865406 -0.640099  0.832409 -0.540599 -0.527944 -0.128484
point 36 490 141.246 239.957  0.389938  0.941901  0.334502 -0.491296  0.943533  0.250365 -0.942943 -0.585503 -0.638526 -0.656017
point 37 496 618.618 224.707   -0.905771   -0.696699    0.584417    0.244317    0.888337  -0.0724166   -0.893625    -0.42572 -0.00158459    0.265643
point 38 504 462.245 205.773  0.356391  0.902329 -0.606931  0.358314  0.222708  0.700278 -0.309682 -0.791171 0.0997178 -0.488027
point 39 513  495.02 227.387  -0.366045  -0.585011   0.634281 -0.0698481  -0.598954  -0.688411   0.426975   0.934926   0.636962  -0.415032
point 40 534 583.328 206.112   0.315036   0.356553  -0.278099  -0.976276  -0.127338 -0.0837815   0.399695  -0.324121  -0.300619  0.0828841
point 41 601 251.999 194.362  0.675376 -0.163298  0.616516 0.0151942  0.537026 -0.843177 -0.731304  0.225516  0.369453   0.36939
point 42 625 366.527 168.103 -0.0562487   0.739499  -0.193878   0.997393   0.422494  -0.596004  -0.611978  0.0768363 -0.0748927   0.191295
point 43 636 363.119 231.328   0.729819  -0.279714   0.343373  -0.902774 0.00862319  -0.324786   0.105779 -0.0712529 -0.0946626   0.182692
point 44 643 295.233 194.934 -0.0631006  -0.979587   0.406239   -0.36452   0.434327 -0.0753544  -0.743684   -0.87671   0.141198  -0.352024
point 45 645 537.207 222.011 -0.912472  0.869794 0.0536881  0.359595  0.177635  0.937657  0.349679 -0.485819 -0.307501 -0.262067
point 46 647 140.493  107.96   0.96281 -0.415671  0.908987  0.149222  0.435657  -1.02046 0.0505923 -0.521706  0.333628 -0.787144
point 47 649 440.633 224.967   0.609027  -0.100537 -0.0994219  -0.327201  -0.513444  -0.209291   0.217919  -0.635027   -1.02041  -0.275937
point 48 653 410.949 217.262 0.0574671  0.661868  0.897988  0.636922  0.812163  0.749613  0.218149  -0.75706 0.0047184  0.652131
point 49 656 295.269 141.668    0.10653 -0.0752088  -0.542423  -0.762855   0.917014   0.471273   0.933635  0.0696805  -0.399594  -0.459444
point 50 670 369.439 145.539  0.718608 -0.350171 -0.906538 0.0545524 -0.116506 -0.488029 -0.124709  0.127501 0.0913662  0.381489
point 51 683 614.318 85.0177   0.294548  0.0792235   0.531936  -0.842279   0.794873  -0.679091   0.767015 -0.0188034   0.692685  -0.947152
point 52 690 349.429 195.708   0.367196   0.993955   0.146409   0.446699 -0.0625381  -0.703749  -0.791837  -0.347984   0.568365  -0.503268
point 53 694 356.267 196.404  -0.722424  -0.711303 -0.0365138  -0.416889   0.966322  -0.455042  -0.224705   0.888383   0.725087   0.422821
point 54 705 620.014 238.699 -0.0806887  -0.750396  -0.155889   0.532703  -0.986493  -0.323112   0.858395  -0.589919  -0.414801  -0.436491
point 55 729 555.856 238.315  -0.393294   0.572903   0.399386   0.656199  -0.547468  -0.478379   0.715228  -0.976173 -0.0651923  -0.550061
point 56 732 453.843 90.2479  0.216421  0.703507 -0.933155 -0.322008  0.196661  0.864168 -0.922004 -0.028267  0.663071  0.588758
point 57 756 525.541 194.711 -0.694316  0.258296 -0.826538  0.164333 -0.192178  0.240791  -0.45443  0.521869  0.229392   0.79057
point 58 757   57.86 102.933   0.36353  0.780888 -0.725314   1.01102  -0.20612  0.367985   0.14599  0.691621  0.119621 -0.400065
point 59 761 477.623 216.678  0.718227  -0.81905  0.159938  0.484739 -0.801058 -0.765933 0.0563786 -0.644947 -0.683621 -0.833956
point 60 816 594.508 157.613  0.627601 -0.213567 -0.817538  0.382712  0.309493 -0.317886 -0.436633  0.954044    0.4093 -0.199839
point 61 896 520.454 158.214   0.466098  -0.542611   0.441896  -0.799343   0.961288  -0.833529  -0.407685 -0.0966786   0.937388 -0.0303573
point 62 900 422.799 75.3979  -0.570753   -0.43413   0.571071   0.539937   0.450307   0.405841   0.923716  -0.243156   -0.59862 -0.0778196
point 63 909 579.748 202.782 -0.280046 -0.670521 -0.175243 -0.417604 0.0982508 0.0685339 -0.349386  0.169183 -0.454147 -0.116176
point 64 934 562.553 155.589   0.33143 -0.541299  0.704643    0.1548 -0.963807 -0.411133 -0.753063  0.851048  0.593783 0.0922987
point 65 955 496.223 215.129 0.0485242   0.31799  -0.73046 -0.266471  0.404717  0.344548 -0.669481  0.153498  0.716109  0.209263
point 66 960 536.217   181.7 0.0283519 -0.704387 -0.699692  0.951277 -0.684829  -0.18393 -0.852827 -0.430467  0.643919  0.205419
point 67 986 255.014 181.252     -0.2852   -0.339867   -0.962195   -0.526457   -0.157387   -0.439793   -0.321959   -0.118518 -0.00478484   -0.877815

