seq: 234
gt_pose:   3.76076   4.41331 -0.397575
odom_pose:   4.21479   3.56637 -0.542554
point 0 3 505.871 171.546   -0.2456  0.741709 -0.416016 -0.325782  0.661361  0.873245 -0.810491  0.921619 0.0264825 -0.814021
point 1 20 273.022 214.791  -0.46861 0.0995636 -0.860632 -0.502282  0.761688  0.342574 -0.766254 -0.811646 -0.313666  0.201632
point 2 22 1.91045 181.421  0.352217 -0.733201   0.40988 -0.207868  0.574018  0.877407  0.807727  0.715223  -0.61279  0.580242
point 3 45 596.163 233.783  -0.520643 -0.0608414   0.901219 -0.0592232   0.771994   0.932043  -0.638838 -0.0805653   0.530902   0.551019
point 4 49 370.486  100.86  -0.722103  -0.376909   0.767214  -0.286639     0.7629      0.455 -0.0467597  -0.493724   0.868809  -0.740588
point 5 50  339.82 198.911  0.807633 -0.652273 -0.446159 -0.618808 -0.639983  0.216994 -0.659356 -0.767418 -0.538763   0.91213
point 6 54 628.157  187.75 -0.599701  0.179439 -0.940785 -0.823342 -0.729792 -0.506009  -0.70642  0.177527 -0.924845    0.8208
point 7 71 114.377 39.9572  0.148227   0.21144  0.556534  0.569083 -0.423842  -0.80345   0.78996 -0.695347 -0.688681 -0.324957
point 8 75 345.266 187.416 -0.625204 -0.948642  0.904498  0.513358 -0.815311  0.711658 -0.607499  0.985319 0.0906012  0.369937
point 9 79 286.215  174.55 -0.262195  -0.72878 -0.165553 -0.825676  0.215105  0.922384 -0.758295  0.723713 -0.645066  0.637496
point 10 82 319.615 105.649  0.902329 -0.095974 -0.272418 -0.327296  0.885625  0.849846 -0.744236  0.805652  0.776562 -0.663834
point 11 87 398.273 233.573  0.722982  0.818347  -0.26214  0.956618 -0.639162 -0.651332  -0.52214 -0.239118  0.854998  0.207656
point 12 96 173.156 199.283  0.478366 -0.352609  0.283729 -0.735705  -0.86678  0.525712  0.711891 -0.328412 -0.244527  0.713937
point 13 115 516.761 111.833  -0.705065  -0.741337    0.43528   0.510322 -0.0329242  -0.619883    0.90938  -0.445891  -0.457596   0.410091
point 14 120 455.772 118.515 -0.948883  0.130195  0.695659  -0.50423  0.595081  0.547619 -0.699274  0.280395 -0.945314  0.347835
point 15 133 56.5082 170.677  -0.481611  -0.675935  -0.799727   0.417446  -0.860845    -0.7355  -0.516311  -0.472378 -0.0647283   0.347493
point 16 140 317.161 79.8151 -0.470143 -0.143259  0.592663  0.147959  0.847204 -0.721752  0.331031 -0.648871 -0.346872  0.901952
point 17 170   381.4 230.658  0.097875 -0.357874  0.264463  0.159973  0.767876 -0.146989 -0.826729  0.733735   0.43492  0.671083
point 18 174 572.385 195.518  0.668885  0.175002  0.922045  0.105576  0.066509 -0.443935  0.118206 -0.535195 -0.527069 -0.958284
point 19 185 444.523 170.912 0.0607516 -0.550844  -0.54053   0.32247 -0.236659   0.83479 -0.682152  0.924872  -0.24531 -0.105011
point 20 206 558.204 147.634  0.705854 0.0351461  0.621758  0.904383 -0.796525 -0.658573  0.700856 -0.278883 -0.983754  0.743862
point 21 222 203.035 233.336 -0.696975  0.937566 -0.886455 -0.499359  0.482594 -0.694175 0.0355304  0.490191  0.397885 -0.515797
point 22 232 131.813 236.554  -0.117216  -0.315983   0.449679  -0.281435  -0.923831 -0.0278106   0.874142    0.73438  -0.945118 -0.0742395
point 23 241 10.4608 169.284  0.249736  0.126999  0.614925 0.0865877  0.647561 -0.804461   0.14808  0.883319  0.386023 -0.241051
point 24 244  308.66 180.871 0.0445807 -0.849146  0.538625  0.602143 -0.903293  0.684973 -0.322023  0.353801  0.142726   0.25238
point 25 276 390.44 239.48   0.492121  -0.649188  0.0592802  -0.122006   0.272745 -0.0381469   0.322241    -0.6215    -0.4865   0.724836
point 26 297 155.834 176.323   0.574172 -0.0913885   0.813081  -0.292485   0.108917   0.537117   0.716876   0.824202  -0.131725 -0.0832489
point 27 316 611.824 158.621   -0.562747   -0.781275   -0.908903   -0.480713   -0.481971 -0.00450761   -0.349763    -0.18767   -0.255286   -0.716545
point 28 325 553.739 168.242  -0.17557 -0.247618 -0.666059 0.0824479  0.161374 -0.320094 -0.239756 -0.445976 -0.598538 -0.946215
point 29 340 374.583 137.382   0.396497  -0.419576  -0.696953 -0.0880331   0.804034   -0.12005  -0.690523  -0.437457   0.504585  -0.413118
point 30 341 351.404   220.1   -0.72358  0.0795152   0.267158  -0.357466   0.312068  -0.387616  -0.848931  -0.663058    0.84482 -0.0521656
point 31 343 331.074 147.795 0.0114743 -0.953637  -0.41261 -0.801058  -0.19341 -0.133834  0.289612 -0.913626  0.608334 -0.388917
point 32 357 149.722 230.392    0.34393  -0.282338   0.447929   0.447505   0.565385 -0.0891721   0.306595   0.690318   0.421075  -0.235614
point 33 383 186.692 187.868 -0.719991 -0.298293    -0.984 -0.704152 -0.778551 -0.141496  0.527975  0.504849  0.400204 -0.198738
point 34 390 306.816 229.784  0.305566 0.0492248  0.303954 -0.578727   0.35447  0.879209  0.283887  0.136943 -0.622329  0.397947
point 35 391 90.4275 227.225 -0.882879 0.0220818  0.153578  -0.11661 -0.264699 -0.389109 -0.340495  0.302065   0.13242 -0.978075
point 36 395 220.485 234.437  -0.665593  0.0731708  -0.968465   0.957808   0.880999   0.601337  0.0889231  -0.329738 -0.0751813  0.0451586
point 37 396 477.798 40.5571  0.240866 -0.691113  0.884801  0.705578 -0.418962 -0.339132 -0.827388 -0.393353  0.384842  0.591325
point 38 401 342.098 212.805 0.0333701  0.589438   0.28243 -0.437147 -0.594997  0.190854  0.679122  0.812693 -0.878344 -0.556445
point 39 403 516.623 222.771  0.215421  0.684876 -0.478043 -0.509894 -0.632647  0.454281  0.962265  0.638972  -1.03296 -0.556358
point 40 407 349.946  224.72  -0.756716   0.958721  -0.888298   0.690148  -0.751202 -0.0940123   0.678774  -0.978557  -0.348129  -0.417353
point 41 418 401.409 230.563  -0.942149 -0.0182005    0.34429  -0.611292   0.892415   0.741453   0.952209  -0.781404  -0.614761   0.581607
point 42 426 141.514 176.404  0.900148  0.124192  0.901956  0.345641  0.820094 -0.288866  0.525446   0.36051 -0.911528 0.0131856
point 43 436   143.9 232.495  0.330184  0.827353  0.210216  0.633705  -0.81635   0.40344  -0.52728 -0.496933  0.923121 -0.297193
point 44 445 135.868 132.567 -0.949824 -0.324067 -0.732054 -0.881958 -0.293873   0.80139 -0.333297 0.0894273 -0.435199  0.619778
point 45 447  199.14 155.915 -0.386042 0.0901618 -0.955945   -0.8216  0.282817 -0.833677  -0.09641  0.574648 -0.716301  0.586486
point 46 456 411.084 172.476  0.232754 -0.574456  0.521056 -0.508491 -0.329817   0.61286 -0.579657 -0.668908 -0.819889  -0.88524
point 47 509 585.873 212.723  0.312043 -0.914558 -0.284748  0.720068  0.808317  0.856219 -0.441366  -0.30042 -0.291306  0.921964
point 48 512 398.729 159.124 -0.605903 0.0166857  0.734802 -0.381211  0.548597 -0.940462 -0.217979  0.189104 0.0951884  -0.48494
point 49 521 58.7971 61.1994  -0.818324  -0.299217   0.653138   0.201808  -0.254863 0.00822603  -0.438707  -0.683412   -0.85445  -0.697898
point 50 526 224.677 172.585 -0.284463  0.989966 -0.293244 -0.774076 -0.224357  0.397066  0.936545 -0.968593 -0.595065   0.86355
point 51 533 530.932   163.2  -0.694187  -0.163939   0.593561  -0.231999   -0.68066  -0.721841   0.550318  -0.221183   0.717374 -0.0755588
point 52 564 365.626 204.828 -0.582036 -0.154684  0.276185 -0.444743 -0.143617  0.460033 -0.497148 -0.978658 -0.773474  0.973391
point 53 571 595.066 161.116  0.813079  0.797677  0.266765  0.625725  0.287318 -0.659383   0.94073 -0.407432  0.577359 -0.266586
point 54 579 29.1936 143.262 -0.830828 -0.118875 -0.809702 0.0628145  0.969816  0.522782 0.0531648  0.506164  0.209472   0.27166
point 55 581 618.363 236.363 -0.705669  -0.50307 -0.247138   0.92874 -0.996252 -0.157212  -0.16781 -0.788683  0.884607 -0.124624
point 56 586 40.3355 143.403  0.0439051  -0.990574    0.71253   0.170476  -0.307988 -0.0997404  -0.680043  0.0512449 -0.0265379   0.768726
point 57 588 580.911 227.479  -0.21525 0.0838655 -0.445042   -0.6324  0.575576  0.594607  -0.53608  0.276834 -0.161538 0.0914385
point 58 605  342.44 214.697   0.938571   0.517801  -0.377304   0.350235   0.224823  -0.369987 -0.0357207   -0.14566   0.829819   0.108425
point 59 630 291.613 209.721 -0.0121025  0.0141394  -0.341307  -0.292232   0.687945 -0.0762195   0.535887  -0.155964   0.568632  -0.672204
point 60 632 422.313 237.863 -0.0894721    0.15729  -0.319151  -0.707723  -0.570655   0.694139   0.213836  0.0695232  -0.633972 -0.0674218
point 61 646 552.734  219.43 -0.335947  0.646699  0.789125  0.744521  0.353144 -0.721035 -0.297994  0.781891  0.294489  0.534613
point 62 668 336.219 138.276 -0.559417   0.80613 -0.759321 -0.468002 -0.505317 -0.171353  0.127371 -0.524009 -0.907451  -0.55711
point 63 681 635.546 188.953 -0.324579  0.593365  0.182948  0.425603 -0.772863   0.20985 -0.835273  0.415378 -0.163023 -0.892754
point 64 697 639.135 191.716   0.12395 -0.754919 -0.462231  0.951945  0.524323  -0.80233 -0.316379 -0.133118 -0.218257 -0.793339
point 65 730 209.356 199.945   0.769615   0.427912   0.808233   0.799852   0.579577  -0.212617  -0.313715  -0.529835 -0.0860384    1.03482
point 66 749 345.862 213.729  -0.631053   0.270409   0.668782  -0.652835   0.504918 -0.0363603   0.767626   0.122366  -0.279313   -0.12344
point 67 765 280.17  188.1 -0.983894 -0.180642  0.575471 -0.586091 -0.446848 -0.309038  0.529416 -0.235257  0.385059  0.948674
point 68 768 495.831 200.877 0.0961509  -0.17567  0.196794  0.424531 -0.696736  0.234704 -0.198954  0.433145  0.718494  0.651011
point 69 771 601.018 219.098  0.212998 -0.374572  0.762307  0.927296 -0.598106  0.861456    0.6445 -0.213838 -0.397105 -0.622292
point 70 778 404.533 222.504  -0.10677 -0.668322   -0.8339  0.714903 -0.541478 -0.925367 -0.359818  0.324845 -0.453131 -0.683608
point 71 792 83.5477  187.69 -0.0439489   0.160987   0.451265   0.498834   -0.93101     0.6835   0.673086 -0.0266349  -0.502393  0.0562799
point 72 803 231.008 157.197 -0.808351  0.946285  0.712798 -0.579598 -0.592487  0.169045  0.120849  0.790123  -0.25018  0.682995
point 73 804 569.972 134.279  -0.83383 -0.719368 -0.662256  -0.60641  0.575569  0.671387 -0.134054    0.4779 -0.528823  0.130282
point 74 809 385.886 165.575 -0.261973 -0.946238 -0.965918 -0.258086 -0.517384 -0.206467  0.859241  0.794682  -0.19876 -0.233712
point 75 813 162.014  233.25    0.66875   0.970452  -0.331759  -0.776649   0.236785  -0.742482   0.850748  -0.787957 -0.0474084   0.164531
point 76 817 340.417 178.688 -0.269721  0.503648  0.789527  0.571979  0.626495 -0.121465 -0.631183  0.625032  0.634694 -0.932988
point 77 823 296.016 155.678 0.0213793 -0.790289 0.0658007  0.745128  0.595823 -0.564711 0.0934536  0.932529 -0.441844  0.012265
point 78 837 574.959 38.2124 -0.0607358  -0.224342  -0.472889  -0.363936  -0.795245   0.135976  -0.408402   -0.38734  -0.870373   -0.48718
point 79 846 428.603 217.734    0.420176    0.308295    0.397905   -0.887951   -0.878729 -0.00776004   -0.720412   -0.279158   -0.350128    0.177357
point 80 865 151.252  193.06   0.902481  -0.306992  -0.975168  -0.332787  -0.297437  -0.144307  -0.995542   0.601058  -0.770154 -0.0641906
point 81 866 343.673 125.779 -0.541704 -0.126043  0.798798 -0.627919  0.668044 -0.265999  -0.15172  0.395704 -0.425639  0.920931
point 82 886 622.461 46.2031 -0.341548 -0.818825 -0.498492 0.0210673  0.285405   0.95117   0.86549  0.852648 -0.717704 -0.807205
point 83 892 504.329 140.399     0.302448    -0.908861     -0.68959     0.714288     -0.70708      0.66649    -0.687952     0.123375     0.885308 -2.53573e-05
point 84 898 483.676  230.65   0.802291  -0.631733   0.230004 0.00673313  0.0816514  -0.281568   0.529985  -0.569092  -0.142711   0.412443
point 85 911 312.891  140.37  -0.975358  -0.341407  -0.740954   0.739931  -0.964921 -0.0489739  -0.936711  -0.175616   0.459215  0.0926283
point 86 920 403.496 166.403 -0.946513  0.706889 -0.306793 -0.316117 -0.464157 -0.178355  0.783663 -0.841885   1.01165   -0.4924
point 87 926 378.526 217.501  -0.762568  -0.841038   0.886137  -0.878928 -0.0283673  -0.505973  -0.424491  -0.711583  0.0891374   0.558927
point 88 935 613.359 229.805   -0.68626  -0.919113   0.236629   0.983177  -0.658474   0.513467    0.31437   0.793041  -0.736542 -0.0189367
point 89 939 551.569 173.972 -0.409202 -0.710407  0.556709  0.889956  0.219365 -0.922167   -0.7792  0.710011 0.0926145  0.796498
point 90 948 147.104 194.838 -0.873283   0.16933 -0.899153  0.334011 -0.104197  0.331053  0.318002  0.399876  0.507527 -0.163972
point 91 951 297.653 198.722   0.185283  -0.850518  -0.144295   0.340241   0.176246 0.00526152  -0.993334   0.492562  -0.153137   -0.68646
point 92 975 58.3481 211.487  -0.803557   0.449685   0.687669 0.00916735   0.747023  -0.102413  -0.861532   0.324974 -0.0142733  -0.316845
point 93 992 9.40025 152.235   0.421029  -0.715662  -0.175619   0.338524   0.920344  -0.552576 0.00741276   0.767578  -0.805665   0.935001

