seq: 278
gt_pose:  6.96002 -2.53989  -1.9584
odom_pose:  5.29012 -3.87201 -2.21595
point 0 16 211.533 218.329 -0.503427  0.292045 -0.545917   0.44676 -0.397869 -0.294344 -0.544062 -0.863794  0.230144 -0.559206
point 1 23  578.45 156.008   0.802492   0.768505 -0.0179538   0.184604  -0.666761  -0.482374   0.704926 0.00458092  -0.025325   0.728306
point 2 24 586.866 182.193    0.357025    0.450796   -0.726934    0.171235 -0.00776312    0.677056    0.460116   -0.595174   -0.566726  0.00875894
point 3 26 492.486 172.534 -0.880155 -0.744476  0.289208  -0.25224 -0.388113 -0.324038 -0.799037 -0.166915  0.820063  0.199806
point 4 35 399.197 200.407  0.126544  0.823462  0.375185   0.57724  0.362182 -0.415161  0.269251 -0.995737 0.0966406  0.662643
point 5 38 558.606 123.515 -0.654796 -0.716332 0.0274416  0.675538  0.335716  0.786253 -0.649364 -0.164938  0.388457  0.745603
point 6 45 509.287 216.856     -0.554 -0.0438189   0.897223  -0.115142   0.740278   0.917484  -0.616758 -0.0436138   0.571807   0.549681
point 7 46 90.3636 115.152   0.949983  -0.353038  -0.244177  0.0977554   0.099836   0.211884  -0.630821 -0.0256652  -0.269986   0.275605
point 8 47 123.618 206.482  0.774104 -0.747966 -0.265654 -0.588238  0.293142  0.207026  0.394778  0.211196 -0.864617 0.0897368
point 9 48 496.541 160.664   -0.336047    -1.00646    0.866457    0.226706    0.519282    0.815109    0.823328   -0.610248  -0.0730142 -0.00641653
point 10 54 433.071 123.569 -0.611465  0.186218 -0.941709 -0.785618 -0.655267 -0.519351 -0.698634  0.145544  -0.92313  0.767935
point 11 55 166.672 177.958 -0.0767478   -0.53206    0.14533  -0.639939   0.186929 -0.0258817   0.625127   0.861563  0.0429688   0.126191
point 12 56 376.58 190.56  0.294591 0.0925443 -0.979619   0.85953 -0.314862 -0.573581 0.0324654   -0.2012 -0.377051  0.328038
point 13 59     601 154.503  -0.947198  -0.983253   -0.96762 -0.0591082  -0.383734   0.418935   0.649028  0.0243385 -0.0453407  -0.823984
point 14 69 348.533 211.099  -0.325673  -0.833978   0.800368  -0.825878 -0.0131894  -0.468098  -0.559488  -0.453242   0.265976    0.87499
point 15 85   172.8 200.451  0.585023 -0.389775 -0.580761  0.479458 -0.263971 -0.998864  0.381238  0.790834 -0.942582  0.816347
point 16 91 246.694 214.921   0.508977 0.00272811  -0.852333 -0.0708452   0.847897   0.804624   0.234878  -0.443013  -0.567825  -0.419592
point 17 116 592.941 227.961   0.88727  0.588548  0.410272  -0.48061  0.606686 -0.100186 -0.335979  0.582453  0.381067  0.822115
point 18 118 407.126 192.402  0.932142  0.842459  0.639001 -0.443556 0.0077407  0.557228 -0.918821  -0.67621  -0.92872  0.651226
point 19 138 531.709 230.685  -0.430598  -0.770164  -0.469027    -0.6279  -0.483904   0.128761   0.511428  -0.787957   0.208153 -0.0612908
point 20 151 109.154 173.776  0.901067 -0.499998 -0.714838  0.750927  0.370959  0.537365  0.942844 -0.778957 -0.195847  0.680423
point 21 152 361.239 134.182  0.0855214   0.458215  -0.613085  -0.622584   0.916033  -0.533298 -0.0726287   0.641016   0.796388   0.241673
point 22 164 198.771 238.683 -0.114543  0.777153 -0.253585  0.925941 -0.895797  0.207932  0.120285 0.0456478  0.421714 -0.765908
point 23 188 148.325 122.973 -0.382694  0.274005 -0.356493  0.892163  0.468123  0.240107 -0.522765 -0.242838   -0.3127 -0.684546
point 24 194 266.417 40.8801  0.915414 -0.884005  -0.13587  0.782191 -0.690955 -0.712138 -0.101148  0.772509  0.622855 0.0401424
point 25 196 239.021 121.435  0.496186  0.459754 -0.963438 -0.951913  0.402144   1.00012 -0.735049 -0.751465  0.686444 -0.379835
point 26 204 270.907 226.093  -0.317299   0.821086  -0.483568   0.774215    1.01013 -0.0645721  -0.507664   0.238753  -0.681462   0.658277
point 27 207 168.014 226.056 -0.928984 -0.742229  0.998796  0.969034 -0.232778 -0.800108 -0.257106  0.568134 -0.567306 -0.787459
point 28 221 32.8992 239.513 -0.604003 -0.231372  0.210767  0.608194  0.804014 -0.692698 -0.338204 -0.525311 -0.732427  0.787677
point 29 224 307.146 12.2747  0.927801 -0.521854 -0.785644  0.478119  0.411306 -0.384815  0.341829  0.506711  0.101523 -0.111777
point 30 234 520.916 170.606 0.0841546 -0.219052  0.623619 -0.287891  0.809856 -0.396066   0.33562  0.178235  0.273046  0.412431
point 31 237 189.992 48.8793 -0.0397069  -0.993315   0.621449  -0.991558   0.208748   0.911235  -0.957275   0.225883   0.344218   0.189203
point 32 242 580.953 150.703 -0.808396 0.0538881  0.187713  0.442196 -0.349217  0.641306  0.810613 -0.735759  0.445007  0.634457
point 33 252 315.413 172.508  -0.433982 0.00426406    0.70284   -0.15885   0.988329   0.853705  -0.113237  -0.205084  -0.933102   0.038457
point 34 257 231.951  231.95   0.955342  -0.158898  -0.151995  0.0921125  -0.885196 -0.0705714   0.277009   -0.78501 0.00479241  -0.788564
point 35 261 334.208 194.744   0.871254   0.410474   0.947955  -0.335579  -0.161036   0.222205    -0.6112   0.866998  -0.319585 -0.0837353
point 36 265  156.69 223.963  0.307694 -0.204009 0.0784243  0.638199 -0.657474 -0.691549  0.264278  0.308041  0.788512  0.440361
point 37 273 295.646 157.799  0.650203 -0.506023  -0.51949  0.315487 -0.857858 -0.835435  -0.20182 -0.814452  0.943543  0.108769
point 38 327 581.199 181.528 -0.371103 -0.987176 -0.222541  0.842831  0.332393  0.553175 -0.457833  0.698259 -0.311912  0.828525
point 39 347 215.445  165.97   0.442315   0.389777   -0.74285   0.542437 -0.0685625  -0.757552  -0.889886   0.838476   0.579105   0.352096
point 40 365 179.147 186.914   0.789465  -0.937885  -0.542591  -0.255962   0.584666 -0.0226669   0.909161  -0.215621   0.520907  -0.320758
point 41 368 14.4499 239.966    0.49831 0.00544746  -0.118544   0.400126   0.181513  -0.723399    0.12692  -0.596854    -0.5104  -0.837944
point 42 373 373.181 231.583  -0.428285   0.870699 0.00698139  -0.318966    0.38405   0.556059 -0.0544258   0.680779  -0.354261  -0.867239
point 43 374 368.165 200.097  0.542123 -0.345486  0.273871 -0.614086  0.381478 -0.946439 -0.721922 -0.584216 -0.431739 -0.761431
point 44 382 579.745 196.527 -0.664816  0.875742  0.916498 -0.912545  0.127593  0.552414  0.517412 -0.176245  0.210098 -0.199127
point 45 394 222.256 137.167 -0.231991 -0.479777  0.950449 -0.271064  0.401574  0.894509  0.625345 -0.951142  0.171302  0.662314
point 46 429 380.639 201.607  0.434964  0.368113 -0.697335 -0.497761   0.52509 -0.972448 -0.578187 -0.227406 -0.322171  0.289904
point 47 444 361.763 172.309   0.62792 -0.898515  0.508194 -0.686406 0.0118638 -0.734733  0.970054  0.336913 -0.120635   0.55398
point 48 446 399.599 137.747   0.566033  -0.752456   0.569485   0.866707   -1.01264   0.194024   0.953167    0.49759    0.54126 -0.0195018
point 49 451 42.7882 40.9166  0.494654 0.0820304  0.450629  0.140759  0.101792 -0.546215  0.785915 -0.018371 -0.052321 -0.300493
point 50 452 394.422 174.449  -0.867366   0.258968  -0.206016    0.73801   0.591722   -0.81552 -0.0914692   0.206197  -0.314239 -0.0872095
point 51 468 396.933 164.037  0.532628 -0.263467 -0.522764  0.498859  0.185974  0.503776 -0.324696 -0.230023 -0.847064 -0.325547
point 52 481 320.372 224.079 -0.909941 -0.830067  0.346738 -0.525546 -0.320668 0.0667896 -0.174204 -0.863274 -0.473499    0.2059
point 53 482 328.503 209.355  0.460539   0.34968  0.217922  0.191881 -0.319961 -0.480491   0.25994 -0.266565  0.237619 -0.339781
point 54 484 446.086 191.912  0.797538  0.629691  0.972622 -0.789033 -0.660789  0.454204  0.660595  0.585655 -0.276149 -0.674865
point 55 492 601.656 154.846  0.525764  0.479449 -0.714173 -0.458769 -0.533752  0.744811 -0.531271   0.82776 -0.857654 -0.590553
point 56 498 281.434 207.778 -0.502144  0.381386  0.829038  0.846574 -0.637001  0.908146 -0.900286  0.916168   0.19659 -0.987135
point 57 508 595.847 160.354   0.59016  0.612172 -0.203578 -0.133694 -0.733705  0.884546 -0.831926  0.203728 -0.774272 -0.790481
point 58 509 370.149 169.475   0.30275  -0.86456 -0.313087  0.650883   0.85785  0.850009 -0.486515 -0.346519 -0.342876  0.896839
point 59 510 134.134 188.384  -0.632867  -0.919804     0.6113 -0.0776491   0.826121   0.221445  -0.443456  -0.354248  -0.848326  -0.247714
point 60 531 103.238 163.567 -0.347802  -0.11018 -0.513472  0.444751  0.344276  0.921301 -0.955948 -0.541951 -0.341974  0.714236
point 61 540 322.738  188.06   1.00456  0.553331  0.727252 -0.505334 -0.320673  0.983309  0.334937  0.897644 -0.972064  0.331647
point 62 548 245.934 176.606   -0.815057   -0.368148   -0.420425   -0.448436   -0.864856   0.0495213  0.00901527   -0.574197 -0.00819077   -0.763589
point 63 560 489.267 204.128  0.951477  0.489211  0.568977  0.745605  0.293887  0.460073 -0.733472  0.024813 -0.475314  0.364073
point 64 562 193.588 166.207  -0.792389   -1.01332   0.198177  -0.247377   0.479702   0.108857    -0.8089  0.0490653 -0.0504755   0.482647
point 65 565 462.867 238.838 -0.942176  0.925361  0.394455  0.311134 -0.533257 -0.635706  0.803872  0.824908 0.0181512  0.563916
point 66 567  168.93 195.867  -0.922655  -0.766503   0.654932  -0.530647   0.223456   0.791017  -0.530624  -0.401925 -0.0232529  -0.127491
point 67 597 567.355 168.265  -0.681039   0.675463   0.851991 -0.0779607  -0.279399    0.53694   0.805349   0.895573   0.423444   -0.27552
point 68 618 153.522 158.069 -0.229803 -0.558705 -0.310264 -0.565981  0.278257 -0.434636  0.888076 -0.162602  0.921373  0.949355
point 69 620 376.042  162.97  0.578047 -0.220381  0.865988  0.715421 -0.270606 -0.394621 -0.748008  0.404822 0.0387572   0.45012
point 70 637 122.309  87.323 0.0410236 -0.658925 -0.615824  0.419061  0.322066  0.117902 -0.200248 -0.601933  0.715512  0.916023
point 71 639 544.382 214.141  -0.813331    0.79697  -0.368576  -0.352061   0.759836   0.686116 -0.0228448  -0.843326   0.111587  -0.719625
point 72 651 499.553 164.842  0.897345  0.559228 -0.485381   0.20662 -0.558985 -0.900033 -0.898351  0.357591 -0.222961 -0.479249
point 73 671 124.381 158.122  -0.936857  -0.337566 -0.0634303   0.620015   0.741465  -0.558041   0.206687   0.988659 -0.0995016  -0.548514
point 74 673 330.388 238.029  -0.483136   0.648705 -0.0670475  -0.237368   0.592623  0.0127662   0.410027   -0.52891  -0.387886  0.0928616
point 75 692 223.179 168.212  0.612212 -0.790703  0.911729 0.0839916 -0.334949  0.187689 0.0422597  0.868564 -0.336114 -0.957082
point 76 731 400.482 222.894 -0.365356  0.344128  0.330656 -0.847401 -0.671857  0.917738  0.737356   0.79468  0.589022 -0.832432
point 77 733 204.653  152.29 -0.367503 -0.735327  0.588787  0.148701  0.193848 -0.748291 -0.530551 -0.500554 -0.575517 -0.096455
point 78 742 178.394 156.545  -0.36037 -0.271903  0.625514  0.554572 -0.911563 0.0998883  0.250124  -0.85348 -0.282309 -0.798465
point 79 743 351.354  217.59   0.126342  -0.520776   0.911573   0.301589   0.699015  -0.309638  -0.418503 -0.0452693  -0.237826   -0.42188
point 80 745 401.745  191.14  0.946556 -0.408283   0.14425 -0.642912  0.280459 -0.711781 -0.271842  0.163445  0.532377 -0.510806
point 81 762 191.447 204.567  0.251739 -0.127452  -0.90726   0.87568  0.225088  0.822387 0.0633714  0.826177 -0.872705  0.523361
point 82 763 432.879 177.336   0.166289   0.118687  -0.755056  -0.251639  -0.631229   0.871569 -0.0970855   0.472726   0.341818  0.0896836
point 83 764 239.211 180.917 -0.932911 -0.448938   0.23899   -0.7209  0.945855 -0.457834  0.146936 -0.969513 -0.658631 -0.557334
point 84 791 350.557 184.164   0.71047  -0.64778 -0.764793 -0.596812  0.942295 -0.431257   0.41936   0.55571  0.554375 -0.413798
point 85 811 172.059 159.385    0.520407    0.650321 -0.00863731   -0.204827    0.327972     0.76388    -0.17082    0.347262   -0.499137    0.321572
point 86 842 173.339  222.54   0.604869   0.259499    0.20317   0.914773 -0.0416448   0.870047  -0.269247  -0.163512 -0.0978903   0.855042
point 87 855  402.11 181.442 -0.000529901     0.897422     0.123299   -0.0424089    -0.864388     0.725176    -0.189914    -0.437119     -0.24517     0.929342
point 88 857 170.355 213.862  0.118152 -0.869581 -0.421454  0.412154  0.941388  0.662491  0.419284 0.0948939 -0.501441    0.5337
point 89 860  260.41 225.615  -0.811213  -0.871571   0.722844   0.544375  -0.851256   0.247411  -0.251291 -0.0321894  -0.819926   -0.47834
point 90 887 555.364 225.053  0.612084 -0.704778 -0.741921 -0.704899 -0.794781 -0.931071 -0.385409 0.0669369 0.0275273 -0.838835
point 91 903 498.759 177.609   0.793548    0.49961   0.933971   0.825912 -0.0387353  -0.753468   0.247498  0.0264115  -0.898011  0.0443059
point 92 904 252.694 166.599  -0.413781  -0.158465  -0.455871   0.521964   0.318687   0.153007   0.844596  -0.855303 -0.0917496  -0.825284
point 93 906 90.5007 151.196 -0.993715   0.32352  0.888152  -0.51829  0.622145  -0.56285  0.231466 -0.823564 -0.926265 -0.395084
point 94 912 165.699  184.95  -0.547096 -0.0519492    0.57634   0.735858    0.44389   0.667694   0.376948  -0.120005  -0.332837  0.0708988
point 95 918 491.663 225.604 -0.796184   0.17036  0.584785  0.163925 -0.357913 -0.750652 -0.606763  0.927189 -0.196828 -0.278559
point 96 931 472.97  182.9  0.703151  0.753303  0.378328 -0.112548    0.3249  0.533891  0.623365 -0.915191  -0.23501 -0.154151
point 97 935 384.438 218.646  -0.685447  -0.886105   0.218033   0.940464  -0.675895   0.505271   0.350433   0.817272  -0.766194 -0.0289877
point 98 961  455.29 166.475 -0.372245  -0.49209  0.944214  0.578408  0.567453  0.643697 0.0502847 -0.026812 -0.752104  -0.12453

