seq: 124
gt_pose: -6.19156 -1.82267  2.69641
odom_pose: -5.06367 -3.00651  2.89944
point 0 8  636.45 218.105  -0.10847  0.283488 -0.478874  0.599958 -0.390027 -0.107516 -0.499022 -0.650002 -0.453923  0.139266
point 1 19 235.389 184.535  0.375149  0.308226 -0.303036 -0.599083  0.204138    0.2168  0.445843 -0.293837  0.530619 -0.632817
point 2 97 623.961 222.477  0.894181  0.941744  0.134976  0.390602  0.831519  -0.78782  -1.01246 -0.676523 -0.368438 -0.982044
point 3 108 234.885  224.35  0.902543  0.739852 -0.441242  0.449159  -0.22854  0.294447  0.376541  0.836729 -0.802206 -0.144294
point 4 124 630.635 207.204  -0.49189  0.638467  0.774734 -0.464345 -0.841382 -0.545376 -0.981566 -0.748976 -0.683286  0.818501
point 5 125 625.815 197.341 -0.119572  0.971596 -0.599256  0.721253  0.930703  0.527321  0.937663 -0.368329 -0.152352  0.756427
point 6 142 631.708 197.874  0.355278 -0.170459  0.075764 -0.264316  0.171048  0.513254  0.677727  -0.18459 -0.365382  0.468113
point 7 144 412.295 150.402  -0.50511 -0.212185 -0.817378 -0.766622 -0.650169  0.497125 0.0110577  0.348674 -0.672526 -0.734475
point 8 178 488.067 213.881   0.644872  -0.431144   0.730386  -0.121068   0.919935   0.970949  -0.327493  -0.234639 -0.0532813   -0.92893
point 9 210 613.877 136.405   -0.32979   0.644032   -0.43842  -0.744303  -0.782582  -0.328635 -0.0219644  -0.713911   0.512134   0.738505
point 10 211 485.447 176.284   0.867201   0.628844  -0.155701   0.298473  -0.487739   0.586338  -0.528055   0.202561 -0.0159915  -0.433977
point 11 219 462.027 236.903  0.142535 0.0911688  -0.28622  0.949231  0.151505  0.321039  0.184871  0.119713 -0.492954 -0.561782
point 12 228 537.546 165.946  0.502652  -0.89374 -0.057118 -0.059834   -1.0076   0.99496 -0.598469  0.550573  0.553901 -0.629796
point 13 235 400.402 220.029 -0.766252 -0.928703  0.958202  0.479072 0.0946659  -0.19679   1.04594 -0.699065 -0.884813  0.358775
point 14 249 397.214 162.077  0.681806 -0.626661 -0.326123    1.0221 -0.160352 -0.664727  0.502876  -0.72715 0.0273336 -0.465527
point 15 254 574.123 215.103   0.10644 -0.215082 -0.177978  0.534156 -0.655196  0.423998 -0.410962 -0.929672 -0.791448 -0.514349
point 16 260 633.244 188.931   0.272641   0.580392  -0.340735   0.451512   -0.44103   0.649539 -0.0880987   -0.11035   -0.12509   0.248295
point 17 266 224.742 66.2371   0.802589  -0.366624   -0.18872   0.698954   -0.69151  -0.174146  -0.397588 -0.0241949   0.671819   0.797482
point 18 268  616.76 200.167  -0.862665   0.188002   0.745916 -0.0794185  -0.283496   0.582962   0.531384   0.532949   0.383253   0.882336
point 19 274 459.882 235.532  0.911474 -0.664593  0.136201  0.646672 -0.522483 -0.356644 -0.864722 -0.470593  0.494539  0.424046
point 20 295 420.796 166.149   0.675936   0.013399  -0.300531   0.390379  0.0998288  -0.230274  0.0894607   0.585665 -0.0796311   0.262738
point 21 312 250.274 172.878 -0.228301  -0.73546 0.0751947 -0.531748 -0.767399 -0.364441   0.66984 -0.476554  -0.21348  0.303099
point 22 363  308.49 196.456 -0.451594  0.113379  0.215062 -0.416938 -0.252447 0.0311707 -0.777031  0.474772  0.620847  0.902351
point 23 375 278.933  155.33 -0.359903 -0.876435  0.787698  0.222962  0.073447 -0.618795  0.050478 -0.863655 0.0246785 -0.465369
point 24 388 424.874 158.994 -0.412562 -0.134729  0.804946 -0.469085 -0.851514 -0.244204   0.35165  0.385884 -0.770661  0.270031
point 25 410 335.033 105.508 -0.253935  0.520391  0.044017 -0.237011  0.362541  0.668427 -0.487499 -0.947948  0.736128   0.67592
point 26 424 532.317 210.297 -0.0621728  -0.804759   0.565873   0.346657   0.535728  -0.533979 -0.0597728   0.106044   0.831724  -0.148933
point 27 467 425.328 194.814 -0.436481 -0.758099 -0.058296 -0.333912  0.915088  0.264716  0.503372 -0.119077 -0.606004 -0.721462
point 28 473 544.415 195.017   0.620719   0.345778  -0.722275     0.5911   0.785586   0.120699  -0.657028   0.610687 -0.0051675  -0.206097
point 29 474 348.985 191.588 -0.134812  0.764749 -0.921873  0.692107 -0.705709 -0.798984 -0.358758  0.926509 0.0161783 -0.432714
point 30 488 518.459 14.7747  0.923054  0.521056 -0.547005  0.146574 -0.711423 -0.380095 -0.266542 -0.740823  0.133934 -0.318195
point 31 489 466.515 217.099 -0.879116   1.02653  -0.77177  0.871185  -0.77471  -0.68524   0.86752  -0.54873 -0.520523 -0.114102
point 32 490 383.144 239.986  0.474174  0.875446   0.27052 -0.552222  0.952294  0.224123 -0.946286 -0.602338 -0.596131 -0.688644
point 33 553 59.3307 4.57102   0.236911 0.00125623   0.856177   0.277787   0.690616  0.0748377   0.491316   0.999593  -0.958428   -0.18891
point 34 572  315.25 222.318   -0.953824    0.572236    0.405809   -0.567668   -0.173529   -0.392008    0.646014 -0.00324651     -0.4244      0.7607
point 35 580 339.582 237.021  -0.362384  -0.446158  -0.973691   0.959385   0.194599  0.0788141  -0.329479    0.87154  -0.775895 -0.0311687
point 36 583 600.753 192.433 -0.474887 -0.292336 0.0431874  0.814963  0.702452  0.359032  -0.67292  -0.62591  0.299236 -0.583499
point 37 589 432.643 138.719 0.0991794 -0.193179  -0.38962 -0.733041 -0.529725 -0.503323 -0.151712  0.178646 -0.883197 -0.899109
point 38 595 8.50057 234.919   0.655328 -0.0237184    0.27949   0.876479  -0.151701  -0.693239  -0.813106   0.922034  -0.365251   0.950789
point 39 598 576.666 207.911   -0.15168   0.602669   0.459103  -0.921834 -0.0505113  -0.507207  -0.368564  -0.592535   0.671608   0.598984
point 40 609 136.232 187.225  0.762767 -0.364847  0.475518 -0.279469  0.543363  0.334641 -0.927531 -0.745861 -0.547922 -0.294095
point 41 625 516.896 176.475 -0.073231  0.754798 -0.155922  0.900631  0.399985 -0.637013 -0.588859 0.0435949 -0.135285  0.119232
point 42 636 518.633 231.717   0.793678  -0.264959   0.377174  -0.845975 -0.0110667  -0.316792   0.190752 -0.0839195  -0.107859   0.200823
point 43 643 442.229 212.343 -0.0199359  -0.945529   0.387624  -0.316935   0.428858 -0.0307179  -0.746299   -0.93135   0.183471  -0.260899
point 44 647 372.248 189.722  0.893852 -0.504814  0.984216  0.236436  0.410362 -0.928967 0.0061144 -0.507447  0.328117 -0.826372
point 45 649 619.483 224.682  0.616057  -0.17288 -0.113017 -0.325833  -0.59415  -0.11946  0.283633 -0.642438  -1.00278 -0.263102
point 46 653 600.265 213.841 0.0868643  0.597385  0.916103  0.622781  0.806633  0.758603  0.142686  -0.70457 0.0479828  0.588155
point 47 654 593.214 236.764   0.10833  0.660187  0.159496 0.0912434 -0.372291  0.390642  0.785603 -0.943016 -0.270042  0.699729
point 48 656 441.669 171.522   0.114638 -0.0474291  -0.525031  -0.739808   0.958178   0.459997   0.951932   0.132224  -0.454566  -0.458565
point 49 660 242.187 132.625  0.218157  0.353978   0.23227  -0.57443 -0.840615 -0.337211  0.545322 0.0903263  0.328979  -0.28481
point 50 670 504.995 173.626   0.785012  -0.335943  -0.909473   0.113101 -0.0640488  -0.564755  -0.141831   0.108061  0.0407925   0.351429
point 51 680 404.018 209.685 -0.0196491 -0.0341413  -0.939068  -0.369661  -0.238105  -0.745706  -0.277803   0.384009  -0.170691   0.747791
point 52 690 501.235 198.825   0.318505   0.944561   0.200497   0.445549 -0.0401399  -0.777454  -0.820075  -0.311603   0.522987   -0.52416
point 53 693 242.013 193.532  0.609146  0.322196  0.582791 -0.448454  0.851378  0.159627  -0.45582  0.100049  0.869461 -0.324575
point 54 694 486.834 213.856 -0.720595 -0.769737 -0.077212 -0.426449    1.0086  -0.42383 -0.239801  0.822841  0.700278  0.473843
point 55 716 313.234   214.6   0.937101  0.0149904  -0.544383   0.816728 -0.0275494  -0.754986    0.24971  -0.211321   0.702086    0.76262
point 56 732 592.356 122.481  0.233071  0.657663 -0.989929 -0.312022  0.145334  0.786968 -0.866226 0.0381968  0.648323  0.670888
point 57 757 356.802  198.38  0.385955  0.791816 -0.774769  0.937969 -0.239473  0.314369  0.141507  0.714168  0.123792 -0.353627
point 58 787 79.6384 101.185  -0.24094  0.294034  0.938589 -0.393138  0.109166 -0.195944  0.489257  0.529174 -0.665089  0.675026
point 59 793 628.404 170.244 -0.575519  0.946171   0.39155 -0.208053 -0.658112 0.0387853  0.083641 -0.461665   0.44715  0.103498
point 60 795 152.361 44.5711 -0.294776  0.850067 -0.253075 -0.530315   0.74771  0.165372 -0.529682  0.144377  0.870082 -0.170972
point 61 796 371.426 191.993   0.650924  -0.862534  -0.587065   -0.48747  -0.223466 -0.0197598   0.970636   0.482316   0.349494  0.0109814
point 62 834 114.495 177.895 -0.545805  0.634225 -0.860664  0.930241  0.319634  0.754427  0.932538  0.968633   0.45927  0.592035
point 63 896   636.9 181.649    0.459808   -0.454948    0.393034   -0.839025    0.931731   -0.813655   -0.419395   -0.103833    0.907174 -0.00588331
point 64 900 558.975 115.008  -0.641195  -0.480906   0.589575   0.512837   0.506375    0.42893   0.922594  -0.252618  -0.577431 -0.0737457
point 65 902 382.032 171.569 -0.438034 -0.706203 -0.208634   0.81128 -0.615175  0.201766 -0.632511  0.955351 -0.267899  0.795442
point 66 950 326.209 197.707 -0.773488 -0.275857 -0.433815  0.825326 -0.672585 -0.266783 0.0771093 -0.671933 -0.947676  0.888049
point 67 959  279.05 237.313  0.662891   0.49342  0.412809 -0.438596  0.762733  0.914382  -0.37763 -0.382489  0.989907  0.940693
point 68 986 430.517 223.128  -0.256828  -0.243911  -0.989606  -0.567251  -0.157103  -0.420459   -0.40481 -0.0437227 0.00562173  -0.819332
point 69 991 518.664 219.419 -0.190395 0.0375999 -0.756249  -1.00366  0.924246 -0.447463  0.288713  0.487509 -0.034454  -0.76296

