seq: 169
gt_pose:  -3.85121   3.62329 0.0284652
odom_pose:  -3.79908   2.54728 0.0615014
point 0 1 85.6284 166.418  0.302336  0.462857 -0.671635  0.203055   -0.9592 -0.506355 -0.735155  0.633046 -0.682886 -0.202765
point 1 5 583.395 196.128   0.065384   0.372911  0.0482182   -0.88291 -0.0916859   0.901515   0.852303   0.418094   -0.38749    0.48329
point 2 31 399.244 216.323  -0.390112   0.818004 -0.0812529  -0.702774   0.255613  0.0664536   0.196753   0.205886  -0.534145   0.685338
point 3 39 280.392 172.757  -0.547348   0.832607   0.106871   0.848415 0.00738646  0.0673207   0.917705   0.558246   0.665154   0.182197
point 4 63 367.642 185.446  0.205286 -0.712858 -0.856804 -0.204699 -0.710368   0.28346 -0.743931  0.717769  0.154794 -0.557199
point 5 68 377.034 239.561  0.170249  0.384893 -0.929416  0.540093   0.24821 -0.724212 -0.718956 -0.650505  0.516101  0.730266
point 6 76 151.463 147.416   0.457233   -0.19177  -0.641856   0.663378  -0.661309   0.387028  -0.352707  -0.286891   0.113715 -0.0990542
point 7 78 567.374  210.29  -0.937149  -0.808373   0.582366    0.75061   0.965581  0.0718975   -0.42515  -0.670282  -0.245728 -0.0758336
point 8 88  573.67 226.901  -0.201882 0.00207282   0.425579  -0.961853   0.276735   0.275134   0.437323  0.0600013   0.834602  -0.555951
point 9 103 237.715 223.936   0.443867   0.122035   0.489815 -0.0736211   -0.28533   0.104579   0.703967  -0.850764   0.364042  -0.537598
point 10 109 498.949 228.442  -0.525456   0.854982  -0.852775  -0.451151   0.509864 -0.0355485   0.764983   0.576976  0.0525103    0.30008
point 11 111 491.333 226.374  0.028317   1.01335 -0.903683 -0.988592 -0.156654 -0.353313  0.983765 0.0164769  0.200867   0.47612
point 12 123 538.178  159.08  0.148588 -0.781545 -0.227794  0.405218  0.871182  0.712367  0.231127 -0.235166   0.35538 -0.613545
point 13 156 392.488  204.86   0.237322   0.539823  -0.682362   0.355486  -0.831939   0.934453  0.0977414  -0.732176  -0.944115 -0.0622892
point 14 165 443.429 204.634   0.451546  -0.774236   0.442744    0.60367  -0.715957   0.676056  -0.667191   0.814671   0.350119 -0.0280994
point 15 173 124.049 161.121 -0.580036  0.516644 -0.806165  0.891402  0.220919  0.176394  0.575643 -0.777681  0.159394 -0.262761
point 16 175 453.245 156.086  -0.39052  0.551029  0.257615 -0.636446  0.745479   0.75499  0.893318  0.972437  0.558932  0.146537
point 17 176 414.572  215.09  -0.719694   0.845224  -0.161098 -0.0576532   0.340902  -0.417963  -0.937103   0.229393    0.67828   0.110981
point 18 181 197.624  153.02  0.801359  0.560201 -0.236618 -0.135311 -0.149418  0.828896 0.0130467  0.992675  0.626604 -0.255022
point 19 184 536.118 218.467  -0.209125   0.545646  -0.408349 0.00233127  -0.646608  -0.324951  0.0545322  -0.394435  -0.368389   0.341623
point 20 186 418.833 96.6526 -0.319267 -0.402536  0.368135  0.395588  0.919435 -0.963008 -0.029178   -0.5471 0.0924091  0.296013
point 21 189 97.9106  211.14     0.944906 -0.000973116     -0.93619    -0.846724   -0.0717336     0.806959     0.672364    -0.449703    -0.345603     0.199246
point 22 200 535.817 179.806  -0.478465  -0.703327   0.687406   0.342709   0.281649   0.590891 -0.0687796   0.848766   0.949623 -0.0973288
point 23 205 86.5693 193.946 -0.827638 -0.282839 -0.238428 -0.773158  0.468927  0.186091  0.200232 -0.703266  0.420833  0.162292
point 24 209 98.2524 207.621 -0.246824   0.15836  -0.29321    0.3161 -0.827672 -0.280196  0.580531 -0.908412 -0.282529 -0.703954
point 25 216 601.171 178.637 -0.625387 -0.964821  0.885851 -0.776799 -0.539821 -0.830375 -0.329236 -0.269084 0.0286873  0.869545
point 26 226 263.329 153.506 0.00139779   0.456263   0.566902   0.646742    0.95601   0.523609  -0.930261  -0.836286  -0.117206   0.435823
point 27 229 206.156 198.194  0.955705 0.0724961  0.311706 -0.740336  0.980135    0.1903  0.512609 -0.356258  0.206938 0.0979026
point 28 233 413.158 224.644 -0.138095 -0.435246  0.195084  0.287682  0.346884 -0.179049 -0.945961   0.15557 -0.852359  0.341222
point 29 240 372.687 195.044 -0.487689   -0.5967  0.616555  0.823739   0.79173  0.705524 -0.517396 -0.767255 -0.967111  0.664341
point 30 245 559.757   180.5 -0.613052 -0.433071  0.396473 -0.701098 -0.503678  0.410756  0.857195 -0.677377   0.17871  0.758182
point 31 251 479.408 226.642 -0.0279632  -0.498143   0.143133   -0.78119  -0.420196 -0.0675325  -0.480812   0.267267   -0.14164   0.340657
point 32 262 588.759 162.881 0.0151541  0.301536 -0.358447 -0.550758  0.972472  0.971894 -0.892549 -0.377807  0.410291 -0.365511
point 33 275 182.747 165.691   0.942948 -0.0954712   0.497252  -0.830581 -0.0148542   0.105557  -0.285594   0.453847  -0.573931 -0.0947914
point 34 301 486.787  219.42 0.0761527 -0.501164 -0.946972  0.410643 -0.959666 -0.674411 -0.633187  0.542254 -0.754818 0.0539384
point 35 303 427.607 212.337   0.137843  -0.828381   -0.58297  -0.935577 -0.0524057   0.511144  -0.386886 -0.0524668 -0.0277058  -0.386687
point 36 307  400.49 71.3122   0.134652   0.915505  -0.224034   0.600504   0.703515   0.836426 -0.0838506  -0.541634  -0.818005   0.435266
point 37 321 206.739 105.587   0.0802966    -0.64952 -0.00880847   -0.993619    0.933286   0.0719122    0.295385    0.551061    0.834311    0.608586
point 38 346 317.596 133.262 -0.506996  0.923215 -0.067355   -0.7997 -0.138791  0.454989 -0.024772   0.96671  0.853279 -0.211303
point 39 352 585.249 198.456   0.536072   0.346224   0.405668   -0.69605   0.594992   0.715543  -0.682332   0.529731 -0.0843133   0.874534
point 40 364  562.93 213.815  0.0791574   0.741866   0.707183  -0.593733   0.877545  -0.540025   -0.54544  -0.870608   0.111158 0.00646011
point 41 377 123.187 226.681  0.563353  -1.00286  0.123927 -0.522698 -0.767718  0.825867 -0.385951  -1.00853  0.043438  0.703208
point 42 382 619.424 209.156 -0.728084  0.897326  0.990277 -0.908527   0.15637  0.554011  0.564419 -0.188014  0.274025  -0.15257
point 43 387 453.024 185.488   0.72225 -0.758679  0.569577  0.972782 -0.727712 -0.147488 0.0810237 -0.949663  0.631608  0.679806
point 44 402 178.753 214.168  0.273408 -0.220636 0.0325815  0.958804  0.471434  0.065988 -0.139861  0.418213   1.03527 -0.305258
point 45 404 110.833 127.444 -0.0377443  -0.951278   0.201872    -0.4293  -0.207993  -0.520067   0.355535   0.847789  -0.558252  -0.198966
point 46 405 320.029  127.91 -0.148472 -0.912128  0.876734  0.641148 -0.157126 0.0465495  0.395186  0.318749  0.548185  0.747448
point 47 406 199.853 155.061 -0.134744  0.875726 -0.704575 -0.489228 -0.858965  0.306413  -0.44993  0.342979  0.802661  0.383805
point 48 408 98.6173 177.865 -0.403774  0.746149 -0.302822 -0.852558  0.211385  0.520546  -1.00969  0.498934   0.96263 -0.848512
point 49 425 527.615 239.959 -0.445362 -0.336192  0.375502 -0.516339 -0.519085 -0.687649 -0.121231 -0.897989  0.905644  0.855358
point 50 435 104.743 223.476  -0.786058   0.322352 -0.0208544  -0.326509   0.534222   0.970739   0.071781  -0.911765    0.22912  -0.947275
point 51 464 210.791 235.493 -0.0247527  -0.966119  0.0205923  0.0741818  -0.512481   0.139794   0.376588   0.457604  -0.648979   0.212142
point 52 475 628.395 226.898   -1.02781   0.112664  0.0449662   0.587256  -0.285816  -0.359461 -0.0729236  -0.040973  -0.728126  -0.292919
point 53 477 72.044  121.5  0.942162 -0.645792  0.120421 -0.384951  0.193426 0.0787354  0.735469 -0.781089 -0.343923 -0.590091
point 54 478 179.058 187.975   0.13924 -0.670375  0.552057  0.823082 -0.438547 -0.434984  0.193871  0.127032  -0.38362  0.825139
point 55 491 437.719 201.173 -0.868411  0.857839 -0.361833  0.568069 -0.487124 -0.113441  0.589728  -0.32943 -0.297628  0.700379
point 56 495 373.863 166.867   0.233699   0.621725  -0.160116   0.447302  -0.465356  -0.647095    1.02743  -0.599821 -0.0316777   0.094286
point 57 499 339.138 183.704   0.847874   -0.45679   0.347735  -0.649253    0.19474 -0.0916354 -0.0953035  -0.258254   0.731763   0.254895
point 58 506 372.493 210.201 0.0461811  0.337206 0.0060784 -0.591961 -0.963053 -0.656669 -0.716555 -0.613979  0.734189   0.51617
point 59 508 623.054 183.026  0.641171  0.651896 -0.208609  -0.11014 -0.765604  0.810732 -0.853135  0.190987 -0.726279 -0.809632
point 60 514 634.593 141.617  0.435253 -0.760412 -0.889667 -0.408829 -0.972163 -0.534729  0.603604  0.814337  0.119943   0.17288
point 61 520 214.175 176.055 -0.285382 -0.853777  0.338556  0.367616  0.825186  0.426631  0.439215  0.125633  0.320574 -0.219159
point 62 539  359.62 15.7467  0.880597 0.0805191 -0.981418 -0.685524  0.452899 -0.316646  0.940396 -0.695471  0.185478  0.268197
point 63 541   582.6 228.795  0.374215    -0.785  0.874735 -0.252296 -0.621746  0.728059  0.746166 -0.626426 -0.990365  0.255727
point 64 542  80.037 194.876    -0.696105     0.241666     0.031024    -0.392634    -0.108415 -0.000754629    -0.867155    -0.426088     0.532563    -0.191727
point 65 544 256.169 178.138 -0.135343 -0.294262  0.732412 -0.135387 -0.696337  0.953311 -0.964756  0.306738 -0.424886 -0.052513
point 66 561 42.9205 204.305  -0.937254  -0.351544   0.713757 -0.0965754   -0.96759   -0.71238  -0.113339   -0.94781  -0.345405   0.649655
point 67 568 594.974 212.295 -0.928814 -0.642389   0.92862 -0.694405  0.366381  0.524334 -0.986266 -0.807289 -0.741822   0.18801
point 68 578 351.577 208.555 -0.0588423  -0.199673  -0.287242   0.278092  -0.763903   0.482284  0.0445559  -0.945707 -0.0916478   0.187128
point 69 585 93.6606 207.479  -0.919254   0.640132 -0.0770246   0.799883   0.273622   0.356377  -0.558983  -0.699976   0.257678  -0.895221
point 70 596 374.974 196.087  0.0487428  -0.503834   0.488811    0.12846 -0.0562834  -0.466296   0.707006  0.0966446   0.606429   0.881438
point 71 599 330.476 207.215  -0.398574   0.283125   0.650763   0.114757  0.0778037   0.965276  -0.151097 -0.0517146 -0.0815747   0.575796
point 72 610 611.842 92.0636 -0.181412 -0.205293  0.737304  0.680405  0.429321  0.402566    0.6768 -0.574783   0.15422 -0.475678
point 73 617 480.122 161.035 0.0243752 -0.784959  0.263674  0.116345 -0.558526 -0.896404 -0.222195  0.270534 -0.801409 -0.666767
point 74 622 333.683  150.24  -0.449945  -0.992658   0.475759 -0.0930211  -0.983696  0.0172225   0.675248   0.942032  -0.230461  -0.656884
point 75 644 461.697 157.064   -0.47806  -0.160506   -0.58394 -0.0164782  -0.158919  -0.759833   0.829287  -0.930444   0.885765    0.45898
point 76 661 501.036  182.45  0.288253 -0.486554  0.438956  0.451156 0.0712127 0.0848396 -0.874257  -0.75326  0.188117  0.414269
point 77 669 257.609 235.938    0.47882   0.655584  -0.688607  -0.494459   0.224986  -0.685827 -0.0422457   0.963036  -0.279091  -0.351587
point 78 674 41.6617 228.834  0.835035 -0.736091  0.396009  0.737144 -0.445798 -0.446359 -0.739882  0.167139 -0.155518   0.27905
point 79 691 613.558 175.982   0.575337   0.999671   0.249789  -0.273601  -0.899254   0.133116    0.26637  -0.405831  -0.947055 0.00546934
point 80 695 572.305 217.578  0.681472 -0.189972  0.386386 -0.404516  0.409703 -0.011288  0.970542 0.0693675  0.513965  0.770335
point 81 725 387.355 154.369 -0.718389 -0.742378 -0.688686 -0.947934  0.248981  0.361744 -0.888869  -0.75348 -0.431367 -0.244835
point 82 726 508.456 144.592  0.942364  0.489003  0.583367 -0.736301  0.261877  0.629901 -0.732678 -0.877465 -0.928373 -0.874755
point 83 752 483.543 176.798  0.856992  0.765871 -0.561027 -0.170832 -0.118535 0.0488993  0.326796 -0.604617 -0.618713 -0.430344
point 84 776 567.228 154.057   0.952597 -0.0724193  -0.155681  -0.494829   0.640224  -0.821643   0.343795  -0.450149   0.783941  -0.737837
point 85 780 180.145 239.435 -0.979965 -0.204914 -0.350301  0.137753  0.985698  0.565361  0.455708 -0.809064  0.258769  0.929703
point 86 794 524.862 214.415 -0.369691  0.414748 -0.348771 -0.688906 -0.013805  0.620459  0.437212 -0.494584 0.0981626  0.452316
point 87 797 521.834 203.578  -0.735766  -0.623237   0.769899   0.106597  -0.171543   -0.59355 -0.0413088   0.584946  -0.113267  -0.353367
point 88 805 424.374 144.896  0.392917  0.820782  0.550585 -0.236875 -0.851819  0.758762 -0.185126  0.907924 -0.737371  0.275234
point 89 806 345.318 238.491  0.866399 0.0307993 -0.570076 0.0416571 -0.638961 -0.363625  0.335869 -0.409325  0.109976 -0.124962
point 90 826 101.342 187.746   0.492503  -0.250267   0.187515   0.511237   0.894742  -0.485201 -0.0268846  -0.712998   0.816744   0.650425
point 91 832 228.945 132.788  0.702975  0.996746  -0.33238  0.665826  0.756769 -0.534962 -0.654656  0.802311 -0.766318  -0.83612
point 92 841 535.622 179.589   0.15194  0.920139 -0.883608  0.938862 -0.365189  0.114627  -0.25604 -0.175593  0.263416  0.506052
point 93 843 450.433 179.524  -0.375861  -0.225495 -0.0740549   0.422209   0.106815  -0.916527   0.335015   0.234264    0.98047   0.953864
point 94 847 225.266  202.14  0.106152  0.471828  0.411048  0.916339 -0.719694 -0.705403 -0.360063 -0.832959 -0.839611  0.161465
point 95 854 320.178 215.008   0.639051   0.165869   0.424439  -0.783568  -0.118291   0.981517 -0.0881834  -0.135203   0.216045   0.982688
point 96 856 309.684  134.95 -0.0255681   0.619495   0.452885  -0.577307  -0.557347  0.0104769   0.543323   0.856493   0.306507  -0.612072
point 97 858 368.796 22.5055   0.522308   0.199633  -0.144286  -0.105163   0.710868   0.864811  -0.478296   0.156542  -0.771322 0.00699599
point 98 876 521.392 133.395  0.469021 -0.619245  0.892592 -0.202383 0.0136997  -0.93886  -1.00629  0.319434  0.864515  0.277391
point 99 877 229.631 188.609 -0.733287  0.862302  0.744389 -0.996186  -0.16064 -0.955991  0.838586 -0.579099  0.392798  0.399143
point 100 880 494.167 185.901 -0.650125 -0.565226 -0.289625  0.676847  0.567601 -0.221252 -0.350363  0.547796  0.792766  0.658088
point 101 881 397.417  199.28  0.342279  0.588095   0.41977   0.57886  0.418359 -0.773664  0.161498 -0.739388 -0.465381 -0.583626
point 102 883 471.215 216.186   -0.259275   -0.280671   -0.702781    0.980161    0.246211    0.637672    0.579168   -0.310724    0.236067 -0.00384212
point 103 908 588.049 122.038 -0.963575 -0.889162  0.989423 -0.748041 -0.693255  0.995593  0.607897 -0.761916 -0.559989  0.204253
point 104 924 120.003 223.226  -0.449375  -0.535377   0.243748  -0.449378 -0.0444423  -0.146363  -0.942785 -0.0406691   0.760623  -0.152277
point 105 929 410.691 194.106 -0.819917 -0.315193  -0.29119  0.217143   0.27285   0.70575 0.0773165 -0.202723 0.0470981  0.166956
point 106 937 357.096 233.079  -0.51217 -0.589825 -0.568253 0.0283677   0.54459 -0.228361  0.164969 -0.241257 -0.275461  0.489086
point 107 942 511.813 224.833 -0.770028 -0.356811  0.635481 -0.463642  0.195721 -0.256967 -0.659022 -0.999604  0.983949  0.475082
point 108 944 575.066 153.559   0.590613  -0.506324  -0.308902  -0.588747   0.735037 -0.0878138   0.146155    0.30658   0.464971  -0.615696
point 109 953 161.466 142.517  0.0458137   0.586311   0.769189   -0.59258 -0.0734172 -0.0785898  -0.465457   0.776237  -0.643887   0.808152
point 110 967 396.645  181.35   0.257719 -0.0991298   0.455084    0.95731  0.0655816   0.273538   0.564688  -0.313531  -0.787898  -0.467111
point 111 980 351.151  31.951   0.54487 -0.248846  0.568832 -0.561932  0.491904  0.411191 -0.881943 -0.173746  0.386509 -0.649181
point 112 990 72.1028 185.691  0.638489  0.685127  0.858313  0.692463 -0.160851  0.251928  0.549948 -0.752887  0.709128 -0.771093
point 113 993 182.818 171.592  -0.230518   0.919709  -0.477542   0.693591 -0.0682625   0.378862  -0.308863   0.128047   0.387387  -0.330319

