seq: 213
gt_pose:  4.65396  4.47436 0.289141
odom_pose:  4.88344  3.45221 0.217909
point 0 20 422.839 205.401 -0.501634 0.0797068 -0.800204 -0.460574  0.720672  0.326111 -0.793411 -0.730547 -0.265809  0.156449
point 1 50 592.161 151.372  0.838089 -0.627353 -0.434167 -0.660285 -0.614864     0.219 -0.633359 -0.776511 -0.519319  0.874417
point 2 71 265.339 30.7423   0.13638  0.211036  0.549332  0.567599  -0.46725 -0.807551  0.733304 -0.700404 -0.672922 -0.297433
point 3 79 459.951 130.978  -0.270293  -0.716384 -0.0990706  -0.761602   0.172182   0.899112  -0.746054   0.778659  -0.720726   0.601675
point 4 83 208.031 175.595   0.635399   0.936425 -0.0314196  -0.945734  -0.668485  -0.445456   0.216599  -0.457045   0.497673  -0.889868
point 5 96  317.51 201.437  0.503442 -0.382143    0.2543 -0.670162 -0.845125  0.546161   0.72938 -0.356708  -0.25546  0.764245
point 6 135 113.253 166.711 0.516703 0.443996 0.444397 0.333894 0.197676 0.984242 0.636019 0.362373 0.349813 0.644121
point 7 136 122.549 130.618 -0.415615  0.184095  0.693969 -0.991764  0.407341 -0.621548  0.141006 -0.148603 -0.797119 -0.215456
point 8 213 577.774 155.184    0.534334   -0.220732   -0.710096 0.000459877  -0.0295775   -0.938752   -0.446003    0.755532    0.410402    0.146265
point 9 222 341.847 232.719   -0.67524   0.941565  -0.871741  -0.437544   0.461831  -0.748926 -0.0328797   0.484375   0.360057  -0.458639
point 10 232 286.007 236.781  -0.147673  -0.331776   0.411973  -0.295596  -0.927459 -0.0625397   0.805543   0.686502  -0.969186 -0.0370408
point 11 244 516.486 125.307 0.0318259 -0.929578  0.544676  0.602026 -0.898291  0.746983 -0.374413  0.287279  0.143698  0.207002
point 12 255 549.371 205.185  -0.938154  -0.787057  -0.945295  -0.893155 -0.0204574   0.909633   0.218917  -0.293493  -0.107154   0.334875
point 13 270 467.047 223.148 -0.503003  0.496079 0.0968522 -0.661673 0.0182877  0.214892   0.45587 -0.160268  -0.96261 -0.814333
point 14 297 305.746 183.174  0.543267 -0.106636  0.856382  -0.29814  0.151427  0.550925  0.720711  0.778881 -0.158045 -0.120994
point 15 300   366.2 181.742   -0.183548   -0.682952    -0.69086   -0.212239   -0.173216    0.812715    0.960503   -0.504785    -0.85883 -0.00781536
point 16 341 613.793 196.905   -0.689503    0.152566    0.266233   -0.332036    0.317182   -0.355227   -0.815208   -0.703213    0.843572 -0.00322489
point 17 349 185.137 164.305  0.678265 -0.288274  0.708184 -0.866317 -0.790123 0.0765599  0.518645 -0.484741 -0.333801 -0.663106
point 18 357 295.219 229.822  0.333287 -0.199475  0.456409  0.421161  0.545313 -0.145799  0.286503  0.751415  0.480158 -0.232552
point 19 361 153.106 186.791   0.864981   0.729834  -0.335885  -0.452353   0.672029    0.56668    0.27712    0.38039   -0.95536 -0.0544148
point 20 366 222.709 173.301  0.412764  0.752882  0.220503 -0.763007 0.0261525 -0.719846 -0.919097 -0.230659 -0.274338  0.964998
point 21 376 32.7418 144.634  -0.735396  -0.901868   0.625587  -0.357623    0.63839   0.249764   0.295013 -0.0607105   0.573157  -0.285145
point 22 379  182.68 116.332  0.206192 -0.558197 0.0799911 0.0512395  0.578886 -0.321008 0.0768484 -0.281548  0.132571  0.227879
point 23 383 327.721 187.814 -0.689739 -0.328642     -0.99 -0.715903  -0.71168 -0.108082   0.49495  0.541915  0.468145 -0.216011
point 24 390 510.002 220.575  0.297139 0.0394357  0.238794  -0.54514  0.384602  0.893238  0.302013  0.146851 -0.589919  0.391685
point 25 392 85.9829 228.798   0.955882 -0.0633561  -0.395751   0.291736   -1.01975   0.956577  -0.760459   0.312791  -0.606314   0.589392
point 26 395 357.075 234.031  -0.741532  0.0931754  -0.921038   0.975869   0.889253   0.615636  0.0403976  -0.354508  -0.123817 -0.0354265
point 27 401 613.559 177.463 -0.0453964   0.529287   0.317591  -0.500216  -0.623376   0.225367   0.614858    0.83271  -0.938587  -0.573801
point 28 407 598.989 208.365  -0.688329   0.992216  -0.950372   0.632695  -0.793419 -0.0746291   0.657348  -0.931181   -0.40517  -0.429783
point 29 426 296.272 184.757  0.970383  0.100356  0.830742  0.299589  0.870444 -0.238642  0.511143  0.331388 -0.894215 0.0979634
point 30 445  289.32 140.075 -0.922262 -0.297126 -0.726138 -0.862129 -0.310532  0.765546 -0.354469  0.158643 -0.440807  0.556797
point 31 447 338.504 145.182   -0.37471  0.0515953  -0.969998  -0.782081   0.281331  -0.823361 -0.0366927   0.581022  -0.702882   0.645583
point 32 502 2.10232 195.913   0.317814   0.235346   0.025766   0.480027   0.836546 -0.0241057  -0.440088   -1.00672    0.16891  0.0943819
point 33 521 213.099 45.7112 -0.847873 -0.335682  0.665234  0.168781  -0.21202 0.0148519 -0.359172 -0.637267 -0.846165  -0.66047
point 34 526 361.242 166.401 -0.284305  0.981975  -0.33925 -0.831946 -0.258435    0.3831  0.896497 -0.875394 -0.506247  0.885814
point 35 549 206.331 231.918  0.786884 -0.396912    0.9088  0.938939 -0.150258  0.258389 0.0455375  0.507421  0.395746  0.762164
point 36 550 600.073 201.817    0.236775   -0.071423   -0.730229    0.501887   -0.390608   -0.490983   -0.841918    0.148596 -0.00738691   -0.813622
point 37 556 484.563 204.352   1.01583   1.01907 -0.268159  0.501844  0.902214 -0.259379  0.434762  -0.66975  0.870446  0.197858
point 38 579 232.239 167.477  -0.793651 -0.0721183  -0.785563  0.0286972    1.00798   0.492215  0.0797856    0.49583   0.269415   0.259325
point 39 586 234.547 164.095  0.0449134    -0.9714   0.706524   0.251054  -0.305264  -0.137792   -0.70994  0.0643209 -0.0762583   0.704392
point 40 590 366.132 178.581  -0.509363  -0.963602   0.713844   0.438867 -0.0500726  -0.522448  -0.474043   0.556744  -0.206526  -0.896452
point 41 592 110.705 160.219  0.843679  0.950186  0.625351  0.291328 -0.800441  -0.81034  0.372996  0.863222    0.6767 -0.662108
point 42 605 611.362 182.403   0.891318   0.491385  -0.348013   0.322142   0.171906  -0.397422 -0.0461874   -0.15855   0.899997  0.0935865
point 43 630 480.245 184.695  -0.0722927  -0.0554444   -0.345087   -0.386893    0.633232 0.000481468    0.461717    -0.17525    0.581273   -0.710973
point 44 712 209.694 236.745 -0.0191433   -0.66129   0.506864   0.813677  -0.609916  -0.541859  -0.715715  -0.148309     0.7847  -0.161234
point 45 714 130.609 135.277  0.717495  0.433174  0.732909  0.484595 -0.497357 -0.270465  0.821334  0.972432 -0.495252 -0.801301
point 46 718 100.419 161.953 -0.391572  0.071869  0.912093  0.505721  0.863237  0.782985 -0.528574 -0.635091  0.673972  0.486068
point 47 723 53.1988 234.427    0.10307  -0.945552 -0.0132688   0.181885  -0.400005  -0.367129  -0.374862   0.754888   0.176792  -0.627764
point 48 730 347.264 197.035    0.75217   0.398469   0.825901   0.822426    0.58476  -0.247804  -0.388141  -0.450567 -0.0760594   0.996477
point 49 739 519.387 217.428    1.00468   0.198851  -0.448592 -0.0122899   0.743045    0.17683  -0.887859  -0.198569  -0.257605  -0.609897
point 50 749 586.698 186.736 -0.658773   0.21018  0.630084 -0.665437  0.502192 0.0138468  0.767352  0.149414 -0.280265  -0.14039
point 51 759 217.968 163.277 0.0635186  0.610051  -0.89795  -0.82747 0.0215999  0.441665  0.942499   0.26554  0.410266 -0.290636
point 52 765 431.559 168.282 -0.945306 -0.144482  0.595359 -0.590959 -0.430839 -0.331869  0.532586 -0.185562  0.461629  0.928717
point 53 785 196.982  170.72 -0.0741085  -0.151972   -0.50323   0.576419  -0.831007  -0.510893  -0.886591   0.682514  -0.680198    1.00246
point 54 803 374.386 129.342 -0.753153    1.0046  0.753176 -0.520366 -0.578942  0.242477 0.0658121  0.781535 -0.228246  0.673202
point 55 813 309.499 233.776  0.624507  0.957575  -0.34998 -0.850748  0.310367 -0.770989  0.790786 -0.758948 0.0331013  0.105108
point 56 823 476.926 95.9566  0.063464  -0.74742 0.0274018  0.703568  0.552766 -0.486533 0.0856824  0.950978 -0.445935 -0.059544
point 57 831 139.929 232.656  -0.106238    0.42514   0.743255  0.0596501   0.322592  -0.897404 -0.0280696   0.568229  -0.685924 -0.0606737
point 58 865 301.753 197.259  0.908113 -0.397088  -0.93376 -0.352349 -0.332648  -0.18226 -0.995066  0.599195  -0.73017 -0.042091
point 59 872 95.8942 56.2011  0.438904  0.842924 0.0196706  0.521514 -0.417713  0.766483 -0.464213 -0.280085 -0.895342 -0.934814
point 60 874 420.647 213.455 -0.849537  0.257983 -0.674635  0.878994  0.264824   0.77211  0.755145 -0.690663  0.211662 -0.709556
point 61 889 621.356 226.231  -0.863724   0.186543   0.841614  -0.284613   -1.00058   0.457303 -0.0862922  -0.719953   0.726134   0.163216
point 62 914 144.313 233.576  0.228924  0.102215 -0.052133  0.359466  0.343251  0.395144 -0.639642 -0.102807  0.210915  0.837739
point 63 932 198.194  186.67 -0.0776173  0.0205278   0.753608  -0.032474 -0.0962939    0.72195 -0.0459497  -0.892593  -0.205894   0.562241
point 64 951 495.872 161.424   0.176644  -0.792151 -0.0751109   0.355598   0.220124 -0.0261006   -1.04607   0.487185   -0.12792  -0.678913
point 65 964 141.427 174.899  0.933552 -0.323374  0.196599 -0.197142 -0.865244 -0.940785  0.538279 -0.926922 -0.781581  0.686521
point 66 975 255.584 220.008   -0.789151    0.434232    0.757424 -0.00172902    0.735414  -0.0967124   -0.857257    0.260117  0.00706663   -0.324177
point 67 992 237.117 184.092  0.373296  -0.71432 -0.232695  0.323385  0.939265 -0.555993 0.0283195  0.799794 -0.868886  0.896949

