seq: 109
gt_pose: -3.23773 -2.10306 -3.09151
odom_pose: -2.03866 -2.68386 -2.88074
point 0 2 86.7163 155.439  -0.571618  0.0443877   0.724931   0.243583  -0.442502   0.262311  0.0317116 -0.0148876   0.937955   -0.41755
point 1 25  118.67 217.107  -0.334954   0.816803   0.851499    0.25286   0.637318   0.590281 0.00832618  -0.330944  -0.186767   0.364312
point 2 28 187.654 145.229  0.239332  0.945357 -0.300223  0.764126 -0.705522 -0.145163 -0.959894  0.614935  0.520267 -0.438499
point 3 34 338.709 187.863 -0.125159 -0.524646 -0.185836 0.0692233 -0.708887 0.0688976 -0.930104 -0.224768 -0.229617 -0.406042
point 4 60 450.489 124.982  -0.950991  -0.859697  -0.524129   0.469459   0.252632  -0.814466   0.873905   0.731266  -0.618882 -0.0227517
point 5 70 531.007 140.205  0.865676 -0.754808 -0.459776 0.0882834  0.268999  0.770178 -0.484774   0.30724   0.28044  0.636133
point 6 80  345.25 132.627 0.0480764  0.468562  0.974471  0.893567 -0.790866 -0.992931 -0.909691  0.818581  0.829897 -0.880356
point 7 90 314.958 153.911 -0.784717 -0.930602 -0.748416   0.48242  0.100928 0.0893321 -0.464092 -0.510115 0.0716549  0.834969
point 8 114  266.76 144.545  0.528238 -0.865484  0.936516 -0.523059   0.20482 -0.030565 -0.331535  0.452288 0.0714136  0.208021
point 9 125 635.805 205.671  -0.176628   0.992817  -0.649217    0.67819   0.854612   0.491848   0.876871  -0.347701 -0.0786346   0.810455
point 10 131 378.909 121.316  -0.963887  0.0109468  -0.512204   -0.31889 -0.0849138 -0.0534977  -0.533812  -0.142225   0.244946   0.696283
point 11 167 99.7561 196.922  0.739558 -0.413275 -0.446561 -0.206506 0.0889214 -0.973924 0.0456331 -0.442289  0.622376  0.264021
point 12 168 46.2078  230.38   0.582108 0.00288031   0.975785  -0.317465   0.599195  -0.644939   0.946406    1.02226  -0.191614  -0.735124
point 13 218 453.709 222.412  -0.13533     0.656  -1.02189  0.785423 -0.790637 -0.649033  0.839279  -1.00908 -0.415622  -0.74562
point 14 219 491.711 237.777  0.185801 0.0280457 -0.280872  0.888687  0.125169  0.344735  0.241369  0.103795 -0.489784 -0.605305
point 15 235  432.89 228.056 -0.833828 -0.947557  0.988405  0.517164  0.127235 -0.205539   1.01305 -0.697034 -0.937975  0.350437
point 16 254 638.337  216.45  0.114263 -0.204068  -0.23036  0.554337 -0.618811  0.416492 -0.413205 -0.974935 -0.736866 -0.443474
point 17 263 133.443 193.517   0.153236   0.605551 -0.0145371   0.512687  -0.848908 -0.0961693  0.0187262  -0.903088   0.601493   0.845076
point 18 266 343.266 194.813   0.790265  -0.338704  -0.158078   0.778961  -0.648726  -0.225569  -0.440958 -0.0387212   0.656571   0.783931
point 19 284 223.353  201.32  -0.251608    0.10868   0.111059  -0.325459   0.872457   0.496265   -1.01795   0.949847 -0.0323496   -0.69592
point 20 306 44.7013 51.3702  0.516699   0.14004  0.507017 -0.100352  0.250974 0.0799479  0.301041   0.91982  0.619934  0.268286
point 21 308 179.039 158.404  -0.527629   0.954849 -0.0356358  0.0137057  -0.782291  -0.457516  -0.759015   0.748024   0.353959   0.469836
point 22 330 252.627  228.81 -0.0376311  -0.589971    0.27831  -0.638797  -0.258538  -0.972524   0.735416    1.01228   0.243191   0.509564
point 23 358 302.372 135.999   0.723099   -0.28826 -0.0732277   0.938492    0.23117  -0.763278   0.435739   0.443774   -0.91108   0.719567
point 24 388 453.406 188.283 -0.379583 -0.115763  0.841434 -0.418537 -0.891016 -0.175115   0.32626  0.409837  -0.80144   0.34422
point 25 389 309.701 170.894  0.408332  0.852438 -0.380076 -0.482553  0.331415 -0.713033 -0.217735 -0.111204  -0.68138 0.0766254
point 26 397 624.101 53.6137  0.718347 -0.364683  0.527697  0.198046  0.561701  0.924452 -0.685323  0.625419  0.824833 -0.795395
point 27 400 284.942 218.283    -0.9252  -0.129671    1.03061 -0.0750634   0.800151  -0.873686  -0.191757  -0.897099    0.56883  -0.126938
point 28 416 144.909 233.563  -0.557055   0.570998  -0.638068  -0.380704   0.661481   0.917982   0.723962    1.01787   0.448201 -0.0489396
point 29 424 584.483 213.683 -0.0762389  -0.858822   0.562891   0.402718   0.579089  -0.511469 -0.0660108   0.148148   0.902257  -0.158519
point 30 434 116.916 173.341 -0.855596 -0.161479 -0.630614 -0.448288 -0.800244  0.105181 -0.900711 -0.901872  0.767071  0.362072
point 31 465 67.1106 192.543   -0.604561   -0.175516 -0.00647144    0.134189   -0.215108   -0.485269   -0.910989    0.530294   -0.940916   -0.735632
point 32 467 437.976 215.623  -0.413444  -0.792253  -0.065328  -0.347392   0.941287   0.243753   0.499789 -0.0979303  -0.646537  -0.711217
point 33 474 380.746 223.828 -0.0757368   0.690236  -0.933773   0.678633  -0.714799  -0.835573  -0.388379    0.94064   -0.04366  -0.437798
point 34 488  462.42 140.277  0.961316  0.524997 -0.529003  0.163967 -0.706713 -0.398287 -0.270892 -0.746599   0.16117  -0.24821
point 35 501 288.634 153.528  0.506324 -0.323061 -0.230466 -0.172083  0.323774 -0.265348  0.333407 -0.323065  0.086133 -0.497966
point 36 523 297.193 166.824    0.536518     0.53933    0.450645 0.000283962     0.96978    0.636902    0.671741    0.520507   -0.176337   -0.541697
point 37 543 586.647 99.8909   -0.32428  -0.781664   0.598767   0.712734   0.332988 -0.0735971   0.859991   0.147033   0.666257  -0.826372
point 38 545 279.723 169.828      0.8556    0.513116   -0.869894   -0.246611   -0.796667   -0.169592 -0.00811428     0.81633   -0.477538   -0.718226
point 39 551 20.8024 213.075   0.238736  -0.724524  -0.638603 -0.0680921   0.340342  -0.890243   0.558583   0.140602  -0.964777  -0.631979
point 40 552 590.024 70.1443   0.851504  -0.201996    0.85744 -0.0834362   0.421328  0.0745071   0.822898   0.691776  -0.361713  -0.600889
point 41 553 310.805  189.74   0.173558 -0.0678909   0.878615   0.222743   0.635932   0.147148   0.524783    1.00562  -0.918054  -0.191755
point 42 559 260.244 40.2805 -0.465161  0.964955   1.02737 -0.644462 -0.142556  0.782703  0.520258 -0.636579 -0.518132  0.887831
point 43 570 179.377 223.754  0.177921  0.287811 -0.775174  -1.02076  -1.00533 -0.693559 -0.612213  -1.03915 -0.336645  0.760333
point 44 574 241.542 161.195  0.840424  0.301487 -0.726927 -0.229009  -0.49691 -0.683555 -0.579654  0.864432 -0.317079  0.198994
point 45 575 24.5087 124.241 0.0108025 -0.932357  0.515161  0.968063  0.837193  0.386157 -0.293201 0.0106771  0.900869  0.518693
point 46 589 455.261 177.129 0.0733196 -0.139006 -0.357984 -0.705846 -0.463091 -0.535099 -0.122815  0.189231 -0.832683 -0.906629
point 47 593 75.8399 164.792 0.0681973 -0.725897 0.0710547 -0.656614  0.718624 0.0125338 -0.320786  0.422118 -0.838557   0.19462
point 48 600 277.752 156.828    0.9287  0.388539  0.678495  0.576852  0.978793 -0.485893  0.169581  0.468097 -0.344311 -0.819068
point 49 623  633.96 13.3969  0.545704 -0.506758  0.587038 -0.464078 -0.265945  0.479446  0.400329 -0.157399 -0.833777 -0.300129
point 50 625 579.167 181.693 -0.0291379   0.723467  -0.220718   0.923498   0.418386   -0.65355  -0.589892    0.09953  -0.146658   0.128568
point 51 634 124.563 172.153   0.244928  0.0580293   0.979633  -0.700067  -0.961108 -0.0648273   0.453426  -0.243934    0.15857   0.960166
point 52 635 71.3377 238.368 -0.210196  0.378955 0.0950177  -0.46681 0.0951838 -0.306308 -0.354684  0.567038  0.546271   0.68757
point 53 636  600.13 231.751   0.796692  -0.274146   0.392374  -0.864908 0.00293684  -0.294672   0.183347 -0.0647679 -0.0209924   0.254779
point 54 648 231.404 193.026     0.1394   0.377464  -0.716763  -0.971932  -0.728484 -0.0278441   0.651733  -0.918501  -0.303361  0.0640225
point 55 650 558.393 209.283  0.817077  0.222204   0.61844 -0.529705  0.975381 -0.210306  0.911029 -0.758613 -0.169592  -0.82871
point 56 652 43.4439 238.048 -0.764565 -0.309228  0.418322  0.249715  0.847121  0.186709 -0.522017  0.476261  0.685367 -0.460633
point 57 654 520.497 238.304 0.0360466  0.714404  0.135969  0.109512 -0.292964  0.434711  0.804665 -0.976105 -0.285911  0.621491
point 58 670 534.85 188.59  0.770052 -0.309307 -0.961638  0.102083 -0.129416 -0.476696 -0.103429 0.0721251 0.0482539  0.361828
point 59 679  203.94 120.359   0.94756  -0.28242  0.204762   0.72476  0.926893 -0.384159 -0.358013 -0.379933  0.925398   0.85367
point 60 680 421.248 224.881 -0.0157242 -0.0549024   -1.02616  -0.359773  -0.180807  -0.733116  -0.290985   0.416405   -0.13669   0.809558
point 61 687 569.818  211.62   -0.35866   0.255865 0.00826729  -0.288366   0.640702   0.466273   0.618864   -0.41568   0.164016  -0.514611
point 62 690 583.677 198.944  0.302029  0.940238  0.175912  0.472192 -0.116895 -0.691751 -0.790742 -0.350249  0.505766 -0.464059
point 63 694 509.886 221.115   -0.71338   -0.73192 -0.0245935  -0.406327   0.956306  -0.413913  -0.207088   0.857364   0.742591   0.440556
point 64 696  64.223 234.681 -0.891084 -0.305256  0.175687  0.291771  0.918672   0.37883  0.533214 -0.128528  0.951608  0.534218
point 65 700 117.842 211.496 0.0486721 -0.619534  0.201085  0.735954  0.589928 -0.451881   -0.7321 0.0867881  0.991746  0.770787
point 66 706 260.131 187.584  0.986551   0.64126 0.0864091  0.673233 -0.865304  0.725134 -0.158845  0.468378 -0.510261  0.322248
point 67 708 141.941 153.256 -0.0643043 -0.0296833  -0.756491   0.545583   -0.37893  -0.724206   0.116959   0.713764    1.02215   0.210876
point 68 710 358.373 76.5455 -0.00892478   -0.467195   -0.616025    0.325539   -0.450315    0.285569   -0.657569   -0.121854   -0.220185  -0.0651921
point 69 715 314.812 237.917 -0.802615  0.637037  0.121846 -0.636836  0.356135   1.02043  0.382219 -0.846973 -0.160215 0.0784113
point 70 727 546.472 206.061  0.0361327  -0.940158   0.570855  -0.647377  -0.297649   0.859481  -0.358843 -0.0304884   0.898779   0.908635
point 71 732 588.648 153.204   0.162658   0.674557  -0.939771  -0.300129   0.145934   0.858278  -0.860927 -0.0381726    0.65415   0.601936
point 72 735 449.804 222.947 -0.891561 -0.394789  -0.17906 -0.589394 -0.268082  0.463007 -0.302606 -0.729072 -0.337647  0.885787
point 73 748 190.452 177.469  -1.00065  0.125966 -0.485298 -0.881443 -0.586667   0.15535  -0.24467  0.986718  0.734086 -0.397768
point 74 758 195.002 217.809 -0.210427 -0.969245  0.858266 -0.470964 -0.615204 -0.898584  0.738733 -0.426788  0.241474 -0.471258
point 75 770 306.71 89.807  0.757879 -0.547218  0.667105 -0.364433  0.045125 -0.283687  0.457318 -0.791849 -0.863047  0.697001
point 76 795  327.72 194.072 -0.308847  0.885008 -0.202941 -0.562568  0.710694 0.0807735 -0.538553 0.0785664  0.904307 -0.247294
point 77 796 409.338 214.358   0.645715  -0.921181  -0.549362  -0.495178  -0.233673 -0.0373562   0.965696   0.516174   0.344749 -0.0549221
point 78 808 119.135 174.393 -0.560716  0.551839 -0.126644  0.768504 -0.475233 -0.302833 -0.238597    0.0357  0.819346  0.125227
point 79 810 48.3427 191.501  0.923638 -0.621516  0.528183 -0.782386 -0.915521     1.003  0.743737 0.0356623  0.802528 -0.633722
point 80 812 152.788 233.686 -0.0300776  0.0913517   0.514992   0.429752  -0.596905   0.502692   0.789156   0.893562   0.761022   0.946007
point 81 834 311.676 222.127 -0.506126  0.635072 -0.879949  0.915222  0.363776  0.820429  0.899601  0.950025  0.470531  0.675898
point 82 836 207.916 171.971  -0.77957 -0.640838 -0.175447   0.01859  0.604352  0.290976 -0.364094   0.71529  0.206574  -0.93705
point 83 844 268.391 217.508   0.558942  -0.878378  -0.348047   0.698128 -0.0585243  -0.746216 -0.0322692  -0.881133  -0.898333   0.967492
point 84 849 37.5718 168.526  -0.203034   0.188735 -0.0913097  -0.581814   -0.42095   -0.90772   0.891312   0.981791  -0.945315  -0.892809
point 85 850 273.522 176.722 -0.580599   0.90207 -0.155328  0.297411 -0.510413  0.475582 -0.854406 -0.372094  0.311386  0.948178
point 86 851 196.225 220.928  0.927565  0.642713  0.443976  0.891393  0.560409 -0.648497  0.178059 -0.419202 -0.326009  0.806119
point 87 871 270.687 197.318  0.321092 -0.834981 -0.655636 0.0910972  0.160095  0.689604 -0.155775  0.351356 -0.804363  0.859357
point 88 890 114.47 149.26  0.418336 -0.436595 -0.164538 -0.803344 -0.391772  0.218587  0.929155 -0.851983 -0.282769  0.298491
point 89 891  182.92 222.625   0.41939  0.388547  0.173629 -0.597963 -0.705315  0.366207  0.607493 -0.809265 -0.930448  0.637015
point 90 895 90.4178 210.125 -0.780407  0.336505  0.615072  0.962585 -0.572781 -0.209981 0.0216051  0.623271 -0.760968  0.257899
point 91 896 590.153 201.766    0.38879  -0.469631   0.396774  -0.854667   0.932223  -0.837425  -0.361662 -0.0996185   0.885585 -0.0585661
point 92 900 569.902 145.491   -0.56954  -0.484095   0.560794   0.536408   0.466053   0.398418   0.923872  -0.264521  -0.572549 -0.0134422
point 93 902 414.261 203.767 -0.423264 -0.765914 -0.193629   0.85938 -0.641513  0.191453 -0.623907   0.93168 -0.303264  0.856147
point 94 915 0.22255 156.413  0.229085  0.642078  0.173949 -0.123298 -0.719023  0.312564   1.00123 -0.534835 -0.111464  -0.42492
point 95 919 153.164 117.389 -0.739543    0.5139 -0.291338 -0.491774  0.398923  -0.41811 -0.393935  0.842365  0.153462  0.350998
point 96 921 99.4168  159.49  0.171688  0.108389 -0.307418  0.730435  0.182828 0.0264019  0.179052  0.860692  0.470388 -0.368432
point 97 923 229.461 209.744   -0.737075 -0.00683661    0.697063   -0.355135    0.351254  -0.0150784    0.816385   -0.960119   -0.352655  -0.0751466
point 98 938 3.36651 211.226  -0.523538  0.0210052  -0.614862   0.261254 -0.0263515   0.381675   0.851615   0.545451  -0.922671  -0.656513
point 99 952 275.783 168.686  0.766666 0.0992404 -0.455001 -0.227415  0.664468 -0.252049  0.475127 -0.728998 -0.420737  0.698327
point 100 957  433.78 155.651  -0.518357    1.00138  -0.239397  -0.890437    0.31953   0.883429   0.438435   0.530915  -0.358734 -0.0897186
point 101 970 289.618 195.577 -0.518207  0.299341 -0.275247  0.856472  0.454154  0.744766  -0.48359 -0.497913 -0.283691 -0.573059
point 102 973 315.297   104.1  0.126315  0.165264  0.581942 -0.868583 -0.489559   0.21007  0.065693  0.766136  0.575091  0.063698
point 103 983 43.6782 156.168  0.582549  -0.51458 -0.827877  -0.91453 -0.806178 -0.274684  0.897162   0.18801 -0.475413  0.564948
point 104 986 450.669 229.869  -0.271706  -0.320307  -0.954851  -0.535885  -0.115199  -0.433912  -0.399919 -0.0646392  0.0359285  -0.826791
point 105 988 63.6232 225.335  0.383207  0.856486   0.35009 -0.468693 -0.299296 -0.933943  0.237959 -0.282939  -0.48924 -0.941279
point 106 991 412.361 235.035  -0.120329 0.00432352  -0.780681   -0.98483   0.937267  -0.430674   0.363884   0.440674 -0.0372792  -0.742612
point 107 998 12.2353  69.521  -0.424726  0.0734235  -0.956743   0.383297  -0.193516   0.262546 -0.0624045  -0.726957   0.172183     -0.452

