seq: 251
gt_pose:   5.00813   2.09297 -0.788258
odom_pose:  4.75466   1.0969 -1.15617
point 0 0 395.222 189.669   0.587174   0.792955  -0.595806   -0.35165   0.563676  -0.419248  0.0631586 -0.0663581   0.220635  -0.227852
point 1 3 440.174 78.1662 -0.151191  0.765488 -0.457779 -0.291567  0.610322  0.805718 -0.878511  0.855843 0.0451623 -0.866265
point 2 35 521.597 216.055 0.0929211  0.873008  0.401575  0.618071  0.404076 -0.359621  0.275868 -0.999847 0.0800427    0.7327
point 3 45 486.462 233.182  -0.545472  -0.090481   0.864182  -0.092316   0.750957   0.976312   -0.68192 -0.0963824   0.531053   0.496338
point 4 50 26.3858 104.629  0.829197  -0.66291 -0.439561  -0.65996 -0.571573  0.292995 -0.624148  -0.79221 -0.496962  0.860395
point 5 54 505.018 186.723 -0.655798  0.168443 -0.942749 -0.751414 -0.650727 -0.502951 -0.715503   0.14705 -0.837001  0.755385
point 6 56 528.132 205.254  0.230864 0.0895009 -0.986003  0.841272 -0.266411 -0.575555 0.0152507 -0.158982 -0.435107  0.350406
point 7 59 530.784 209.497   -0.95968  -0.971599  -0.980291 -0.0271304  -0.377845   0.398554   0.629399  0.0245775 -0.0785773  -0.856444
point 8 84 559.243 150.788 -0.403398  0.108031  0.373773  0.942095  0.246353  0.283598 -0.148826  -1.02247   1.01888 -0.290223
point 9 87 259.599 227.273   0.70032  0.859516 -0.181189  0.929586 -0.683001 -0.590644 -0.525283  -0.29095  0.857806  0.236697
point 10 94 321.417  197.08   -0.69299   0.436106  -0.523258   0.183103   -1.01037   0.636199 -0.0330035  0.0584314   0.539594  -0.789003
point 11 118 591.384 195.857   0.839407   0.915733   0.661732   -0.46021 -0.0123653   0.503588  -0.914718  -0.595934  -0.933783    0.64807
point 12 162 268.434 163.054 -0.615941  0.273923 0.0745991 -0.772885 0.0866037  -1.00812  0.559343 -0.737545 -0.635723  0.199186
point 13 174 468.862 189.382  0.720376   0.11315  0.886033  0.147625 0.0511785 -0.447757  0.134237  -0.57871 -0.502604 -0.984712
point 14 177 356.447 198.363  -0.715098  -0.147193  -0.466127   0.384045  0.0931064   0.114571 -0.0469651  -0.601822   0.522352  -0.309025
point 15 185 343.309 134.271  0.086679 -0.562929  -0.48253  0.336097 -0.221757  0.839636 -0.637825  0.843821 -0.196431 -0.166267
point 16 206 467.437 119.263    0.7411  0.050446  0.656612  0.911333 -0.711064  -0.68088  0.688885 -0.195702 -0.907746  0.727924
point 17 213 221.673  167.83   0.547116  -0.212545  -0.792539 -0.0144324 -0.0805139  -0.929231  -0.442006   0.764706   0.419863   0.161164
point 18 217 403.363 161.125 -0.423024  0.284809  -0.99269  0.170934  0.242962  -1.00899  0.631114  0.101897 0.0387875 -0.715949
point 19 224 423.529  200.15  0.966608 -0.590457 -0.759967  0.435385  0.386518 -0.424083  0.421432  0.493662   0.11048 -0.105871
point 20 255 189.479 205.641  -0.979529  -0.834283  -0.893262  -0.919051 -0.0589583   0.887452   0.205021  -0.331109  -0.175384    0.37528
point 21 259 566.566 179.956  0.145104  0.637231  0.115108  0.465811 -0.451018 0.0467834 -0.702068  0.425814  -0.92498 -0.628145
point 22 270 92.7999 215.884  -0.514735   0.485628  0.0524324  -0.688145 -0.0176533   0.207873   0.431338   -0.24217  -0.895069  -0.838285
point 23 276 73.5955 237.613   0.559933  -0.721732   0.102347 -0.0503387   0.266603  -0.012179    0.26526  -0.649909  -0.479388   0.723433
point 24 290 622.921  91.941 -0.641967  0.801047 -0.761769 -0.489119 -0.662003  0.544679 -0.937741 -0.794624  0.550728  -1.00712
point 25 299 622.034 197.757  -0.680479 -0.0355004   0.402429   0.962959  -0.359826 -0.0219963  -0.144544  -0.527767    0.71265   0.957748
point 26 316 533.206 126.538   -0.57094  -0.760126  -0.946351  -0.486702  -0.512216 -0.0849431  -0.387238   -0.18962  -0.298129  -0.671041
point 27 327 619.896 203.072 -0.321452  -1.00278 -0.215032  0.838128  0.341631  0.543065 -0.475803  0.728339 -0.300905  0.754987
point 28 341 154.555  194.33 -0.673186  0.101494  0.328525 -0.386138  0.243889 -0.340334 -0.828962 -0.649842  0.797045 0.0324437
point 29 348 327.018 204.566   0.814297  0.0458629  -0.784095   0.232577    0.36419  -0.317825   0.178783  -0.719073 -0.0700642   -1.04722
point 30 372 358.199 224.632  -0.171016   0.852272 -0.0436897  -0.513737   0.945011   0.567718  -0.680341   -1.00533  -0.365327   0.189509
point 31 373 452.172 237.609  -0.426344   0.865317   -0.02373  -0.357889   0.468673   0.542044 -0.0746586    0.70481  -0.346026  -0.839264
point 32 403 423.777 217.551  0.156349  0.647867 -0.496983 -0.569162 -0.566506  0.475673  0.996563  0.673423 -0.994955 -0.630603
point 33 407 171.584  207.98 -0.713764  0.934101 -0.940982  0.681782 -0.850163 -0.037944  0.727068 -0.968445 -0.317762 -0.455374
point 34 418 269.782 222.166   -0.943276 -0.00954935    0.296436   -0.623454    0.932432    0.749866    0.938551   -0.799258   -0.617118    0.608474
point 35 427 256.043 156.154  0.734275  0.930822  0.281958 -0.431833 -0.135177  0.825262   0.22884 -0.705312 -0.608278  0.614226
point 36 429 585.536 201.448  0.501484   0.38157 -0.686702 -0.445175  0.524287 -0.963437 -0.585813 -0.144151 -0.348644  0.311783
point 37 442 386.072 234.784 -0.196449  0.642505 -0.740392 -0.335405  0.575872 -0.532556 -0.333475 -0.309076 -0.605543  0.184747
point 38 446 536.221 170.716    0.490581   -0.739197     0.60578     0.95394   -0.957666    0.202525    0.982125    0.463148    0.533673 -0.00980424
point 39 452 554.486 188.454  -0.916854   0.210763  -0.178398   0.731478   0.538506  -0.727395  -0.104159   0.255196  -0.311343 -0.0778419
point 40 456 247.34 62.193  0.172284 -0.603564  0.558267 -0.528034 -0.375167  0.616385 -0.572039 -0.696461 -0.756552 -0.951008
point 41 468 556.605 180.065  0.487831 -0.326764  -0.46717  0.490356  0.209909  0.514341 -0.324698  -0.27713 -0.870942 -0.333137
point 42 509 471.302 211.943  0.341777 -0.906853 -0.293368   0.71491  0.795747  0.887425 -0.414181 -0.322285 -0.298787  0.939726
point 43 512 239.987 52.3318 -0.643497  0.103675  0.786816 -0.388606  0.549813 -0.945135 -0.273858  0.193158 0.0668142 -0.471551
point 44 518 414.742 186.267 -0.951187 -0.994603  0.258144   0.83659  0.373836 -0.580865 -0.691883  0.574471 -0.364357  0.161612
point 45 533 449.791 121.456  -0.667372  -0.184613    0.58893  -0.270309  -0.744827  -0.708707   0.586562  -0.300105   0.658672 -0.0671547
point 46 550 235.282 209.875    0.267488  -0.0728109   -0.733819     0.53665   -0.332949   -0.545268   -0.842987    0.156265 -0.00805081   -0.779734
point 47 556 106.836 191.645  0.978955  0.952244 -0.294891  0.570937    0.9211 -0.184011  0.427478 -0.685818  0.872256  0.273279
point 48 564 182.201   159.9 -0.676461 -0.119313  0.244365 -0.474537 -0.145376  0.536763 -0.497073 -0.941836 -0.723789   0.98121
point 49 571 483.795 154.876  0.826176  0.797991  0.266665     0.665  0.246781 -0.736459  0.977064  -0.33684  0.509365  -0.27917
point 50 582 331.291 179.296 -0.0467211  -0.792822  -0.514071    1.00845    0.15664   0.141632  -0.436548   0.215932 -0.0183204   0.759867
point 51 588 538.659 216.732 -0.259182 0.0450492 -0.408751  -0.57731  0.581551  0.634968 -0.546136  0.340734 -0.180862  0.137315
point 52 608  321.32 212.949   0.690683   0.954422 -0.0752804   0.725011 -0.0552194   0.670613    0.40566   0.838339   0.126306   0.990718
point 53 619 316.804 172.395 0.0243401  0.943186  0.370799 -0.994157 -0.946082 -0.548566 -0.822874  0.282278  0.549074 -0.352737
point 54 621 275.442 181.699    0.86333 -0.0557451  -0.969077  -0.239302   0.258849   0.114304  -0.333746   -0.39764   0.136771  -0.236189
point 55 624 299.685  219.65 -0.0358049   0.705781  -0.703499  -0.660606   0.730627  -0.145272  -0.584525   0.143894   0.764401  -0.625942
point 56 629 597.758 137.713 -0.470539  0.746544  0.700406 -0.899499  0.940225 -0.281692   1.00334 -0.683147  0.194802 -0.746599
point 57 632 311.642 236.498  -0.08949  0.203855 -0.265343 -0.696144  -0.51731  0.669604  0.275204 0.0561045 -0.721865 -0.103317
point 58 646 483.941 205.915 -0.311208  0.612313  0.759795  0.787588  0.405301 -0.695956 -0.352992  0.843602  0.321745   0.44548
point 59 681 585.489 158.684  -0.313278   0.523224   0.158704   0.404497  -0.748163   0.177207    -0.7926   0.391572 -0.0863053  -0.884733
point 60 697 543.196 180.138  0.134941 -0.779733 -0.467042     0.994  0.464009 -0.742532 -0.265852 -0.115776 -0.162546  -0.79906
point 61 709 632.794  190.44  0.895352 -0.874397 -0.932941 -0.996802   0.45447  0.841681   0.73202  0.493265  0.185866 -0.533906
point 62 731 539.888 228.136 -0.322848  0.391517  0.292278 -0.838477  -0.61248  0.953526  0.722644  0.783258  0.589391 -0.861834
point 63 737 283.413 197.088 -0.346805    0.1603 0.0283618   0.56112 -0.738001  0.127182 -0.810277 0.0877861  0.503186 -0.133023
point 64 739 162.277 214.899   0.960591   0.161617  -0.450536 -0.0360054    0.79355   0.204306  -0.836732  -0.168134  -0.174776  -0.655397
point 65 740 284.421 205.886   0.457054   0.748975  -0.990743   0.666616 -0.0703639   0.341618   0.687302  -0.496368   0.688987  -0.933389
point 66 745 623.408 185.873  0.940844 -0.409999  0.089351 -0.660582  0.248229 -0.768317 -0.264599  0.118277  0.566461 -0.525771
point 67 749 155.275 182.516  -0.680373   0.260101   0.628088  -0.716303   0.575932 -0.0290742    0.75966   0.170372  -0.318288  -0.161047
point 68 754  346.09 192.227 0.0189156  0.492289 -0.269329 -0.981647  0.253356 -0.466652  0.825125  0.690715  0.347717   -0.2934
point 69 768 403.939 184.992 0.0995083 -0.217415  0.245649  0.335766 -0.693064  0.218045 -0.234929   0.39381  0.715765  0.690974
point 70 771 548.997 205.161  0.252122 -0.426622  0.791962  0.925726 -0.613623  0.862125  0.650216 -0.237321  -0.44843 -0.655549
point 71 778 251.557 199.652  -0.16786 -0.634341 -0.815417  0.679117 -0.579967 -0.915802 -0.354426  0.306914 -0.401564 -0.687821
point 72 809 163.618 11.5052 -0.260457 -0.907414 -0.923728 -0.303355 -0.526705 -0.179714  0.817458  0.824908 -0.214671 -0.199383
point 73 839 362.023  218.91  0.0227148  -0.202884  -0.872289  -0.883893  -0.178746   0.105019 -0.0669488    0.23935   0.714371  0.0675311
point 74 855 629.627 173.406   0.033215   0.935352    0.11893 -0.0650127  -0.869667   0.707291  -0.182954  -0.506847  -0.324084    0.90619
point 75 885 580.808 119.026    0.908119   -0.654239   -0.161201 -0.00597488    0.581143    0.672312    0.704816    0.791909    0.621814  -0.0526179
point 76 889 230.164 229.068   -0.78443   0.194008   0.866722  -0.253938  -0.971161   0.446395 -0.0286469   -0.76311   0.774087   0.169435
point 77 892 422.603  63.406   0.297393  -0.922128  -0.724597   0.753803  -0.682109   0.722563  -0.676825   0.183326    0.81427 -0.0155603
point 78 898 406.666 208.263  0.787853 -0.650396  0.242695 0.0148849  0.112542 -0.345851  0.576849 -0.535295 -0.149085  0.445833
point 79 903 628.717 189.181   0.812838   0.595711   0.999067   0.784943  0.0227511  -0.736408    0.18847  0.0669503  -0.894462 -0.0397913
point 80 935 490.586 229.818  -0.722071  -0.878415   0.222295    1.00138  -0.603691   0.476581    0.33171   0.808879  -0.723826 -0.0105946
point 81 994 402.898 176.242 -0.393107 -0.100937 -0.921378 -0.561781  -0.31904  0.488004  -0.24874  0.467963  -0.20356 -0.288921

