seq: 104
gt_pose: -2.23821 -2.05294 -3.09151
odom_pose: -1.06738 -2.42023 -2.86725
point 0 4 607.615 158.485   -0.30883  -0.876356  -0.930633 -0.0827587  -0.917241  -0.507506   0.943199   0.852607   0.678304  -0.464881
point 1 10 6.86171 206.971 -0.539087 -0.726758  0.435111 -0.717089  0.559483 -0.708642  0.458663 -0.867019  0.908652 -0.892703
point 2 28 235.937 179.805  0.285457  0.933734 -0.277346  0.809367 -0.690285 -0.204968  -1.03729  0.550633  0.543362 -0.427703
point 3 34 333.429 202.577 -0.0970014  -0.500035  -0.198261  0.0799946  -0.700741   0.147605  -0.990605  -0.197829  -0.200665  -0.382483
point 4 60 414.718 156.512  -0.919682   -0.87409  -0.485119   0.437053   0.261532  -0.766577   0.950628   0.692508  -0.686185 -0.0621633
point 5 70 460.841  173.39  0.882507 -0.675987 -0.410811  0.127991  0.293061   0.73438 -0.504872  0.353903   0.28034  0.639131
point 6 80 325.778 215.422  0.105536  0.496619  0.902079  0.938601 -0.852038 -0.957177 -0.885949  0.796908  0.792589 -0.927661
point 7 86 560.095  173.01    0.8086  0.388465  0.740099 -0.415225 0.0968652 -0.700553  0.687956 -0.575127 -0.777565 -0.132298
point 8 90 316.475  179.83 -0.725814  -1.01726 -0.757992  0.455154 0.0735022 0.0536279 -0.503623 -0.558884 0.0455339   0.76813
point 9 114 277.939 164.588   0.528137   -0.94373    1.01532  -0.512186   0.181399 -0.0608109  -0.342206   0.387242  0.0830612   0.269176
point 10 125 558.586 214.065 -0.119793  0.978914  -0.62953  0.700633  0.897657  0.480877  0.922304 -0.358105 -0.133503  0.721646
point 11 126 48.6003 201.343  0.710865  -0.53136 -0.198147  0.325624  0.843826  0.325606 0.0240186  0.681854  0.803603  0.116803
point 12 131 361.843 155.697  -0.891997  0.0964616   -0.59477   -0.27807 -0.0636633 -0.0518934  -0.483307 -0.0832499    0.18785   0.661287
point 13 150 636.848 181.683    -0.8834  -0.471394   0.739887    0.29173  -0.644063  -0.426438  -0.959663   0.220073  -0.861013 0.00770702
point 14 167  146.98 206.159  0.802779 -0.355604  -0.40854 -0.228223  0.118306    -1.013 0.0714157 -0.458404  0.659074  0.269885
point 15 197  124.18 117.877 -0.822553  0.663477  0.132887 -0.247688  0.791636 -0.556748    0.7538 -0.455473  0.501926  0.369942
point 16 203 27.2901 218.342  -0.645009 -0.0699591  -0.182515   -0.76603   0.923631   0.224255    0.47752 -0.0592611  -0.862929   -0.77116
point 17 210 590.05  165.4 -0.273095   0.60366 -0.439464 -0.690787 -0.834123 -0.335634 0.0270785 -0.741352  0.481454  0.735415
point 18 218 402.627 229.131 -0.196075  0.669534  -1.02568  0.726101 -0.767103  -0.64353  0.856355 -0.983624 -0.413873 -0.748291
point 19 223 48.0805 155.989 0.0345886  0.141098  0.936131  0.433528 -0.901216 -0.599248  -0.77519  0.270373   1.00595    1.0234
point 20 254 569.524  221.54  0.161027 -0.238332 -0.228988  0.529982 -0.671278   0.37281 -0.417159 -0.921734 -0.768278 -0.532612
point 21 260 588.989 205.242    0.240589    0.642677   -0.304771    0.402465   -0.415558    0.639046 -0.00262665   -0.109943    -0.10359    0.274817
point 22 263 171.649 203.037   0.192994    0.59935  0.0190299   0.531727  -0.861493 -0.0967222 -0.0400403  -0.915468   0.597818   0.750717
point 23 291 66.4426 199.879  0.211942  0.771465 -0.651884 -0.986058  0.520082  -0.76854 -0.436676 -0.146988 -0.853493 -0.230521
point 24 302 551.711 161.447 -0.823488  0.056507  0.563813   0.69833 -0.131183 -0.600618  -1.00404  0.188831  0.131252 -0.147151
point 25 306 160.454 130.683  0.463799  0.217252  0.505737 -0.119684  0.247227 0.0660828  0.281155  0.857306   0.69369  0.344726
point 26 308 221.551 183.012  -0.584502    1.00518 -0.0162022  0.0372913  -0.806093  -0.476662   -0.82462   0.763799   0.421017   0.484289
point 27 328 620.722 173.298 -0.22799 0.391911 0.292283 0.215061 0.657591 -0.32107 0.757835 0.263002 0.931406 0.828336
point 28 330 266.999 231.197 -0.0762227  -0.572575   0.253923  -0.641608  -0.306118  -0.971794    0.76144   0.982891   0.194524   0.462713
point 29 351  51.394 146.873  0.346923 -0.780936  0.729769  0.278903 -0.862661  0.372932  0.984845  0.835773  0.533082 -0.815172
point 30 358 306.909  162.77   0.753207  -0.255572 -0.0967872    1.01004   0.210029  -0.797543   0.428584    0.45528  -0.910447   0.739661
point 31 362 570.386 152.952 -0.187039 -0.991846 -0.845781 -0.440053 -0.433927  0.685786  0.177432  0.478728  0.987937  0.887521
point 32 378 22.5294 169.228  0.395134 -0.431591  0.393368  0.406928 -0.130152  0.712291  0.585394 -0.553536 -0.580111  0.220901
point 33 389  312.06 186.723  0.417391  0.811885 -0.374954 -0.501576  0.307765 -0.701643  -0.24668  -0.15395 -0.692996 0.0857731
point 34 397 487.742 137.189  0.737123 -0.404407  0.626102  0.232944  0.524994  0.885031 -0.624781   0.66874  0.840787 -0.751887
point 35 413 83.9372 203.211   -0.759943   -0.961493   -0.123735   -0.964933    0.132467   -0.668547     0.88295 -0.00966139   -0.764115    0.347757
point 36 431 50.4787 202.739    0.20783    0.29843    0.88908   0.580074   0.707319   0.392747 -0.0151838  -0.963407   0.921242  -0.484792
point 37 434 158.392 186.955 -0.845131 -0.184783 -0.592756 -0.529562 -0.792583  0.175421 -0.841505 -0.836367  0.787972  0.332974
point 38 460 542.066 176.724   0.804067  -0.554162  -0.370486   0.387363 0.00521527  -0.115123  -0.344362   0.229407  -0.723992  -0.787974
point 39 474  368.54 227.077 -0.0886757   0.706839  -0.876867   0.661102  -0.718948  -0.748081  -0.359723    1.01333 -0.0546309   -0.48108
point 40 486 613.019 203.203 -0.901898  0.503781  0.979788  -0.47914  0.974868   0.81925 -0.736437  0.938339 -0.957851 -0.418881
point 41 488 430.443 162.666  0.915029   0.58123 -0.484946  0.165593 -0.683819 -0.370288 -0.241714 -0.705787  0.108767 -0.247853
point 42 501   295.1 171.355  0.488206  -0.24017 -0.209156 -0.194508  0.367799 -0.334477  0.369213 -0.310374 0.0328685 -0.467745
point 43 504 586.135 217.174  0.404981  0.908776 -0.629123  0.327669  0.244114  0.699427 -0.362366 -0.795605  0.148374 -0.506763
point 44 511 59.6616 129.149 -0.228859 -0.495121  0.540348  0.313296  0.170531 -0.167188  0.391419  0.851031 -0.395349  0.205357
point 45 522 0.0528145   137.039   0.17477   0.76941  0.214276 -0.197836  0.405389  0.912899 -0.139087 -0.191414  0.325943 -0.255702
point 46 528 23.3516 133.729 -0.815861 -0.218779  0.935809  0.731445 -0.107581  -0.33683  0.685059  0.612529 -0.199654 -0.552965
point 47 543  432.08 181.107   -0.35796  -0.776128   0.641264   0.674108   0.271182 -0.0323697   0.872836   0.173198   0.628411  -0.781269
point 48 545 289.804 187.393   0.845715   0.536863   -0.86449  -0.214776  -0.763031  -0.195968 -0.0365297   0.857935   -0.47811  -0.640171
point 49 552 493.339 130.962    0.89138  -0.157457   0.799211 -0.0848119    0.43342   0.090805   0.793764   0.709651  -0.399217  -0.537913
point 50 559 295.445 157.935 -0.465699   1.02747  0.974272 -0.637845 -0.179161  0.733957  0.506593 -0.700359  -0.52028   0.80173
point 51 563 565.384 184.303 -0.00290647   -0.487901    0.367283   -0.341488    0.753288    0.408499    0.275056    0.520039   -0.676668    0.333283
point 52 574 258.977 178.708  0.864946  0.338231 -0.749608 -0.149715 -0.511966  -0.68928 -0.614345  0.908922 -0.276363  0.217572
point 53 575 109.088 157.375 0.0562785  -0.89218  0.496254  0.960437  0.783988  0.330645 -0.249573 0.0438067  0.881577  0.460173
point 54 577 433.693 201.201  0.343744    -0.934  0.528541  0.682751 -0.745719 -0.477765   0.77698  0.660557 -0.501795  0.538439
point 55 587 573.145 153.932  0.777685 -0.392811 -0.276725  0.683384  0.221615  -0.28573  0.285844 -0.951666 -0.518372 -0.448399
point 56 600  292.12 185.115  0.955007  0.461478  0.712152  0.584253  0.944105 -0.505442   0.22147  0.477037  -0.33073 -0.786472
point 57 623 486.574 119.774  0.596124 -0.546149  0.643228 -0.500026 -0.233121  0.445546  0.432184 -0.232562 -0.778804  -0.32967
point 58 626   26.27 120.051  -0.302907  0.0090855    0.80137    0.57658  -0.792443   -0.14997    0.24514  -0.510541   0.191293 -0.0217746
point 59 634 163.895 185.808  0.285798  0.068073  0.947154 -0.725541 -0.943664 -0.131994  0.508404 -0.274601  0.200344  0.928725
point 60 635 142.488 238.835 -0.208267   0.37115  0.024185 -0.408691 0.0514309 -0.244317 -0.330466   0.55514  0.533098   0.76676
point 61 645 571.251  231.23 -0.943001   0.83041 0.0536353  0.335812  0.148504  0.928125  0.344356 -0.425743 -0.346947  -0.25542
point 62 648 260.791 208.607     0.1582   0.375686  -0.754831  -0.985611  -0.755735 -0.0484681   0.670887  -0.990775  -0.254653   0.024951
point 63 649 580.418 229.562   0.626198 -0.0955829 -0.0502128  -0.255523  -0.538254  -0.126171   0.262896  -0.556499  -0.963876  -0.283574
point 64 650 481.527 219.187  0.799595   0.28412  0.599457 -0.547658  0.990028 -0.232427  0.878195 -0.789042 -0.205861  -0.83076
point 65 653 622.015 217.884  0.115244  0.609177  0.935513  0.553607  0.772491  0.756009  0.198919 -0.729417 0.0305506  0.634985
point 66 654 472.454  238.71 0.0961931  0.701438  0.187298 0.0816211 -0.334559  0.370968  0.773026 -0.960164 -0.361733  0.614153
point 67 657 48.4229 192.104   0.23462 -0.935164  0.945302 -0.551097  0.193334 -0.200323  -0.89615  -0.30117   0.22714 -0.445835
point 68 679 262.077 180.291   1.00142 -0.232048  0.140889  0.710383  0.963132 -0.441746 -0.385526 -0.374248  0.914886  0.896598
point 69 687 496.014 220.004  -0.398299   0.260419 -0.0271034  -0.219134   0.712114   0.446144   0.605722  -0.468038   0.246571  -0.477152
point 70 708 178.582 171.106  -0.119895 0.00573321  -0.701283   0.498086  -0.350749   -0.69401   0.117486   0.695092   0.980284   0.294018
point 71 710  345.38 131.889 -0.0614133  -0.533549  -0.594075   0.331434  -0.404779   0.265774   -0.66921  -0.112229   -0.17438 -0.0695576
point 72 715  316.29 238.511 -0.792881  0.647395  0.130587 -0.645346  0.315651   1.02962  0.383969 -0.869324 -0.162855 0.0668887
point 73 719 452.452 107.578 -0.791159 -0.310336  0.696633  0.743182 -0.688518  0.653733  0.381159 -0.595886  -0.56188  -1.02412
point 74 727 468.944 217.679 0.0200877 -0.968755  0.581903 -0.612699 -0.277198  0.791627 -0.352473 0.0515397  0.949167  0.892598
point 75 732 526.196 173.381   0.18413  0.695275  -0.95121 -0.313225  0.120972  0.873111 -0.921195 0.0240083  0.639608  0.648074
point 76 734  6.4094 205.485     0.9926  -0.648566 -0.0443815   0.303027  -0.463097  -0.847534 -0.0626977  -0.440051   -0.14323  -0.842897
point 77 735 408.986 228.309  -0.945055  -0.423732 -0.0885409  -0.598803  -0.331505    0.49034  -0.288328  -0.673878  -0.374606   0.853894
point 78 748 235.791 199.354 -0.966084  0.116493 -0.405985 -0.829662  -0.57445  0.143342 -0.173843   0.96494  0.691119 -0.428652
point 79 760 3.48175 44.3692  0.787905  0.185155 -0.368842 -0.713417  -0.54839  0.370206 -0.751217 -0.693548  0.861532 -0.280543
point 80 767 120.101 234.458 -0.0493956  0.0669972  -0.144792  -0.711116   0.323806  -0.101795   0.141925 -0.0492096   0.340235   0.770726
point 81 769 266.521 34.7439 -0.941167  0.680499 -0.580052 -0.320069  -0.35175  0.385041  0.759732  0.594655  0.633793  0.127064
point 82 770 310.817 136.229    0.724182   -0.499943    0.732799   -0.417237 -0.00362258   -0.264015    0.430062   -0.771672   -0.829245    0.738745
point 83 810 140.049 207.873  0.957259 -0.659375  0.484007 -0.702332 -0.842326  0.963947  0.787474 0.0192448  0.817217 -0.702683
point 84 836  247.08 195.742 -0.728694 -0.699915 -0.207767 -0.015898  0.564524  0.259571 -0.371534  0.709098  0.200103 -0.981952
point 85 840 44.3566 158.702 -0.412925 -0.181031  0.817015 0.0125799  0.156806 -0.688116 -0.916611  0.996977  0.389118  0.760911
point 86 844 279.967 222.553   0.525788  -0.845279  -0.355608   0.674245 -0.0975836  -0.774505 -0.0539727  -0.829308  -0.843743   0.929644
point 87 848 495.997 139.489 -0.414596 -0.245961 -0.850374  0.816883  0.862784  0.552119  0.145158  0.274499  0.763323  0.250288
point 88 852 134.425 88.0054  -0.448226  -0.316663    0.96295   0.230632 -0.0537763   -0.56708    0.13817   0.850767   0.745563   0.630567
point 89 871 281.181 206.401  0.272015 -0.770653 -0.707673  0.159052  0.102558    0.7436 -0.157953  0.400367 -0.834387  0.930272
point 90 873  613.14 112.079  0.304769 -0.575249 -0.896143  0.952283  0.877015  0.330717 -0.822096 -0.766521 -0.587153  0.309421
point 91 890 162.552 170.488  0.408306  -0.43486 -0.130015 -0.803945 -0.369781  0.205925  0.904061 -0.922382 -0.235514  0.338549
point 92 895 142.713  216.93  -0.851842    0.27688   0.663775   0.939113  -0.664452  -0.218815 -0.0478702   0.629421  -0.720791   0.258401
point 93 896 522.519 211.338   0.465855  -0.457291   0.406238  -0.782719   0.880803  -0.812332  -0.405351 -0.0905488   0.901568 -0.0358506
point 94 900 515.388 166.107  -0.581924  -0.508433   0.587052   0.471414   0.504416   0.435482   0.908246    -0.2788  -0.511494 -0.0396174
point 95 915 155.711 197.057   0.185511   0.676255   0.174837 -0.0434969  -0.752966   0.352637    1.00678  -0.537283  -0.103963  -0.400713
point 96 919  195.7 148.65 -0.713236  0.513225 -0.306599 -0.525942  0.397823 -0.373298 -0.484134  0.887233   0.19129  0.390048
point 97 921 155.331 179.898    0.171124    0.162096   -0.261615    0.710519    0.176452 -0.00679752    0.178057    0.854594    0.435907    -0.33596
point 98 940 58.3482 191.858  0.118032  0.781044 -0.138562  0.215628  0.114664  0.311438 -0.829925  0.430231 -0.397513  0.127297
point 99 952 288.172 188.669  0.752619 0.0634974  -0.49529 -0.234297  0.691663 -0.242569  0.418118 -0.713038 -0.399616  0.697205
point 100 957 404.928  177.04 -0.511973  0.978206 -0.182425  -0.94232  0.319398  0.899415  0.449191  0.590292 -0.387871 -0.116726
point 101 973 316.865  149.42  0.180362  0.180463  0.533813 -0.860282 -0.482076  0.253528 0.0663815  0.844787  0.572717  0.131963
point 102 991 390.278 236.222  -0.187758 -0.0553914  -0.781279   -1.02351   0.998878  -0.494629   0.330524   0.398779 -0.0154367  -0.719089
point 103 998 121.171 129.864  -0.449459  0.0431706   -1.02461   0.361764  -0.192672   0.295875 -0.0372271  -0.668409   0.224517  -0.432156

