seq: 103
gt_pose: -2.03831 -2.04292 -3.09151
odom_pose: -0.889748  -2.37107  -2.88321
point 0 4 591.828 162.959  -0.337372  -0.866963   -1.00813 -0.0796317  -0.840083   -0.53184   0.922535    0.84338   0.730388  -0.456978
point 1 10 37.5597 210.209 -0.461331 -0.701074  0.509801  -0.75839  0.603963 -0.686392  0.479024 -0.880461  0.850366 -0.928755
point 2 28 241.654 183.899  0.308055  0.937324 -0.277738  0.834264 -0.738621 -0.188384  -1.02733  0.548194  0.591444 -0.389739
point 3 34 332.711 204.576 -0.101582 -0.580495 -0.250904 0.0979212 -0.678074   0.07212 -0.997011 -0.195826 -0.285377 -0.436806
point 4 60 409.795 160.851  -0.909776  -0.881046  -0.513759   0.421649   0.213275  -0.850737   0.957474   0.764612  -0.683787 -0.0136037
point 5 70 452.058 177.544  0.918558 -0.750991 -0.458661  0.163651  0.242955  0.738194 -0.552628  0.313755  0.281714  0.639456
point 6 80 325.006 218.706  0.103352  0.493413  0.921945  0.883774 -0.837317 -0.914644 -0.916261  0.805222  0.837126 -0.942686
point 7 86 548.022 176.379   0.862591   0.342908   0.718118  -0.489875   0.135903   -0.67079   0.629146  -0.529243  -0.775698 -0.0887093
point 8 90 316.675 183.247  -0.73137 -0.979338 -0.689407  0.501748 0.0470797 0.0721064 -0.553216 -0.533063  0.123865  0.819911
point 9 114 279.634 167.628   0.554284  -0.867583     0.9639  -0.566174   0.202719 0.00248597  -0.353661    0.37825  0.0546722   0.202257
point 10 125 547.462 215.274 -0.143809   1.00452 -0.642007  0.754635   0.94861  0.507438   0.90607 -0.365963 -0.161058  0.807278
point 11 126 60.5971 203.052   0.746595  -0.464471  -0.174597    0.32994   0.857308   0.322733 -0.0531873   0.645743   0.826552   0.117928
point 12 129 132.104 29.9434  -0.568711   0.779285   0.987804  -0.700551   0.201832  -0.635878   0.910023 -0.0610122   -1.01693  -0.125049
point 13 131 359.551 160.314  -0.904347  0.0655595  -0.587723  -0.323241 -0.0936125   -0.12437  -0.491746 -0.0952466   0.199849   0.713238
point 14 150 618.648 185.032  -0.872512  -0.461896   0.703689   0.282765   -0.61636  -0.372354  -0.903925   0.201553  -0.894554 -0.0331178
point 15 155  16.219 214.743 -0.583018  0.755275  0.372003 -0.755015 -0.721247  0.678656 0.0457681 -0.245397 -0.848379 -0.909688
point 16 167 154.095  207.55  0.730635 -0.354125 -0.394954 -0.200422  0.113284  -0.98488 0.0312333 -0.487807  0.596932  0.336263
point 17 172 628.443 159.856  -0.323664   0.983764   0.422355   0.972037 -0.0625892    -0.5043  -0.385382  -0.837506    0.69089  -0.572594
point 18 197 144.153 130.333 -0.810423  0.633275  0.133598 -0.269865  0.739703 -0.540557  0.783229 -0.448307  0.510372  0.397183
point 19 203 39.9849 219.281  -0.626145 -0.0117532  -0.147879  -0.739928   0.888139   0.173675   0.402191 -0.0888588  -0.892123  -0.789693
point 20 210 577.847 168.771   -0.30975   0.668903  -0.459231  -0.740007  -0.835455  -0.376357 -0.0120584  -0.698865   0.520317   0.794229
point 21 218 396.761 229.903 -0.204601  0.720527 -0.997069  0.718286 -0.838287 -0.666852  0.864731 -0.925379 -0.430028 -0.731469
point 22 223 60.9792 159.974  0.020076  0.143807  0.911159  0.453652 -0.872406 -0.659713 -0.805646  0.323854   1.01589  0.963753
point 23 254 559.183 222.305  0.195976 -0.265049 -0.223395  0.545163 -0.647215   0.37707 -0.442701 -0.936808  -0.72153 -0.519291
point 24 260 576.346 206.876    0.28433   0.580899  -0.340457   0.474817  -0.485151   0.632176 -0.0535969 -0.0711609  -0.152214   0.207691
point 25 291 77.5853 201.642   0.24574  0.818128 -0.620056 -0.942872  0.488557 -0.795034 -0.397787 -0.137767 -0.782928 -0.249798
point 26 302 534.782 167.186 -0.783992  0.117371   0.49888  0.704859 -0.167117 -0.619308   -1.0004  0.230273   0.20826 -0.217096
point 27 306  172.83 139.163   0.534548   0.163101   0.501332 -0.0820801   0.259676  0.0243819   0.292184   0.886427   0.634911   0.304561
point 28 308 227.151 186.254    -0.53797    0.980199 -0.00970404   0.0156503   -0.787887   -0.501689   -0.772755    0.720893    0.405211    0.506719
point 29 328 605.456 176.684 -0.190173    0.4156  0.275577  0.287945  0.687809  -0.27371  0.712028  0.296862  0.920208  0.759537
point 30 330 269.168 231.557 -0.0123076  -0.613024   0.230973  -0.682099  -0.308963  -0.982295   0.779249   0.991075   0.213144   0.521743
point 31 339 16.0701 113.236  0.272123  0.566172 0.0549673  0.201562 -0.187902   0.92986   1.00598 -0.897088 -0.587463 -0.424062
point 32 351  65.521 151.771  0.314536 -0.713358  0.721745  0.277559 -0.774294  0.389245  0.982547  0.822381  0.450466 -0.775964
point 33 358  307.55 166.551  0.700435 -0.213636 -0.160292     1.024  0.138221 -0.843666  0.387759  0.461836 -0.925962  0.771545
point 34 362 557.182 157.543 -0.171226 -0.912151 -0.780812 -0.428488 -0.457557  0.679797  0.101879  0.410227  0.971339  0.812144
point 35 378 36.4895 172.549  0.366744 -0.380576  0.385569  0.370515 -0.180481  0.692859  0.565293 -0.506163 -0.612935  0.218185
point 36 389 312.407 189.056  0.403971  0.826289 -0.335734   -0.4785  0.336135 -0.634231 -0.169727 -0.166405 -0.719028 0.0472106
point 37 397 473.937  145.65  0.756553 -0.314626  0.567235  0.217343   0.52634  0.902534 -0.646371  0.594532  0.789789 -0.790076
point 38 413 97.1618 205.272  -0.809527   -1.04088  -0.110909   -1.02232   0.116666  -0.706051   0.906134 -0.0455627  -0.754246   0.338118
point 39 431 62.9355 204.461   0.269213    0.29488   0.893845   0.580677   0.726845   0.425883 -0.0471686  -0.966929   0.941922  -0.442809
point 40 460 526.405 181.187   0.828786  -0.516949   -0.28869   0.374465 0.00756332  -0.168632  -0.350188   0.296165  -0.804783  -0.792546
point 41 486 593.601 205.642 -0.940386  0.524803   1.03381 -0.488563   1.01104   0.81056 -0.784843   1.03136 -0.943319 -0.413041
point 42 488 425.697  165.99   0.93697  0.544039 -0.535642  0.199881 -0.671831 -0.400694 -0.284963 -0.730524  0.174708 -0.302953
point 43 504 573.277 218.277  0.400895  0.880684  -0.68596  0.373238  0.216146  0.629172  -0.34936 -0.817857 0.0627733  -0.49448
point 44 511 74.7916 135.592 -0.299764 -0.498444  0.528891  0.269872  0.128583 -0.099184  0.390599  0.844855 -0.413413  0.234201
point 45 522 21.4942 143.939   0.118919   0.724077   0.182148  -0.259918   0.483514   0.888753 -0.0751237  -0.198823   0.315404  -0.241332
point 46 528 40.6086 139.911 -0.729024 -0.233404  0.922088  0.761445 -0.076636 -0.378519  0.644803   0.55648 -0.163595  -0.57882
point 47 543 420.436 187.225   -0.301726   -0.710974    0.612086    0.618886    0.292912 -0.00349655    0.885617    0.194108    0.651109   -0.786553
point 48 545 291.244 189.901  0.895469  0.503709 -0.815107  -0.19715 -0.758267 -0.168459 0.0569498  0.826662  -0.55801  -0.65723
point 49 552 481.756 138.249  0.874478 -0.250519  0.867528 -0.115435  0.470358  0.090066  0.821451  0.706333 -0.356005 -0.574166
point 50 555 592.198 204.701    0.288141    0.378548    0.316516    -1.01473 -0.00484165   -0.451975   0.0323957   -0.160259     0.76642   -0.397983
point 51 559 298.033 166.585 -0.527251  0.978865  0.979849 -0.609086 -0.204058  0.783025  0.556152 -0.696741   -0.6081  0.859333
point 52 563 549.833 187.832 0.00929701  -0.427047   0.365074  -0.362627   0.700125   0.460711   0.276828   0.448796  -0.659374   0.327432
point 53 574 261.574 181.316  0.866706  0.322466  -0.66956 -0.213721 -0.506218 -0.684735 -0.658721  0.834042 -0.327476  0.193703
point 54 575 120.508 161.849 -0.00648808   -0.904844     0.52378     1.00325    0.800082    0.333275   -0.257694  0.00946031    0.887824    0.464232
point 55 577 414.275 207.828  0.367001  -1.01555  0.493453  0.703799 -0.748407 -0.466016   0.75024  0.659641 -0.461289  0.528992
point 56 587 556.301 159.659  0.770919 -0.450545 -0.301936  0.656666  0.199875 -0.205193   0.36367 -0.917783 -0.512715 -0.421685
point 57 600 293.895 188.611  0.865022  0.404368  0.626202  0.621794   1.02981 -0.475298   0.16164  0.454617 -0.334933 -0.840054
point 58 623 472.277 130.093  0.577762 -0.527094  0.608096 -0.453476 -0.293018  0.407726  0.390482 -0.219199 -0.817539 -0.330866
point 59 626 45.6229 127.954  -0.298991 -0.0364157    0.84244   0.655285  -0.764663  -0.230641   0.304382  -0.504934   0.144505  0.0431239
point 60 635 152.097 238.898 -0.219196  0.345528  0.044719  -0.38972 0.0853544 -0.304161 -0.301965   0.53736  0.583258  0.713035
point 61 645 558.016 231.692 -0.891332  0.814514   0.07464  0.293422  0.107144  0.936469  0.328055 -0.465941 -0.346068 -0.242565
point 62 648 264.474 210.561   0.159509   0.463569  -0.783625  -0.924985  -0.726282 -0.0641374   0.715006  -0.963438  -0.332627  0.0337367
point 63 649 568.479 230.041       0.58 -0.0844862 -0.0670482  -0.281187  -0.508187  -0.209083   0.277387   -0.59793  -0.964568  -0.318923
point 64 650 471.741 220.448  0.804438  0.235097  0.648212  -0.52181  0.998616 -0.225033  0.912386 -0.796756 -0.138664 -0.895691
point 65 653  608.98 218.838  0.120384  0.677684  0.858465  0.629954  0.801624  0.808414  0.159597 -0.756166 0.0102925  0.617688
point 66 654 465.482 238.769 0.0782305  0.734982  0.181099 0.0468232  -0.32668  0.394836  0.755316 -0.937793 -0.279296  0.695752
point 67 657  67.327 195.438  0.221641 -0.947884  0.877878 -0.615322  0.206462 -0.259159  -0.95298 -0.353851   0.16059 -0.435467
point 68 679 267.351 185.728  0.983807 -0.293458  0.219764  0.715725   0.97807 -0.433738 -0.327779 -0.398633  0.896145  0.834086
point 69 687 486.195  221.12   -0.33998   0.223715 -0.0560714  -0.267014   0.640613   0.425055    0.58171  -0.457249   0.247853  -0.518727
point 70 710  343.77 138.745 -0.0591747  -0.476715  -0.643885   0.359853  -0.473618   0.283112  -0.664132  -0.181894  -0.187692  -0.026281
point 71 715  316.49 238.591 -0.838083  0.564984  0.125273 -0.637281  0.328796    1.0101  0.349684 -0.878696 -0.194735  0.100372
point 72 719 440.964 119.064 -0.773978 -0.306303  0.657498  0.703554 -0.600478  0.656863    0.3191  -0.55157 -0.553023  -1.03947
point 73 727 459.399  219.11    0.114921   -0.957659    0.623393   -0.667676   -0.237683    0.864278   -0.390113 -0.00386682    0.952153    0.941646
point 74 728 9.69606 165.395 -0.0809952  -0.117362 -0.0723836  -0.920739   0.365796 -0.0395803   0.565245  -0.168034   0.198641  -0.168904
point 75 732 517.035 176.341  0.148463  0.702703 -0.912777 -0.339837  0.188549  0.850702 -0.910254 0.0306448  0.632346  0.607356
point 76 734  23.248 207.338    1.03958  -0.682257 -0.0443692   0.278649  -0.477512  -0.881827 -0.0343533  -0.376357  -0.145701  -0.894582
point 77 735  403.72 229.001   -0.8971 -0.394803 -0.142638 -0.578047 -0.333008  0.490321 -0.300889 -0.752706 -0.356049  0.859643
point 78 736 627.909 132.084 -0.0784509  -0.971339  -0.264076  0.0613224   -0.29269  -0.176059   0.476483   0.620267  -0.922102   0.950224
point 79 748 241.299 202.013 -0.964743  0.125818 -0.468406 -0.825068 -0.542026   0.18612 -0.249182   1.00761  0.718322 -0.381272
point 80 760 50.2135 73.2529  0.800272   0.23673 -0.388605  -0.70413 -0.512489  0.427123 -0.764753 -0.726566  0.833551 -0.311097
point 81 767  144.57 235.137 -0.0160373  0.0407239  -0.184499   -0.66415   0.343837 -0.0902547   0.158303  -0.118383   0.373598   0.750166
point 82 769 273.366 61.0167 -0.958906  0.715203 -0.591286 -0.300229 -0.312452   0.30623  0.822349  0.558614   0.59765  0.116885
point 83 770 311.351 142.271  0.735521  -0.52372  0.674194 -0.325661 -0.018113 -0.286719  0.478555 -0.799699 -0.884967  0.759258
point 84 810  151.43 209.905  0.998678 -0.681738  0.478247  -0.70062 -0.917724  0.978217  0.800727 0.0602258  0.762314 -0.656067
point 85 836 251.843 198.633   -0.708273   -0.672558   -0.226448 -0.00671201    0.611721    0.280189   -0.341159    0.718913    0.184681    -0.98772
point 86 840 60.2449 163.388 -0.413289 -0.185115   0.88747 0.0536105  0.144298 -0.732152 -0.898284  0.932963  0.417056  0.823517
point 87 844 281.686 223.302   0.582287  -0.875922  -0.315365   0.724984 -0.0265136   -0.70966 -0.0889642  -0.844985  -0.837917   0.939749
point 88 848 472.872 152.695 -0.483657 -0.219715 -0.912912  0.829142  0.898217  0.536779  0.178035  0.240307  0.757798  0.267742
point 89 852 153.303 103.468  -0.388186  -0.322553    0.97632   0.261126 -0.0186355  -0.566218   0.124628   0.904235   0.782412   0.544964
point 90 863 352.241 23.4518   -0.23946    0.33139  -0.131518   0.411141 -0.0363931   0.961747  0.0538953  -0.190951  -0.111444   0.531671
point 91 871 282.765 207.773   0.288856  -0.757272  -0.690727   0.150336  0.0981554   0.717017 -0.0843827   0.413569  -0.810769   0.920221
point 92 873 588.152 122.983  0.355249 -0.567962 -0.926595  0.961486  0.928385  0.298741 -0.760773 -0.796342 -0.487785  0.354688
point 93 890 169.589 173.595  0.405231 -0.385973 -0.128246 -0.812045 -0.308819   0.25792  0.941306 -0.918708 -0.228096   0.30493
point 94 895 150.438 217.936  -0.836431    0.30114   0.643538   0.971469  -0.648907  -0.243455 -0.0420971   0.718536  -0.732229   0.287791
point 95 896 512.862 212.705   0.444919  -0.518248   0.442916  -0.834106   0.929049  -0.824284  -0.388715 -0.0809795   0.859794  -0.019847
point 96 900 507.219 169.196  -0.627087   -0.45328   0.551943    0.52802   0.451468   0.461335   0.916847  -0.294502  -0.581967 -0.0235974
point 97 915 170.272 200.863  0.236191  0.621192  0.115117 -0.113054 -0.775672  0.308462   1.01259 -0.554216 -0.159024 -0.406347
point 98 919  201.73 153.082 -0.700779  0.537227 -0.273191 -0.476807  0.370437 -0.391644 -0.446951  0.876483  0.182513  0.385458
point 99 921 163.276 182.798    0.176378    0.108156   -0.311053    0.680664    0.179118 -0.00918296    0.174055    0.865862     0.51782   -0.410436
point 100 940 72.8514 194.526   0.14532  0.813637 -0.168101  0.183196  0.177699  0.359192 -0.806533  0.499069 -0.466691  0.095628
point 101 952 289.861 191.393  0.715822  0.106776 -0.402957 -0.237686  0.684076 -0.277621  0.396384 -0.783442 -0.345417  0.766694
point 102 957 400.829 180.079 -0.486968   1.03766 -0.266875 -0.866753  0.248996  0.817631  0.422373  0.515887 -0.358387 -0.161632
point 103 973 317.061 155.084  0.131482  0.137235    0.6215   -0.9387 -0.457736   0.30425  0.135718  0.792518  0.592277  0.132121
point 104 991 387.071 236.394  -0.171697  0.0273717  -0.737843   -1.01511   0.978252  -0.458779   0.303867   0.456419 -0.0499909  -0.791548
point 105 998 134.316 137.145  -0.422329   0.133622   -1.03761   0.404443  -0.126653   0.212468 -0.0763312  -0.729208   0.166706  -0.441776

