seq: 281
gt_pose:  6.69866 -3.08046 -2.04099
odom_pose:  4.88292 -4.32992 -2.30087
point 0 16 170.951 213.764 -0.455013      0.27  -0.56782  0.424314 -0.330802 -0.318636 -0.512441 -0.875984  0.245685 -0.513593
point 1 23 577.459 150.821   0.776086   0.723766  0.0385146     0.1643  -0.676954  -0.419786   0.752709  -0.038935 -0.0874242   0.724093
point 2 24 579.236 180.273   0.330804   0.418298  -0.674767    0.21879  0.0236577   0.687574     0.4284  -0.617776  -0.585023 -0.0213926
point 3 26 491.563 166.195 -0.854747 -0.814359  0.337011 -0.248735 -0.380443 -0.309168 -0.819824 -0.127623  0.822744   0.19456
point 4 35 398.544 191.238  0.111448  0.799736    0.3252  0.618613  0.418152 -0.375339  0.273213 -0.991983 0.0929468  0.704505
point 5 38 580.868 103.489 -0.655255 -0.646247 0.0368059  0.627247  0.353354  0.827038 -0.587137 -0.179015  0.406641  0.689533
point 6 45 630.542 198.473  -0.598229 -0.0002277    0.87127  -0.111567   0.787374   0.899202  -0.598314  -0.117304   0.592817   0.570805
point 7 48  491.21 155.581   -0.26828  -0.992669   0.895849   0.250119   0.579599   0.795314    0.86457  -0.684209  -0.137109 -0.0495063
point 8 54 452.682 81.4028 -0.585525  0.171364 -0.928595  -0.78086 -0.676974  -0.49513 -0.742729  0.167352  -0.88538  0.808543
point 9 55 111.388 162.879 -0.0710998  -0.474048   0.198129  -0.649896   0.187279 -0.0544454   0.658175     0.8544  0.0625081   0.173946
point 10 56 368.731 181.661   0.257345  0.0798511  -0.918068   0.851676  -0.304142  -0.551714 0.00481734  -0.149238  -0.429144   0.336295
point 11 62 247.054 200.563  -0.47173 -0.610532  0.891058  0.510094 -0.797539  0.936323  0.645489 -0.272893  0.398148 -0.083514
point 12 69 335.479 206.584  -0.350556  -0.834826   0.742337  -0.797962 -0.0239951  -0.425779  -0.560135  -0.430999   0.301131   0.893882
point 13 85 114.957 189.863  0.555022 -0.391866 -0.674563  0.411008 -0.273917 -0.981946  0.434656  0.753241 -0.973702  0.817671
point 14 91 195.724 204.684    0.47964 -0.0195198  -0.777163  -0.106779   0.847636   0.758398    0.27064  -0.497067  -0.579542  -0.490326
point 15 116 602.112 226.778   0.917173   0.551948   0.338689  -0.408739   0.598002 -0.0825749  -0.321788   0.573122   0.320921   0.771461
point 16 118 400.974 186.301   0.841703   0.852312   0.686255  -0.527797 -0.0508567   0.594537  -0.886144   -0.68139  -0.929004   0.652783
point 17 138 539.944  229.54  -0.434454  -0.699785  -0.389718  -0.556585  -0.449458   0.107809   0.536518  -0.817749   0.133147 -0.0479184
point 18 141 276.507 172.543  -0.311865    0.15654  -0.293224 -0.0379796  -0.126738   0.466914  -0.996571  -0.954991  -0.631283   0.658525
point 19 151 22.9386 152.633   0.93446 -0.530792  -0.67935  0.789518  0.328704  0.524399  0.924035 -0.719787 -0.159867  0.707149
point 20 152 351.146 113.246 0.0983644  0.507135 -0.623094 -0.557399  0.968561 -0.533759 -0.064557  0.606872  0.810872  0.250912
point 21 164 154.414 238.395 -0.178439  0.716589 -0.249673  0.847705 -0.936402  0.243269   0.17431  0.105962  0.456397 -0.701339
point 22 188 43.1746  66.086 -0.356489   0.24208 -0.322719  0.853856  0.474789  0.231627 -0.574037  -0.25498 -0.262009 -0.699838
point 23 196 166.845 50.8629   0.49779  0.488183 -0.964775 -0.905345  0.428194  0.997674 -0.709072 -0.748747  0.707975  -0.40424
point 24 204 245.104 223.711  -0.312919   0.779969  -0.458882   0.735153   0.983134 -0.0629047    -0.4634   0.293972  -0.657312   0.626827
point 25 225 187.274 192.475  0.169385 -0.331909 -0.231436  0.322112 -0.317763  0.758492 -0.545163 -0.347847  0.262933  -0.43191
point 26 234 511.801 168.138  0.127131 -0.178563  0.637384 -0.284498  0.851135 -0.423732   0.36139  0.249548  0.199736  0.385888
point 27 242 574.853 147.113 -0.791502 0.0181666   0.15301   0.41169 -0.414762  0.659766   0.81563 -0.750323  0.470621  0.593883
point 28 252 295.728 156.734  -0.397928 -0.0300354   0.737599  -0.193884   0.930192   0.863061  -0.137359  -0.157474  -0.883572  0.0698305
point 29 256 339.657 220.685  -0.735078  -0.700964 -0.0366236   0.693928   0.522122  -0.788171  -0.573942  -0.685434   0.775661  -0.190172
point 30 257 192.509 230.017   0.937509  -0.208935  -0.120223   0.101428  -0.846056 -0.0774102   0.264635  -0.847712 -0.0281885  -0.776459
point 31 261 318.918 186.247   0.843261    0.41705    1.01505  -0.339101  -0.198951   0.215783  -0.644452    0.91315   -0.33904 -0.0804137
point 32 265 90.1404 219.269  0.250733 -0.149969 0.0612953  0.618615 -0.716174 -0.725736  0.223349  0.308935  0.863036  0.349401
point 33 273 273.349 142.465  0.637383 -0.549332 -0.560488  0.334439 -0.791852 -0.837292 -0.189708 -0.860819  0.878984 0.0879005
point 34 299 381.645 199.848  -0.646615 -0.0383449   0.464961   0.946323  -0.309377 -0.0498572  -0.163393  -0.537531    0.73225   0.927005
point 35 314 187.432 183.336 -0.0851402  -0.846616  -0.676635   0.770225   0.656438   0.137565   -1.00832  -0.293355   0.649456  -0.840911
point 36 326 514.159 188.444  0.428126 -0.557226  0.559694  0.256465 -0.893321 -0.358329 -0.370414 -0.626719  0.263002 -0.835938
point 37 327 633.542 165.169 -0.383197 -0.970805 -0.239087  0.884868  0.279562  0.528098 -0.400498  0.704737 -0.327579   0.77978
point 38 347 145.351 131.726    0.41388   0.363055  -0.719035   0.566598 -0.0661316  -0.785375    -0.9759   0.803645   0.574321   0.439573
point 39 365 120.604 171.899  0.763197 -0.940243 -0.518019 -0.244726   0.59326 0.0620747  0.928949 -0.175947  0.577838 -0.310387
point 40 373 385.782 225.249 -0.481534  0.840306 -0.059494  -0.32107   0.40968  0.511868 -0.095382  0.683975 -0.289461 -0.827294
point 41 374 357.236 194.932  0.583696 -0.366257  0.328493 -0.609033  0.459411 -0.879292 -0.775049 -0.546985 -0.495654 -0.841745
point 42 382 581.079 193.439 -0.670446  0.832234  0.928521 -0.898867  0.151032  0.512758  0.574512 -0.221827  0.295878 -0.183448
point 43 394 157.372 91.5007 -0.147227 -0.547245   1.03574 -0.352774  0.432002  0.905425  0.599445 -0.961671  0.185414  0.601212
point 44 429 370.289 197.487  0.464381  0.423798 -0.679207 -0.513723  0.585828 -0.976387 -0.627002 -0.219795 -0.388879  0.277174
point 45 444 350.661 161.878  0.555217 -0.970853  0.451957 -0.647087 0.0532037 -0.767531  0.969718  0.335353 -0.099015  0.539424
point 46 446 396.858   117.6   0.480152  -0.746071    0.58746   0.866112  -0.987963   0.142427   0.963488   0.496363   0.579134 0.00493192
point 47 452 388.425 164.093  -0.888724   0.219121  -0.221434   0.667103   0.578315  -0.808891 -0.0814839   0.253816  -0.368482 -0.0954013
point 48 468  391.32 152.038  0.530558 -0.287041 -0.471087   0.50117  0.201719  0.519457 -0.384922  -0.27923 -0.837922 -0.285958
point 49 481 302.975 221.516 -0.843948 -0.855017    0.3737  -0.57134 -0.310382  0.038466   -0.1751 -0.820976 -0.397606  0.221049
point 50 482 312.117 203.396  0.481952  0.404215  0.293224  0.197875 -0.336332 -0.518596  0.272564 -0.272952  0.247133 -0.381401
point 51 484 442.118 186.906   0.88296  0.637135   1.00743 -0.751934 -0.651034  0.504755  0.613374  0.635185 -0.274806 -0.712943
point 52 492 598.943 150.571  0.514883  0.546785 -0.677201 -0.442687  -0.51221   0.69207 -0.543513  0.848406 -0.868098 -0.626902
point 53 498 256.119 201.511 -0.466349  0.392356  0.847224  0.857671 -0.620036  0.909961 -0.827293  0.945756  0.192019  -1.00463
point 54 500 231.495 206.603   1.01482  0.119485 -0.833651 -0.720121 -0.443427  -0.25762  0.647196 -0.680867 -0.414574  -1.02532
point 55 508  597.28 154.996   0.659695   0.583757  -0.158774 -0.0952015  -0.761349   0.823619  -0.858359   0.230281  -0.774362    -0.8054
point 56 509 369.254 139.886  0.335699  -0.89937  -0.31562  0.680099  0.860054  0.840855 -0.415363  -0.28424 -0.336804  0.907458
point 57 510 46.2996 169.479  -0.684939   -0.92819   0.644067 -0.0287131   0.849359   0.271855  -0.444608  -0.438221  -0.830624  -0.249302
point 58 540 305.949 180.616  0.927259  0.576788  0.691093 -0.540632 -0.327593   1.00159  0.363186  0.907606  -0.91159  0.344089
point 59 548 211.343 162.484  -0.798657  -0.401827  -0.487995  -0.514628  -0.874502  0.0130374  0.0771956  -0.557995 -0.0405958  -0.831448
point 60 560 483.705 201.782  0.988957  0.443392  0.553047  0.785213  0.324607  0.418845 -0.773787  0.031779 -0.468513  0.414564
point 61 562  146.31 149.101  -0.759939   -0.98382   0.172125  -0.251086   0.473902  0.0758846   -0.79433 -0.0284855 -0.0734856   0.457692
point 62 565 456.369 238.756 -0.907285  0.918751   0.43582  0.278456 -0.506059 -0.603987  0.834709  0.820286 0.0660728  0.562348
point 63 567 107.91 183.48  -0.895136  -0.781102   0.707546  -0.519059   0.148465    0.77435  -0.560263  -0.417231 -0.0329535 -0.0503292
point 64 597 561.233 165.235  -0.745855   0.698213   0.858651 -0.0688285  -0.360358   0.537801   0.881509   0.929184   0.446753   -0.32237
point 65 618  86.827 134.428 -0.221149 -0.600504 -0.263724 -0.615962  0.303779 -0.460898  0.969814 -0.206242  0.890489  0.979015
point 66 620 365.726 153.722  0.532839 -0.223745  0.881049  0.722826 -0.362382  -0.35455  -0.75727  0.383407 0.0635211  0.531159
point 67 638 444.171 208.991 -0.277146 -0.910952  0.576771 -0.757451  0.271148  0.357371 -0.116851 -0.363533  0.429907  0.890717
point 68 639 558.291  210.44    -0.81494    0.862064   -0.323797    -0.40713    0.774949    0.656417 -0.00417536   -0.846474   0.0382471   -0.631839
point 69 651 496.243 159.176  0.823857   0.54068  -0.50096  0.248193 -0.570127 -0.907388 -0.916707  0.337187  -0.25173 -0.472841
point 70 665 410.504 213.494   0.477463  -0.884869   0.947883   0.297709 -0.0716048   0.880566   0.714243  -0.239569  -0.172301  -0.507564
point 71 671 40.9827  131.22   -0.919101   -0.390971  -0.0871242    0.582641    0.657938   -0.562927    0.197975     1.00808 -0.00694016    -0.61414
point 72 673 314.672  237.75  -0.462804   0.726066 -0.0463454  -0.274512   0.563684  0.0379757   0.371044  -0.488089  -0.370005   0.115318
point 73 685 160.269 189.365   -0.54853  -0.224386  -0.123538   0.831911 -0.0572602  -0.851731  -0.134705  -0.478333  -0.647126   -0.30286
point 74 692 178.979 149.256  0.610099 -0.841241  0.928648  0.116945 -0.334311  0.165898 0.0539763  0.852968 -0.329182   -1.0159
point 75 721 106.749 205.304   0.56368  0.465461 0.0690177 -0.454145  0.729631  0.353897  0.188689  0.456928 0.0321391   0.53587
point 76 722  460.93 168.631  0.512645 -0.612533 -0.268245 -0.773639 -0.877379 -0.935171 -0.324925  0.580969  0.403201 -0.073928
point 77 731 397.518 219.629  -0.33431  0.347514  0.342688 -0.873634 -0.608922  0.905113   0.73448  0.759804    0.6079 -0.869555
point 78 733 152.044 126.713 -0.364085 -0.748902   0.55865  0.155196  0.152907 -0.689293 -0.496977 -0.483268 -0.548795 -0.095851
point 79 742 109.319 127.462 -0.368044 -0.313051  0.595454  0.497191 -0.871563 0.0292401  0.278134 -0.804878  -0.31658  -0.83336
point 80 743 338.548 214.358   0.139884  -0.524001   0.880064   0.327164   0.669557  -0.278212  -0.505554 -0.0776031  -0.241275  -0.390054
point 81 745 392.955 186.355  0.977099 -0.408314  0.162501 -0.642506  0.286922  -0.73447 -0.212438  0.103482  0.526975  -0.52468
point 82 746 125.933 208.527 -0.325099 -0.378469   0.47928 -0.479944  0.793872  0.891291  0.428606  -0.22612 -0.428367 -0.896528
point 83 755 639.506 237.649   0.165606   0.126378 -0.0225863   0.809784   0.501891  -0.514464   0.344077  -0.278365  -0.407158   0.559492
point 84 762 139.394 195.301  0.290843 -0.123933 -0.938716  0.874243  0.235104  0.839463 0.0100793  0.817479 -0.881358  0.494583
point 85 763 426.663 171.419   0.167444   0.085795  -0.768548  -0.311531  -0.619904   0.840231 -0.0811817   0.530839    0.39004   0.117302
point 86 764  190.78 160.192 -0.941962 -0.427835   0.27629 -0.717211  0.937743 -0.483851  0.196706  -1.00412 -0.656116 -0.562179
point 87 783 630.707 222.497   1.01872 -0.404145  0.559016  0.864517  0.856498 -0.551084 -0.933351 -0.485755  0.289943  0.143126
point 88 791 337.771 175.591  0.716089 -0.593098 -0.831369 -0.597824   1.00639 -0.469002  0.429812  0.615336  0.478574 -0.461042
point 89 811 11.5386 87.2913   0.549716   0.668467 -0.0371664  -0.295628   0.343339   0.748157   -0.13892   0.366448  -0.492999   0.287657
point 90 842 119.544 218.286   0.640736   0.275864   0.174136    0.89868 -0.0430677   0.854787  -0.280802  -0.135344 -0.0813696   0.878381
point 91 855 393.117  175.92  0.0592339   0.919561    0.10132 -0.0492207  -0.843261   0.667294  -0.234471   -0.50554  -0.243427   0.908983
point 92 857 108.832 206.384  0.102487 -0.838528 -0.423666  0.467959  0.981639  0.575646  0.359366 0.0670443   -0.4691  0.479921
point 93 860 160.848 209.443  -0.772977  -0.903363   0.785431   0.553577  -0.799141   0.208575   -0.25735 0.00837012  -0.830595  -0.467878
point 94 887 544.767 224.697  0.575982 -0.755683  -0.80932  -0.66298 -0.852498 -0.877343 -0.301373 0.0646631 0.0128341 -0.753056
point 95 903 512.528   166.3   0.770916   0.569251   0.950803   0.801068 -0.0132892  -0.696386   0.235809  0.0919402  -0.868778  -0.035042
point 96 904  213.37 144.777 -0.402031 -0.190996 -0.467011  0.596301  0.395357 0.0939821  0.880096 -0.884691 -0.010215 -0.800452
point 97 912 109.028 171.196  -0.472715 -0.0551903   0.544178   0.714131   0.520388   0.643665   0.429111 -0.0317358  -0.403078  0.0802306
point 98 918 497.359 223.629 -0.806956  0.142269  0.596067  0.128078 -0.321833 -0.810031 -0.571643  0.886802 -0.124986 -0.280371
point 99 931 467.721 178.616   0.73278  0.798131  0.430263 -0.184153  0.353556  0.570444  0.560222 -0.925054 -0.202591 -0.209499
point 100 935 384.776  211.77  -0.674544  -0.879305   0.259445   0.919204  -0.590821   0.523181   0.305145   0.854508  -0.760016 -0.0445176
point 101 949 274.842 235.534  -0.851726  -0.405932  -0.714581   0.814042  -0.687761 -0.0617778   0.888602  -0.799214   0.325005  -0.654428
point 102 961 449.499  160.52   -0.358723   -0.440317    0.942692    0.519712    0.583509    0.641587 -0.00395936   -0.105498   -0.819301    -0.10371

