seq: 52
gt_pose:   1.0622  6.00388 -2.83994
odom_pose:  1.64924  5.91216 -2.87555
point 0 63 192.098  196.84  0.172556 -0.786941 -0.791817 -0.238366 -0.761902  0.279372 -0.759157   0.73448  0.152767 -0.607314
point 1 72 17.9168 215.901 -0.812851 -0.374222  0.745648  0.262533  -0.82562  0.568048  0.452797  -0.24123 -0.239598 -0.228005
point 2 76 466.968 22.4802  0.375635 -0.200711 -0.643047  0.710312   -0.7344  0.392802 -0.377264 -0.277096 0.0383921 -0.123408
point 3 88 222.014 237.187   -0.285904 -0.00139419    0.353402    -1.01185    0.250706    0.218345    0.349151   0.0527362    0.793227   -0.517536
point 4 92 42.4228 202.906   0.206533   0.790161  0.0536867   0.933864   0.343149   0.329045   0.966658     0.6364  -0.269427 0.00457172
point 5 101 314.815 182.486     0.608 -0.259081  0.397237  -0.71678 -0.202848  0.896367 -0.331379  -0.02233 -0.922874   0.86198
point 6 111 113.553 229.863 0.0389852  0.990505 -0.925395 -0.950101 -0.129497 -0.401053  0.965467 0.0554625  0.245861  0.416446
point 7 160 550.049 129.038 -0.0344438    0.35107   0.105459  -0.625336   0.609867  -0.320613   0.796867  -0.121503   0.346233  -0.317338
point 8 166 134.283 204.949  -0.60795  0.298317 -0.560034 -0.505801 -0.677426  0.290184 -0.675891   0.15253  0.195675 -0.662642
point 9 175 46.7872   138.8 -0.381127  0.520515  0.318162 -0.583193  0.718844  0.718211  0.929602   0.91276  0.542784  0.110656
point 10 181 315.836 169.914   0.785417   0.545509  -0.157521  -0.160356  -0.157315   0.841816 -0.0039259   0.908188   0.583345  -0.315746
point 11 186 184.158 151.311 -0.325429 -0.374522  0.305888  0.452066  0.842373  -0.88977 -0.079333 -0.453517  0.130202  0.307513
point 12 189 405.582 213.019   0.934983 -0.0705466  -0.964001  -0.867406 -0.0614883   0.895411   0.737306  -0.440332  -0.429315   0.121261
point 13 193 433.668 203.019    1.01418  -0.773551   0.977133   0.813887   0.450692  -0.883819   0.940146   0.609557   0.866203 -0.0635547
point 14 208 377.067 198.092 -0.904517  -0.28143   -0.9119 -0.148419 -0.289793  0.801395  0.885376 -0.599635  0.722423 -0.800302
point 15 209 311.107 234.207 -0.276113  0.195906  -0.38338  0.359001 -0.910808 -0.260121  0.611883 -0.826607 -0.353083 -0.656314
point 16 216 14.3488 189.909 -0.621567 -0.885884  0.803995 -0.816406 -0.558675 -0.911328 -0.288659 -0.216076 -0.012075  0.869172
point 17 233  206.08 232.251 -0.172725 -0.506001  0.126829   0.30141  0.315247 -0.184522 -0.977455  0.168642 -0.910399  0.358218
point 18 245 18.9705 186.173 -0.650557 -0.406196  0.400837 -0.727558 -0.453908  0.372178  0.925553 -0.672821   0.17209  0.747215
point 19 251 96.0144 228.537 0.0503275 -0.573863  0.129892 -0.792747 -0.411154 -0.101751 -0.449827  0.240918 -0.119955  0.330566
point 20 262 0.465697  171.548 0.0336033  0.363877 -0.310542 -0.564854  0.936605   1.01445 -0.888664 -0.366257  0.388505 -0.406547
point 21 267 562.399 153.676  -0.145493  -0.932302   0.616569  0.0824338 -0.0964249  -0.112696   0.838312    1.00687  -0.433611  -0.807098
point 22 282 513.619 218.226 -0.544273  0.345406 -0.898954  0.495564 -0.757555 -0.182294 -0.404076  0.780096  0.735174  0.315108
point 23 285 350.955 133.872 -0.512403 -0.213113 -0.516431  0.968805  0.951469  0.840674  0.266863  0.598434 -0.401974   0.41508
point 24 298 522.86 191.91   0.478298   0.166587   0.728663  -0.654852 0.00400751  -0.311448  -0.183039   0.659433    0.95462   0.610731
point 25 307 277.227 227.168   0.149414   0.877557  -0.233138   0.600553   0.749738   0.827361 -0.0797583   -0.51958  -0.870607   0.473101
point 26 321 303.728   160.4  0.0876881  -0.741407 -0.0190407  -0.926013   0.935608  0.0635495    0.31181    0.54945   0.772281   0.530939
point 27 322 323.297 170.715 -0.222102 -0.193486  0.444033 -0.701852  0.934704 -0.670117  0.920872  0.915739  0.331785  0.533586
point 28 332 400.605  206.13  -0.331458  -0.201379  -0.060109   0.352413   0.717017   0.886347   0.771471 -0.0886642  -0.824594  -0.567192
point 29 334 22.9346  214.79 -0.355939 -0.393988   0.91702 -0.666003  0.290735 -0.356879  0.162273 -0.835065    1.0165 -0.179898
point 30 344 476.392   227.4   -0.45354  -0.213687  0.0658873  -0.656946   0.885986   0.785276  -0.303297   -0.39206   0.714688 -0.0916499
point 31 346 215.014 136.887  -0.583052   0.898296 -0.0310415  -0.740956  -0.137671   0.543221 -0.0155032   0.946811   0.857993  -0.146644
point 32 352 45.3704 208.556  0.579618  0.337779  0.450542 -0.691702  0.534182  0.711562 -0.641137  0.584481 -0.136862  0.816279
point 33 380 451.367 218.416  0.624717  0.445628  0.623362  0.734301  0.323214  0.111617 -0.713308 -0.249373 -0.564259  0.104305
point 34 402 428.421 169.041   0.275083  -0.291769 -0.0228516    1.00473   0.433438  0.0167513 -0.0876113   0.484537    1.01504  -0.323436
point 35 404 434.297  95.164 -0.0466212  -0.930803   0.223647  -0.429045  -0.170626  -0.466977   0.288891   0.862715  -0.506496  -0.194802
point 36 405 217.681 138.588 -0.163119 -0.953448  0.890407  0.672461 -0.176683 0.0705332  0.332082  0.353353  0.504606  0.751713
point 37 406 308.486 186.945 -0.220064  0.933822 -0.671442  -0.52998 -0.854943  0.301551 -0.439919   0.29925  0.864123  0.373589
point 38 430 522.317 179.048 0.00353571   0.485859  -0.747802  -0.795742   0.240152  -0.288703   0.267284   -0.14751  -0.159595   0.957284
point 39 453  407.92 234.405  -0.407822   0.325703 -0.0523778    0.03097   0.346577    -0.6031  -0.835079  -0.283297   0.504979   0.262106
point 40 472 3.06248 202.978  -0.877128  -0.107088   0.612581    -0.2382   0.920209  0.0993842   0.687568  -0.722096 0.00443462  -0.556156
point 41 478 349.647 177.385  0.180561 -0.701594    0.4637  0.805417  -0.44483 -0.393273  0.263134   0.15705 -0.427491  0.884012
point 42 480 406.783 222.006   0.264991  -0.932822  -0.902671  -0.194522   0.441602   0.237254   0.108577 -0.0725373  0.0467077   0.695448
point 43 499 196.873 186.159   0.916141   -0.40563   0.413739  -0.660893   0.112042 -0.0925611 -0.0502517  -0.225409   0.717391   0.321461
point 44 514 100.958  189.62  0.397695 -0.804758  -0.88613 -0.462834 -0.887483 -0.501578  0.656144  0.841143  0.118221  0.162655
point 45 534 430.855  198.82   0.302558   0.351665  -0.221206  -0.913731  -0.102742 -0.0965678   0.364369  -0.318759  -0.297024  0.0937202
point 46 539 248.409 161.138  0.836068 0.0337396  -0.91809 -0.683353   0.45495 -0.294848  0.985122 -0.730489  0.204649  0.229513
point 47 541 70.0115  232.32  0.397964 -0.803385  0.891705  -0.32501 -0.594137  0.729709  0.806604 -0.546277 -0.961909  0.214444
point 48 544 271.824 187.732  -0.143509   -0.31444   0.658605  -0.177723  -0.746899    1.03563  -0.914975   0.321608  -0.427428 0.00820567
point 49 557 500.674 224.173     0.75325    0.246331    0.556972   -0.332868   -0.730605   -0.234269   -0.993436    0.563133   -0.195944 -0.00789438
point 50 561 408.272 215.674 -0.883622 -0.358645  0.715391 -0.125973 -0.947405 -0.783138 -0.141087 -0.967188 -0.336013  0.650363
point 51 596 144.006 190.694  0.0315124  -0.516326   0.445414    0.13263 -0.0623844  -0.402036     0.6742  0.0303871   0.539597    0.85903
point 52 599 79.5115 162.197 -0.374901  0.260902  0.646648  0.188005 0.0883033  0.959364 -0.186378 -0.134663 -0.127223  0.521144
point 53 607  89.133 237.827  0.860714  0.322862 -0.315996  0.116555 -0.360309 -0.357997 -0.402615  0.201137  0.897051  0.774674
point 54 610 92.8754 156.225 -0.211295 -0.235751  0.764613  0.699298  0.468872  0.408429  0.658445 -0.639062  0.130527  -0.43598
point 55 614 363.164 191.826  0.436769  0.592194 -0.683041 -0.739855   1.00413 -0.285734  0.780799 0.0999142  0.947932  0.110547
point 56 616 406.957 221.041    0.81955     0.5481   0.479759    0.43698    -1.0247 0.00518975  0.0565994  -0.609108   0.204216   0.018599
point 57 622 59.5774 14.2234 -0.461749 -0.984251  0.415208 -0.128153   -1.0144 0.0631172  0.619875  0.916007 -0.245538 -0.679633
point 58 631 222.622 233.531   -0.84002  0.0398405  -0.666016 -0.0609103   0.400284  -0.095904  -0.290598  0.0143427 0.00101527  -0.331421
point 59 644 29.3977 136.777 -0.500795 -0.070114  -0.53392 0.0165475 -0.132097 -0.741341  0.834524 -0.890822   0.87937  0.425132
point 60 663 465.564 223.045  0.947043 -0.507935  0.941912 -0.101647 -0.203742  0.246702  0.366621 -0.863539 -0.388299 -0.499217
point 61 669 150.076 213.705   0.480113   0.683835  -0.707048  -0.422791   0.137295  -0.654612 -0.0773857   0.918975  -0.280523  -0.276579
point 62 691 40.7614 194.313  0.573105  0.998907  0.264164 -0.270808 -0.931222  0.123073   0.25347 -0.379131 -0.930357 0.0338215
point 63 705 366.423 238.988 -0.0728929   -0.76672  -0.154887   0.508511  -0.935099  -0.334854   0.850837  -0.608375  -0.417792  -0.393187
point 64 725 235.181 207.267 -0.766591 -0.735124 -0.732511 -0.961867  0.295891   0.40008 -0.838739 -0.787529 -0.432564  -0.20619
point 65 726 158.976   190.7  0.920391  0.485573  0.521248 -0.643899  0.261241  0.635814 -0.750319 -0.891001  -0.89576 -0.875699
point 66 756 413.407 194.482 -0.744039   0.24684 -0.825135  0.115612 -0.127826  0.193589 -0.414892  0.578662  0.263734  0.727118
point 67 798 276.844 179.233 -0.434219 -0.893538  0.991688  0.521989  0.460501  0.586897  0.684648   0.94618 -0.891262 -0.534818
point 68 800 274.165 180.683    0.57193   -0.94693  -0.512633 -0.0499851   0.852092 -0.0228486  0.0536655   0.793098  -0.423119   -0.42073
point 69 805 63.6758  117.11  0.390777  0.816758  0.547022 -0.221587 -0.859232  0.771477 -0.219883  0.863153 -0.791264  0.276201
point 70 816 379.469 170.137  0.573445 -0.285862 -0.884039  0.474319   0.26392 -0.377634 -0.454321  0.955811  0.396917 -0.282225
point 71 832 293.377 138.823  0.698989   1.00016 -0.315797   0.68005  0.747911 -0.494429 -0.643511  0.779937 -0.832159 -0.840175
point 72 847 315.392 117.344  0.089652  0.528963  0.387834  0.989243  -0.79531 -0.769872 -0.363863 -0.860802 -0.840093  0.219283
point 73 854 196.097  210.58   0.626686   0.135207   0.438995  -0.756655  -0.121987   0.973245 0.00754679 -0.0840921   0.246854   0.922179
point 74 856 253.117 185.763 -0.0268905   0.629973   0.371423  -0.566027  -0.497322   0.076703   0.538214   0.895094   0.238156  -0.558647
point 75 858  233.86 143.067  0.525313  0.214782 -0.133726 -0.125371  0.698922  0.899755 -0.462972  0.140794 -0.764221 0.0218368
point 76 861 26.8759 194.053  0.0771154   0.693344   0.793924  -0.157132  -0.504595    0.28712   0.063235   0.182044 -0.0385413  -0.506398
point 77 883  25.146 211.085   -0.206429   -0.237399   -0.734973    0.997171    0.277297     0.58092    0.598967    -0.34786    0.184879 -0.00618494
point 78 899 337.266 189.469 -0.417695 -0.469383  0.545132 -0.705019 -0.888925 -0.196705  -0.85527 -0.855516 -0.566962  0.224376
point 79 909 426.249 196.261 -0.284589 -0.716637 -0.180229 -0.474306 0.0689172 0.0237723 -0.335955  0.126955 -0.371755 -0.182771
point 80 934 385.223 168.024  0.296921 -0.570732  0.792095  0.172384 -0.975529 -0.356439 -0.759105   0.78417  0.627024 0.0191093
point 81 937 163.39 232.29 -0.446932 -0.587767 -0.477978 0.0247481  0.518991 -0.261743  0.149895 -0.268234 -0.308249  0.512221
point 82 944 53.1757  174.78   0.519238  -0.452914    -0.2505  -0.585497   0.735746 -0.0741503   0.138835   0.334328   0.437382  -0.647761
point 83 958 78.9044 160.378 -0.412171 -0.906023 -0.756448 -0.169691 0.0816785 -0.355984 -0.188094 -0.237315  0.441856 -0.928186
point 84 962 85.9055 208.286  -0.202682  -0.276188   0.847942  -0.782461  -0.805916 -0.0349642   -0.46221   -0.54292 -0.0260272  -0.090454
point 85 967 50.0823  145.92  0.221338 -0.110253  0.458985  0.939612 0.0987068  0.357665  0.566631 -0.310527  -0.74027 -0.396215
point 86 978 82.5791 215.066  0.836356  0.673388  0.236797  0.922113 -0.820402  0.423699  0.144471  0.377658 -0.596054  0.343445
point 87 980 276.507 216.097  0.496017 -0.160213  0.570969 -0.512813    0.5109  0.371972 -0.871638 -0.242848   0.31768 -0.698492

