seq: 111
gt_pose:   -3.638 -2.12307 -3.09151
odom_pose: -2.44224 -2.80548 -2.84092
point 0 2 62.4103 146.629  -0.548133  0.0333943   0.700105   0.193297  -0.438286   0.281477  0.0525431 -0.0489759   0.985522  -0.385417
point 1 12 191.539 234.386  0.623157  0.184396  0.559598 -0.885072 -0.676625  0.970612  -0.62167  0.774185 -0.769742  0.948456
point 2 25 98.4349 214.806  -0.373172   0.847972    0.85269   0.253423   0.634513   0.587872 -0.0147611  -0.349287  -0.229282   0.343544
point 3 28  148.11 116.918  0.261641   1.01711 -0.340103  0.751333 -0.762416 -0.175362 -0.976597  0.585968  0.565693 -0.410086
point 4 34 342.201 178.121  -0.13303 -0.587285 -0.238187 0.0630808  -0.67878  0.158873 -0.952827 -0.208125 -0.243314 -0.341849
point 5 60 473.735 104.489  -0.878908  -0.811613  -0.528767   0.442733    0.20128  -0.821909   0.944771   0.756826  -0.644669 -0.0944004
point 6 70  583.59 115.334  0.870467 -0.758287 -0.459675  0.153194  0.252728  0.713385 -0.550062  0.374267   0.29468  0.616271
point 7 90 313.902 135.966  -0.76184 -0.988763 -0.758223  0.509458 0.0934069  0.061148 -0.488794 -0.550397 0.0785887  0.753689
point 8 114 260.415 133.174   0.509937  -0.917224    1.01385  -0.510864   0.206834 -0.0543964  -0.350316   0.426414   0.110222   0.290661
point 9 131 390.404  98.148 -0.913958 0.0371055  -0.60238 -0.279529 -0.119686 -0.119809 -0.469735 -0.134684  0.264311  0.708151
point 10 144 462.441 174.192   -0.470662   -0.218866   -0.880797   -0.769394   -0.637188    0.588127 -0.00308637     0.36691   -0.693474    -0.77796
point 11 167 72.7258 191.635  0.780133 -0.358387 -0.410023   -0.1886  0.156004 -0.935371 0.0397076 -0.393988  0.635055  0.296903
point 12 168 22.3433 229.542    0.61305 -0.0276341   0.961852  -0.324953   0.542224  -0.650568   0.932101    1.03933  -0.188859  -0.652788
point 13 178 585.805 212.527   0.720334  -0.415665   0.698971  -0.122827   0.836062   0.953077  -0.291761  -0.287989 -0.0278272  -0.969014
point 14 211 583.776 172.782   0.864738   0.610792  -0.200605   0.303493  -0.408573   0.637077  -0.544005   0.211856 -0.0100392  -0.362092
point 15 218 497.694 216.625 -0.147061  0.701548  -1.01999  0.742777 -0.790468 -0.685276  0.884671 -0.930285 -0.489486  -0.75977
point 16 219 508.227 237.563  0.197182   0.10412 -0.276337  0.972463  0.162697  0.347048  0.190231  0.166636 -0.420294 -0.530968
point 17 235 443.062 226.979 -0.840746 -0.968111  0.937162  0.459674 0.0602778 -0.138664  0.977285 -0.749403 -0.917392  0.296068
point 18 263 111.987 188.172   0.148149   0.650844 -0.0271804   0.561723  -0.888343 -0.0885444  0.0216024   -0.90216   0.576471   0.753642
point 19 266 345.766 189.952   0.802722  -0.398184  -0.225603   0.700324  -0.697931  -0.178226  -0.369599 -0.0432848   0.682703   0.837689
point 20 284  213.44 197.354  -0.254466    0.12799  0.0351819  -0.327482   0.791495   0.470612   -1.01049    0.90438 -0.0264193  -0.744708
point 21 295 475.362 182.432    0.685031 -0.00208473   -0.331607    0.360608    0.132769   -0.272506   0.0363672    0.545175   -0.054188      0.3058
point 22 308 149.563 141.344  -0.566308   0.925305 -0.0405254 0.00750127  -0.790471  -0.511611  -0.817877   0.711203   0.395301   0.437106
point 23 330 244.416 227.447 -0.0206943  -0.551487    0.26489  -0.597738  -0.322076  -0.966906   0.750823     0.9562   0.203342   0.430901
point 24 358 299.527 119.235  0.718233 -0.243479 -0.151048   1.03013  0.147938 -0.791219  0.384449  0.440153 -0.986268  0.726277
point 25 388 465.741   183.5 -0.428614  -0.12963    0.8186 -0.472458 -0.911087 -0.206129  0.318245  0.430904 -0.769275  0.277547
point 26 389 308.308 161.562  0.396669   0.80154 -0.408266 -0.507635  0.321576 -0.704761 -0.237199 -0.105636 -0.729185 0.0173125
point 27 400 281.404 216.093  -0.922441 -0.0402621    1.02593 -0.0299126    0.80821  -0.891549  -0.173312  -0.902079   0.563188  -0.134356
point 28 410 394.302 166.397 -0.209792  0.491831 0.0371572 -0.279226   0.36671   0.65618 -0.475935  -1.01067  0.804843  0.662291
point 29 416 129.605     233   -0.53608    0.59242  -0.616259  -0.387918    0.65782   0.929953   0.725019   0.994749   0.465739 -0.0956872
point 30 419 50.9813 194.201  0.657218 0.0447049  0.466809 -0.718059  0.510232  0.648582  0.843179 -0.349038 -0.873524 0.0310241
point 31 424 613.443 210.801 -0.0963942  -0.809184   0.546789   0.404795   0.604216  -0.500998  -0.131818   0.116515   0.893037 -0.0869833
point 32 433 186.537 180.538  0.0863799  -0.623873  -0.427824   0.231217 0.00493584   0.860509  -0.567542  -0.106495   0.393392  -0.827158
point 33 434 93.6498 165.705 -0.803469   -0.1528 -0.574674 -0.493098 -0.838923  0.130985 -0.885164  -0.88577  0.752006  0.345012
point 34 465 44.7447 188.346  -0.634874  -0.157392 -0.0600147   0.114266  -0.175274  -0.426741  -0.899289   0.517648   -0.92967  -0.729283
point 35 467 450.063 213.125  -0.382042  -0.767341 -0.0573106  -0.386403   0.867809   0.280137   0.507008  -0.138077  -0.641843  -0.728123
point 36 474 387.545 222.017 -0.124462  0.747056 -0.942001  0.685847 -0.702789 -0.782481 -0.355361  0.968196 0.0255348 -0.419845
point 37 476 272.699 187.644  0.128773  0.424538 -0.433409   1.04269 -0.359979  0.414669  0.757686 -0.274298  0.108476 -0.974448
point 38 488 481.094 127.198  0.919364  0.616788  -0.49908  0.143869 -0.768182 -0.379449 -0.253825 -0.693947  0.115581 -0.341318
point 39 489 550.608 217.431  -0.838901   0.985969  -0.794393   0.883365  -0.787579  -0.606972   0.829778  -0.550217  -0.575821 -0.0569296
point 40 501 284.991 143.492  0.431665 -0.306539 -0.197551 -0.161961  0.292716 -0.342348  0.345974 -0.252525  0.104044 -0.478883
point 41 523 294.918 159.534  0.463323  0.492177  0.454926  0.066929  0.919329  0.637132  0.713021   0.53323 -0.202372  -0.50814
point 42 545 273.503 158.998    0.8534  0.546233 -0.863316 -0.280749 -0.786473 -0.223216   0.05153   0.82743 -0.518334 -0.694072
point 43 553 309.876 184.675     0.17166 -0.00464858    0.863011    0.241736    0.647105    0.138198    0.500749    0.999957   -0.940527   -0.217934
point 44 570 166.565 222.274  0.158993  0.337287  -0.73426 -0.984265 -0.961883 -0.761116 -0.583641  -1.02871 -0.384369  0.738737
point 45 574 231.401 151.013  0.886502  0.363344 -0.687378 -0.225325 -0.469434 -0.667976 -0.640853  0.885282 -0.353963  0.201674
point 46 589 468.289 171.073 0.0618034 -0.167308 -0.346178 -0.713395 -0.441802 -0.491363 -0.158769  0.236108 -0.828802 -0.876642
point 47 593 50.3429 156.939   0.05242 -0.656171 0.0709111 -0.721485  0.722618 0.0258057 -0.338359  0.422175 -0.856189  0.272745
point 48 600 266.759 135.198  0.865424  0.413645  0.697774  0.602428  0.991035 -0.481289  0.226203  0.498833 -0.383068 -0.781422
point 49 625 605.473 175.774 -0.0324073   0.704401  -0.192906   0.992113   0.469604  -0.649101  -0.547495 0.00748155 -0.0724944   0.163542
point 50 634 102.628  164.54    0.318975 -0.00248244    0.969688   -0.710757   -0.956088    -0.10197    0.429264   -0.210617    0.169985    0.927416
point 51 635 23.7876 238.056 -0.234975  0.350906 0.0262223 -0.433926 0.0713664 -0.261428 -0.352161  0.487936  0.570207  0.714703
point 52 636 627.467 230.945     0.81613   -0.253479    0.400442   -0.917658 -0.00778153   -0.335387    0.135046  -0.0330893  -0.0537551    0.180641
point 53 643  503.03 216.624 -0.0654574  -0.986263   0.393488  -0.292484   0.364701 -0.0143156  -0.736594  -0.967481   0.129046  -0.278137
point 54 648  209.42 181.373  0.133392  0.388738 -0.754991 -0.921127 -0.740518 -0.061848  0.671593 -0.949239  -0.27652 0.0836742
point 55 650 614.513 202.052  0.728879  0.247538  0.646608 -0.525638   1.00855 -0.253091  0.849541 -0.786974 -0.219063  -0.84953
point 56 652 19.1178 237.877 -0.776948 -0.297238   0.37438  0.315044  0.858443  0.155713 -0.482115  0.528784  0.616655 -0.466871
point 57 654 549.449 238.059 0.0716928  0.739683  0.141005   0.10693 -0.316879  0.427712   0.76808  -0.88016 -0.323647  0.711747
point 58 670 557.639 183.137  0.785649 -0.335242 -0.946048  0.045847 -0.151282 -0.527936 -0.102449 0.0887702  0.068652  0.413336
point 59 679  125.92 39.9479  0.943385 -0.274404   0.16826  0.676643  0.900238 -0.409338 -0.337126 -0.366687  0.852741  0.905844
point 60 680 431.561 223.341 -0.0087165 0.00808701  -0.948708   -0.34773  -0.220399  -0.779578   -0.28594   0.440227  -0.187207   0.776867
point 61 687 620.225 205.893  -0.344581   0.220945 -0.0503587  -0.258697   0.649546   0.385781   0.597292  -0.405856   0.200168  -0.515784
point 62 690 607.402  195.25   0.363362   0.972215   0.182754   0.397022 -0.0330352  -0.711565  -0.791091  -0.345502   0.499198  -0.437065
point 63 694 529.573 219.157  -0.756459   -0.73148 -0.0346094  -0.371953   0.968789  -0.363521  -0.219175   0.874892   0.716805   0.477952
point 64 696 41.5082 234.209 -0.906247 -0.316963  0.178163  0.317981  0.936635   0.39015  0.578932 -0.132137  0.972752  0.516089
point 65 700 99.5278 208.914 0.0438898 -0.637057  0.214933  0.738014  0.597236 -0.454173 -0.749854 0.0937473  0.994201  0.746465
point 66 706 254.177 182.373    1.0205  0.700636 0.0625266  0.697171 -0.871554  0.713735 -0.184515  0.450041 -0.504132  0.270792
point 67 708 121.325 143.213  -0.145245 -0.0387184  -0.719653   0.467119  -0.361755  -0.769406   0.149815   0.676657   0.973346   0.264876
point 68 710 368.262 34.3976 -0.064161 -0.520786 -0.579548   0.38415 -0.401846  0.329354  -0.70125  -0.19114 -0.169441 -0.106418
point 69 715 313.822 237.521 -0.796223  0.621735 0.0399952 -0.654326  0.264771   1.03233   0.35333 -0.864007 -0.166653 0.0556503
point 70 727 606.104 197.124  0.067643 -0.927536  0.639059 -0.579029 -0.263492   0.84486 -0.335695 0.0365246  0.947052  0.882974
point 71 732 625.727 141.223   0.183671   0.667594  -0.919022  -0.342638   0.197582   0.827495  -0.959651 -0.0302055   0.654082   0.653956
point 72 735 479.008  219.11 -0.924821 -0.388465 -0.142342 -0.604505 -0.279249  0.508361 -0.305817 -0.769128 -0.309327  0.876138
point 73 748 154.835  160.28  -0.96347 0.0857958 -0.482326 -0.876055 -0.558489  0.192479 -0.253904  0.938044  0.738228 -0.358728
point 74 758 182.685 215.623 -0.184761  -0.94409  0.790342  -0.52455 -0.632558  -0.91486  0.754364 -0.442866  0.233164 -0.455696
point 75 770 303.804 57.0283   0.793821  -0.488787    0.68899  -0.391773 -0.0115539  -0.272968   0.475332   -0.75174  -0.892384   0.743334
point 76 795 328.526 189.259 -0.278386  0.892855 -0.296777 -0.529136  0.723928  0.115115 -0.567991 0.0825669  0.889975  -0.17259
point 77 796 417.415 212.039    0.588755   -0.909847   -0.549503   -0.520062   -0.175925   0.0451495    0.924535    0.489553    0.411177 -0.00439196
point 78 808 98.1531 167.541 -0.571775  0.554209 -0.117683   0.77933 -0.500203  -0.25055 -0.217052 0.0287439  0.811738  0.117436
point 79 812 138.007 233.128 -0.0647517   0.133836   0.568494   0.423081  -0.634541   0.557214   0.816186   0.919706   0.847479   0.909314
point 80 834 310.938 220.545 -0.512147  0.619821 -0.861513  0.951436  0.332786  0.781297  0.902581   1.00466  0.411292  0.620454
point 81 836 177.196 153.329 -0.751639 -0.694822 -0.222526 0.0331582  0.598821  0.244132 -0.338777  0.670918   0.26919 -0.945743
point 82 844 261.628 214.562   0.516802  -0.850436  -0.314256    0.70949 -0.0372536  -0.750061 -0.0663849  -0.832832  -0.876035   0.919833
point 83 849 11.7631 161.996  -0.191427   0.205013 -0.0542198   -0.55177  -0.368458  -0.901621   0.882224   0.937263  -0.984584  -0.861136
point 84 850 268.611 170.039  -0.580571   0.890731 -0.0776375   0.350361  -0.507183   0.447742  -0.848301  -0.443548   0.239173     1.0169
point 85 851 185.085 219.212  0.947418  0.628361   0.44064  0.945038  0.557419 -0.730563  0.127858 -0.456308 -0.259774  0.778216
point 86 871 264.698 192.137   0.236327  -0.757138   -0.66726   0.143422   0.167982   0.730472 -0.0973496   0.350155  -0.808023   0.878513
point 87 890 85.8291 136.617  0.448808 -0.440226  -0.15672 -0.795182 -0.342454  0.229634  0.909477  -0.89656 -0.243175  0.306601
point 88 891 169.828 220.966  0.343535  0.447994  0.167386 -0.577155 -0.692223  0.356974  0.646236 -0.846374 -0.976787  0.641993
point 89 895  59.662 206.123  -0.845418   0.305402   0.697893   0.985949  -0.651559  -0.219273 -0.0141622   0.702917  -0.771461   0.318473
point 90 896 631.857 195.864    0.387592   -0.549652    0.453716   -0.848047    0.960365   -0.831165   -0.343996  -0.0911547    0.847269 -0.00130575
point 91 900 601.332 133.603  -0.652966  -0.498267   0.577502   0.546738    0.47269   0.428217   0.924969  -0.319142  -0.579858 -0.0586837
point 92 902 423.066 200.382 -0.472906 -0.738234 -0.169974  0.792559 -0.690468  0.236329  -0.60002  0.946957 -0.278742   0.86954
point 93 919 126.666 97.9181  -0.73456  0.530804 -0.335708 -0.499789  0.350074 -0.322846 -0.476813  0.900839  0.141136   0.34307
point 94 921 64.6977 146.819  0.219275  0.140899 -0.298428  0.749119  0.130579 0.0246638  0.209393  0.825445  0.527026 -0.372989
point 95 923 219.469 206.406  -0.728067 -0.0135106   0.764742  -0.335784    0.33876 -0.0964465   0.798157  -0.953142  -0.317868 -0.0900307
point 96 930 56.7178 177.747   0.874826   0.975463   0.257608 0.00566848   -0.39285  -0.900916   -0.11165  -0.208201  -0.809018   0.663716
point 97 952 267.612 155.515  0.707616 0.0584729 -0.489487 -0.277475  0.642385 -0.238783  0.423328 -0.720741 -0.342718  0.703168
point 98 957 451.693  142.37 -0.514657  0.988406 -0.241231 -0.919058  0.325908  0.869101  0.428446  0.519065 -0.366084 -0.164921
point 99 970 286.544 191.086 -0.544941  0.286427  -0.31068  0.831758  0.491307  0.741089 -0.555132 -0.415429 -0.338491 -0.632957
point 100 973 314.113 70.0473  0.141804  0.151414  0.581277 -0.887579 -0.453469  0.287322 0.0599629  0.850427    0.5606  0.135987
point 101 981 204.282 181.152  -0.461016   0.862693 -0.0776915   0.766801   0.738594   0.941643   0.293382  -0.469233   0.412801  -0.532637
point 102 983 14.6263 147.355  0.621579 -0.546614 -0.856744 -0.960401  -0.76723 -0.289483  0.913101  0.196999  -0.52186  0.628462
point 103 986 463.436 228.878 -0.346007 -0.274139  -0.95726 -0.541935 -0.165602  -0.42918   -0.3646 -0.103916 0.0140668 -0.825605
point 104 988 39.5097 223.956  0.360732  0.812875  0.385707 -0.515953 -0.270872  -0.92358  0.200721 -0.266583 -0.441024 -0.912417
point 105 991 425.652  234.32   -0.154139 -0.00843002   -0.783854   -0.947507    0.978641   -0.494899    0.286409    0.497988  -0.0925151   -0.766534

