seq: 59
gt_pose: 0.179022  4.99409 -1.93895
odom_pose: 0.776292  4.87205 -1.91724
point 0 4 577.699 163.938 -0.293971 -0.904728 -0.950463 -0.118944 -0.850025 -0.537339  0.943016  0.782988  0.681405 -0.418124
point 1 14 191.477 212.111 -0.791344 0.0937582  0.502631 -0.396474   1.00363  0.201361  0.790959  0.479389  0.287223 -0.949438
point 2 17 76.7808 135.135  -0.437114   0.115067   0.453913  -0.809892  -0.010059    0.15875   0.872551 -0.0551203  -0.325588   0.721177
point 3 27 535.388  182.01 -0.00843894   -0.725503    0.808811    0.227529   0.0110347   -0.567792    0.127421   -0.120249    0.704971   -0.169358
point 4 30 510.778 166.291 -0.710699 -0.892515 -0.869148 -0.120629   0.61114  0.377337 -0.153521 -0.726643  0.206228  0.198032
point 5 31 213.208 200.788  -0.426574   0.757202 -0.0332153  -0.630129   0.212761  0.0620838   0.191752    0.21961  -0.529053   0.665227
point 6 57 131.678 203.346  0.409398 -0.363874 -0.555389   0.51418 -0.487237  0.408316  -1.00536  0.649085  0.723343  0.158902
point 7 58 515.821 232.779  0.646705 -0.505162   -0.4757 -0.828816 0.0371222  0.790874  0.190719 0.0817823  0.639045  0.962765
point 8 63 379.591 180.282  0.211463  -0.72881 -0.862863 -0.269912 -0.734619  0.337665 -0.736398  0.756736  0.160026 -0.589956
point 9 64 23.8253 191.287   0.837424   0.584564  -0.747168  -0.906928  0.0237884  -0.246201  -0.569158 -0.0884997  -0.715638  -0.407275
point 10 68 230.575  239.17  0.171202  0.308425 -0.920398  0.487313   0.23887 -0.742991 -0.675446  -0.65085  0.603544  0.671616
point 11 73 459.585 167.785   0.755302  -0.126399   0.806755   0.326511 -0.0454001 -0.0709624  -0.370415  -0.533189  -0.476728   0.143291
point 12 86 548.701 180.462   0.807056   0.383498   0.728107  -0.433275  0.0940976  -0.657678     0.6774  -0.597681  -0.786058 -0.0604427
point 13 88 410.968 236.235  -0.259808 -0.0446329   0.437121   -1.01076    0.27725   0.277335   0.369634 0.00402525   0.836457  -0.536196
point 14 93 467.591 186.829  0.725231  0.115378  0.208752 -0.809608  0.876537 -0.329017  0.179852 -0.943754  0.565847 0.0434674
point 15 105 525.919 181.077   0.483139   -0.99783   0.519981     0.1214  -0.251097 0.00103235  -0.801962  -0.700039   0.901147  -0.113893
point 16 109 244.018 230.165  -0.459173   0.863904  -0.857734  -0.399586   0.479444 -0.0556829   0.725568   0.622515  0.0267194   0.270635
point 17 110 132.302 161.668  0.896795   0.90582 -0.610826 -0.285565 0.0732758 -0.688643 -0.565899  0.559982   0.76587  0.275401
point 18 111 316.656  230.89 0.0973093  0.988745 -0.884613 -0.966865 -0.136067 -0.348137  0.908082 0.0163829  0.219143  0.401689
point 19 125 581.028 213.665 -0.148931  0.928098 -0.655131  0.740574  0.929833   0.53484  0.869394 -0.352249 -0.145223  0.782104
point 20 132 77.0213 171.444   0.262101  -0.956871  -0.896402 -0.0975417    -0.7774   0.836997  -0.863829   0.295566   0.855951   0.725625
point 21 148 0.568067  47.9738 -0.0951926  -0.279677   -0.20447   0.502905 -0.0668267  -0.159157  -0.959579   0.261594   0.901048  -0.677448
point 22 150 599.917 183.278  -0.875912  -0.493645   0.671634   0.273617  -0.626373  -0.362515  -0.923813   0.184853  -0.891235 -0.0681628
point 23 156 175.564 171.678    0.24026   0.511152  -0.717308   0.412126  -0.846715   0.945586   0.113744  -0.739569  -0.985335 -0.0815181
point 24 159  158.67 198.934  0.197659 -0.972809 -0.947964 -0.125123 0.0703271  0.118365    1.0005 -0.318616 -0.427825 -0.716616
point 25 165 193.896 193.742   0.487477  -0.827699   0.441617    0.63542  -0.760881    0.67944  -0.590532   0.857753   0.369006 -0.0462087
point 26 166 331.444 208.397 -0.579597  0.345988 -0.620369 -0.512238   -0.6797  0.280595 -0.715812  0.130494  0.112991 -0.649219
point 27 169 50.7708 177.973 -0.596247  0.459894   0.69483 -0.271811 -0.123185   0.53471  0.384789  0.504945 -0.701806 -0.555182
point 28 175 281.882 162.041 -0.349241  0.517137  0.247584 -0.594434  0.761762  0.703785  0.907612  0.972071  0.548221  0.159302
point 29 176  202.27 201.881  -0.692889    0.79979  -0.148946 -0.0701488   0.360226  -0.415174  -0.879192   0.293838   0.702453   0.150258
point 30 179 65.1632 203.578 -0.00192282    -0.80723   0.0535323    0.812844     0.67199    0.349421   -0.331723   -0.834429   -0.243105    0.738872
point 31 186 369.739  130.64  -0.378696  -0.355586   0.275601    0.43726   0.879747  -0.877258 -0.0313302   -0.47004   0.133102   0.293119
point 32 202 43.8699 142.853 -0.538112 -0.173442  0.229985  0.390012  0.173457  0.812083  0.639425 -0.187885  0.137893 -0.180579
point 33 206 4.24269 156.491  0.711371 0.0909202  0.603362  0.944194 -0.755066 -0.689909  0.673942 -0.276245 -0.948413  0.688066
point 34 233 394.291 229.517 -0.192851 -0.452949  0.127336  0.257629   0.31299 -0.171517 -0.958248  0.159349 -0.891445  0.418676
point 35 240 131.383 123.469 -0.532599 -0.650225  0.630758  0.840646  0.758508  0.728552 -0.526498 -0.680926  -1.01407  0.698673
point 36 245 278.754 204.567 -0.648501 -0.363389  0.477759 -0.715884  -0.48867  0.392522  0.886344  -0.64356  0.207943  0.829628
point 37 251 306.544 230.148 0.0524197 -0.523666  0.196875 -0.868554 -0.375772 -0.147684 -0.460644  0.199404 -0.118012  0.321739
point 38 259 62.9745 210.525  0.155968  0.706314 0.0773717  0.507229 -0.403654 0.0378132 -0.735854  0.399593 -0.896741 -0.569606
point 39 260 638.553 198.897    0.24872    0.62731  -0.303825    0.38801  -0.415702   0.599502 -0.0370778  -0.125201  -0.108551    0.20106
point 40 280 28.4194 229.587  -0.254849    0.14278   0.587953  -0.176365  -0.314265  -0.349615   0.795628   0.817845 -0.0549179   0.794008
point 41 290 9.18205 182.348 -0.671251  0.784736 -0.763685  -0.45614 -0.636895  0.490127 -0.913731 -0.803303  0.569954 -0.954867
point 42 296 150.645 173.387 0.0400524 -0.582813 -0.392815  0.300958 -0.187942  0.556753  -0.66328  0.925654 0.0265371 -0.380504
point 43 301 197.601 218.671 0.0878373 -0.472401 -0.976055   0.38497 -0.912884 -0.696559  -0.57216  0.459803 -0.729966 0.0894048
point 44 303 256.511 207.277   0.179788  -0.855235  -0.553044  -0.945228 -0.0513343   0.554814  -0.422117  -0.113479  0.0159184  -0.437222
point 45 307 516.738 215.469  0.172058  0.964344 -0.231743  0.578128  0.697438  0.832389 -0.123457 -0.462822  -0.89452  0.490921
point 46 313 94.8636 146.409  0.0740645   0.315257   0.143281   0.130716   0.454588   0.671593   -0.37531   -0.64048 -0.0952048   0.409493
point 47 316 29.4469 179.452  -0.565927  -0.763842  -0.934049  -0.480425  -0.456263 -0.0434249  -0.400447  -0.194802  -0.269858  -0.709939
point 48 319 98.4084  181.11 -0.990516  0.253676    0.5662 -0.208634 -0.693929  0.164067   0.73255 -0.288026 -0.984449  0.316629
point 49 346 417.508 56.5232  -0.546522   0.941179 -0.0444958  -0.751359  -0.192046   0.522823 -0.0707048   0.915441   0.852688  -0.164075
point 50 362 542.785 165.773  -0.14519 -0.925952 -0.773828 -0.408522 -0.453979  0.696856  0.181215  0.453526  0.975077  0.859404
point 51 367 102.816 115.203  -0.637242  -0.865627    0.86135   -0.47372  -0.470043   0.723545  -0.317974 -0.0498215  -0.534612  -0.821419
point 52 387 263.204 185.714  0.694278 -0.745861  0.562905  0.986995 -0.713749 -0.140811 0.0469175  -1.00335  0.599224  0.667905
point 53 398 151.312 229.017 -0.829889  0.931976 -0.699919  0.393734 -0.992732    0.5855  0.696109  0.848469  0.268797 -0.741189
point 54 405 420.758 61.1668 -0.112846 -0.989665  0.817741  0.718337 -0.186019 0.0680088  0.371873  0.275328  0.461028   0.74465
point 55 424 638.367 212.805  -0.138391  -0.823106   0.528802    0.40617    0.56646   -0.49723 -0.0671248   0.156988   0.872119  -0.180085
point 56 428 444.371 172.671 -0.505083 0.0256271  0.640111 -0.869538  -0.29989  0.519922  0.312239  -0.36795 -0.152496 0.0687909
point 57 441 495.892 183.027  0.840351  0.207967  0.646965  0.728423  0.727886 -0.109257 -0.645964   -0.9707 -0.856247  0.634144
point 58 448 68.7762 212.647  0.821134 -0.407013 -0.798538 -0.621918 -0.284284  0.667192 -0.418307 -0.717798  0.673982 -0.356587
point 59 469 135.708 179.722 -0.0973902  -0.866464   0.988705   0.949575  -0.122767  -0.490344  -0.772302   0.767146    0.16594  -0.928033
point 60 486 502.843 215.731 -0.908284  0.526262  0.970977 -0.426881   1.01077  0.820423 -0.800405  0.994571 -0.964089 -0.383055
point 61 491 241.455 194.582 -0.809584  0.811371 -0.312334  0.538696 -0.514676 -0.176729  0.517339 -0.298602 -0.247115  0.685164
point 62 494 414.443 184.711  0.381436 -0.141964 -0.327856  -1.01299 0.0821043 -0.780639  0.526099  0.330149 -0.256242 -0.938932
point 63 495 209.613 87.9057   0.230156   0.686907  -0.143071   0.484402  -0.498739  -0.620772    0.96157  -0.603327 -0.0851185  0.0989849
point 64 496 564.525 231.461  -0.940099  -0.788639    0.59893    0.28851   0.866019 0.00826259  -0.795749  -0.422676 -0.0368555   0.246181
point 65 499 387.478 157.387   0.878745  -0.411114   0.398947  -0.584437   0.198928  -0.108775 -0.0599234  -0.211525    0.70794   0.245588
point 66 504 613.613 215.002  0.373435  0.856424 -0.627897  0.370728  0.167342  0.699441 -0.370869 -0.829951 0.0940416 -0.492335
point 67 506 180.708 171.814   0.0678955    0.312694 -0.00873148   -0.606597   -0.959507   -0.590422   -0.732664   -0.605914    0.727391    0.513269
point 68 514 313.109 199.393  0.371436  -0.74829 -0.919945 -0.421434 -0.895225 -0.460819  0.573859  0.826656  0.140582  0.219312
point 69 519 145.534 155.355  0.394445  0.465256  0.610377  0.132951  0.679751 -0.781358 -0.912511  0.886132 -0.361965  0.483784
point 70 527 472.091 236.094   0.779515   0.486441  -0.885982     1.0021  -0.557013  -0.454499 -0.0903659   0.699106   0.585868   0.659434
point 71 539 461.597 104.246  0.863154 0.0403771 -0.972728 -0.642753   0.43251 -0.372028  0.974455 -0.720674  0.251901  0.192648
point 72 541 298.129 234.262  0.413592 -0.828093  0.890802 -0.252168 -0.633923  0.657861  0.818521  -0.56342 -0.955794  0.222571
point 73 544 598.355 79.2227  -0.121967  -0.253224   0.735671  -0.113687  -0.686149   0.948622  -0.940334   0.373999  -0.447304 -0.0222273
point 74 563 477.715 205.975 -0.0511581  -0.494232   0.369228  -0.383456   0.752936   0.468087    0.30828   0.487027  -0.653624   0.346658
point 75 573 110.919 171.074  0.912076  -0.19864  0.268379 -0.446235 -0.241968 0.0281632 -0.643036  -0.95733 -0.353358  0.604177
point 76 578  165.13 145.949 0.0373235 -0.226636 -0.298029  0.277517 -0.769167  0.481686  0.039292 -0.926549 -0.124985  0.159446
point 77 587 470.868 190.251  0.777054 -0.427629 -0.297385  0.642559  0.249624 -0.267548  0.344983 -0.909286  -0.44824 -0.394238
point 78 591 79.3044 148.046     1.01802   -0.651654    0.629861   0.0924086   -0.485463   -0.272181    0.964866    0.252103 -0.00584961   -0.510273
point 79 596 331.816 182.437  0.0334242  -0.510775   0.430151   0.150104 -0.0687434  -0.422613   0.721455  0.0632798    0.55536   0.864011
point 80 599 265.511 142.919  -0.382772   0.255767   0.689458   0.132357  0.0524789   0.956782  -0.136299  -0.117074 -0.0959521   0.517254
point 81 610 308.866 173.701 -0.154077 -0.217823  0.759333  0.672542  0.483276  0.475144  0.705973 -0.601883  0.177129  -0.46488
point 82 613 530.894 130.455  0.721116  0.927039  0.991003 -0.699493 -0.754363  0.214987 -0.243605 -0.400998 0.0445304  0.892849
point 83 617 235.723 164.806 0.0535777 -0.869204  0.304258  0.102916 -0.554544 -0.945937 -0.217838  0.353344 -0.796734 -0.664417
point 84 631 410.093 231.604  -0.829644  0.0364062   -0.65993 -0.0838186   0.313187 -0.0917866  -0.226603 -0.0382425 -0.0356158  -0.303514
point 85 644   275.9 164.664  -0.52885 -0.108702 -0.566147 0.0342743 -0.195317 -0.823616  0.853777 -0.912868  0.883833  0.460545
point 86 645 544.387 232.478 -0.886731  0.811478 0.0678862  0.350383  0.126633   0.94911  0.311497 -0.432253 -0.375837 -0.214115
point 87 649 635.658 227.615   0.604216  -0.138264 -0.0852235  -0.325658  -0.552208  -0.164824   0.264889  -0.613294    -0.9705  -0.266578
point 88 656 617.345 174.682   0.116491 -0.0337157  -0.576077  -0.814414   0.935497   0.531314   0.881838  0.0864317  -0.436878   -0.39416
point 89 661   220.2 187.649  0.262737 -0.569754  0.373645  0.361544  0.151243   0.11702  -0.93269 -0.777015  0.270852  0.410867
point 90 662 554.035 190.596  0.301037 -0.278137 -0.312827  -0.81222 -0.226922  0.830562  0.497885   1.00049 -0.709484  0.740662
point 91 667 114.938 181.025 -0.951213 -0.604132 -0.238645 -0.546836  0.767877 -0.762592 -0.491078  0.769496  0.557593   0.43116
point 92 670 566.102 195.902   0.797472  -0.303858  -0.920182   0.105252 -0.0813551  -0.492348  -0.149518   0.068901  0.0975561   0.345821
point 93 681 20.1903 204.152 -0.266579   0.53275  0.208843   0.44237 -0.741086  0.176743 -0.766559  0.455355 -0.170091 -0.855386
point 94 683 586.715 134.907   0.290348   0.115501   0.610073  -0.753531   0.725935  -0.695279   0.737746 -0.0323306   0.744867  -0.967475
point 95 689 408.318 158.596   0.878498  -0.469658  -0.505574 -0.0283335   0.702645   0.111615  -0.787761  -0.287927   0.885252   0.876244
point 96 697 67.0252 207.968   0.17562   -0.7264 -0.505506   0.92265  0.488455 -0.807283 -0.242675 -0.171503 -0.162125 -0.779702
point 97 709 93.2221 219.479  0.960971 -0.904942 -0.998706 -0.958486  0.462838  0.824093  0.760859  0.483082  0.174371 -0.436513
point 98 725 436.333 188.484 -0.720187  -0.80608 -0.744242 -0.935036   0.27467  0.410156 -0.842568 -0.725149  -0.50389 -0.183421
point 99 726 347.433 188.718  0.913357  0.523336  0.572259 -0.706801  0.305338  0.596477 -0.791636 -0.871981 -0.889179 -0.887402
point 100 732 550.076 177.215  0.196028  0.676045 -0.948295 -0.266382  0.189913   0.83686 -0.907631  -0.03219  0.694165  0.675937
point 101 736 443.591 189.937 -0.0736274  -0.938336  -0.265752   0.129087  -0.339953  -0.216969   0.435912   0.681553  -0.978353   0.988648
point 102 752 219.503 177.684  0.835878   0.79127 -0.564661 -0.187944 -0.135742  0.132366  0.362345  -0.68347 -0.644009 -0.486647
point 103 777 153.778 204.931   -0.642191     0.62207   -0.293379   -0.445876    0.562676   -0.266186   -0.326057    0.578255 -0.00784996   0.0538653
point 104 798 515.039  124.67 -0.439873 -0.908558   0.91964  0.569421  0.504304  0.567064  0.632959   0.86243 -0.942239 -0.533141
point 105 800 507.444 130.073    0.56204  -0.931271  -0.501776 -0.0868468   0.827962   0.012332  0.0495356    0.77275  -0.431741  -0.498988
point 106 805 286.171 136.913  0.371356   0.82312   0.52457 -0.224578  -0.83371  0.780577  -0.19352  0.944764 -0.812196  0.209858
point 107 806 83.6431 234.071    0.80493  0.0278411  -0.560283   0.061062  -0.674453  -0.386075   0.373545  -0.333259  0.0424226 -0.0728535
point 108 815 131.128 171.098  0.101839 -0.217397  0.982686 -0.310589   0.66546  0.572612 -0.418026 -0.609797  0.787543  0.918411
point 109 843 183.814 161.781  -0.404037  -0.224867 -0.0655247   0.419686   0.100655  -0.942829   0.386413   0.250962   0.972305    1.03147
point 110 854  389.15 190.231   0.591175   0.155508   0.427675   -0.77353 -0.0751796   0.982771 -0.0468884  -0.130611   0.225537   0.946434
point 111 856 482.868 133.742 -0.0177115   0.679489   0.364478  -0.585491  -0.566114 0.00169616   0.565977   0.843172   0.290958  -0.604004
point 112 858 436.108 84.4712   0.481641   0.217135  -0.171625  -0.154432   0.728373   0.866324    -0.4519   0.106445  -0.766821 -0.0453452
point 113 867 74.5183 211.545   0.958952   0.103676   0.117512   0.635987  -0.408568 -0.0200134  -0.771939     -0.402   0.613177 -0.0430105
point 114 876 268.265 163.992    0.468478    -0.68214    0.893051    -0.17572 -0.00524571   -0.956338    -1.00874    0.384736    0.847259    0.320724
point 115 880 262.864 195.922 -0.634728 -0.531017 -0.313156  0.664904   0.55254 -0.227278 -0.360794  0.559131  0.836643  0.652159
point 116 881 208.147 170.563  0.301274   0.65496  0.370466  0.575152  0.411448 -0.756305  0.238198 -0.818822 -0.440065 -0.521925
point 117 882  111.45 209.455  -0.43366  0.930163 -0.635914  0.554454  0.432944 -0.239996 -0.891927  -0.83566  -0.59405  0.572563
point 118 883 275.248 219.338  -0.194643  -0.256434   -0.73107    1.00574   0.224126   0.637969   0.580772  -0.340791   0.165835 -0.0597239
point 119 896 520.151 216.326   0.469253  -0.517597   0.376833  -0.772436   0.915829  -0.889631  -0.343188  -0.108947   0.859877 -0.0417036
point 120 900 557.361 166.917  -0.634673  -0.429598   0.592743    0.50392   0.424176    0.41758    0.92206  -0.316014  -0.531765 -0.0849233
point 121 927  163.17 187.974 -0.0746792   0.871747   0.572947   0.382293  -0.892202   0.380733  -0.026672  -0.333098   0.774862   0.918656
point 122 929 191.741 165.638  -0.87882 -0.265784 -0.226196  0.208893  0.248465  0.689128 0.0798381 -0.187655  0.102526  0.207926
point 123 937 348.597 229.938  -0.46138 -0.577761 -0.521053 0.0317063  0.505208 -0.227653  0.167991 -0.268492 -0.259163  0.502069
point 124 944 291.232  193.38   0.514672  -0.468035   -0.23456  -0.533623   0.669277 -0.0614031    0.11026   0.337069   0.445054  -0.672677
point 125 946 513.853 173.797  0.175283  0.905159 -0.376897 -0.743725  0.482164 -0.867784 -0.308766 -0.748436 -0.466034 -0.555391
point 126 963 35.5509 190.674 -0.0627116  -0.765491  -0.350815   0.427869  -0.924793   0.241187   0.916713   -0.87674   -0.19123   0.533945
point 127 967 275.211  159.34   0.190832 -0.0605969    0.44435   0.925048   0.100236   0.276561   0.564813  -0.337572  -0.718633  -0.390361
point 128 971 81.4927 204.475    0.72095  0.0367818   0.277263  -0.664459    1.03373 -0.0771631   0.335386    0.94187   0.742926  -0.162106
point 129 979 85.6033 90.3862 0.00621295   0.440115  -0.154756   0.408405   0.240412   0.368364  -0.575105  -0.192547   0.625145  -0.266682
point 130 980 517.996  193.61  0.467201 -0.173692  0.555395 -0.480653   0.47419  0.443948 -0.803992 -0.196432   0.35062 -0.646606

