seq: 321
gt_pose:  1.30738 -2.13065  1.95864
odom_pose: -0.472424  -2.25341   1.87888
point 0 7 416.866 182.763  -0.127699   0.810818   -0.17303   0.639251   0.417835    0.79953 -0.0118397  -0.569009     0.8788   0.810424
point 1 14 481.562 68.9261 -0.774405 0.0232331  0.468371 -0.406118  0.999308  0.141369  0.740876  0.537596  0.243774 -0.902608
point 2 21 420.006 207.285  0.501688 -0.432365 -0.385491 -0.655158  0.925408 -0.996904  0.667655 -0.372128 -0.649904 -0.154341
point 3 31 361.109 213.858  -0.400434   0.794322 -0.0612865  -0.689268   0.196051   0.036436   0.236528   0.242164  -0.498405   0.686589
point 4 36 448.634  236.68 -0.228643 -0.265094  0.476324  0.577516  0.401514 -0.690808 -0.923065 -0.891342  0.366861 -0.577663
point 5 44 496.057 173.542  -0.602337   0.256057   0.835006   0.439189 -0.0633848  -0.128215   0.710424   0.879107   0.907398   0.831118
point 6 53 475.707 213.844  0.775135  0.243995 -0.317214 -0.867672  0.505064  0.633074   0.36436  0.384182   0.83456 -0.422903
point 7 60 58.4901  169.18    -0.9159  -0.785053  -0.498469    0.40861    0.19233   -0.80658    0.96247   0.765935  -0.628571 -0.0633479
point 8 68 353.842 239.612  0.185726   0.39101 -0.910719  0.477972  0.160053 -0.730759 -0.701374 -0.588313  0.569842  0.658881
point 9 70 99.8895 195.459  0.875535 -0.754292 -0.439908 0.0746728  0.332503  0.739379 -0.505232   0.30839  0.221609  0.670367
point 10 71 590.666 171.588  0.142429  0.245366   0.52891  0.572294  -0.38532 -0.825263   0.74115 -0.619114   -0.6398 -0.310055
point 11 78 162.746 98.5464 -0.928869 -0.831033   0.58641  0.708552  0.969695 0.0208628 -0.439674 -0.682577 -0.233274 -0.165231
point 12 92 160.001  164.62    0.150542    0.752933 -0.00204414    0.941995    0.311247    0.250746     1.01087    0.580211   -0.248548  -0.0151358
point 13 109 304.684  219.36  -0.438176   0.869896  -0.812806  -0.426146   0.455622 -0.0417719   0.681843   0.597576   0.012283   0.283388
point 14 110 451.691 141.056  0.861255   0.96474 -0.565701 -0.293581 0.0915893 -0.721876 -0.619046  0.543168    0.7203  0.179034
point 15 111 277.242 231.628  0.0292602    1.01131  -0.877662  -0.956788  -0.162487  -0.400168   0.941096 0.00161568   0.217047   0.461675
point 16 113  467.95 206.991  -0.0617593    -0.58849    0.538412    -0.86025    0.543393   -0.389989   -0.913091    0.672389   -0.291564 -0.00264379
point 17 132 443.902 192.832   0.223472  -0.975193  -0.921424 -0.0910457  -0.703738   0.830289  -0.790566   0.316082   0.832429   0.653318
point 18 134 539.447 177.653 -0.281738 0.0944457  0.477983  0.848056  0.718146 -0.367537  0.925823  0.738813  0.570113 -0.768523
point 19 140 597.986 181.288 -0.447475  -0.10302  0.601494   0.13829  0.801714 -0.720613  0.422271 -0.586131 -0.342032  0.878536
point 20 148 454.836 144.114  -0.101186  -0.305065  -0.203694   0.502563 -0.0803947  -0.226263   -1.00071   0.210693   0.891511  -0.634194
point 21 156 382.923 195.176   0.264008   0.503143   -0.64557   0.353629  -0.840242   0.984764   0.147657  -0.683739  -0.891772 -0.0665264
point 22 158 474.807 173.603   0.524558    0.46269   0.304621  -0.366201 -0.0976341  -0.389652  -0.727151   0.202705   0.951633  -0.595592
point 23 159 412.858 196.065    0.168935   -0.944461   -0.882025   -0.153072 -0.00166674   0.0707365     1.00545    -0.33174   -0.426355   -0.721209
point 24 165 388.283 167.527    0.517608   -0.762828    0.470622    0.640951   -0.771796    0.620113    -0.61037    0.823491    0.360967 -0.00177707
point 25 166 224.004 198.425  -0.63448  0.309413 -0.605251 -0.461903 -0.702862  0.225374 -0.737482  0.082775  0.181359 -0.636547
point 26 169 500.263 179.921 -0.552639  0.499537   0.73585 -0.262264 -0.111491  0.503736  0.346708  0.421584 -0.645903 -0.491793
point 27 170 601.613 236.457  0.173221 -0.304728  0.231752  0.169602   0.82047 -0.193357 -0.900759  0.736629  0.393501  0.718011
point 28 175 306.101 169.167 -0.420767   0.55337  0.295743 -0.589016  0.681337  0.764344  0.924832  0.938438  0.539362  0.107369
point 29 176 369.709 206.491  -0.774683   0.877228  -0.180666 -0.0166279   0.364599  -0.469037  -0.923842   0.301147   0.685557   0.103112
point 30 179 619.258 168.294 0.0362892 -0.865573 0.0633886  0.783817  0.662186  0.329754 -0.303809 -0.817504 -0.198951  0.828555
point 31 200 262.684 18.6766  -0.417216  -0.710928   0.640734   0.344401   0.203489   0.554484 -0.0785978   0.921222    1.03008 -0.0791648
point 32 216  193.06 146.849 -0.714147 -0.977412  0.860998 -0.842416 -0.535156 -0.816752 -0.348239 -0.289803 0.0310946  0.872199
point 33 218 17.5388 231.329 -0.169766   0.69107 -0.947807  0.787545 -0.860077 -0.709885  0.872088 -0.922002 -0.481563 -0.723042
point 34 232 634.954 238.223 -0.0866311  -0.385384   0.376552  -0.353966  -0.878011 -0.0595498   0.834705   0.704925  -0.982077 -0.0452079
point 35 240 395.466 184.469 -0.490989 -0.634821  0.608653  0.808364  0.785525  0.690031 -0.528301 -0.696158  -1.01366  0.634659
point 36 245  239.29 165.028 -0.622878 -0.371186  0.389746 -0.707748 -0.494822  0.351483  0.867188 -0.667734  0.241791  0.800105
point 37 251 284.878 230.877   0.054378  -0.525247   0.205795  -0.867836  -0.386869  -0.103352  -0.483121   0.224282 -0.0807389   0.371334
point 38 262 201.733 113.899 0.0974552  0.359138 -0.265891 -0.576358  0.914698  0.958245 -0.933642 -0.346486  0.367739  -0.35315
point 39 301 429.687  137.08  0.162888 -0.495459 -0.988293  0.479783 -0.911835  -0.71659 -0.649199  0.474638 -0.743402  0.113186
point 40 303  329.88 213.226   0.197808  -0.834366  -0.563363  -0.898539  -0.109069   0.539606  -0.444972 -0.0520185  0.0122124  -0.420588
point 41 304 442.584 172.525  0.515902 -0.537555 -0.371228 -0.377027  0.949355 -0.256439   0.74218   0.54642 -0.526245 -0.469274
point 42 315 511.631 214.565 -0.851047  -0.35523 -0.932841  0.155379 -0.363235  0.176742 -0.608833  0.796641 -0.687056  0.900501
point 43 331 130.211 213.668  -0.371593  -0.198604  -0.258559   0.112065 -0.0662678    0.86865   0.876012  -0.598813   0.806135    0.87107
point 44 343 537.877 227.761 -0.0460523  -0.967585  -0.375763  -0.876392  -0.165042 -0.0891426   0.244519  -0.865613   0.533503  -0.408662
point 45 352 222.786 194.331    0.6008  0.357853  0.391079 -0.730538  0.570795  0.709287 -0.675065   0.55281 -0.146597  0.874519
point 46 357 619.592  235.63  0.406653 -0.194173  0.512143  0.436777  0.509936 -0.113633   0.33089  0.758251  0.439783 -0.247148
point 47 364 123.101 32.3792  0.0930426   0.807246   0.696498  -0.594662   0.947967  -0.480491  -0.597419  -0.838205   0.114441 -0.0333203
point 48 367 465.406 106.797   -0.66306  -0.889468   0.925135  -0.486179  -0.515939   0.662453  -0.302661 -0.0719811  -0.533697  -0.813175
point 49 387 316.14 184.52  0.665088 -0.698572   0.50795   1.00121 -0.789394 -0.214394 0.0361965 -0.929586  0.678676  0.722608
point 50 397 100.354 182.394  0.691566 -0.370954   0.59057  0.265482  0.531665  0.874229 -0.640221  0.618354  0.830187 -0.773481
point 51 425 297.424 239.765 -0.422098 -0.404239  0.323878 -0.478833 -0.592539 -0.687666 -0.102585 -0.981544  0.881403  0.848509
point 52 454 422.002 176.136 -0.915686  0.972236  0.608665 -0.452679  0.622814  0.711816  0.802916 -0.551851  0.382464  0.369018
point 53 491 336.452 194.833 -0.786931  0.794684 -0.366594  0.564681 -0.514426 -0.181073  0.590661 -0.257562 -0.259545  0.711924
point 54 495 362.448 170.875   0.208728   0.642417  -0.104169   0.427224  -0.458723  -0.626578   0.980721  -0.607901 -0.0404782   0.143141
point 55 503  59.383 172.851  0.337497 -0.126056  0.695184 -0.951858 -0.157464  0.208145 -0.303059  0.619965   1.00465 -0.975385
point 56 506 374.078 208.956  0.0926708    0.30836 -0.0438398  -0.550231  -0.995287   -0.63389  -0.742458   -0.64528   0.728837   0.528349
point 57 514 212.466 171.382   0.40738 -0.774624 -0.847287 -0.404997 -0.881555 -0.512604  0.635381  0.807744  0.181615  0.202639
point 58 541 231.045 230.012  0.334808 -0.783387  0.878764 -0.291852 -0.619775  0.685154   0.76828 -0.549236 -0.957019  0.228726
point 59 543 23.8835 204.538 -0.378268 -0.758104  0.641951   0.67081  0.305209  0.012283  0.813019  0.153934  0.714645 -0.789288
point 60 552 123.242 175.806   0.903457  -0.218942   0.797059 -0.0922792   0.404659  0.0459232   0.758249   0.697307  -0.383567  -0.618537
point 61 555 88.1533 228.492   0.311759   0.377311   0.350298  -0.961139 -0.0543916  -0.471024 -0.0446928   -0.14805   0.761792  -0.336029
point 62 568 16.0044 66.3932  -1.01492  -0.61119  0.946783 -0.613768  0.376444  0.545264 -0.943509 -0.829541 -0.690964  0.154479
point 63 578 374.064 210.927 0.0307327  -0.18333 -0.239852  0.191047 -0.723889  0.480209 0.0577364 -0.902921  -0.10215  0.198055
point 64 581 534.166 239.577  -0.726138  -0.527973  -0.281175    1.01508  -0.936823 -0.0828947  -0.128784  -0.746926   0.909611  -0.172708
point 65 591  413.52 199.178  0.978548 -0.615341  0.660973  0.105266 -0.427877  -0.29692  0.909332  0.204711 0.0289626 -0.574611
point 66 603 489.333 187.153   1.04512  0.597536  0.667685  0.314369 -0.789408  0.426371 -0.894906   0.84132 -0.539621  0.672926
point 67 607 173.781 236.279  0.889471  0.391011 -0.293401  0.105077 -0.360545 -0.400493 -0.417706  0.207289  0.908153  0.737013
point 68 610 220.673 129.446 -0.202615 -0.212079  0.782288  0.655116  0.401877  0.455685  0.663808 -0.638817  0.210278 -0.472232
point 69 617 325.417 102.932  0.030413  -0.77332    0.2884  0.142691 -0.496164 -0.942386 -0.227919  0.274945  -0.82056 -0.575687
point 70 623 95.4504 173.412  0.579382 -0.564932  0.637435 -0.490548 -0.240148  0.432861  0.462683 -0.244391 -0.769931 -0.386833
point 71 644  305.18 163.697  -0.526507  -0.155886  -0.545431 -0.0199416  -0.179588  -0.748768   0.878942  -0.864105   0.832796   0.464693
point 72 650 121.352 226.919  0.741208   0.23406  0.676854 -0.502972   1.01766 -0.212033  0.866704 -0.796212  -0.13812 -0.845324
point 73 655 472.118 219.658 -0.151581  0.715552  0.409328 -0.567306 -0.609741 -0.430857 -0.986401 -0.727654 -0.822125  0.880042
point 74 658 449.647 222.865   0.339287  0.0371402 -0.0451911  -0.282659   0.175008   0.983738   0.627351   0.596069  -0.806951   0.551142
point 75 661 340.042 49.0547  0.266528 -0.527149  0.381125  0.365367  0.102408 0.0900743 -0.870455  -0.71374  0.199398  0.453115
point 76 667 515.216 135.687 -0.928632 -0.617347 -0.229388 -0.566351   0.71102 -0.703393 -0.511246  0.706208  0.591374  0.373317
point 77 691 195.271 161.451  0.547834  0.939303  0.203453 -0.272947 -0.876369  0.115137  0.306923 -0.412935 -0.973794 0.0717344
point 78 717 534.468 189.451  0.932383  0.638205 -0.909364 -0.286348 -0.364456 -0.658401 -0.670965  0.711101 -0.353371  0.660304
point 79 719  62.822 158.935 -0.790624 -0.340884  0.735153  0.744548 -0.692107  0.721138  0.379028 -0.566639   -0.6044 -0.991538
point 80 726 266.497 199.057  0.969302  0.509838  0.540775 -0.655699  0.283367  0.610194 -0.770054 -0.915421 -0.855184 -0.838871
point 81 727  105.52 225.604   0.0420092    -0.87883    0.646672    -0.59448   -0.299755    0.822764    -0.36089 -0.00671312    0.936808    0.891133
point 82 735  40.787 230.261  -0.875837  -0.487385 -0.0918074  -0.578219  -0.268046   0.557305   -0.28041  -0.728297  -0.365623   0.802307
point 83 750 150.658 235.916 -0.349248 -0.431101  0.515572  0.249041    0.2329  0.516747 -0.619132  0.742524  0.674639 -0.177845
point 84 752 348.097 84.1026  0.766126  0.827668 -0.514422 -0.244032 -0.160443   0.10487  0.323129 -0.675299 -0.702348 -0.496914
point 85 777 595.735 84.5283 -0.602429  0.696753 -0.324305 -0.458036  0.622147 -0.304797 -0.303446  0.557621 -0.030021  0.120518
point 86 794 299.284 117.999 -0.415896  0.433312 -0.296911 -0.593688 0.0749954  0.664333  0.438984  -0.46917  0.193987  0.508438
point 87 804  603.12 199.716  -0.805313  -0.767935  -0.701227  -0.529232   0.492972   0.735053 -0.0966797   0.463548  -0.520606   0.159985
point 88 805 316.006 167.846  0.377422  0.786267  0.556705 -0.149438 -0.882723  0.772182 -0.156991  0.918362 -0.741224  0.224215
point 89 806 390.712 238.456   0.845181   -0.01926  -0.502531  0.0722982  -0.693802  -0.307279   0.410385  -0.362393  0.0917368 -0.0546229
point 90 820  105.73 180.628 -0.728898  0.073908  0.759222 -0.458929  0.535756 -0.231941 -0.361388 -0.411535  0.323102 -0.104498
point 91 843  415.55 78.0978 -0.445145 -0.217049 -0.149476  0.410714 0.0836125 -0.975794  0.369047  0.270448   1.01294  0.985072
point 92 846  616.11 230.331   0.457229   0.288293   0.439006  -0.880335  -0.893668 -0.0742965  -0.739062  -0.248484  -0.333506   0.244139
point 93 848 58.9654 194.762 -0.436238 -0.255906 -0.862298  0.857448  0.890852   0.59278  0.146235   0.23448  0.685083  0.267397
point 94 876 272.417 100.516  0.436376 -0.663918  0.858262 -0.210128 0.0396599  -1.01462 -0.933278  0.292566  0.848123  0.319815
point 95 878 440.886 233.365 -0.969223  0.022268 -0.994635 0.0277622 0.0162563  0.517105  0.395913 -0.169696  -0.72755  -0.57596
point 96 880 294.547 172.699 -0.582175 -0.537566 -0.257734  0.646617  0.587681 -0.249005 -0.378486  0.578521  0.811331  0.613037
point 97 881 364.044 194.362   0.30024  0.574015  0.430046  0.602491  0.396534 -0.837428  0.209364 -0.788204 -0.456013 -0.552151
point 98 883 300.906 217.225  -0.265668  -0.240754  -0.750595   0.941293   0.310807    0.56007   0.552226  -0.312707   0.178771 0.00115005
point 99 886 631.677 145.221 -0.404216  -0.79663 -0.496629 0.0761103  0.324573  0.942006  0.862992  0.860511 -0.734307 -0.828264
point 100 905 505.718 156.362   -0.9561  0.144374  0.497958 -0.405807  0.635117  0.266931 -0.842296  0.666659 0.0972063  0.163023
point 101 908   198.6 33.5115  -1.00429 -0.879898  0.920974 -0.699209  -0.73008  0.958559   0.60349 -0.806296 -0.543561  0.283367
point 102 910 495.016 191.287   -0.944273    0.665394    0.483154 -0.00115552    0.645817    0.438659   0.0809735    0.605407     0.78053    0.319638
point 103 916 160.417 191.692  -0.378524   0.205136   0.267131  -0.343134  -0.693894  -0.464872   0.650806   0.309655   0.886687 -0.0421043
point 104 927  425.51 164.661 -0.0384847   0.902174   0.532943    0.39826   -0.90321    0.35389  0.0155445  -0.332753   0.764056   0.929247
point 105 929 377.539 175.955 -0.827479 -0.326991 -0.270723  0.217371  0.252894  0.748552  0.104125 -0.208109 0.0931895  0.176575
point 106 942 333.807  174.14 -0.778392 -0.284088  0.626131 -0.520131  0.256404 -0.166826 -0.740104 -0.993317   1.00996    0.4408
point 107 944 232.579 152.675   0.516418  -0.519882  -0.286262  -0.571881   0.733398 -0.0241123    0.14516   0.343406    0.48269  -0.648583
point 108 957 48.6679 182.829 -0.510255  0.994051 -0.221881 -0.872272  0.248813  0.838451  0.448255  0.578691 -0.371468 -0.168509
point 109 958 146.338 82.3551 -0.507873 -0.932697 -0.757035 -0.213597  0.030639 -0.319704 -0.196755 -0.257859  0.478552  -0.93659
point 110 967 330.645 195.223  0.249609  -0.12282  0.421769  0.932122  0.099755  0.318102  0.509179 -0.403153 -0.770755  -0.40836
point 111 974 90.8093 230.384 -0.485859  0.760906 -0.803479 -0.858286  0.472723 -0.505192 -0.461807   0.50002  0.557388 -0.389989
point 112 978 195.242 201.106  0.804784   0.61997  0.310268  0.889954 -0.817727  0.346131  0.148591  0.471671 -0.594167  0.384261
point 113 979 429.895 148.678 0.0152577  0.455197 -0.133214  0.487583  0.222026  0.315425 -0.573381 -0.134842  0.587943 -0.287061
point 114 989  505.42 237.003  -0.690234   0.313621   0.437954  -0.577396 -0.0675949  -0.573489  -0.110227   0.545147   0.511874  -0.459117
point 115 991 27.0354 236.244  -0.129961 -0.0186388  -0.725085  -0.974723   0.962749  -0.458363   0.344254   0.417033 -0.0550179  -0.786996
point 116 997 399.487 235.871    0.98638  -0.933706 -0.0352311   0.829177  -0.443052 -0.0195109   0.643122  -0.849655  -0.197232   0.647103

