seq: 45
gt_pose: 2.40294 5.77203 2.60114
odom_pose: 2.97187 5.61592  2.5619
point 0 1 412.739  149.61  0.273467  0.417873 -0.684032  0.225934  -1.01552 -0.481043 -0.761106  0.653218 -0.699789 -0.225472
point 1 27 87.3304 198.553 -0.00686227   -0.663557     0.72986     0.27163   0.0735405   -0.633807   0.0802657   -0.175057    0.675556     -0.2502
point 2 30  65.185 183.053  -0.703414  -0.859163  -0.896426 -0.0392501   0.538895   0.370898   -0.15022  -0.752788   0.156963   0.149485
point 3 58 68.5141 234.753  0.710888 -0.469847  -0.46205 -0.855877 0.0204936  0.806994  0.203657 0.0682256  0.664894  0.935602
point 4 76 263.124 141.167   0.452611  -0.198949  -0.623428   0.718558  -0.729762   0.324994  -0.309205  -0.329646  0.0652702 -0.0767509
point 5 93 14.6393 188.265  0.715373 0.0508467  0.165167 -0.767027  0.880513 -0.328741  0.123417  -0.91984  0.557132 0.0335927
point 6 101 143.116 178.655  0.671111 -0.164517  0.362856 -0.698143 -0.244973  0.897537  -0.33088 0.0413474 -0.944055  0.811349
point 7 103 239.526  159.31     0.4262  0.0492892    0.48213 -0.0728597  -0.202895    0.12844   0.642694  -0.824828   0.445148  -0.547315
point 8 105 80.8164 195.031   0.472819   -1.02059   0.574601   0.119668  -0.255101 -0.0642583  -0.811863  -0.753741   0.872896  -0.129175
point 9 145 387.026  237.76  0.593373  0.466789 -0.867726  0.552142  0.307657  0.772598  0.539944  -0.22882  0.631333  0.472631
point 10 173 359.487 135.773 -0.542737  0.520855 -0.820115  0.821249  0.210003 0.0911454  0.594132  -0.81421  0.223581  -0.29398
point 11 181 156.714  176.89  0.765798  0.552752 -0.152643 -0.195213 -0.145455  0.862358 -0.010909  0.908395  0.593312 -0.340441
point 12 189 237.376 222.611    0.90301 -0.0900102  -0.947086  -0.894009  -0.130948   0.876479   0.705751  -0.397031  -0.414788     0.1935
point 13 192 357.888 175.696   0.524299   0.113317   0.475696   0.313543  -0.863898 -0.0958684 0.00649079   0.133261  -0.344369   -0.51255
point 14 205 425.78 180.81 -0.832608 -0.218912 -0.212128 -0.788955  0.530916  0.166756  0.168211 -0.699071  0.401915  0.120199
point 15 208 216.107 205.578  -0.953178  -0.259463  -0.883706 -0.0763759  -0.233365   0.833304   0.942158  -0.636465   0.738901  -0.794246
point 16 209 137.733 233.736  -0.27024  0.156624 -0.314145   0.36279 -0.895059 -0.268855  0.612421 -0.903479 -0.325739 -0.618282
point 17 226 65.8164 13.8526  -0.071397   0.510724   0.553731   0.600247   0.894674   0.472427  -0.896091  -0.829643 -0.0641932   0.451075
point 18 229 272.153 142.603  0.920255  0.115308  0.266144 -0.706915   1.00185  0.136641  0.455685  -0.38612  0.178567  0.103306
point 19 275 329.457 83.9231   0.869348 -0.0185419   0.436722  -0.745332 -0.0267771   0.132904  -0.295497   0.456457  -0.552995  -0.187757
point 20 285 192.091   149.4 -0.508305 -0.142881 -0.479766  0.974694  0.908712  0.757897  0.319461  0.653213 -0.377588  0.396629
point 21 307  68.346 222.754   0.146411   0.934304  -0.264721   0.574946   0.681495     0.9204 -0.0995595  -0.501311  -0.878305   0.443351
point 22 311 537.038 120.354  -0.479841   0.469438 -0.0300209   0.221854  -0.182205   0.345777    0.14833 -0.0923735   0.111381  -0.972909
point 23 321 136.356  160.37  0.170257  -0.65971 -0.017288 -0.906779  0.923194 0.0225456  0.248267  0.589633  0.786056  0.591783
point 24 322 156.533 170.031 -0.300371 -0.187566  0.453514 -0.757981  0.909612 -0.643456  0.897294  0.933877   0.38591   0.51568
point 25 333 409.273 194.467  -0.779902   0.452781   0.109415    0.18731  -0.724681   0.772893   0.990024  0.0019942 -0.0906589  -0.176052
point 26 337 352.706 217.089 -0.144134  -0.24977   0.25656 -0.481087 -0.428885  0.507533 -0.246193  0.367246   0.81931  0.441635
point 27 377 369.743 221.848  0.617559  -1.03489  0.125663 -0.556622 -0.797088  0.765702 -0.376704 -0.961083 0.0627455  0.723191
point 28 393 348.955 169.229   0.545293  0.0846916  -0.236793   0.291325   0.909493  -0.108134  -0.622681  0.0901888   0.775374 0.00379822
point 29 402 245.179 206.688   0.263689  -0.296154  0.0159512   0.946062   0.440214 0.00595707  -0.120085    0.47711   0.982945  -0.346574
point 30 404 252.923 158.361 -0.0274845  -0.936509   0.183867  -0.394672  -0.147949  -0.471045   0.361978   0.809269  -0.514516  -0.188969
point 31 406 143.833 188.475 -0.136091  0.854185 -0.730608 -0.489677 -0.860367  0.233994  -0.44034  0.325218  0.821588  0.361909
point 32 408 491.238 137.281 -0.357459   0.72572 -0.330826 -0.891767  0.171209   0.50993 -0.981432  0.503512  0.951709 -0.897797
point 33 435 450.382 214.484  -0.807805   0.268822 -0.0481297  -0.349232   0.561882   0.956703  0.0413917  -0.846795   0.183993   -1.02016
point 34 438 447.263 121.278 -0.688374  0.798614 -0.684136  0.988024 -0.304652  0.709743  0.879958  0.958452  0.328494  0.951338
point 35 441 51.5044 188.636  0.841135  0.280686  0.673546  0.773251  0.770978 -0.161377 -0.696079  -1.03659 -0.826461  0.712511
point 36 453 240.391 236.051  -0.426877   0.297764 -0.0424366  0.0818764   0.339027  -0.562815  -0.840399  -0.274345   0.529218   0.244715
point 37 464 350.726 223.444 -0.0474851  -0.924717  0.0309049  0.0886279  -0.509046   0.180105   0.373615    0.40734  -0.599946   0.166561
point 38 477 323.764  142.39   0.86776 -0.626676  0.031946 -0.387503  0.198965 0.0897533   0.70924 -0.814706 -0.325279 -0.615748
point 39 478 195.685 194.236  0.199786 -0.688295  0.509907  0.821368  -0.42245 -0.428696  0.208104  0.107771 -0.414945  0.839968
point 40 486 59.7916 218.466 -0.911702  0.553061  0.950926 -0.393866  0.957702  0.819633 -0.739484  0.959887 -0.936557 -0.408177
point 41 505 376.656 85.9588  -0.655846  -0.232924   0.214152   0.244266  -0.840003  -0.523861  -0.797097    0.93036  -0.518871 -0.0037308
point 42 520 226.932 107.265 -0.321186 -0.827245  0.349667  0.398903  0.875769  0.440053   0.46343  0.174862  0.319295 -0.202252
point 43 524 141.946 225.482 -0.267137   0.72998  0.266616 0.0336636  0.928435 -0.551613  -0.17453  0.123874  0.240053 -0.793831
point 44 527 19.9923 236.023  0.812655  0.484627 -0.829665   0.90504 -0.542484 -0.430952 -0.177001   0.69955  0.639549  0.643114
point 45 539  10.358 124.969  0.881164  0.109542 -0.991317 -0.694784  0.495706 -0.312723   1.00019 -0.675184  0.240815  0.265268
point 46 542 459.485 178.525  -0.748588   0.154299  0.0406197   -0.46379 -0.0850981  0.0259924  -0.882892  -0.384584   0.526187   -0.16258
point 47 544 92.0471 183.255 -0.0810374  -0.326902   0.685036  -0.116441  -0.756887    1.01252  -0.919541   0.316625  -0.482967 -0.0477531
point 48 561 239.764 223.754 -0.905364 -0.285297  0.729729 -0.132827 -0.977334  -0.70377 -0.162902 -0.981869 -0.391606  0.728708
point 49 563 27.6851 204.359 0.0258398 -0.452313  0.387386 -0.410126  0.729475  0.444452  0.322405  0.517951 -0.742786  0.348834
point 50 585 410.868  198.33 -0.949952  0.667071 -0.116125   0.81582   0.27885  0.421266 -0.539999 -0.707424  0.212884 -0.865574
point 51 587 17.0015 185.708  0.807345 -0.412171  -0.29004  0.716488  0.172799 -0.229887  0.325747 -0.919091 -0.454528 -0.361149
point 52 613 82.8667 161.736   0.70448   0.89822  0.980852 -0.751284 -0.727229  0.230663  -0.19701 -0.392567   0.10278  0.920066
point 53 614 202.763 198.071  0.503556  0.606928 -0.632763 -0.718899  0.925088 -0.360592  0.747783  0.182132  0.992305   0.14113
point 54 616  239.65 226.632   0.835797   0.496445   0.552199   0.360604  -0.958046  0.0126325  0.0576729  -0.644777   0.224847 -0.0175593
point 55 662 97.2637 208.989  0.322767 -0.290127 -0.388121 -0.792418 -0.242425  0.796043  0.562726  0.981835 -0.711713  0.727366
point 56 669 87.9657  225.74   0.437699   0.669961  -0.689872  -0.454352   0.151349  -0.611949 -0.0355477     0.9415  -0.204088  -0.342014
point 57 674 335.075 231.716   0.88355 -0.780587  0.401862  0.742585  -0.40644 -0.526981 -0.712819  0.145503 -0.134339  0.270049
point 58 705 205.503 239.106 -0.00958349   -0.700799   -0.171026    0.499306   -0.965013   -0.270762    0.843645   -0.634831    -0.42707   -0.396802
point 59 711 505.146 191.977  0.138825  0.197096   -0.9713  0.919868  0.982893  0.983527 -0.964335  0.985076 -0.948986  0.513661
point 60 780 323.443 238.881  -1.03546  -0.18784 -0.292447  0.118028  0.957669  0.537471  0.486142 -0.784258   0.30749  0.991523
point 61 798 67.0617  157.95 -0.444368 -0.839814  0.963343  0.581335  0.509824   0.53509  0.675726  0.940141 -0.932578 -0.502374
point 62 800 60.5571 158.584   0.567752   -1.01912  -0.579924 -0.0524766    0.83507 -0.0466823   0.040216   0.745748   -0.42601  -0.476243
point 63 822 514.521 204.857   0.727659  -0.192771    0.83752   -0.34926   0.247386  -0.826975   0.715548 0.00485135  -0.307683   0.187746
point 64 826 364.595 179.899  0.503771 -0.253613  0.270935  0.574299  0.982095 -0.413343 0.0225705 -0.729884   0.77545  0.584485
point 65 830 406.153 178.263  0.850784 -0.396029 -0.958331  0.730281  0.866556  0.194623  -0.86526  0.971235 -0.883751  -0.02191
point 66 832 129.618  143.16  0.693977  0.927902 -0.367402   0.70684  0.699067 -0.506041 -0.691659  0.827861 -0.843019 -0.826333
point 67 847 180.996  169.77  0.071962  0.468948  0.414595  0.906867 -0.788464 -0.695404 -0.319201 -0.900997 -0.819038  0.175515
point 68 856 35.4156 167.692 -0.0143857   0.600659   0.400547   -0.63096  -0.520523   0.027173   0.478822   0.854171   0.296523  -0.559849
point 69 869 335.842 234.225   0.384493   0.759369  -0.728942  -0.552542 0.00417011  -0.804878   0.605515  -0.862278   0.865597   -0.93818
point 70 877 228.308 71.5879  -0.671122   0.920648   0.740438  -0.928632 -0.0842963  -0.972787   0.874526  -0.591346    0.43132    0.40184
point 71 899 172.062 189.485  -0.51084 -0.470273  0.540451 -0.732902 -0.899714 -0.150197  -0.83823 -0.920617 -0.623611  0.273793
point 72 924 424.026 213.323   -0.502147   -0.518177    0.221495   -0.369392  0.00322736   -0.117886    -1.02846 0.000712913    0.781724   -0.155692
point 73 946 69.9894  186.47  0.257031  0.850759 -0.382008 -0.801192  0.557605 -0.843371 -0.331729 -0.755394  -0.42509 -0.567197
point 74 953 272.969 118.486 0.0444829  0.567677  0.792911 -0.582973 -0.163086 -0.110964 -0.431041  0.798794  -0.69917   0.72809
point 75 966 346.793 212.941   0.701952   0.321259  0.0218421   0.561707   0.718852 -0.0499344  -0.686985 -0.0639995   0.710613  -0.614224
point 76 980 68.7591 208.172  0.465303 -0.223105  0.534187 -0.474313  0.542168  0.361457 -0.821998 -0.181075   0.34181 -0.685312
point 77 984 422.297 51.9015 -0.415476 -0.845244 -0.898514 -0.552528  0.524349   0.53431 0.0447094  0.469537 -0.494211 -0.633609
point 78 990 433.855 174.108   0.618355   0.677792   0.898696   0.768516 -0.0819479   0.208791   0.535351  -0.710392   0.713736  -0.731697
point 79 993 329.921 95.8981  -0.25127  0.935374 -0.437179  0.706723  -0.11407  0.385714  -0.29742 0.0990692  0.380333 -0.279776

