seq: 199
gt_pose:  1.96451  3.67455 0.289141
odom_pose: 2.07479 2.84277 0.27733
point 0 15 217.057 153.011    0.723491    0.676201     1.00035    0.476601    0.835059    0.981165    0.382617 -0.00525107   -0.646026    0.637988
point 1 37 197.032 72.7857 -0.985448 -0.984946  -0.35007 -0.507489  0.332261   0.67677 -0.621471 -0.274598  0.340934  0.777349
point 2 49 427.335  139.08  -0.681196  -0.410724   0.802917  -0.231253   0.838188   0.472811 -0.0916287  -0.411096    0.90497  -0.721102
point 3 50 425.503 205.646  0.823474  -0.59323  -0.43706 -0.699795  -0.61643  0.228948 -0.617675 -0.770189 -0.517966  0.899735
point 4 53 328.857 128.226  0.783124  0.282655 -0.357515 -0.905775  0.542004  0.637706  0.402975  0.338651  0.832113 -0.412319
point 5 61 272.623 135.123  0.201363  0.454794  0.502753  0.877791  -0.83863  0.579909  0.853053 -0.821718 -0.452653 -0.499487
point 6 71 299.985 163.342  0.140382  0.257113  0.538037  0.556805 -0.393599 -0.808368  0.794655 -0.636886 -0.677428  -0.26886
point 7 75 410.745 202.952 -0.675619 -0.891506  0.870232  0.533191 -0.811147  0.731931 -0.621365   1.00687  0.106438  0.373677
point 8 77 229.959 203.986  0.112554 -0.959968   -0.4929 -0.621165  0.397733 -0.123513 -0.577082  0.327348 -0.548076   -0.3036
point 9 79 376.329 196.126 -0.234357 -0.696142 -0.177191 -0.839664  0.181933  0.892911 -0.739852  0.703939 -0.656158  0.561487
point 10 82 387.907 155.831      0.95243 -0.000924158    -0.205668    -0.255403     0.843533      0.87194    -0.805985     0.797739      0.75792     -0.64472
point 11 87 504.225 233.107  0.697458  0.806011 -0.276579   0.91576 -0.619168 -0.613539 -0.463834 -0.246912  0.817039  0.261205
point 12 89 280.368 222.997  0.556974 -0.621392 -0.371018 -0.331757  0.304663 -0.626245  -0.50521 -0.930318 -0.698263 -0.181746
point 13 94 585.955 195.388    -0.6955   0.413437  -0.553194   0.196351   -1.00328   0.651703 -0.0635459  0.0639488   0.541285  -0.699315
point 14 106 224.922 230.707  -0.169141   0.972218  0.0505668 -0.0812763   0.482347   0.126153  -0.181782  -0.933079   0.547266 -0.0758978
point 15 115 601.701 101.502  -0.719486  -0.780938   0.461217   0.515964 -0.0285467  -0.589013   0.908627  -0.483055  -0.510054   0.409494
point 16 120 490.841 142.483 -0.955742  0.195217  0.698576 -0.593934  0.617832  0.618933 -0.648761  0.309984 -0.896062  0.337585
point 17 130 202.045 157.091   0.810125   0.261319 -0.0162497   0.952849   0.487881  -0.323554   0.939326  -0.867855  -0.518716  -0.556222
point 18 134 335.565 127.023  -0.29474  0.100722  0.437136   0.83997  0.664034 -0.350889  0.947777  0.772341  0.611081 -0.778798
point 19 140 368.317 164.871 -0.472917 -0.108605  0.647743 0.0729821  0.817249 -0.805155  0.340898 -0.646079 -0.327671  0.911295
point 20 157 202.126 236.011 0.0470395  0.136829  0.614037  0.441372 -0.725459 -0.946784    0.2234  0.646446 -0.715262  0.475924
point 21 161 271.025 141.535  0.417475  0.918336 0.0139601 -0.415362 -0.381527 -0.750456 -0.468371 -0.309158 0.0495541  0.647885
point 22 162 509.948 187.004   -0.623186    0.227325 -0.00429558    -0.70967   0.0946365   -0.959943    0.641765   -0.746147   -0.614529    0.189376
point 23 170 397.326 235.256 0.0987473 -0.332763  0.206319  0.127434  0.806607 -0.155416 -0.914465  0.778236  0.468052  0.729759
point 24 180 24.5496 103.492  -0.182742  -0.482534  -0.644577  -0.661699   0.132353  -0.982592 -0.0905843  -0.135047  -0.204595  -0.260554
point 25 185  603.88 145.609 0.0744796 -0.605386 -0.536787  0.345003 -0.300999  0.893412 -0.680744  0.847001 -0.251256 -0.187993
point 26 191 105.897 208.235  -0.859344   -0.86746  -0.866749    0.69722 0.00567046  -0.952272  -0.256243  0.0582856  -0.813336    0.63374
point 27 214 11.4891 151.859  -0.715649  -0.535855  -0.671777  -0.148344   0.177812 -0.0931004   0.729655  -0.812293  -0.104467  -0.475425
point 28 244 391.118 198.492 0.0469091  -0.90098   0.51415  0.667906 -0.900802  0.733682 -0.351719  0.291931  0.177474  0.282984
point 29 276 461.574 239.553    0.524258   -0.684976   0.0385799   -0.114343    0.256613 -0.00814916    0.295742   -0.639323   -0.425141    0.771808
point 30 289 630.423 177.224  0.849752 -0.514287  0.327458  0.990681 -0.821434  0.917037 -0.738644 -0.395414    1.0428 -0.340234
point 31 310 182.426 135.778  0.549485  0.176077 -0.632879 -0.804233  0.644615 -0.186692 -0.879265 -0.387015  0.759394 -0.571353
point 32 315 497.899 152.281 -0.807511 -0.355606 -0.947716   0.15714 -0.347564  0.221006 -0.521226  0.762528 -0.726671  0.922294
point 33 325 550.493 182.236 -0.249022 -0.277268 -0.583632  0.108029  0.217255 -0.333281 -0.302655 -0.446024 -0.588192  -1.02843
point 34 340 451.836 151.299   0.382803  -0.380632  -0.686799 -0.0776883   0.766301 -0.0938871  -0.688144  -0.455679   0.581618  -0.354181
point 35 341 446.178 221.493 -0.730095  0.151096   0.27364 -0.299734  0.316633 -0.348987 -0.779929 -0.652965  0.774374 -0.023713
point 36 343 345.304 216.933  -0.035678  -0.997535  -0.313807  -0.865782  -0.211727 -0.0791508     0.3117  -0.894842   0.562969  -0.456483
point 37 348  585.75 207.135   0.869779  0.0768858  -0.716356   0.193774    0.30855  -0.337445   0.124709  -0.671031 -0.0733665   -1.04662
point 38 357  309.63 235.738   0.344093  -0.193728   0.519985   0.423875   0.579785 -0.0904826   0.301636   0.745231   0.428294  -0.256101
point 39 386 127.989 217.926 0.000302885   -0.220587    0.294905    0.479875     1.03216  -0.0714293   -0.452719    -0.63314   0.0740412    0.094365
point 40 390 390.224 232.822   0.272758 -0.0206402   0.236254  -0.526734   0.312379   0.858877   0.337441   0.141621  -0.618716   0.416518
point 41 396 479.089 100.904  0.230881 -0.747087  0.833362  0.681983 -0.366535 -0.381638 -0.749981 -0.449586   0.38058  0.600243
point 42 401 423.745 217.901 -0.00857184    0.560881    0.330625    -0.45486    -0.56247    0.232549    0.671238    0.793071   -0.894944   -0.605993
point 43 411 177.528 227.629   0.422853   0.945927   0.850744   0.960443   0.408724  -0.549476   0.895713  -0.304675  -0.779887 0.00644431
point 44 418 511.872  229.61  -0.890279 -0.0316212   0.284704  -0.685326   0.899534   0.729392   0.930424  -0.767967  -0.657688   0.645652
point 45 440 69.5678 112.568 -0.859681 -0.921977 0.0939254  0.935193 -0.550909  0.381415  0.739465  -0.22616  0.380379  -0.57346
point 46 449  219.84 129.559 -0.0178965  -0.394756   0.865515  -0.477021 -0.0422837  -0.544462   0.531314 0.00065912  -0.284111  -0.219539
point 47 456 500.849 172.507  0.212804 -0.559488  0.568957 -0.455869 -0.317741   0.62568 -0.574103 -0.657362 -0.778538 -0.930093
point 48 487 195.328 159.497  -0.809159    0.98318  -0.670265  -0.945199 -0.0146197   0.626482  -0.362438  -0.880064   0.343541  -0.186367
point 49 512 494.103 158.018 -0.584874 0.0123564  0.697024 -0.301471   0.61395 -0.880775 -0.257817   0.18965 0.0437493 -0.454988
point 50 516 183.565 210.636   0.190383  -0.629537   -0.82706  -0.819978  -0.190797   0.571395  -0.581725 -0.0530846  -0.790598  -0.537744
point 51 517 161.382  165.37  -0.384854 -0.0250433  -0.872208  -0.500224   0.389455  0.0921026 -0.0199356  -0.817871    0.72684  -0.467004
point 52 521 290.022 185.497  -0.79265 -0.297621  0.634203  0.197196 -0.203356 0.0021186 -0.382476 -0.692581 -0.810301 -0.727572
point 53 564 460.227 206.344 -0.613131 -0.151536  0.207251 -0.430916 -0.167125  0.472332 -0.426325    -0.916 -0.774388   1.01276
point 54 569 14.2466  166.83 0.0161656 -0.758616  0.344239  0.236336 -0.206963   0.41361  0.445155 -0.547864  0.948033  -0.39012
point 55 581 402.595 239.054  -0.727003  -0.512466  -0.311453   0.980374   -1.00159  -0.169802 -0.0869222  -0.754802   0.869327  -0.118226
point 56 582 591.591 183.564 -0.00797015   -0.851028   -0.559455     1.00625    0.209581   0.0683802   -0.499372    0.247535  -0.0174287    0.733454
point 57 603 320.802 69.8564   1.01238  0.602733  0.709224  0.236003 -0.840984  0.353218 -0.865284  0.828635 -0.555253  0.616263
point 58 605 425.116 219.222   0.905673   0.488571   -0.40788   0.353023   0.147227  -0.405897 -0.0455232  -0.142368    0.82779  0.0833422
point 59 608 584.325 212.473   0.747921    1.00745 -0.0844714   0.671772 -0.0978534   0.638371   0.362308   0.800094   0.188566   0.934241
point 60 612 586.019  189.93 -0.734539  0.506633  0.232035  0.328183   0.42164  0.954274 -0.886576  0.106898  0.711506  0.505601
point 61 619 568.845 181.005 0.0108129  0.908523  0.385824 -0.937599 -0.897911 -0.554483 -0.820689  0.342238  0.510207 -0.357306
point 62 624 549.102 221.367  0.034291   0.70472 -0.704086 -0.699701  0.776327 -0.188493 -0.655862  0.146242  0.782935 -0.635019
point 63 627 187.197 38.1787 0.0712585  0.951281 -0.588273 -0.541241 -0.802117  0.361267 -0.805884 0.0812141  0.242756  0.625566
point 64 628 160.075 198.671 -0.730917 -0.160393  0.205439 -0.345689 -0.246885  0.910751  0.614795 -0.423507  0.503041  0.851103
point 65 630 376.895 220.367 -0.0665632 -0.0146325  -0.332082  -0.389221    0.66909 -0.0220358   0.492068  -0.136663   0.627471  -0.724588
point 66 632 556.061 237.354  -0.125606   0.185544    -0.3328   -0.77139  -0.529271   0.670762    0.28355  0.0852185  -0.673633 -0.0556175
point 67 668 407.575 167.084  -0.51788  0.826899  -0.81252 -0.393638 -0.509734 -0.197209  0.179522 -0.545055 -0.888014 -0.566875
point 68 675 133.048   175.5 -0.0754388   0.842574   0.764256   0.181665  -0.128165  -0.743799 -0.0797574   0.766936 -0.0190285  -0.534632
point 69 704 168.085 175.306 -0.404215   0.12001  0.343575 -0.182341 -0.512425  0.871002  0.510151 -0.972716 -0.517986  0.682501
point 70 717 304.469 151.728   1.01982  0.641097 -0.931606  -0.29377 -0.387425 -0.686684 -0.658209   0.76643 -0.362159  0.690992
point 71 737  525.36 208.345 -0.382937   0.11157 0.0260575  0.534278 -0.749541  0.076702  -0.85889  0.115338  0.476295 -0.127554
point 72 754  635.47 184.387 0.0415852  0.439902 -0.327762 -0.967293  0.249975 -0.468904  0.833007  0.734395  0.354305 -0.287484
point 73 778 501.046 222.023 -0.124024 -0.595275  -0.81462  0.763048 -0.576114 -0.886629  -0.38257  0.301948 -0.431234 -0.736941
point 74 779 90.0834 227.526   0.232691  -0.800557  -0.899895  -0.773122    0.61399  -0.540581   0.887538  -0.731735 -0.0301876   0.401403
point 75 803 342.849 193.527 -0.711481   1.00499  0.749944 -0.582926 -0.588065  0.205516  0.049008  0.830216 -0.295165  0.631561
point 76 804 506.043 173.596  -0.76419 -0.681607 -0.640643  -0.61749  0.561475  0.658363 -0.106395  0.441053 -0.564743  0.179837
point 77 809 468.148 171.704 -0.252154 -0.876135 -0.953466 -0.313191 -0.529027 -0.225196  0.839606   0.78815 -0.259144   -0.1965
point 78 817 411.591 195.249  -0.269005   0.504192   0.808504   0.547592   0.634941 -0.0585881  -0.635131   0.610524   0.623232  -0.894589
point 79 823 384.835 180.495  0.0652596   -0.75939  0.0791471   0.744121   0.566588  -0.549421  0.0597824   0.883934  -0.456401 -0.0613461
point 80 846 428.431 227.237   0.509627   0.253552   0.354103  -0.864439  -0.949501 -0.0408241  -0.685539  -0.241809  -0.410483   0.174979
point 81 866 404.073 164.388   -0.53687 -0.0873958   0.749503  -0.570729   0.683299  -0.203785  -0.135144   0.355919  -0.439586   0.884621
point 82 868 186.511 181.729   0.703505  -0.418642  -0.856218 -0.0168186  -0.628271  -0.445236   0.915399  -0.895712 -0.0514538   0.539601
point 83 872 228.262 164.755  0.439268  0.803548 0.0818607   0.51293 -0.426868  0.818879 -0.509964 -0.311538 -0.833882 -0.941994
point 84 886 588.031 86.2107 -0.385139 -0.875391 -0.514412 0.0636472  0.290839   1.01163  0.902687  0.882957 -0.684823   -0.8899
point 85 898 575.812 229.861  0.845637 -0.581517  0.234474 0.0261068 0.0522358 -0.256331  0.527444 -0.552349 -0.129326  0.452988
point 86 901  69.76 197.91 -0.668108  0.479811 -0.911331  0.794789  0.801276 -0.421853 -0.731669  0.401682 -0.126243 -0.539412
point 87 911 379.334 182.319  -1.00772 -0.367188   -0.8247  0.691649 -0.948123 -0.127286  -1.02454 -0.121621  0.511212  0.137683
point 88 920 429.746 192.912 -0.875212  0.702609 -0.318031 -0.303523 -0.380401 -0.221713  0.860532 -0.855016  0.975635 -0.561945
point 89 926 436.926 222.962  -0.706104   -0.74481   0.885879   -0.87523 -0.0190344  -0.505186  -0.373762  -0.729842  0.0742439   0.527466
point 90 939 619.372 171.026 -0.438884 -0.790898  0.600294  0.878315  0.184591 -0.962449 -0.730759  0.666179  0.175206  0.756941
point 91 951 380.681 212.893   0.150352  -0.820749 -0.0919126   0.339488   0.231661  0.0283677   -1.03956   0.480958  -0.206266  -0.681157
point 92 996 595.951 181.384   0.277493   0.476033    0.44184   0.899846   0.676707  -0.873577 -0.0741227    0.67974  -0.463116   0.592837

