seq: 175
gt_pose:  -2.66705   3.46752 -0.309333
odom_pose:  -2.67373   2.45918 -0.235158
point 0 5 489.486  201.87 -0.00545321    0.317725    0.109823   -0.942744   -0.172844     0.84669    0.827474    0.439914   -0.412362    0.471497
point 1 7 274.404 177.436 -0.0962547   0.845415  -0.181318   0.635541   0.406811   0.789773 0.00686419  -0.571533   0.936663   0.869476
point 2 21 265.906 203.429  0.578814 -0.390565 -0.314512 -0.575689  0.923065  -1.01687   0.70208 -0.312189 -0.636488 -0.109004
point 3 24 574.659 189.896   0.360507   0.461686  -0.771605   0.194978   0.020124   0.628427   0.470284   -0.69245    -0.5559 -0.0121181
point 4 31 346.482 210.652   -0.395866    0.752241 -0.00852402   -0.692988    0.250259   0.0781752    0.223051    0.215076   -0.559189    0.630975
point 5 36  284.31 237.214 -0.196678 -0.324914  0.391769  0.581901  0.401211 -0.735876 -0.930133 -0.829994  0.404669 -0.583575
point 6 37  236.98 229.009 -0.986863  -1.01321 -0.391745 -0.465694  0.324873  0.698168 -0.624353 -0.331374  0.318874  0.721512
point 7 39  171.28 130.535 -0.507014  0.882908 0.0911726  0.881895 0.0359415 0.0742247  0.869994  0.581619  0.670049  0.204229
point 8 63  313.46 135.154  0.204671 -0.746372 -0.821458 -0.236285 -0.704304  0.331354 -0.754988  0.737232  0.169382 -0.578954
point 9 68 321.097 239.413  0.124683   0.30905 -0.916352  0.526726  0.225947 -0.733166 -0.664223 -0.618346  0.579571  0.670649
point 10 72 623.896 205.175 -0.795278 -0.347078  0.700722  0.256838 -0.825098  0.570548  0.460163 -0.194159 -0.275109 -0.259025
point 11 77 225.257 233.946 0.0558037 -0.943329 -0.466459 -0.577203  0.389445 -0.143849 -0.526145  0.274972 -0.567868 -0.345734
point 12 78 486.362 212.642  -0.88095  -0.80048  0.589696  0.750838  0.949002 0.0900419 -0.399794 -0.666119 -0.294128 -0.115623
point 13 92  562.92 186.724    0.178768    0.792593  -0.0124074    0.961173    0.339886    0.263473    0.996466    0.640504   -0.187928 -0.00113182
point 14 103 79.8402 210.757  0.477988  0.050983   0.44369 -0.114486 -0.204251  0.131889  0.691326 -0.868141  0.441433 -0.605103
point 15 109 440.792 227.973  -0.473681   0.888572  -0.812387  -0.392046   0.543683 -0.0117395   0.742233    0.63615 -0.0195176    0.22893
point 16 110 357.872 192.899  0.835853  0.968436 -0.559757 -0.328789 0.0622943 -0.679974 -0.558147  0.548614  0.748143  0.224439
point 17 111 465.859 222.372 0.0457226   1.00727 -0.877063 -0.945795 -0.173121 -0.357496  0.905861   0.05979  0.273854  0.488613
point 18 123 463.856 163.669  0.184223 -0.817474 -0.240206  0.346358  0.826166  0.680456  0.224218 -0.181482  0.336026  -0.61361
point 19 132 327.321 209.332  0.184805 -0.928346 -0.961164 -0.123769 -0.692099  0.861254 -0.781387   0.28862   0.86884   0.69034
point 20 146 636.461 156.315  0.953026 -0.477539 -0.704895   0.14327 -0.671715 -0.157761  0.903858 -0.506273 0.0484742 -0.776091
point 21 148 310.676 174.136  -0.117626   -0.22571  -0.190698    0.57968 -0.0962094  -0.170977   -1.00108   0.250213   0.955437  -0.643224
point 22 156 337.546 197.191  0.225824  0.581206 -0.644815  0.332928 -0.802889   1.00338  0.158804 -0.713301 -0.934487  -0.12357
point 23 159 358.573 213.155  0.188643 -0.979868 -0.928714   -0.1509 0.0129094  0.119987   1.02091 -0.335752 -0.446052 -0.806614
point 24 165 387.779 201.554    0.465335   -0.778851    0.470784    0.648475   -0.733364    0.602687   -0.594536     0.83977    0.405194 -0.00286299
point 25 166 623.686 140.522 -0.653611  0.367739  -0.60697 -0.513759 -0.637147  0.237821 -0.759538  0.118107  0.196486 -0.642096
point 26 175 411.708 136.582 -0.350187  0.520648  0.243145 -0.637112  0.731553  0.706836  0.929039  0.949089  0.595045  0.149305
point 27 176 361.837 210.657   -0.72609   0.795126  -0.162945 -0.0360097    0.33561  -0.437216  -0.888828   0.296755   0.684127    0.11433
point 28 180 64.3027 168.781 -0.150403  -0.53032 -0.718958  -0.66435   0.13315  -1.03503  -0.16706 -0.127664 -0.144317 -0.198497
point 29 190 50.2585 230.088  0.366364    0.6878 -0.125525  0.797677  0.486834  0.532564  0.104229 -0.909973  0.339173 -0.478388
point 30 191  75.474 219.453  -0.856317  -0.820525  -0.863665   0.694474 -0.0379961  -0.910467  -0.289705 -0.0218703  -0.772446   0.649232
point 31 200 464.002 182.409    -0.4493  -0.761253   0.644584   0.364675   0.191051   0.510852 -0.0402505   0.859118    1.01691 -0.0874122
point 32 214 10.2581 182.733  -0.755647  -0.571462  -0.736282  -0.183611   0.207867 -0.0728681   0.793373  -0.772179  -0.041734  -0.398176
point 33 216 526.133 181.139  -0.694626  -0.935108   0.883084  -0.752589   -0.56369  -0.899774  -0.304464  -0.294034 -0.0424196   0.857797
point 34 226 115.018 72.7414 0.0187965  0.491083  0.572777  0.601198  0.921136  0.516954 -0.957071  -0.84071 -0.125539   0.39642
point 35 233 415.398  205.89  -0.11284 -0.519209  0.127276  0.335194  0.300959 -0.146493 -0.927096  0.131605 -0.887247  0.335361
point 36 234 589.528 171.704 0.0537475 -0.142049  0.678109 -0.287884  0.833381 -0.492592  0.373898  0.219957  0.196949  0.391278
point 37 239 17.9566 188.997 -0.468409 -0.945999 -0.765883  0.221426  0.588783  0.135224  0.249519  0.282106   0.19486 -0.545211
point 38 240 314.27 183.63 -0.502332 -0.607596  0.648373  0.762057   0.80151  0.681286 -0.479169 -0.766338  -1.02854   0.64681
point 39 242 557.288 168.816  -0.825669 -0.0243003   0.139006   0.466453  -0.332074   0.587325   0.855991  -0.725599   0.458878   0.661062
point 40 245 499.119 179.279 -0.661973 -0.365789  0.475613 -0.658514  -0.47321  0.369205  0.841359 -0.658257  0.240285  0.804523
point 41 251 447.535 223.075 -0.00998142   -0.526497    0.149826   -0.867099   -0.398296  -0.0773446   -0.514412    0.248483   -0.073124    0.332504
point 42 262 515.235 165.745 0.0211118  0.297348 -0.316434 -0.574669  0.983894  0.968613 -0.947476 -0.339745  0.395967 -0.430927
point 43 277 533.351 179.872 -0.515047  -0.85025  0.319563 -0.823723 -0.980221   0.19166  0.145842  0.497654  0.454871  -0.87897
point 44 301 421.976  219.63 0.0859974 -0.531728   -1.0136   0.42718 -0.976139 -0.719142 -0.626461  0.492181 -0.718333 0.0291799
point 45 303 380.506  205.95    0.179617   -0.785939   -0.611917   -0.951791   -0.133875    0.493619   -0.406381  -0.0888631 -0.00716789   -0.420505
point 46 304 250.576 169.881  0.510425 -0.588846 -0.394287 -0.399327   1.00881 -0.164448  0.735936  0.521039 -0.550765 -0.389296
point 47 320 175.491 231.824 -0.0732204   0.662394   0.941329 -0.0466899   0.634501    0.14461 -0.0392552 -0.0266751   0.221178   0.335619
point 48 324 45.6071 186.096 0.0702065  0.371588 -0.695013    -0.424  0.656614 0.0503624  0.432768  0.113893  0.256552   0.34532
point 49 326 618.726 184.264  0.481531 -0.486601  0.589643  0.225351 -0.979948 -0.357832 -0.420612 -0.604593  0.248403 -0.768528
point 50 334 622.407  202.88  -0.318449  -0.359909   0.933422  -0.665002   0.277243  -0.370637   0.108443  -0.889678   0.983244 -0.0849659
point 51 346 209.314 10.2755  -0.489726   0.984593 -0.0191303  -0.765037  -0.167897   0.505351 -0.0380043   0.901431   0.789673  -0.153257
point 52 352 523.609 197.812  0.550743  0.318059   0.39415 -0.685472  0.585019  0.665808 -0.659486  0.512161 -0.153327  0.866096
point 53 359 527.977 165.297  -0.0390457   -0.291305    0.647877    -0.56367    0.733227 -0.00301115    0.239158    0.133048   -0.564346    -0.24975
point 54 364 480.662 216.107  0.0553399   0.763349   0.634498  -0.609613   0.958983  -0.487448  -0.606142   -0.90063   0.130639 -0.0273492
point 55 387 406.873  175.52  0.743644  -0.73525  0.541102   0.93567  -0.78195  -0.22868 0.0650321 -0.953654  0.592789  0.731848
point 56 393 39.9321 211.255     0.544388    0.0435376    -0.323029     0.321307     0.936873   -0.0895785    -0.716988     0.186802     0.712032 -0.000903315
point 57 425 454.931 239.961 -0.467518 -0.419733  0.385205 -0.483815 -0.549629 -0.645618  -0.16269 -0.910619  0.934549  0.897189
point 58 440 60.3582 161.567 -0.914105 -0.896373 0.0672129  0.926361 -0.577382  0.415062   0.74359 -0.157537  0.445887 -0.523083
point 59 450 78.2531 153.306  0.474038  0.208428   0.69633 -0.526708  0.927509  0.480724  0.033714 -0.881344  0.826809  0.734722
point 60 454 282.056 175.517 -0.904202  0.953659  0.692886 -0.492053  0.650707  0.742248  0.799401 -0.551655  0.416645  0.357366
point 61 458 119.678 196.255 -0.753578  0.197519  -0.79217  0.306348  0.510814  0.424004  0.766365   0.11648  0.905779 -0.587848
point 62 464  6.5074 231.022 -0.0248556  -0.961273  0.0537568  0.0790139  -0.509786   0.187607   0.415957   0.414244  -0.672207   0.214805
point 63 470 528.492 238.504   0.382386 -0.0730966  -0.655146   0.929459  -0.315673   0.917022  -0.400433   0.151192   0.434374   0.796378
point 64 472 568.514 194.634  -0.879474 -0.0584435   0.627237  -0.180277   0.928102  0.0676598   0.708532    -0.7275 -0.0718893   -0.56242
point 65 475 516.468 229.183  -0.970727   0.111223  0.0135615   0.573096  -0.361502  -0.364939  -0.111094 -0.0192348  -0.714285  -0.292231
point 66 491   388.4 194.402  -0.84897  0.827308 -0.286323  0.540988 -0.486241 -0.169633  0.500247 -0.254674 -0.279869  0.749209
point 67 495 316.687  143.34  0.255164  0.711095 -0.125463   0.40668 -0.442474 -0.703149  0.987165 -0.614945 -0.105936  0.126705
point 68 499 258.726 129.504  0.847505 -0.387619  0.352731  -0.63002  0.140504  -0.10923 -0.053775 -0.188083  0.730947  0.275359
point 69 505 22.8556 172.273   -0.685197   -0.276338    0.249097    0.289421   -0.819234   -0.509717   -0.876235    0.894226   -0.516815 -0.00996876
point 70 506 314.567 201.395 0.0191855  0.334446 -0.039489  -0.58781  -0.90749 -0.657665  -0.69339 -0.602901  0.751695  0.544457
point 71 514 584.974 135.717  0.373826 -0.755226 -0.865261  -0.46526 -0.947744  -0.46456  0.629578  0.780284  0.160283  0.198038
point 72 529 529.895 198.718   0.448105  -0.354299  0.0889162  -0.341364   0.680302 -0.0760294  -0.867157   0.834803  -0.188324  -0.375689
point 73 541 530.026 228.159  0.355623  -0.81452  0.836263 -0.263583 -0.598077  0.677012   0.73818 -0.598194 -0.944745  0.283544
point 74 568   504.7 215.287 -0.997429 -0.600474  0.993719 -0.618235  0.369097  0.585588 -0.941618  -0.77352 -0.778273  0.133652
point 75 569 28.1215 195.678 0.0233152 -0.706473  0.315324  0.209512  -0.18734  0.469421  0.405033 -0.581134  0.976754 -0.379913
point 76 578 287.342 196.996 0.00992648  -0.256208   -0.32937   0.191417  -0.787255   0.453839  0.0760988    -0.9756 -0.0925865   0.137671
point 77 591 308.254 202.673    1.03704  -0.628347    0.58202   0.110698  -0.445351  -0.283219   0.955086   0.189128 -0.0013159  -0.516164
point 78 596 322.401 169.731  0.0679156  -0.445993   0.426164   0.168225 -0.0740276  -0.376391   0.701898  0.0752092   0.549461   0.909724
point 79 599 253.279 188.644   -0.45685   0.294926   0.722515   0.114353    0.10293    1.01368  -0.179946 -0.0950451  -0.163069   0.546009
point 80 607 613.394 235.594  0.878492  0.317221 -0.337881  0.141793 -0.365852 -0.370948 -0.443043  0.205325  0.985738  0.768888
point 81 610 562.829 82.2445 -0.148602 -0.210661   0.72916  0.642741  0.429557  0.461333  0.627533 -0.650679  0.128254 -0.457028
point 82 617 424.246 156.015 0.0615458 -0.846324  0.234278  0.143941 -0.549668 -0.965466 -0.219918  0.314573 -0.794234 -0.633614
point 83 622 258.995 102.138  -0.470204  -0.981854   0.434927 -0.0898258   -1.00672 -0.0325648   0.617091   0.892212  -0.243627  -0.706617
point 84 627 194.317 180.091   0.10822  0.884469 -0.606988 -0.553704  -0.80041  0.302489 -0.863232 0.0465686  0.267136  0.587751
point 85 644   418.3 140.802  -0.460152  -0.166003  -0.565498 -0.0302818  -0.173671  -0.743342   0.828762  -0.881279   0.864462   0.384673
point 86 658 304.836  227.39   0.336977  0.0797569 -0.0949317  -0.311222   0.132854    1.01178   0.624128   0.580777  -0.837972   0.570608
point 87 661 436.334  182.84  0.274149 -0.484342  0.379077  0.355541 0.0884868  0.139351 -0.949043 -0.761979  0.194817  0.407291
point 88 669 112.888   232.5   0.486829   0.622256  -0.723213  -0.421095   0.169283  -0.615322 -0.0385834   0.972134  -0.216521  -0.352113
point 89 678 86.0092 154.432  -0.760606  -0.872243  -0.350015  -0.420082  0.0122097  -0.936167   -0.95937 -0.0915271   0.310257  -0.372073
point 90 691 541.224 177.723  0.606258  0.960788   0.18101  -0.20256 -0.933751 0.0816119  0.291922 -0.415113 -0.907279 0.0377212
point 91 695 483.123 220.178    0.765211   -0.242186    0.385309   -0.455384    0.430852  -0.0680669     0.89018 -0.00582035    0.566284    0.852542
point 92 726 516.669 97.7092  0.935094  0.539028  0.564414 -0.645646  0.229637  0.586998 -0.757894 -0.924033  -0.92844 -0.839895
point 93 752 423.527 175.005  0.790787  0.843716 -0.479601 -0.209763 -0.130191 0.0551936  0.355492 -0.671341 -0.650304 -0.467565
point 94 776 486.906 160.578  0.940852 -0.118297 -0.135909 -0.523642  0.698166 -0.903526  0.412063 -0.385038  0.758248 -0.758862
point 95 779 12.6972 229.643  0.284113 -0.832929 -0.917353 -0.791507  0.574029 -0.521052  0.870333 -0.649677 0.0340631  0.476281
point 96 794 453.683 215.521 -0.402353  0.398734 -0.308053 -0.640143 0.0312513  0.649522   0.49227 -0.520832  0.160502  0.475782
point 97 805 381.897 115.043  0.381159  0.769779  0.561045 -0.190119 -0.892862  0.774522 -0.202346  0.933978 -0.793985  0.233098
point 98 806 279.212 237.968   0.842915 -0.0384943  -0.510175  0.0383075   -0.65443  -0.380755   0.379521  -0.369051  0.0400076  -0.102392
point 99 819 525.508 211.245 -0.552466  0.436774 -0.741664  0.709928  0.908876 0.0310995  0.277033  0.800462 -0.453135 -0.132116
point 100 841 462.829 182.546  0.127276  0.955062 -0.903209  0.968794 -0.384883  0.107231 -0.300937  -0.16364  0.228125  0.528635
point 101 843 392.586 176.073 -0.428451 -0.229199 -0.138273  0.437054 0.0820491 -0.902404  0.355424  0.235534  0.970113  0.981239
point 102 854  222.81 191.408     0.5861   0.171882   0.353681  -0.759434 -0.0803948   0.966307 -0.0363224  -0.146623   0.210102   0.972326
point 103 862 537.875 199.803  -0.831589  -0.348691   -0.70334  -0.175881   0.602625  -0.539235 -0.0941347   0.399487   -1.00139 0.00722723
point 104 876 466.055 127.549  0.458091 -0.656076  0.853536 -0.177209 0.0738412  -1.02091 -0.926969  0.313125   0.90692  0.283298
point 105 877 47.1615 139.125 -0.686011  0.902893  0.710887  -0.93528 -0.148048 -0.942427  0.904616 -0.576238  0.381398  0.397895
point 106 878  294.28 234.498    -0.9493  0.0269773  -0.962588  0.0317765 -0.0224542   0.505726   0.385656  -0.169274  -0.725573  -0.567638
point 107 880 442.811 180.887 -0.649677 -0.521143  -0.30831  0.617277  0.540503 -0.189173 -0.359705  0.565608  0.777019  0.686536
point 108 881 344.224 189.559  0.324073  0.647378  0.433057  0.630647  0.381914 -0.851404  0.221175 -0.786772 -0.382288  -0.52748
point 109 883 427.012 212.056   -0.22354  -0.247106  -0.721214   0.915467   0.308469    0.55074   0.615021  -0.325301   0.169862 -0.0340769
point 110 887 622.686 223.571  0.550294 -0.785299 -0.815839 -0.715674 -0.849518  -0.91846   -0.3788 0.0566586 0.0661222  -0.80801
point 111 897 29.5109 168.472  0.233938  0.824117  0.943509  0.541875  0.173792 -0.814696 -0.152026 -0.210614 -0.922722  0.218799
point 112 908 513.289 127.087 -0.994713 -0.906923   0.96391 -0.660253 -0.682931  0.999157  0.633116 -0.796351 -0.615558  0.204084
point 113 927 371.693 203.496 -0.0725083   0.825765    0.54554   0.346533  -0.913792   0.377984 -0.0123995  -0.392189   0.697859   0.889437
point 114 929 357.281 185.992 -0.835037 -0.282663 -0.276107  0.247968    0.2543  0.674021 0.0846727 -0.154205  0.105198   0.21057
point 115 936 531.869 155.275 0.0940812 -0.455043 -0.439633 -0.324686 -0.420437   0.97015 0.0558751 -0.682534  0.104423  0.092621
point 116 937 293.988 228.149 -0.450193 -0.601506 -0.547034 0.0225077  0.545357 -0.243825  0.160664 -0.253352 -0.244118  0.537462
point 117 942 443.629 225.264  -0.76789 -0.309028  0.611535 -0.453655  0.220038  -0.25377 -0.744562 -0.911695   1.02623  0.450313
point 118 944 518.667 150.087   0.546876  -0.451105  -0.253204  -0.519613   0.697614 -0.0285527   0.166388   0.343661   0.470377  -0.648451
point 119 947 49.8963 159.072 -0.288055 -0.941432  0.780813 -0.596451 -0.522074  0.946352  0.648902 -0.772214 -0.885725  0.730922
point 120 958 618.788 86.4809 -0.507193 -0.859439 -0.842731 -0.227514 0.0703726 -0.341766 -0.197616 -0.222584  0.438111 -0.921178
point 121 965 552.057 165.363  0.887212  0.650678  0.521808 -0.106524 0.0457703 -0.445414  0.153019  0.645788  0.944754  0.220408
point 122 967  347.69 160.297    0.16935 -0.0598796   0.450685   0.918163   0.152289   0.313266   0.510035  -0.343707  -0.725293  -0.452624
point 123 968 242.457 160.824  0.0414137  -0.362256  0.0443415 -0.0883255    0.89383  -0.188207  -0.692389 -0.0373053  -0.661139  -0.995936
point 124 972 122.443  155.29 -0.654688 -0.507753  0.936907 -0.022427 -0.960406 -0.601359 -0.765319 -0.294219 -0.674631  0.662407
point 125 978 581.431 194.206  0.890728  0.703286  0.297884  0.963191 -0.869123  0.403826 0.0925666  0.379915 -0.602194  0.415565
point 126 979 323.209 173.034 0.0262737  0.478129 -0.135862  0.451688  0.245571  0.383002 -0.586646  -0.13381  0.606489 -0.288306
point 127 997 261.273 234.461    1.00365  -0.965804 -0.0680864   0.801253  -0.416954 -0.0380195   0.612289  -0.916959  -0.227989   0.676875

