seq: 207
gt_pose:  3.50134  4.13181 0.289141
odom_pose:   3.6881  3.22945 0.216792
point 0 15 130.943 80.2361   0.788572   0.638422   0.956587   0.527568   0.796246   0.948361   0.375292 -0.0444107  -0.694119   0.643704
point 1 20 394.673 214.882 -0.530509 0.0437031 -0.800644 -0.492549  0.726123  0.354928 -0.850568 -0.771848 -0.313319  0.158123
point 2 49 527.509 44.9007 -0.691315  -0.45428    0.7814 -0.308219  0.781211  0.482548 -0.071796   -0.4731  0.909914 -0.739121
point 3 50 482.305 187.152  0.838881 -0.623205 -0.392858 -0.628148 -0.595438  0.234338 -0.678831 -0.756522 -0.551737  0.890486
point 4 61 229.966 40.6744  0.181045  0.471043  0.512912  0.843032 -0.772615  0.622098  0.923436 -0.750511 -0.447793 -0.477313
point 5 71 288.629 119.826  0.182085   0.18559  0.481515  0.517127  -0.47127 -0.860157  0.765552 -0.667812 -0.624765  -0.30826
point 6 75 482.068 173.837 -0.696202 -0.953477  0.950263  0.595661 -0.729486  0.701968 -0.607854  0.951669 0.0918065  0.356609
point 7 79 405.545 173.375 -0.217489 -0.725927 -0.177979 -0.807848  0.242095  0.888877 -0.799348   0.76003 -0.731334  0.639806
point 8 82 440.699  90.406   0.940998 -0.0483847  -0.195957  -0.263647   0.881258   0.878878  -0.837294   0.776877   0.733128  -0.592976
point 9 87 625.135 228.583  0.710904  0.803915 -0.196117  0.890304 -0.671292 -0.599483 -0.498144 -0.271602  0.873197  0.232857
point 10 112 567.194 235.744 -0.0181783  -0.783505  -0.731567  -0.909495  -0.398473  -0.887694  -0.957009 -0.0752127  -0.235793   0.118327
point 11 130 102.026 86.7827   0.735919   0.310373 -0.0323224    1.02961   0.516509  -0.266867   0.994636  -0.884392  -0.425565  -0.568375
point 12 135 184.024 191.792 0.484912 0.450007 0.459342 0.284828 0.250151  1.00825 0.548358 0.386889 0.341414 0.734243
point 13 136 186.337 165.946 -0.410469  0.161011  0.682777  -1.01711  0.337218 -0.654067  0.147278 -0.179025 -0.782944  -0.22587
point 14 140 424.493 77.5384 -0.518949 -0.110403  0.604393 0.0687289  0.798509 -0.716342   0.41701 -0.650085  -0.34084  0.924365
point 15 157 48.741 230.82 -0.0197588  0.0980846    0.62109    0.50342  -0.743296   -1.00797   0.247943   0.608025  -0.738558   0.532409
point 16 161 217.533 33.9648   0.447495   0.976399 -0.0128157  -0.398474  -0.430539  -0.785412  -0.461026  -0.341245  0.0252375   0.623723
point 17 162 607.639 159.749 -0.613027  0.256977 0.0697448 -0.742861  0.120035  -1.00464  0.597387 -0.744637 -0.663236   0.13183
point 18 170 517.963 227.856  0.113327 -0.348268  0.210028  0.149067  0.753151 -0.169543 -0.854022  0.749322  0.415503  0.666907
point 19 213 513.914   176.2    0.496987     -0.1752   -0.705567 -0.00330786  -0.0697438   -0.939927   -0.417733    0.765929    0.369665    0.166316
point 20 222 335.776 234.746  -0.692304   0.951329  -0.951845  -0.493452   0.446857  -0.693062 -0.0219469    0.52293   0.356269  -0.463612
point 21 232 296.527 237.775 -0.0985978  -0.354626   0.367876  -0.268914  -0.938837 -0.0727561   0.851187    0.76048  -0.911345 -0.0904612
point 22 244 431.939  174.67 0.0749529 -0.909083  0.536787  0.649682 -0.881565  0.698928 -0.327931  0.332277   0.10604  0.212746
point 23 255 490.814 214.075  -0.973105   -0.84178  -0.929787  -0.908211 -0.0310883   0.910168   0.159725  -0.293191  -0.168064   0.371894
point 24 276 584.822 239.163    0.518169   -0.646366    0.113105    -0.07776    0.288087 0.000671622    0.321541   -0.629113   -0.421582     0.75791
point 25 279 590.798 176.225 -0.457939  -0.34703  0.196319  0.197679 -0.138343  0.704331  0.382875 -0.863077  0.863877  0.421553
point 26 310 40.6418 28.3579  0.572729  0.189269 -0.617813 -0.769312  0.625015 -0.242776 -0.841589 -0.342834  0.839044 -0.584221
point 27 340 548.475 86.2832   0.469578  -0.409598  -0.665076 -0.0714813   0.826196  -0.129694  -0.659432  -0.443179    0.49667  -0.360193
point 28 341 507.224 212.539  -0.74466  0.138077  0.272289  -0.35384  0.235269 -0.382739 -0.798872 -0.661263  0.843535 0.0228028
point 29 343 402.613 164.709 -0.0448222   -1.00072   -0.37322  -0.878341  -0.258221 -0.0739889   0.259528  -0.887249   0.537443   -0.46394
point 30 357 304.478 233.618  0.369832 -0.280147  0.482884  0.405285  0.584128 -0.132055   0.35473  0.740152  0.472469 -0.195392
point 31 376   116.6 172.469 -0.722265 -0.897799  0.646336 -0.351318  0.636983  0.227751  0.339216 -0.105542   0.54198 -0.257506
point 32 379 226.277 155.581    0.2849 -0.546741  0.141522 0.0292469   0.60722  -0.28672 0.0929335 -0.194401  0.151373  0.211347
point 33 383 325.864 200.447  -0.725878  -0.293381   -1.04024  -0.671607  -0.780414 -0.0929627   0.541244   0.564697   0.448434  -0.177878
point 34 386 18.4702 205.335 -0.0153557  -0.225961   0.328575   0.428177    1.03774   -0.14166  -0.496575  -0.625673  0.0585756  0.0403083
point 35 390 429.778 228.779    0.308893 -0.00551735    0.291754   -0.611907    0.347105    0.858758    0.315902    0.165366   -0.595715    0.381232
point 36 392  155.42 232.121   0.950842 -0.0759269  -0.360632   0.292469  -0.930807    0.97026  -0.701559   0.306508  -0.603151   0.584709
point 37 401 484.554  204.95 -0.00145481    0.561645    0.308407   -0.514073   -0.613405    0.215908    0.641795     0.79828   -0.904119   -0.550902
point 38 407 505.929 218.919  -0.698337    0.99825  -0.952801   0.658565  -0.754289 -0.0243793    0.74743  -0.924668  -0.386157  -0.488343
point 39 411 78.9037 219.065   0.479905   0.965336   0.880646   0.972237   0.410597  -0.548587    0.85686  -0.332825  -0.830299 -0.0576029
point 40 418 636.914 222.839 -0.944584 0.0298493  0.251925  -0.68775  0.863539   0.73068    1.0008 -0.747606 -0.639948  0.604428
point 41 427 578.025 156.135  0.714521  0.951488  0.242043 -0.404638 -0.101188  0.798741  0.194159 -0.734029 -0.612651  0.657138
point 42 445 298.437 169.726 -0.893868 -0.265317 -0.716778 -0.851545 -0.363475  0.827446 -0.362929  0.135939  -0.52096   0.57276
point 43 447 332.684 175.084  -0.321166  0.0280668  -0.949128  -0.738102   0.240709  -0.842933 -0.0972412   0.517578  -0.718725   0.617149
point 44 449 105.647 3.63315 -0.00258056   -0.368437    0.820329   -0.467304   -0.104914   -0.498067       0.505  -0.0265144   -0.342198   -0.249484
point 45 487 94.4356 94.3428 -0.793198  0.946161 -0.691294 -0.939505 0.0160797   0.67389 -0.375375 -0.907874  0.333244  -0.22035
point 46 502 101.235 209.659    0.342258    0.265014 -0.00766374    0.436903    0.824122   -0.101328   -0.472253   -0.988247    0.186057   0.0599011
point 47 512 621.484 98.0404 -0.682866 0.0922971  0.785423 -0.344649  0.603608 -0.955007   -0.2546  0.252993 0.0423443 -0.409858
point 48 516 103.591 193.423   0.123781  -0.606825  -0.753664  -0.789169  -0.142095   0.602664  -0.594511 0.00011522  -0.808626  -0.575471
point 49 517 29.2085 103.179  -0.439817 -0.0211897  -0.809656  -0.489059   0.312871  0.0824846 -0.0465644  -0.825234   0.695652  -0.429008
point 50 521 269.098 147.443 -0.837933 -0.326802  0.652139  0.140312 -0.275714 0.0097122 -0.413591 -0.661722 -0.839364 -0.660092
point 51 549 244.787 234.651  0.753052 -0.408813  0.840188  0.900886  -0.15685  0.296746 0.0601926  0.443569  0.378072  0.747066
point 52 550 529.126 211.491   0.238113   -0.10891  -0.719874   0.481956  -0.411961  -0.542006  -0.910566   0.214839 -0.0308796  -0.764159
point 53 556   444.8 212.968   1.00311   1.01214 -0.339341  0.532115  0.977007 -0.250221  0.500662 -0.688951  0.937985  0.210463
point 54 564 536.277 188.092 -0.596699 -0.181228  0.270186 -0.430051 -0.115626  0.465453 -0.466626 -0.982175 -0.789518   1.01373
point 55 579 259.69 190.15  -0.815425  -0.090797  -0.838425  0.0510926    1.01582   0.498239 0.00485053   0.552541   0.270818   0.264717
point 56 586 263.023 189.376 -0.00337461   -0.940758    0.702184    0.206647   -0.358476   -0.080333    -0.71416    0.122114   -0.111419    0.715904
point 57 592 169.331 182.562  0.791214   1.02191  0.657056  0.339566 -0.805322 -0.782981  0.315346  0.820093  0.614369 -0.689498
point 58 605 485.623 207.263   0.892266   0.524267  -0.343804    0.32968   0.210355  -0.381546 -0.0534116 -0.0655569   0.858893   0.137843
point 59 621  599.68 172.366   0.816033 -0.0790343  -0.963317    -0.2274    0.28351  0.0629982  -0.300622  -0.395044  0.0936682  -0.233281
point 60 630 410.114 208.907 -0.0100155 -0.0327652  -0.332754  -0.368338   0.626763  -0.033484   0.479068  -0.203003   0.632087  -0.702924
point 61 668  469.33 115.672 -0.563819  0.768669 -0.788553  -0.43146 -0.499168 -0.199156  0.119249 -0.527066 -0.909178   -0.5538
point 62 675 16.7756 135.383 -0.0573635   0.839724   0.687897    0.16975  -0.180519  -0.783338   -0.11711   0.831316  0.0059816  -0.531207
point 63 704 11.0667 108.434 -0.399417   0.11218  0.346111 -0.131557 -0.497919  0.812111  0.550229 -0.907791 -0.496479   0.65011
point 64 712 236.765 237.544 -0.0665505  -0.749967   0.479863   0.795451  -0.589533  -0.510364  -0.680928  -0.177131   0.757356  -0.192583
point 65 714 179.793 162.466   0.67522  0.475899  0.800837  0.457058 -0.567036 -0.232025  0.752732  0.984709 -0.492037  -0.78604
point 66 717   283.5 32.4808  0.985326  0.700238 -0.938302   -0.2315 -0.318876 -0.670523 -0.687696  0.709336 -0.363332  0.677417
point 67 718 154.411 181.139  -0.420575 -0.0033291   0.911972   0.463523   0.855531    0.81403  -0.466888  -0.650855   0.623344   0.520707
point 68 723 144.818  236.34   0.16614  -0.96211  0.020736  0.159107 -0.388835  -0.44927 -0.360105  0.727814   0.17814 -0.687307
point 69 730 340.606 207.545  0.759499  0.406875   0.80461  0.840455  0.523287 -0.271443 -0.341494 -0.493807 -0.134301  0.954187
point 70 737 637.028 191.134   -0.389774   0.0710759 -0.00301312    0.622894   -0.823198    0.153169   -0.879514    0.134919    0.519892   -0.177677
point 71 739 470.645 222.947   1.03796  0.157292 -0.432895 0.0388006  0.722743  0.247654 -0.924313 -0.187691 -0.212742 -0.703258
point 72 740 617.744 198.008  0.456189  0.810848 -0.948474  0.577453 -0.109558  0.340416  0.638253 -0.507101  0.697688 -0.922689
point 73 749 497.651 204.523 -0.666159  0.246855  0.647641 -0.717632  0.543425 0.0105295  0.705662  0.174808 -0.276876 -0.138832
point 74 765 403.054 186.614  -1.01121 -0.189528  0.543489 -0.541168 -0.424794 -0.304041  0.553201 -0.215971  0.400334  0.994195
point 75 803 354.182 170.486 -0.779616  0.945741  0.786868  -0.51833 -0.604541  0.206506  0.134873  0.765555 -0.287233  0.666049
point 76 809 578.869 120.664 -0.231512 -0.902977 -0.908913 -0.310248 -0.497981 -0.190796  0.851193  0.753551 -0.255521 -0.256687
point 77 817 476.501 163.538  -0.225653   0.526915   0.816118   0.572072   0.597242 -0.0596366  -0.605158   0.620707   0.660699  -0.880387
point 78 823 417.558 150.467  0.0714333  -0.773799   0.113402   0.740502   0.535755  -0.573647   0.090617   0.888355  -0.482781 -0.0443116
point 79 831 194.447 234.879   -0.108979    0.401807    0.747892    0.102286     0.32569   -0.842424 -0.00752215    0.616448   -0.656056   -0.102135
point 80 845 626.572 219.867 -0.0509967  -0.252963   0.937757   0.910634  -0.484727  -0.568105  -0.301401   0.486317   0.961525   0.824666
point 81 846 638.349 202.529   0.500625   0.290387   0.387628  -0.829872   -0.96876 -0.0498752   -0.65728  -0.319883  -0.361169   0.206543
point 82 865 306.198 207.644   0.861342  -0.394082  -0.949465  -0.331081   -0.30357  -0.174251   -1.03159   0.591553  -0.763791 -0.0791177
point 83 866 476.177 99.5494 -0.511343 -0.106349  0.725322 -0.598481  0.704604 -0.259415 -0.127747   0.34842 -0.458423  0.910939
point 84 868 12.377 105.71   0.631747  -0.414154  -0.821709 -0.0157446  -0.699547  -0.353602   0.833144  -0.935126  0.0382149   0.555696
point 85 872 181.532 126.421  0.414578  0.833603 0.0920119  0.524925 -0.417613  0.752575 -0.499438 -0.258204 -0.835991 -0.894093
point 86 889 534.453 230.202  -0.774889   0.210771   0.810546  -0.242376   -1.02355    0.40022 -0.0625261  -0.726123   0.724794   0.137612
point 87 911 429.277 133.776  -1.02096 -0.385478 -0.742025  0.666425 -0.972496 -0.044301  -1.02815 -0.188809  0.532764  0.142536
point 88 920  587.16 125.377 -0.876365  0.678501  -0.35668 -0.349719  -0.46878  -0.22633  0.840179 -0.852686   1.02954 -0.555272
point 89 926 546.945 206.931 -0.773185 -0.772205   0.93424 -0.869666 0.0179296 -0.517458  -0.35879 -0.681238 0.0420374  0.533783
point 90 951  416.99 196.677   0.18603 -0.831542 -0.100522  0.387119  0.228768 0.0277618   -1.0055  0.488527 -0.138054 -0.677529
point 91 964 189.472  192.41   0.94376 -0.278605  0.234469 -0.187388 -0.893231 -0.963019  0.547676 -0.941573 -0.799143  0.717445

