seq: 128
gt_pose: -6.80208 -1.32258  2.12696
odom_pose: -5.76059  -2.6161  2.27827
point 0 4 479.399 156.255 -0.269973 -0.823937 -0.933015 -0.124436 -0.857599 -0.487445  0.905181  0.815698  0.704305 -0.489591
point 1 27 619.451 164.771  -0.0469207   -0.666906    0.790174     0.24987 -0.00506318   -0.540852     0.10676    -0.12009    0.614458   -0.205719
point 2 86 461.988 158.578   0.844588   0.346722   0.760145  -0.484932  0.0775241  -0.690295   0.657426   -0.58839  -0.816275 -0.0885072
point 3 100 528.395   182.8  0.174975  0.641694 -0.173046  0.221991  -0.15305  0.750901 -0.365614 -0.964743 -0.653549  0.456332
point 4 105  594.06 154.527   0.465097   -1.03601    0.56027  0.0394562  -0.205699 0.00217612  -0.872364  -0.683159    0.87344  -0.117834
point 5 125 438.395 210.484 -0.139346  0.929673 -0.631038  0.701124  0.878709  0.560028  0.933055 -0.307584 -0.167615  0.793686
point 6 144 306.917  139.75    -0.48396    -0.23685   -0.821488   -0.730725   -0.650911    0.565438 -0.00801447    0.345365   -0.652261   -0.746649
point 7 150 486.141 185.527 -0.903395 -0.533405  0.743528  0.291879 -0.615476 -0.408208 -0.981283  0.193676 -0.867269 0.0129128
point 8 172 444.741 172.299  -0.341513   0.897421   0.445923   0.957092 -0.0426091  -0.499129  -0.399144  -0.838301   0.710228  -0.606125
point 9 208 629.454 200.538  -0.890062  -0.311247  -0.917698 -0.0989908  -0.308758   0.766237   0.920494  -0.660407   0.723361  -0.852842
point 10 210 428.483 169.374 -0.338974  0.668367 -0.434204 -0.646676 -0.847769 -0.321592 0.0189667 -0.722695   0.51831   0.70211
point 11 219 349.725 236.993  0.135629 0.0195255 -0.332426  0.887538  0.113413   0.32159  0.216398  0.147878 -0.450253  -0.57629
point 12 235 295.164 215.479 -0.768425 -0.974903  0.984322  0.432447 0.0650603 -0.160343  0.954126 -0.743764 -0.857112  0.318453
point 13 249 291.067 151.491  0.742279 -0.619879   -0.3681  0.974281 -0.130288 -0.671641   0.50328  -0.74806 0.0239859 -0.430727
point 14 254 410.563 221.913  0.146038 -0.200683 -0.154408  0.582339 -0.674493  0.360589 -0.498433 -0.950559 -0.737243 -0.468724
point 15 260 437.658 205.922   0.303443   0.632424  -0.341309   0.408433  -0.435623   0.619359  0.0052692 -0.0967622 -0.0999694   0.269364
point 16 281 546.982 223.146 -0.897074   0.34692 -0.188551 0.0367792  0.587426  0.332481  0.720726 -0.151827 -0.411865 -0.431159
point 17 283 478.483 231.126  0.333209  0.291714  0.637027 -0.182431 -0.839344  0.781848 -0.807088 -0.138054 -0.132213  0.739231
point 18 295 314.529 161.154   0.701954  0.0314415  -0.348687   0.389744   0.136517  -0.250504  0.0179336   0.562817 -0.0881727   0.309764
point 19 328 453.269 179.855 -0.245578   0.42301  0.241328  0.195903  0.748161 -0.242391  0.741065  0.308649  0.975567  0.798392
point 20 332 578.999 210.572   -0.333032   -0.152998  -0.0534963    0.336554    0.682102     0.89883    0.790826 -0.00619488   -0.742066   -0.512305
point 21 338 463.605 225.455 -0.459054  0.419517 -0.286436 -0.325296    -0.692  0.263139  0.632238 -0.894729 -0.519879  0.964039
point 22 362 476.539 135.133 -0.200995   -0.9222 -0.814851 -0.394653 -0.410185   0.68706    0.1458  0.425145   1.01243  0.845959
point 23 363 153.599 167.297 -0.365649  0.114753  0.283001 -0.417574 -0.192927 0.0232033 -0.725691  0.475934  0.612113  0.954843
point 24 375 66.7158 66.8081 -0.391149 -0.887501  0.772464  0.239608  0.136283 -0.626989 0.0465515  -0.94464 0.0760819 -0.485882
point 25 388 320.012 149.867 -0.347258 -0.171974  0.815409 -0.462423 -0.852403  -0.24969  0.321154  0.397877 -0.773939  0.306556
point 26 399 556.092 229.301   0.913418   0.147713   0.420697 -0.0976634  -0.228687   0.118579   0.548697  -0.680881  -0.696148   0.103594
point 27 410 192.653 8.58247  -0.18901  0.483719 0.0889447 -0.186602  0.388003  0.683706 -0.498287  -1.01591  0.801651  0.662713
point 28 424 390.619 216.459 -0.0732369  -0.812422     0.5307   0.345326   0.625342  -0.523371 -0.0978825   0.121171   0.859039  -0.163077
point 29 441 628.898 129.799  0.829704  0.287884  0.706717  0.780378  0.775464 -0.133492 -0.719711  -1.03638 -0.863419  0.655906
point 30 467 323.655 185.094  -0.404475  -0.768216 -0.0751519  -0.357028   0.879894   0.274548   0.508893 -0.0906494  -0.577793  -0.712382
point 31 474  166.3 99.021  -0.14503  0.742764 -0.916554  0.746717 -0.629025 -0.804051 -0.393541  0.965083  0.026238 -0.440182
point 32 486 565.953 193.877 -0.890209  0.581442  0.989261 -0.449055   1.01791  0.786285 -0.746814   1.02796 -0.963908 -0.436635
point 33 490 275.155 239.983  0.393587  0.915727  0.303678  -0.49332  0.890799  0.273086 -0.963917 -0.524361 -0.568927 -0.702754
point 34 496 538.535 230.332  -0.903966   -0.69309   0.622495   0.303868   0.930264  0.0110677  -0.867714  -0.463171 -0.0387798   0.196014
point 35 504 445.006  216.79  0.407132  0.928338 -0.683642  0.339293  0.193762  0.687947 -0.383708 -0.756334  0.126513 -0.534163
point 36 524 604.414 218.587 -0.287087   0.78591  0.261795 0.0544725  0.971849 -0.566575 -0.202989  0.133735    0.2967 -0.792905
point 37 563 584.139  149.89 -0.0280483  -0.441296   0.326935  -0.396547   0.726363   0.411324   0.267341   0.514885  -0.725568   0.360692
point 38 572 164.107 210.442  -0.959141   0.604388   0.346954  -0.657951  -0.164463  -0.423263    0.72629 -0.0181583  -0.400604   0.722843
point 39 580 210.873 235.519  -0.381018  -0.396539   -0.95255   0.918688   0.197463 0.00746045  -0.305035   0.877265    -0.7465  -0.051483
point 40 587 616.778 96.3538  0.808493 -0.381616 -0.343399  0.731704  0.182547 -0.240135  0.277365 -0.917303 -0.492969   -0.4338
point 41 589 327.897 128.037   0.144439  -0.182104  -0.383023  -0.746636  -0.508933   -0.58766 -0.0965625   0.179715  -0.882446  -0.920164
point 42 601 302.961 210.533   0.706831  -0.126073   0.575085 0.00794229   0.486397  -0.782558  -0.714229   0.232289   0.290175   0.376226
point 43 614 637.807 190.325  0.407087   0.64485 -0.636414 -0.766064  0.957995 -0.308269  0.779302  0.151988  0.955755  0.198764
point 44 625 380.951 188.642 0.00336582   0.766774  -0.210556   0.991041   0.398735  -0.633883  -0.544864  0.0988192  -0.113669    0.11253
point 45 643 332.299 212.731  -0.0663007    -1.02127    0.429533   -0.309152    0.385397 -0.00268939   -0.727696   -0.908565    0.120636   -0.315314
point 46 645  475.83 229.501  -0.937491    0.82607 -0.0144624   0.363293   0.141096   0.983377   0.354739  -0.490625  -0.376824  -0.227771
point 47 647 262.472 178.091  0.957789 -0.509027  0.975368  0.145739  0.496558 -0.939065 0.0185477 -0.477254  0.373243 -0.792323
point 48 649 432.275 229.543   0.539547  -0.164122 -0.0462785  -0.273387   -0.52166  -0.205078   0.244398  -0.627254  -0.948048   -0.27002
point 49 654 444.831 237.288 0.0909698  0.661765  0.153669  0.099308 -0.368602  0.419748  0.755472 -0.894842  -0.29739    0.6496
point 50 656 330.619 174.194  0.0969236 -0.0593819  -0.583049  -0.806081   0.929358   0.491548   0.871805    0.14998  -0.434867   -0.38166
point 51 670 377.893 182.571    0.79373  -0.354924  -0.992338  0.0828176 -0.0674442  -0.482046 -0.0922306   0.103041 0.00512128   0.386325
point 52 680 300.815 198.681 -0.028316 0.0123292 -0.956068 -0.354666 -0.223779  -0.73866  -0.30084   0.42424 -0.160972  0.788223
point 53 683 544.789 137.315   0.338192  0.0996866   0.548074  -0.818121   0.757539  -0.664783   0.786411 -0.0401164   0.778174  -0.950679
point 54 687 570.588 191.849   -0.34156   0.281443 -0.0523637  -0.201965   0.647014   0.367614   0.599913  -0.498168   0.196273  -0.476694
point 55 694 367.764 215.998  -0.713662  -0.731179 -0.0415937  -0.436516   0.962154  -0.373885  -0.242821   0.853357   0.690454   0.480541
point 56 705 598.878 238.922 -0.0868581  -0.741385  -0.177706   0.542672  -0.953325  -0.282263   0.882672  -0.637355  -0.395265  -0.426726
point 57 716 153.587 195.051   0.898943 -0.0418959  -0.541639   0.801105 -0.0576649  -0.796644     0.2304  -0.208644   0.698767   0.739422
point 58 729 527.359 238.729 -0.375664  0.567829  0.424365  0.596398 -0.583175 -0.481584  0.661154 -0.968051 -0.163192 -0.561612
point 59 732 426.91 152.23   0.180874   0.668774  -0.910606  -0.299055   0.160771   0.817032  -0.926218 -0.0527063   0.665483   0.663649
point 60 757 241.613 185.165  0.341304  0.761309 -0.794578  0.989467 -0.200037  0.334385  0.103097  0.745973  0.126242 -0.389573
point 61 796  257.36 170.884    0.62084  -0.854746  -0.557769  -0.457835  -0.236114   -0.03058   0.943603   0.447426   0.383858 -0.0219627
point 62 816 581.227 170.591  0.627451 -0.291883 -0.836409  0.428214  0.291482 -0.393026 -0.412311  0.937187  0.402168 -0.244133
point 63 896 451.401 198.168   0.469932   -0.47197   0.378023  -0.864773   0.910371  -0.791318  -0.406714 -0.0904875    0.93395 -0.0227651
point 64 899 630.864 173.912 -0.509244 -0.526953  0.554276 -0.703469 -0.903233 -0.195959  -0.83561  -0.87783  -0.59751  0.271211
point 65 900 409.658 141.653  -0.646223  -0.484845   0.614035   0.529953    0.49801   0.395122   0.843327  -0.244173  -0.567237 -0.0530532
point 66 902 272.168 144.223 -0.456206 -0.751604  -0.23277  0.833015 -0.692661  0.199603 -0.638748   0.93451  -0.34726   0.81119
point 67 934 554.618 168.664  0.378355 -0.608759  0.770526   0.14623 -0.921366 -0.319157 -0.775636  0.854179  0.610071 0.0431414
point 68 946 617.072 134.556  0.192138  0.926425 -0.406816 -0.746529   0.53401 -0.878814 -0.313046 -0.742316 -0.456926 -0.591379
point 69 950 186.62 172.83 -0.755295 -0.288052 -0.378493  0.823668 -0.759323 -0.256245 0.0590991  -0.62134 -0.927036  0.918776
point 70 959 56.6957 234.246  0.694494    0.4815  0.421418  -0.37012  0.808475  0.922066 -0.377176 -0.457064   1.00842  0.883936
point 71 960 506.593 197.568   0.04746 -0.758317 -0.729989    1.0339 -0.601421 -0.134023  -0.90603 -0.478523  0.608426    0.1755
point 72 986 326.547  220.94  -0.272812  -0.324812    -1.0221  -0.545618  -0.160498  -0.443914   -0.34701 -0.0362751  0.0725012  -0.905808
point 73 991 566.758 191.458  -0.128157   0.028119  -0.776992  -0.968437   0.977739  -0.411651   0.325318   0.423819 0.00439647  -0.781971

