seq: 84
gt_pose: 0.312403 0.158897 -1.50148
odom_pose:     1.162 0.0906622  -1.40931
point 0 5 298.403 164.514 0.0403482  0.304157 0.0829487 -0.944041  -0.11972  0.909189  0.905111   0.47138 -0.392137  0.463032
point 1 6 185.834 195.556  -0.632078 -0.0930627   0.781619   0.695952  -0.344926  -0.543446   0.774853  -0.334095   0.336456   0.939592
point 2 10 493.034  227.82 -0.503457 -0.682026  0.499593 -0.747239   0.58646 -0.683162  0.455952 -0.852696   0.85314 -0.893769
point 3 14 103.155 104.174 -0.762608 0.0798256  0.534469 -0.383562   1.03006  0.128828  0.758594  0.534718  0.212181 -0.936515
point 4 23 304.211 167.988   0.794348   0.788293 -0.0343408    0.19893  -0.646602  -0.438407   0.724307 -0.0492093 -0.0437208    0.70615
point 5 24 350.394 183.892   0.411005   0.441773  -0.750424   0.234162  0.0233262   0.697246   0.415082  -0.689293  -0.586845 -0.0334389
point 6 26 264.295 188.741 -0.849445 -0.826968  0.332135 -0.297456 -0.408277 -0.303901  -0.81747 -0.176794  0.891416  0.171735
point 7 38 204.943 168.488  -0.616277  -0.638233 0.00185175   0.688479   0.395327   0.781154  -0.623441   -0.22179   0.400941   0.711138
point 8 43 409.092 226.201  -0.917654   0.416649   0.157405   0.594786   0.124764   -0.10807 -0.0054056   0.966308  -0.879816  -0.892384
point 9 45 83.0905 232.708   -0.56624 -0.0866948   0.866071 -0.0844552   0.752185   0.966168  -0.665934 -0.0501389   0.510612   0.571857
point 10 54 135.139 188.427 -0.633495  0.193579 -0.856671 -0.763784 -0.693527 -0.481234 -0.771537  0.214495 -0.914259  0.774035
point 11 59 97.0219 210.154   -0.952621   -0.985204   -0.963463 -0.00598102   -0.428267    0.452309    0.608248 -0.00934756   -0.103296   -0.822791
point 12 72 448.567 193.381   -0.8137 -0.341327  0.767776   0.21656 -0.751194  0.574024  0.482411 -0.245456 -0.220178 -0.228385
point 13 78 337.462 160.952  -0.853113  -0.826754   0.663205   0.790429   0.941201  0.0289399  -0.418567  -0.665692   -0.30883 -0.0895096
point 14 84 102.673 157.006 -0.410737 0.0876999  0.400089  0.910768  0.199855  0.261153  -0.15312  -1.01317   1.00346 -0.279649
point 15 99 8.43958 149.876 -0.466664 -0.563803 -0.794369 -0.778472  0.167657 -0.838478  -0.80312 -0.684787  0.585746   1.00704
point 16 116 261.573 230.938  0.857395  0.631058  0.343565 -0.489492  0.611945 -0.126235 -0.349704  0.559521  0.357768  0.830378
point 17 119 179.186 203.521 -0.424213 -0.460247  0.868645 -0.393235  0.803461  0.409128   0.91968 -0.441176 -0.810312  0.363313
point 18 129  546.35 147.192  -0.538262   0.754635   0.914894  -0.699153   0.222604  -0.656442   0.937201 -0.0767119  -0.979761  -0.124553
point 19 138 238.373 233.517  -0.399783  -0.717635  -0.454518  -0.597202  -0.475378   0.103814   0.579429  -0.839426   0.147887 -0.0914719
point 20 146 405.192 152.885    1.0228 -0.511379 -0.671983  0.158023 -0.628712 -0.168001  0.969523 -0.516381 0.0664995 -0.686758
point 21 155 488.929 230.519  -0.59552  0.789623  0.306379 -0.740428 -0.785502  0.733803 0.0397923 -0.282474 -0.808931 -0.878499
point 22 174 47.3163 181.664  0.717292  0.171113  0.860222  0.107681 0.0231869 -0.432966 0.0470045 -0.594209 -0.541631 -0.940162
point 23 184 241.875 190.198 -0.227734  0.526666 -0.433136 0.0113034 -0.591419  -0.24405  0.106984 -0.387577 -0.427559  0.390779
point 24 194 98.3013 169.747  0.858409 -0.810695 -0.149848  0.775615 -0.662755 -0.644358 -0.157457  0.855579  0.578838 0.0806183
point 25 195 486.148 164.692   0.355047 -0.0234861  -0.196671   0.104343   0.564854  -0.258642   0.325998   0.561744  -0.421715  -0.169274
point 26 197 547.923 181.979 -0.792819  0.610635  0.109401 -0.221022  0.790335 -0.588147  0.785196  -0.47655  0.510389  0.412417
point 27 198 96.447 234.44  0.951714  0.625148 -0.318275 -0.556494  0.972365 -0.821793   0.88697 -0.919204  -0.74584  0.339569
point 28 200 302.655 6.77084  -0.445346  -0.713898   0.684751   0.323659   0.241274   0.600914 -0.0698959   0.886963    0.95286  -0.129229
point 29 207 51.9719 236.666  -0.97199 -0.709188   0.98791  0.920021 -0.275707  -0.78429 -0.289508  0.497479 -0.642813 -0.730361
point 30 224 44.0477  190.02  0.887646  -0.60917 -0.715515  0.464633  0.390036 -0.442236   0.43773  0.417423  0.169313 -0.162582
point 31 237 44.6157 197.762 -0.0220877  -0.956839   0.685439  -0.976729   0.239312   0.847951  -0.958362   0.176908   0.371329   0.156821
point 32 242 337.658 156.114  -0.784236 -0.0276813   0.146147   0.388281  -0.413788   0.667575   0.865785  -0.771086   0.492232   0.664633
point 33 277 337.475 151.537 -0.528455  -0.89571  0.328736 -0.840034 -0.937875  0.193434  0.129197   0.52624  0.414589  -0.89408
point 34 286 57.9221 138.698 -0.731518 -0.505792 -0.392761 -0.219539 0.0805026  0.375085  0.921135 -0.916776  -0.97965  0.739018
point 35 301 97.8697 118.653  0.144199 -0.465831 -0.962284  0.389477 -0.918352 -0.622649 -0.561471  0.521192 -0.737777  0.105398
point 36 306 566.099  173.11  0.518842  0.218571  0.559532 -0.119657  0.251585  0.043289  0.271492  0.894449   0.63229  0.320335
point 37 308 634.536 187.134  -0.603108   0.921703 -0.0425708 -0.0380778   -0.74665  -0.462064  -0.776639   0.763317   0.329027   0.436357
point 38 309 481.475 196.192 -0.589375   1.00677 -0.925812  0.739695 -0.154595  0.193128  0.661226  0.601325 -0.212557  0.416767
point 39 327  158.32 210.794 -0.321617  -1.00343 -0.267246  0.869544  0.347738  0.541255 -0.461443  0.742081 -0.375495  0.782941
point 40 334 459.791 187.706 -0.323509 -0.395274  0.957935 -0.671528  0.218977 -0.376899  0.151538  -0.89336    1.0099 -0.119339
point 41 350  546.67 133.951 -0.774127 -0.938064  0.972261  0.140596  0.431784  0.814234 -0.695889  0.684248 0.0202281  0.602802
point 42 354 36.2931 237.337  0.337595 -0.223466  0.883222 -0.747452  0.423327  0.423872  0.659627 -0.150603  0.686608  0.246312
point 43 359 329.666 129.864 -0.0457431  -0.287981   0.693571  -0.545855   0.730026 -0.0155841   0.250711   0.172942    -0.5806  -0.211538
point 44 364 310.699 176.334  0.060861  0.757476  0.688228 -0.622584  0.889375 -0.467713 -0.545186 -0.930411 0.0596712 0.0133445
point 45 369 487.875 232.381   0.37061 -0.430641   -0.8743 -0.457217 -0.353897 -0.541019 -0.415037 -0.503639 0.0541351  0.143947
point 46 373 85.4963 237.297   -0.47751   0.859259  0.0236804  -0.293155   0.407065   0.565758 -0.0924109    0.68109  -0.351934  -0.870243
point 47 382 291.945 204.036  -0.69355  0.833538  0.953973 -0.945961  0.151975  0.572282  0.528441 -0.219556   0.27255 -0.177082
point 48 398 22.0455 199.616 -0.855576  0.849024 -0.686189  0.434918   -1.0134  0.547457  0.661937  0.882538  0.300775 -0.738752
point 49 409 450.417  203.34 -0.449981  0.898632  0.252751   0.70278   0.10563  0.571921  0.729442  0.199909   0.23724  0.846674
point 50 421 36.5014 211.922 -0.780241 -0.860118 -0.199878 -0.759816  0.765649 -0.617649  0.337666  0.217399 -0.322823 -0.173237
point 51 425 257.181 239.861 -0.477592  -0.34062  0.410941 -0.491001 -0.564186 -0.603173 -0.130617  -0.90983  0.892257  0.898611
point 52 463 114.34 93.466   0.509726 -0.0376111  -0.316861    0.50623   -0.76412   0.233743   0.943704  -0.780232  -0.732361  0.0986518
point 53 470 327.543 237.841   0.469355 -0.0588984  -0.576989   0.856444  -0.277235   0.858001  -0.423386   0.227668   0.455258   0.794491
point 54 472 460.818 149.427  -0.880942  -0.111536   0.658111  -0.232413   0.903236  0.0399809   0.700253  -0.659994 0.00568935  -0.563223
point 55 475  322.41 222.696  -0.955347   0.140606  0.0613303   0.564265  -0.357726    -0.3467 -0.0981148 -0.0246245  -0.726074  -0.305887
point 56 492 321.711 163.345   0.46984  0.486582 -0.694057 -0.455652 -0.493903  0.719951  -0.53738  0.829718 -0.823721 -0.605362
point 57 497 434.143 208.035   0.537967   -0.50776   0.615099  -0.247484  -0.622519  -0.113652  -0.563404   0.306376  -0.679235 -0.0485408
point 58 508 297.125 173.105  0.657893  0.592685 -0.235435 -0.129897 -0.735259  0.827876  -0.87495  0.182077 -0.710264 -0.789977
point 59 509 123.242 210.811  0.308852 -0.956476  -0.30545  0.677101  0.769051  0.797495 -0.485157 -0.341427 -0.293432  0.932131
point 60 518 22.6829 169.697 -0.936289 -0.980854  0.277119  0.906808  0.389397 -0.612853 -0.710161  0.623009 -0.350803 0.0988069
point 61 529 352.161 170.571  0.500483 -0.364234  0.086016 -0.349109  0.622352 -0.130984  -0.87025   0.75804 -0.149331 -0.416388
point 62 532 132.651 173.597 -0.850223  0.350082  0.766783  0.803742  0.729334   0.72019  0.176934  -0.46555  0.948446 -0.423148
point 63 568 354.762 181.889  -1.00376 -0.659417  0.945502 -0.629968   0.36636  0.549447  -0.94667 -0.781724 -0.754103  0.151183
point 64 571 93.9764 149.835  0.766932  0.767388  0.268891  0.668967  0.274051 -0.705319  0.903423 -0.342082    0.5385 -0.236549
point 65 597 333.854 173.276 -0.669051   0.65708  0.829414 -0.136935 -0.358349   0.59015   0.83431  0.892664  0.445537 -0.269065
point 66 629 53.7263 144.144 -0.459437   0.78504  0.625665 -0.924316   0.93527 -0.283137    1.0453 -0.621764  0.167979  -0.81624
point 67 639 223.262 222.961  -0.772571   0.815347  -0.348151  -0.323383   0.767905   0.600833 -0.0442758  -0.811433   0.121048  -0.641674
point 68 642 462.425 166.739  0.789799 -0.129247  0.292076   0.68381  0.632175 -0.674202  0.416601  0.465469  0.671477 -0.475509
point 69 651 285.064 179.068  0.846858  0.559545 -0.511636  0.245176 -0.526052 -0.896408 -0.840099  0.387389 -0.195747 -0.452209
point 70 664 177.466 207.478 -0.510355 -0.895028  0.334432  0.907463  -0.27027 -0.391063 -0.377807  0.403827 -0.151618   0.35092
point 71 695  294.04 197.128   0.724508  -0.236018   0.340181  -0.458334   0.420911 -0.0544022    0.88908  0.0692531   0.530804   0.801517
point 72 697 3.00956 175.438  0.212365 -0.737776 -0.461825  0.957825  0.477224 -0.756729 -0.263424 -0.172202 -0.219438  -0.81167
point 73 703 2.89296 180.425  0.837928  -0.68408 -0.687875  0.896404 -0.272337  0.826307 -0.979359 0.0586722  0.724366 0.0142234
point 74 709 19.8891 193.866  0.982741 -0.874778 -0.969078  -0.99973  0.523356  0.838417  0.781369  0.548936  0.183389 -0.521805
point 75 720 588.047 112.391  0.342593 -0.576025  0.490016  0.310468 -0.813945  -1.01669 -0.590445 -0.869664   0.51739 -0.735067
point 76 755 467.598 237.007 0.0905734  0.218889 -0.103169  0.784067  0.441918 -0.436462   0.32261 -0.288143 -0.438843  0.592996
point 77 758 634.425 219.443 -0.235421   -1.0029  0.826706 -0.484332 -0.576075 -0.899278  0.719849 -0.429057  0.214549 -0.485736
point 78 760 512.045 181.064  0.798887  0.192033 -0.393219 -0.750168 -0.518267  0.412301 -0.715625 -0.717277  0.866859 -0.360709
point 79 767 551.541 237.656 -0.0761427  0.0749366  -0.189609  -0.718854   0.408906  -0.131327    0.10079 -0.0508136   0.300017   0.743456
point 80 774 462.177 221.804   0.317623 -0.0847906  -0.144463   0.609125  -0.188314   -0.32854   0.118076    0.21806    0.20594  -0.309559
point 81 776 343.675 3.27109  0.951031 -0.130867 -0.116907  -0.53307  0.689235 -0.840203  0.356576 -0.458549  0.852286 -0.768411
point 82 783 503.663 215.916  0.947595 -0.443129  0.498572  0.841673  0.858911 -0.633822 -0.937671 -0.395172  0.277539  0.136047
point 83 794  258.33 143.174 -0.399946  0.433602 -0.350039 -0.621014 0.0307953  0.656096  0.465556 -0.474187   0.12787  0.484297
point 84 797 224.763 133.882  -0.760799  -0.695097   0.743432   0.020337  -0.181644  -0.571006 -0.0461283   0.587625 -0.0991224  -0.289842
point 85 810 545.126 219.875   0.97846 -0.620121  0.564243 -0.705723 -0.828564   0.99617  0.832269 0.0159394  0.768869 -0.638451
point 86 815  4.0022 20.8196 0.0814375 -0.260926  0.942535  -0.30124  0.740731  0.629579 -0.424816  -0.63874  0.781876  0.868406
point 87 819 326.059 197.568  -0.518868    0.41993  -0.732749   0.749125    0.94569 -0.0303037   0.309615   0.735962  -0.439853  -0.108239
point 88 821 199.354 205.282  0.442878  0.352331 -0.682152 -0.895209  0.943849  -0.12581   0.47949 -0.808062 -0.418896  0.465691
point 89 841 290.548 23.4582  0.141444  0.937828 -0.861131  0.927323 -0.395572  0.122545 -0.324021 -0.218411   0.18512  0.502025
point 90 852 554.085 165.672  -0.381416  -0.252458   0.951617   0.238591 -0.0492732  -0.568701    0.12849   0.908232   0.797629   0.546599
point 91 860 66.4949 236.049  -0.805772  -0.843369   0.795788   0.524119   -0.82092   0.269868  -0.248883 -0.0387039  -0.887086  -0.474663
point 92 861 436.498 166.835  0.0521673   0.669892   0.817044  -0.177107  -0.529779   0.301267  0.0900121   0.183576 -0.0768018  -0.425993
point 93 862 402.244  158.16  -0.857048  -0.290101  -0.715582  -0.243574   0.596557  -0.480958 -0.0574151   0.316207  -0.944783  0.0888501
point 94 882 14.3737 160.256 -0.500823  0.997639 -0.586727  0.541058   0.43768 -0.219787 -0.910434 -0.806395 -0.549374  0.569109
point 95 885 96.9489  130.11     0.828159    -0.638996    -0.102182   -0.0180985     0.575098     0.689752     0.712377     0.833562     0.599841 -0.000752981
point 96 887 368.118  224.84   0.586642  -0.763086   -0.74839   -0.63351  -0.818434  -0.957236  -0.321458  0.0574679 0.00844681  -0.805985
point 97 888 613.016 74.4507   -0.682637    0.702569    0.438214    0.488558    0.365144   -0.907812    0.695692      0.9711    0.190148 -0.00217348
point 98 894 582.835 171.639  -0.200104  -0.517416 -0.0554468   0.746171  -0.611899     -0.668   0.835423  -0.374992   -1.00147   -0.85464
point 99 903 199.031 202.591   0.849609   0.566666   0.944141   0.803019 0.00645742  -0.680325   0.235739  0.0564485  -0.913062  0.0293751
point 100 915 565.174 215.883   0.226487   0.658173   0.191791 -0.0432374   -0.70016    0.28663   0.967084  -0.524348   -0.18175   -0.41678
point 101 918 226.839 230.386 -0.801903  0.121312  0.547969  0.212033 -0.347537 -0.736956 -0.577328  0.836756 -0.204858  -0.23804
point 102 919 597.395  159.62 -0.707066  0.451959 -0.280961 -0.453254  0.420662 -0.394366 -0.408816  0.850781  0.159708  0.345995
point 103 935 144.621 230.042  -0.755973  -0.928092   0.287114    1.01274  -0.647203   0.543483   0.265049   0.847855  -0.776008 -0.0849016
point 104 936 353.173 99.6043 0.0860228 -0.442523 -0.454937 -0.378414 -0.513241   0.94785  0.132299 -0.708732  0.133002 0.0762529
point 105 942 222.272 170.549 -0.770546 -0.299305  0.586883 -0.532257  0.241136 -0.179337 -0.715644 -0.965052  0.950679  0.476855
point 106 962 611.467 132.997  -0.202792  -0.280589    0.86555  -0.786995  -0.824743 -0.0362649  -0.515808  -0.509534  -0.076537  -0.130016
point 107 965 376.778   123.1   0.909201   0.585261    0.55893 -0.0434107 0.00269719  -0.463594   0.124184   0.612353   0.911977   0.217699
point 108 998 532.743 176.379 -0.428426  0.125099 -0.947915  0.399275 -0.104701  0.260955 -0.104253  -0.71239   0.24306 -0.422433

