seq: 49
gt_pose: 1.65693 6.04722 3.01101
odom_pose: 2.20117 5.93453  2.9772
point 0 30 189.851 195.462  -0.778439  -0.861842  -0.855092 -0.0867354   0.556592   0.385251 -0.0681775  -0.809336   0.135384   0.195244
point 1 58 190.009 235.831  0.693092 -0.536057 -0.468279 -0.845251 0.0547714  0.777831  0.212208 0.0225416  0.608205  0.951095
point 2 63 65.8981 186.256  0.227054 -0.743003 -0.878087 -0.258271 -0.719437  0.284699 -0.788875  0.738921   0.15175 -0.616715
point 3 76 337.644 110.964  0.445941 -0.194458 -0.566314  0.686164 -0.647738  0.338852 -0.391007 -0.266065 0.0590253  -0.11812
point 4 88 106.111 236.514 -0.214884 0.0447598  0.369106 -0.967222  0.299498   0.19587  0.432372 0.0789896  0.758114 -0.556639
point 5 93 162.563 201.854  0.750323    0.1109  0.176152 -0.769424  0.880981 -0.388264   0.19922 -0.901824  0.566175 0.0185561
point 6 101  233.85 184.373  0.658471 -0.248233  0.413094 -0.689577 -0.216148  0.898886 -0.358126 0.0506276 -0.909324  0.855867
point 7 145 536.155 236.261  0.518855  0.452296 -0.921129  0.580667  0.378836  0.823284   0.50579 -0.201132  0.694659  0.530112
point 8 160 392.793 172.738 0.0388765  0.354631  0.147001 -0.668429  0.554518 -0.335489   0.77798  -0.12729  0.303785 -0.395683
point 9 173  503.06 52.9434 -0.538487  0.471078 -0.807442  0.852388  0.246514  0.180766  0.534185 -0.777552  0.208348 -0.281431
point 10 181 236.372 177.181  0.796358  0.591296 -0.227065 -0.113085   -0.1688  0.864033 0.0434113  0.956341  0.645614 -0.268577
point 11 186 44.6283 123.586  -0.401471  -0.385179   0.302317   0.442242   0.854104  -0.905238 -0.0811312  -0.473612  0.0611194   0.362723
point 12 189  309.74 220.118   0.977891 -0.0214765   -1.00336  -0.901033  -0.122425     0.8914   0.745646  -0.447169  -0.355922   0.189595
point 13 192 475.357  142.75   0.450231  0.0606443   0.486984   0.248996  -0.833018  -0.119058 -0.0608889  0.0813345  -0.372474   -0.59322
point 14 208 292.067 204.757 -0.978408 -0.306683 -0.869204 -0.125881 -0.224869  0.855822  0.892446 -0.636509  0.756756 -0.862315
point 15 209  229.87 234.356 -0.257778  0.173147 -0.296323  0.337981 -0.867194    -0.334  0.586851 -0.874652 -0.333799 -0.607953
point 16 229 351.315 72.4606  0.937941 0.0751877  0.256076 -0.697799   1.00073  0.171355    0.4606 -0.420764  0.198002 0.0742303
point 17 233 84.2957 230.348 -0.201725 -0.436654  0.189413  0.315106  0.307132 -0.157014 -0.909332  0.167598 -0.919765  0.360674
point 18 285 269.182 148.318 -0.525858 -0.167704 -0.478478  0.987659  0.982055  0.796049  0.297683   0.64808  -0.33734  0.452026
point 19 307 188.581 226.183   0.175678   0.892238  -0.249444   0.594145   0.748546   0.834557 -0.0456463  -0.529346  -0.898791     0.5167
point 20 321 223.261  164.83   0.148326  -0.731818  0.0150589   -0.93706    1.00177 -0.0191543   0.286422   0.570119   0.784223   0.591954
point 21 322 242.869 174.754  -0.309344 -0.0999632   0.441284  -0.692346   0.930315  -0.599635   0.916497   0.962277   0.372461   0.502224
point 22 333 599.078 155.064  -0.775475   0.498754   0.165114   0.132014  -0.806141   0.780793   0.910471  0.0103193 -0.0533967   -0.16139
point 23 337 465.971  205.85 -0.123731 -0.234439  0.299114 -0.428337 -0.443835  0.528659 -0.235143  0.390451  0.720922  0.350852
point 24 344  357.59 231.342 -0.495961 -0.292384 0.0609914 -0.702116  0.816795  0.775991 -0.377985 -0.365626   0.65194 -0.125662
point 25 346  110.38 123.118   -0.58798   0.984972 0.00188701  -0.762565  -0.217878   0.536682 -0.0549851   0.906918   0.846098  -0.213765
point 26 377 528.945 205.945  0.563404 -0.991904  0.176303 -0.491053  -0.83411  0.814816 -0.418753 -0.968802 0.0143918  0.686068
point 27 402 315.128 196.677  0.321081  -0.26343 -0.028432   1.00503  0.505861  0.033879 -0.136274  0.416853   1.02808 -0.336441
point 28 404 326.102 141.646 -0.0776045   -0.88901   0.177203  -0.369348  -0.154997   -0.52235   0.347253   0.857813  -0.524146  -0.205324
point 29 405 113.443 124.934 -0.102831 -0.908415  0.823891  0.669022 -0.132887 0.0226817   0.30847  0.282914  0.537684  0.740356
point 30 406  228.42 190.641 -0.192195  0.912898  -0.65446 -0.507692 -0.875564  0.290955 -0.500503  0.329966  0.885842  0.426043
point 31 428 144.618 184.478 -0.442096  0.023766  0.625009 -0.878621 -0.233981  0.529237  0.292964 -0.387313  -0.17956 0.0847393
point 32 453 314.299 235.678 -0.409549  0.390964 -0.109101 0.0627273  0.308399 -0.616027 -0.851173 -0.245087  0.521613   0.27909
point 33 477 422.232 98.1978  0.942972 -0.664112 0.0397375 -0.365527  0.161616 0.0862584  0.709736 -0.787683 -0.288765 -0.614113
point 34 478  267.03 189.896  0.139221 -0.677728  0.509394  0.758323 -0.449697 -0.397145  0.225916  0.168078 -0.422568  0.851767
point 35 494 111.153 186.324   0.443672 -0.0908264  -0.297268   -1.02634  0.0346306  -0.768863   0.491453   0.374876  -0.237569  -0.978971
point 36 499 79.2823 175.553   0.851984  -0.445728   0.414498  -0.628991   0.115778  -0.125011 -0.0429113  -0.188435   0.691147   0.334956
point 37 520 287.118 49.6347 -0.318479  -0.84903  0.390883  0.401097  0.890939  0.454023  0.397175  0.107844  0.293572 -0.176129
point 38 534 331.556 208.803   0.318416    0.40446  -0.279333  -0.964856 -0.0973982  -0.119742   0.408082  -0.373793  -0.301339   0.170483
point 39 539 151.429 151.421  0.837292 0.0652673 -0.981426  -0.68137   0.51838 -0.354448  0.954654 -0.659719  0.182023  0.172802
point 40 543 19.9603 218.349   -0.32798  -0.783515   0.630702   0.659041   0.272651 -0.0285938    0.83982   0.152175   0.694389  -0.833632
point 41 544 188.259 188.248  -0.164145  -0.289453   0.709042  -0.156487  -0.773037    0.99141  -0.916913   0.339184   -0.42668 0.00195361
point 42 561 312.883 221.745  -0.909608  -0.272882   0.735161  -0.127181  -0.951506  -0.775664 -0.0989807  -0.901577  -0.348036   0.733839
point 43 585 638.987 151.202 -0.911813    0.6345 -0.149442  0.777038  0.220715  0.373054 -0.606045 -0.694772  0.274896 -0.862574
point 44 614 280.485 198.168  0.448304  0.651765 -0.662167 -0.756542    1.0063 -0.345843  0.789615  0.161498   1.03247  0.136831
point 45 616 313.494 225.358   0.824676   0.521558   0.496584    0.41519   -0.94517 -0.0168094  0.0575763  -0.594677   0.244842 0.00207683
point 46 631 105.14 231.89  -0.779317 0.00800748  -0.689467  0.0118523   0.391346  -0.114945  -0.285502  0.0476422  0.0139543  -0.261676
point 47 669 114.582 221.196   0.495899   0.615884  -0.706664  -0.425557   0.159629  -0.647524 -0.0920028   0.991612  -0.260298  -0.358301
point 48 674 439.462 227.795  0.829363 -0.747918  0.410689  0.732783 -0.419185 -0.505278 -0.752063  0.132662 -0.162536  0.250801
point 49 689 102.756 159.307  0.916954 -0.421875 -0.463426 -0.050247  0.765124   0.15591 -0.762581 -0.317143  0.905588  0.867378
point 50 725 131.607 201.976 -0.812528 -0.795787 -0.759229  -0.90742  0.232463  0.395696 -0.877205 -0.765574 -0.464311 -0.224431
point 51 780 444.682 237.909 -0.988378 -0.192863   -0.3412  0.173938  0.942844  0.575974  0.463755 -0.838326  0.233152  0.940938
point 52 798 188.015 174.443 -0.417684 -0.907357  0.930036   0.56823  0.460127  0.540515  0.640976  0.934117 -0.938369 -0.504295
point 53 800 184.445 175.543   0.606576  -0.997759  -0.590817  -0.122882   0.866795 -0.0377504  0.0688629   0.752261  -0.453709  -0.498432
point 54 826 507.877 134.696   0.533445  -0.259455   0.261984   0.579631   0.981038   -0.47315 0.00245969  -0.784417   0.768458   0.643389
point 55 830 588.356 127.171     0.833137    -0.367404    -0.899799      0.71307     0.777994     0.222145     -0.88351     0.979009    -0.885675 -0.000509571
point 56 832 213.586 145.995  0.653194   0.98006 -0.403222  0.656072  0.754912 -0.467152 -0.682391  0.802136 -0.845719 -0.909645
point 57 847 239.984 153.303  0.134149  0.495923   0.32544  0.960104 -0.756158 -0.685616  -0.32577 -0.888801 -0.863782  0.161953
point 58 848 7.17814 209.347 -0.409003 -0.229532 -0.873232  0.864551  0.910136  0.597043  0.153756  0.271407  0.675767  0.202552
point 59 854 83.4909 205.819   0.612256   0.130792   0.442255  -0.781916 -0.0823895    1.01808 -0.0661833  -0.136893   0.221895   0.923876
point 60 856 160.443 181.203 0.0134551  0.692116  0.454202 -0.606759 -0.543487  0.040318  0.531691  0.823645  0.294216 -0.577301
point 61 858 130.633 127.985   0.494466   0.238174  -0.111344 -0.0721199    0.69792   0.899049  -0.460442   0.165699  -0.760612  0.0029586
point 62 869 437.427 231.761    0.38581   0.787608  -0.811995  -0.594728 -0.0244044  -0.732641   0.587869   -0.91242   0.799607  -0.934596
point 63 899 256.786 192.859 -0.452589 -0.493727  0.526757 -0.720997 -0.898967 -0.186855  -0.91318 -0.867001 -0.590795  0.296535
point 64 909  328.71 206.478 -0.321205 -0.731483 -0.234489 -0.441198 0.0268431 0.0442922 -0.381374  0.188788  -0.41794 -0.144459
point 65 937 18.5228 229.997 -0.513693  -0.62168 -0.528246 0.0424689  0.515165 -0.237537  0.111534 -0.256851 -0.238972  0.501709
point 66 953 350.529 72.2117  0.0274148   0.559702   0.728085  -0.613736  -0.159156 -0.0750439  -0.398462   0.727774  -0.709633   0.793485
point 67 966 457.464 199.667    0.753675    0.346958   0.0507411    0.548815    0.790681 -0.00982321   -0.682203  -0.0686362    0.720489   -0.598802
point 68 980 187.974 214.344  0.538439 -0.183905  0.592018 -0.542084  0.472034  0.390281 -0.817834 -0.241287  0.358717 -0.647373

