seq: 219
gt_pose:  5.80658  4.81691 0.289141
odom_pose:   6.0532  3.69055 0.196359
point 0 20 485.154 184.426 -0.440035 0.0571899 -0.830855 -0.434465  0.789909  0.411936 -0.836269 -0.746414  -0.30605  0.107601
point 1 22 210.715 192.829  0.408455 -0.733528  0.354591 -0.244206  0.532746  0.836774  0.796001  0.687799 -0.591996  0.592007
point 2 83 168.226 152.709  0.654654  0.907229 0.0467322 -0.943185 -0.579433  -0.47316  0.266862 -0.445899  0.454126 -0.955318
point 3 96  316.47 185.626  0.488147 -0.435822  0.305287 -0.713404 -0.772996  0.568117  0.686882 -0.381616 -0.256621   0.72339
point 4 133  240.85 180.855  -0.504312  -0.671122  -0.857849   0.385325  -0.923914  -0.762382  -0.554496     -0.465 -0.0538439   0.317948
point 5 222  355.55 228.142 -0.616792  0.922695 -0.930919 -0.432504  0.461605 -0.734095 0.0207079  0.553533  0.349677 -0.442675
point 6 232 258.465 234.176  -0.159891   -0.30971   0.442199  -0.296519  -0.930071 -0.0183226   0.796036   0.718732  -0.996291 -0.0432781
point 7 241  216.34 183.137  0.283845  0.154738  0.597761  0.105429  0.702488 -0.806988  0.154495  0.866864  0.315783 -0.179884
point 8 243 196.301  169.64   0.976561   0.530004   0.810966   0.852486   0.933487  0.0899072 -0.0507302   0.521031  -0.860674  -0.386102
point 9 248 123.354  157.65 0.0417956  0.760618  0.538829  0.200824  0.121621   0.16559  -1.01196 -0.981614  -0.85764  0.291137
point 10 270 527.356 216.235   -0.478844    0.453607   0.0812235   -0.756043 -0.00478617    0.171743    0.488826   -0.174534   -0.955531   -0.806303
point 11 297 300.466 162.195   0.572002 -0.0709882   0.854787   -0.32916    0.15854   0.521128   0.752987   0.769814  -0.159344   -0.10104
point 12 300 381.189 162.822 -0.164015 -0.623618 -0.616759 -0.215769 -0.257353  0.838889   1.03184 -0.559818 -0.887431 0.0618835
point 13 349 135.532 136.473  0.632377 -0.232741  0.651878 -0.941833 -0.762352 0.0983007  0.497919 -0.496751 -0.339766 -0.605369
point 14 357 258.781 214.885  0.352836 -0.239673  0.475109  0.402058  0.545484 -0.142814  0.363574  0.766333   0.40558 -0.270892
point 15 361 88.3553 166.153   0.838181   0.705465  -0.285256  -0.489552   0.647708   0.640881   0.259915   0.303343  -0.978763 -0.0307364
point 16 366 188.142 149.616  0.462448  0.783591  0.199715 -0.769629 0.0813447 -0.712864  -1.00398 -0.296194 -0.279366  0.974152
point 17 379 63.3183 8.87389  0.287135 -0.576769 0.0889987 0.0326952  0.590079 -0.298251 0.0508109 -0.250595  0.159759  0.274214
point 18 383 331.323 163.324 -0.684952 -0.281708  -1.03107 -0.688338 -0.738933 -0.160507  0.495448  0.478058  0.425592 -0.186338
point 19 391 255.061 227.561  -0.835127 0.00195054   0.159612  -0.135127  -0.329676  -0.374503   -0.29691   0.308825  0.0661559  -0.979963
point 20 395 370.726  231.83   -0.74354  0.0887374  -0.929585   0.926851   0.909056   0.670983    0.07109  -0.419226  -0.104215 -0.0336736
point 21 426 286.796  162.74  0.975749   0.16237  0.830024  0.357174  0.805118  -0.22683  0.448346  0.360736  -0.85416 0.0529824
point 22 436 292.504 231.726  0.307074  0.853795  0.207501  0.661377 -0.850533  0.435963 -0.504221 -0.506637  0.883879  -0.31237
point 23 445 266.892 67.1435 -0.922487 -0.285341 -0.671333 -0.792694 -0.317528  0.774513 -0.272446  0.106898 -0.479723  0.545421
point 24 447 354.267 64.2071  -0.369259   0.021239  -0.992124  -0.776748   0.225427  -0.884832 -0.0895221   0.540159  -0.667229   0.650742
point 25 515 189.518 186.708 -0.00637654   -0.523301   -0.166752   -0.437711    0.568547     0.48748  -0.0365267     0.21287   -0.600266    0.404486
point 26 526 376.926 138.379 -0.282144  0.924849 -0.353033 -0.871416 -0.272566  0.447001   0.91623 -0.968698 -0.594955  0.917036
point 27 549 87.5126 223.472    0.7365 -0.409421  0.856877  0.893489 -0.187288  0.280906  0.039696  0.457683  0.429905  0.725278
point 28 556 561.534 187.673  0.951479   1.02269   -0.3374  0.528822   0.91489 -0.230339  0.426708 -0.634804  0.958871  0.274315
point 29 579 158.987 106.977 -0.842358 -0.144398 -0.855579 0.0242478  0.960426  0.488866 0.0276216   0.53328  0.193683  0.259343
point 30 586 149.254 88.3761  0.0121634  -0.954408   0.781922   0.232566  -0.280172 -0.0796637  -0.759604  0.0660529 -0.0970017   0.785067
point 31 590 381.613 157.949   -0.490053   -0.948697    0.698144    0.488935 -0.00819045   -0.525472   -0.494936    0.590572   -0.174604    -0.82892
point 32 712 156.546 235.177 -0.0240797    -0.7503   0.449908   0.802068  -0.577111  -0.578885  -0.681438  -0.239877   0.820661  -0.190761
point 33 714 28.3024 78.7212  0.708893  0.392746  0.791575  0.476362 -0.510072 -0.275917  0.766159  0.990687 -0.473135 -0.804155
point 34 730   360.3 176.457  0.799263  0.381422  0.795848  0.830813  0.488024 -0.194051 -0.338032 -0.537562  -0.10577  0.953807
point 35 739 614.781 206.626    1.04616   0.149047   -0.45713 -0.0411444   0.728072   0.258077  -0.902298  -0.245159  -0.256433  -0.607955
point 36 759 178.348 133.499 0.0591101  0.582402 -0.919532 -0.897544 0.0858679  0.500568  0.896017  0.266059    0.4653 -0.351948
point 37 765  489.88 130.772 -0.939104 -0.165211  0.580083 -0.514126 -0.433195 -0.279094  0.574367 -0.177287  0.456659  0.934689
point 38 785 145.914  141.97 -0.0450752 -0.0818505  -0.483391   0.502102  -0.839945   -0.48639  -0.918431   0.614336  -0.699071   0.931908
point 39 792 254.029 191.933 -0.0651219   0.107662   0.476543   0.456177  -0.979825   0.718288   0.594614 -0.0825328  -0.496271   0.117392
point 40 813 305.067 231.161   0.62336  0.930363 -0.331136 -0.867172  0.259987 -0.754501  0.827137 -0.767547 -0.042135  0.136489
point 41 831 1.78618 227.024 -0.0934725   0.401957   0.668149  0.0969821   0.317759  -0.833932 -0.0702054    0.54623  -0.656877 -0.0909671
point 42 865 293.105 177.054    0.848527    -0.39894   -0.901032   -0.281735   -0.335769   -0.200315    -1.02456    0.569709   -0.778024 -0.00523719
point 43 874 462.885  202.31 -0.921352  0.273412 -0.708972  0.862622  0.280393  0.766777  0.668029 -0.681476  0.187578 -0.741534
point 44 914  73.509 230.987  0.284217 0.0749379 -0.052738  0.427269  0.281323  0.442969 -0.614482 -0.103171  0.220219  0.855355
point 45 932 148.074 164.735 -0.0790949  0.0770807   0.819577 -0.0198876  -0.125694   0.751567 -0.0906975   -0.89529  -0.281727   0.520209
point 46 948 295.765  190.95 -0.872549  0.148097 -0.956901  0.347238 -0.129078  0.320315  0.230506  0.459477  0.464508 -0.234076
point 47 964 37.4457 137.001  0.891812 -0.252141  0.242077 -0.239487 -0.826208 -0.957235  0.543758 -0.962725 -0.798394  0.701304
point 48 975   234.5 213.469  -0.807338   0.415941   0.728761 -0.0539476    0.72971  -0.154777  -0.879859   0.309665 -0.0536943  -0.322613
point 49 982 186.441 213.473   0.48735 -0.364891  0.988269 -0.151329  0.249006  0.466106  0.717139 -0.187464   0.92489  0.146265
point 50 992  209.78 165.662  0.380922 -0.730729  -0.16722  0.411969  0.946567 -0.562841 0.0789298  0.796997 -0.874348  0.974067
point 51 995 191.632 196.042 -0.994018  0.822474  0.611168  0.758882   1.02617  -0.62174  0.734758 -0.544367 -0.915093 -0.342717

