seq: 91
gt_pose: 0.0368376  -1.19553  -2.06537
odom_pose:  1.02921 -1.29627 -1.96245
point 0 11 199.44 196.08  0.550029  0.503529  0.320258  0.913278  0.311686  0.511651 -0.777878 -0.720157 0.0535457 -0.821243
point 1 19 625.258 209.583  0.367958  0.227665 -0.294718 -0.654053  0.180983  0.249561  0.487757 -0.378309  0.449184 -0.627999
point 2 23  111.95 84.7561   0.787761   0.782217 -0.0524883   0.171875  -0.691857  -0.414563   0.685867 0.00340011 -0.0307136   0.676274
point 3 24 224.773   147.3    0.400777    0.501496   -0.755273    0.195769  -0.0402937    0.725648    0.480237   -0.683561    -0.54665 -0.00809054
point 4 28 465.894   201.2  0.309625  0.949193 -0.326271  0.788487 -0.721645  -0.16841 -0.950571  0.549068  0.573729 -0.455725
point 5 34 585.308 200.381 -0.131903 -0.494576 -0.187326 0.0669952 -0.677645 0.0846025 -0.981924 -0.219954 -0.193256 -0.408304
point 6 43 307.916 223.402   -0.91708   0.460024   0.124718   0.590512   0.129746  -0.104377 -0.0812787    1.03644  -0.870391  -0.828062
point 7 48 121.859 111.357  -0.321344  -0.987375   0.800305    0.24107   0.579217    0.78352   0.864776  -0.627413 -0.0624064 -0.0513711
point 8 66 193.678 166.524 -0.747574 -0.232298  0.159002  0.301373  0.443692  0.108354 -0.138408  0.626782  0.154501  0.883873
point 9 72 376.346 166.311 -0.785818 -0.351426  0.754481  0.255286 -0.779882   0.64156  0.491661 -0.176681 -0.240311 -0.257137
point 10 80 539.646  226.57 0.0638688  0.457086  0.938948  0.919612 -0.867658 -0.972274 -0.932621  0.799283  0.762209 -0.967704
point 11 90 554.248 183.123 -0.713969 -0.927133 -0.715535  0.533632 0.0822029 0.0350762  -0.48317 -0.531253  0.103002  0.766106
point 12 102 161.956  174.63  -0.315468  -0.793263  -0.332661  -0.811624  -0.514241   0.757612   0.769907   0.351085 -0.0680385  -0.257351
point 13 108 626.018 230.594  0.916438  0.752062 -0.441207  0.402911 -0.242178  0.254711  0.418586  0.835559 -0.813358  -0.13269
point 14 129 419.701 156.568 -0.559049  0.777723  0.965068 -0.675513  0.169735 -0.682831  0.907822 -0.138456  -1.01732 -0.082012
point 15 146 307.858 114.424  0.968939 -0.507157 -0.727299  0.173719 -0.619575  -0.16973  0.914812 -0.457886  0.129448 -0.755798
point 16 182 39.0572 230.609 -0.864051  -0.92239 -0.738315  0.905877 -0.716349  0.120381 -0.617106 -0.455003  0.337984  0.459346
point 17 187 128.407  167.89  0.762327   0.53928  0.683284 -0.226677  0.417797 -0.308129  0.125079  0.895086 -0.975825   0.86351
point 18 195 376.952 165.067    0.374695 -0.00698174   -0.203934   0.0994215    0.567575   -0.221181    0.254451     0.58089   -0.417115   -0.251967
point 19 197 415.661 189.852 -0.790102  0.626378  0.108067 -0.239738  0.754815 -0.566342   0.77123 -0.389277  0.532501  0.384159
point 20 234 220.004 138.338 0.0889834 -0.135547  0.714601 -0.358384  0.807096 -0.398909  0.292779  0.214068  0.191182  0.395928
point 21 242 199.828 92.8439 -0.784181 0.0399737  0.155612  0.421789 -0.364876  0.642081  0.872135 -0.739596  0.492799  0.629918
point 22 266 613.772 192.667    0.852271    -0.36029   -0.133442    0.748263   -0.703789   -0.259319   -0.446707 -0.00984371    0.625024    0.856971
point 23 277  180.74 49.0404 -0.538585  -0.84951  0.310326  -0.84227 -0.953358  0.164735 0.0991872  0.526753  0.437141  -0.91642
point 24 292 322.603 217.418 -0.190885  0.141908 -0.312416  0.687762 -0.264004  0.080252  0.575596 -0.036354  0.567126  0.899494
point 25 299 47.7309 182.751 -0.697312 -0.051901  0.454391  0.911708 -0.292835 0.0194736 -0.173628  -0.47021  0.709897  0.969006
point 26 306 422.107 185.525  0.530604  0.210461  0.561373 -0.126306  0.241239 0.0296467  0.336144  0.854093  0.619162   0.30754
point 27 309 386.845 189.568 -0.568692  0.937655  -1.01437  0.781649 -0.200042  0.194564  0.673361  0.554057 -0.214777  0.430575
point 28 323 178.145 198.444 -0.756634  0.650658  0.359617  0.778201  0.237945 -0.530387 -0.941925 -0.737272 -0.486803 -0.936751
point 29 326 243.537 168.719  0.480976 -0.501727  0.606965  0.251921 -0.974813 -0.306114 -0.440052 -0.606123  0.187863 -0.804879
point 30 334 395.809 155.567  -0.344374  -0.370157   0.952569  -0.692939   0.289876  -0.310022   0.126276  -0.887488   0.948494 -0.0960058
point 31 350 434.115 134.968 -0.710534 -0.908733  0.999761  0.209056  0.425968   0.86413 -0.720687  0.723037 0.0373715  0.600169
point 32 358 542.848 164.838   0.714864  -0.300093 -0.0715498   0.967778   0.217831  -0.763609   0.342442   0.412779  -0.910632   0.704804
point 33 369  379.42 232.355  0.389385 -0.472013 -0.864154 -0.539174  -0.34728 -0.555925 -0.441578 -0.517922   0.01447  0.102893
point 34 382 67.6871 154.953 -0.745895  0.837439  0.985805 -0.902793   0.17692   0.58997   0.55733 -0.214791  0.245057 -0.140634
point 35 389 553.427 184.141  0.429533  0.760076 -0.332131 -0.464197  0.313697 -0.651019 -0.175367  -0.13416 -0.684873  0.056901
point 36 409 346.847 201.123 -0.43128 0.874276 0.251604 0.786027 0.100675 0.637562 0.685343 0.200342 0.226682 0.840682
point 37 414 12.4741 158.528  0.654362 0.0891875 -0.695319  0.493477  0.218168  0.845147  0.233387  0.565567 -0.604591 -0.116526
point 38 422 309.071  205.35 -0.0117306   0.552103   0.503418   0.359875   0.961814   0.966753 -0.0381637  -0.900244   0.510312   0.791593
point 39 470  159.98 235.333   0.465323 -0.0839247  -0.636929    0.92424  -0.331482   0.907293  -0.364014   0.220476   0.395783   0.723691
point 40 472 458.354 17.1995  -0.859775 -0.0843862   0.645124   -0.26788   0.871088  0.0993032   0.695687  -0.673542 -0.0333754  -0.632881
point 41 475 128.725 196.749  -0.954402  0.0553438  0.0851851   0.622948  -0.311487  -0.369595  -0.104638 -0.0127019  -0.710114  -0.300477
point 42 492 157.457  86.255  0.488522   0.49851 -0.713672  -0.39691 -0.514179  0.746088 -0.529345  0.768815 -0.804775 -0.556803
point 43 497 332.776 204.372  0.506264 -0.467648  0.590808 -0.192175 -0.617872 -0.170092 -0.548772  0.306456 -0.649222 0.0270262
point 44 501 527.695 170.983  0.420347 -0.256481 -0.226651 -0.146909  0.344961 -0.301839  0.361568 -0.339901 0.0355769 -0.430021
point 45 508 80.6376 82.7294  0.621675  0.620631 -0.233874 -0.169693 -0.778697   0.84655 -0.778832  0.227101 -0.731023 -0.762551
point 46 529 200.699 67.5499  0.451847 -0.358906 0.0296735 -0.309881  0.655692  -0.11401 -0.840395  0.835469 -0.172763 -0.372187
point 47 545 518.693 192.021  0.913547  0.534227 -0.858913  -0.18485 -0.750381 -0.137425 0.0171561  0.890777 -0.562205 -0.643511
point 48 553 558.571 193.354   0.227464 -0.0264767   0.860618   0.279696   0.646257   0.154971   0.461349   0.979442  -0.949225  -0.195026
point 49 559 518.073 190.509 -0.532353  0.951467   1.01007  -0.67706 -0.162127  0.710939  0.583822 -0.683489 -0.513556  0.823893
point 50 560 118.247 182.137  0.994817  0.504787  0.602519  0.753086  0.319864  0.431517 -0.773763 0.0410642 -0.477612  0.337476
point 51 565 103.606 238.156 -0.949304  0.880197  0.442128  0.280712  -0.48545 -0.625292  0.816126   0.79569 0.0424113  0.499663
point 52 566 71.9544 236.925  0.532676   0.71606 -0.253704 -0.242391 0.0664479  0.171882  0.616328 -0.604813  0.729902 -0.507047
point 53 577 625.713 218.039  0.310603 -0.940506  0.555568  0.669139  -0.73048 -0.446258  0.795545  0.656083 -0.412121  0.522024
point 54 584 110.707 212.338  0.099429  0.026683 -0.647885  -0.90931  0.488973  0.323321 -0.795875  0.914971  0.331171  0.440279
point 55 597 193.579  123.17  -0.724607   0.714053   0.866749 -0.0944889  -0.327493    0.57577   0.823256   0.900039   0.462889   -0.34649
point 56 600  519.44 195.789  0.887739   0.45959  0.720845  0.621706  0.945862 -0.445046  0.204307  0.498856 -0.317397 -0.828865
point 57 602 134.004 185.598 -0.882807   0.68872 -0.266984 -0.143719  0.223061 -0.371654 -0.722445 -0.199707 -0.764338 -0.800745
point 58 638 129.028 195.875 -0.237571 -0.908522  0.615698 -0.809778  0.247918  0.329164 -0.131208 -0.345017  0.472555  0.892496
point 59 642 356.417 164.964  0.742011 -0.128715     0.279  0.611781  0.619339 -0.688872  0.352852  0.470692  0.706043 -0.391005
point 60 648 486.231 217.181  0.146833  0.407465 -0.777131 -0.953593 -0.788225 -0.114096  0.718762  -1.01651 -0.326613 0.0663931
point 61 651 74.7602 110.201  0.846786  0.616265 -0.515723  0.203238  -0.56207 -0.959636 -0.903185  0.367901 -0.265548 -0.391511
point 62 660 635.638 168.523   0.17399  0.341636  0.281957 -0.526087 -0.819018 -0.364386  0.526967 0.0890449  0.355351 -0.335024
point 63 665 74.0151 201.834  0.499261 -0.896423  0.987652  0.286688 -0.140089  0.944851  0.759231 -0.156352 -0.178358 -0.465686
point 64 676 291.946 235.049  0.400922  0.445522  0.861681  0.181649 -0.459529  0.654446  0.442203  -1.00745  0.436559 -0.949883
point 65 679 490.193 204.108  0.968683 -0.207871  0.234738  0.658489  0.976188 -0.428597 -0.323117 -0.368484  0.918319  0.879242
point 66 693 631.532 214.244  0.645189  0.333246  0.557411 -0.446665   0.92186  0.142167 -0.483974  0.106248  0.886288 -0.416227
point 67 710 598.693 130.321 -0.0739948  -0.496026  -0.641309    0.38467  -0.422358   0.259772  -0.636164 -0.0930331  -0.188777 -0.0608923
point 68 715 555.339 238.555 -0.781913  0.648774 0.0762491 -0.666136  0.355351  0.959196   0.32597 -0.847478 -0.115492 0.0988319
point 69 720 477.595 110.926  0.323846  -0.55907  0.416573  0.337916 -0.812939  -1.03827 -0.584017 -0.904864  0.514139 -0.734286
point 70 722 169.955 140.486  0.490241 -0.573997 -0.255248 -0.735384 -0.851111 -0.939404 -0.291829  0.590796  0.405237 -0.107512
point 71 724 198.534 176.969  -0.866374   0.928519  -0.200582  -0.516688   0.901171  -0.700266 -0.0752121  -0.344892  -0.367615  0.0568921
point 72 745   13.75 160.052  0.943232 -0.421766 0.0751782 -0.685335   0.24674 -0.761202 -0.251415  0.191849  0.561088 -0.512745
point 73 748 465.152 213.369 -0.927738  0.136592 -0.451531 -0.885362 -0.553842  0.221288 -0.221905   1.00743  0.726819 -0.410879
point 74 751 257.527 217.822  -0.365705  0.0531145  -0.460857   0.822774  -0.549386 -0.0672887  0.0628654  -0.931123   0.262113  -0.331593
point 75 755 369.657 236.624   0.160543   0.206719 -0.0372357   0.757692    0.43754  -0.527246   0.271654  -0.299681  -0.476249   0.586705
point 76 760 395.186  184.53  0.828861  0.229849 -0.378235  -0.76656 -0.560519  0.354571  -0.76056 -0.687889  0.836924  -0.31409
point 77 763 16.1868  133.76 0.0951636 0.0813403 -0.761068  -0.30607 -0.609336  0.891976 -0.128366  0.532037  0.321788 0.0637956
point 78 767 421.506 237.932 -0.0338742  0.0184954 -0.0928455  -0.710653   0.326089  -0.138941   0.118208 -0.0845862   0.280864   0.723468
point 79 769 495.591 139.739 -0.947812  0.736921 -0.607659 -0.246164 -0.270392  0.367737  0.727559   0.59911   0.62648  0.100571
point 80 770 545.196 145.553   0.75272 -0.527375  0.681763  -0.38793 0.0128574 -0.207999  0.497185  -0.72893 -0.859408  0.684785
point 81 774 358.821 220.706  0.265018 -0.109172 -0.141974  0.611255 -0.147908 -0.380449  0.127815  0.150979  0.168646 -0.311363
point 82 775 95.1108 168.882 -0.949012 -0.812774  0.926078 -0.810974 -0.590129 -0.935035 -0.816787 -0.874506  0.242285  0.202385
point 83 783 393.759 216.024   1.01643 -0.423549  0.532467  0.844867  0.870889 -0.641627 -0.990953 -0.421368  0.195647   0.10973
point 84 795 585.543 194.781 -0.257238  0.829927  -0.22687 -0.515107  0.721444  0.117992 -0.598803  0.106557  0.879079 -0.194076
point 85 801 29.9908 190.351  0.503656 -0.376244  0.349545  0.555065 -0.435933  0.605322 -0.524754  0.605697 -0.197394  0.079896
point 86 818 125.173 197.336 -0.0228079  -0.860888  0.0793418  -0.365708  -0.695365  -0.341478    0.38898  -0.540725  -0.847692  -0.333542
point 87 819  153.18 145.539  -0.533451   0.422081  -0.695042   0.736259    0.92244 -0.0551017   0.299645   0.744532   -0.41532  -0.119509
point 88 833 229.926 175.954   0.11352  0.274824  0.778454 -0.150295 -0.669364 -0.295932 -0.694364 -0.963888  0.822564  0.644873
point 89 836 474.393 209.927 -0.735964 -0.718361 -0.236071 0.0468674  0.604315  0.319823 -0.282057  0.696803   0.26493 -0.954278
point 90 844 506.239 224.111   0.546851  -0.842737  -0.366898   0.680774 -0.0476878  -0.732782 -0.0563501  -0.858523  -0.819646   0.892609
point 91 852 419.737 176.236  -0.392712  -0.234212    1.00655    0.20703 -0.0384528  -0.623745   0.129044     0.8846   0.762324   0.590467
point 92 855 28.6101 145.753  0.0888329   0.892937   0.113363 -0.0343755  -0.827867   0.676682  -0.173912  -0.446467  -0.244663   0.941451
point 93 861 345.114 143.713   0.113349   0.654351    0.79975 -0.0825285  -0.453485     0.2262  0.0681488   0.195966 -0.0477169  -0.456917
point 94 863 571.918 85.0764  -0.215686   0.279888   -0.10413   0.420604 -0.0786876    1.01776  0.0907315  -0.190301  -0.143651   0.548442
point 95 884  276.41 225.768  0.444806 -0.166861 -0.495622 -0.668302 -0.763952 0.0308469  -0.77606 -0.380629 -0.299593  0.690944
point 96 887 256.587 218.228   0.55752 -0.743703 -0.752085 -0.687727 -0.826108 -0.894876  -0.33975 0.0171976  0.027088   -0.8373
point 97 888 485.483 84.9722   -0.652473    0.692249    0.433656     0.49207    0.395294   -0.911336    0.720803    0.888066    0.132779 -0.00567195
point 98 894 467.623 172.625  -0.264335  -0.552216 0.00334954   0.739958  -0.623095  -0.651895   0.853683  -0.314634   -1.01551   -0.87223
point 99 915 424.195 219.966   0.153669   0.606675   0.122863 -0.0717726  -0.720488   0.352683   0.963693  -0.554125 -0.0965041  -0.379373
point 100 925 190.023 165.497    0.77671   0.611952   -0.48357  -0.639416 -0.0319585  -0.267794   0.421812  -0.325042   0.422452  -0.286484
point 101 931 84.1708 145.933  0.760776  0.779507  0.418433 -0.132394  0.313805  0.521259  0.568437 -0.882853 -0.283755 -0.185769
point 102 941  285.51 216.186  -0.115322  -0.243181  -0.793847  -0.961085   0.479323  -0.249763  -0.727774 -0.0206867  -0.338624    0.46785
point 103 943 49.0354 231.982  0.974707  0.246894  0.778877 -0.646615  0.990646 -0.339035  0.158591 -0.856017 -0.332384 -0.369101
point 104 952  515.92 195.603  0.744654 0.0266949 -0.472897 -0.302682   0.68349 -0.258094  0.432838 -0.779549 -0.418362  0.727419
point 105 961 65.0728 118.858   -0.334059   -0.486869    0.985155    0.545447    0.584523     0.61455 -0.00211359   -0.116746   -0.763581   -0.116303
point 106 962 556.475 104.086  -0.231337  -0.288982   0.917483  -0.731812  -0.803799 -0.0690537  -0.489372  -0.456486 -0.0491127  -0.119689
point 107 973 552.222 158.569  0.157244  0.135598   0.60586 -0.855549 -0.494491   0.25301 0.0726818  0.818915  0.567479 0.0730613
point 108 977 221.051  172.12  -0.540901 -0.0443609   0.653074  -0.720137  -0.724563    0.84377   0.686438    1.00596  -0.169072   0.452164

